review_id,sku,user_id,display_name,rating,review_text,review_date,verified_purchase,sentiment_label,helpful_votes,source_system,source_file,ingestion_timestamp,batch_id
REV-00000014,SKU-0010253,,Anonymous,5,Will definitely buy again.,2023-04-10,True,POSITIVE,13,SOURCE_G_REVIEWS,reviews_2023.csv,2023-04-11T02:16:37.955289967,BATCH-G-20230410
REV-00000017,SKU-0011764,user_63370,Stacey,2,Very disappointed with the quality.,2023-11-23,True,NEGATIVE,0,SOURCE_G_REVIEWS,reviews_2023.csv,2023-11-24T04:49:21.359076066,BATCH-G-20231123
REV-00000027,SKU-0009185,user_32329,Norman,4,"Poor packaging, item was defective. 😡",2023-11-25,False,NEGATIVE,2,SOURCE_G_REVIEWS,reviews_2023.csv,2023-11-25T23:38:29.435462956,BATCH-G-20231125
REV-00000029,SKU-0006509,,Anonymous,4,Exceeded my expectations.,2023-06-09,False,POSITIVE,0,SOURCE_G_REVIEWS,reviews_2023.csv,2023-06-09T01:44:06.644084111,BATCH-G-20230609
REV-00000042,SKU-9917564,user_46299,Lori Brown,2,Arrived damaged and support was unhelpful.,2023-02-16,True,NEGATIVE,16,SOURCE_G_REVIEWS,reviews_2023.csv,2023-02-16T18:38:42.761703594,BATCH-G-20230216
REV-00000048,SKU-0017654,,Anonymous,4,"Livraison très lente, déçu.",2023-01-09,False,POSITIVE,0,SOURCE_G_REVIEWS,reviews_2023.csv,2023-01-09T17:08:16.396566783,BATCH-G-20230109
REV-00000056,SKU-0009181,user_9012856,William Monroe,1,Very disappointed with the quality.,2023-07-05,True,NEGATIVE,5,SOURCE_G_REVIEWS,reviews_2023.csv,2023-07-10T18:00:00,BATCH-G-20230705
REV-00000064,SKU-0017631,user_45095,Sharon Nelson,3,"Average quality, nothing special.",2023-11-17,True,NEUTRAL,0,SOURCE_G_REVIEWS,reviews_2023.csv,2023-11-17T12:28:41.972221867,BATCH-G-20231117
REV-00000066,SKU-0000339,user_4916,Donna Willis,4,Will definitely buy again.,2023-07-27,True,POSITIVE,0,SOURCE_G_REVIEWS,reviews_2023.csv,2023-07-27T19:31:12.362642024,BATCH-G-20230727
REV-00000075,SKU-0005696,user_9023908,Michael,4,Better than I expected for the price.,2023-03-23,False,POSITIVE,9,SOURCE_G_REVIEWS,reviews_2023.csv,2023-03-24T02:49:44.100502690,BATCH-G-20230323
REV-00000078,SKU-0005675,user_9031698,Michael Harris,3,"Not bad, not great either.",2023-01-23,False,NEUTRAL,0,SOURCE_G_REVIEWS,reviews_2023.csv,2023-01-24T03:07:19.020563380,BATCH-G-20230123
REV-00000081,SKU-0015114,user_57397,James Velazquez,4,Great value for money.,2023-01-29,True,POSITIVE,3,SOURCE_G_REVIEWS,reviews_2023.csv,2023-01-30T00:20:29.693692426,BATCH-G-20230129
REV-00000082,SKU-0009012,user_46161,Steven Mccarthy,3,Works fine but delivery was slow.,2023-12-22,True,NEUTRAL,5,SOURCE_G_REVIEWS,reviews_2023.csv,2023-12-22T21:55:26.547136917,BATCH-G-20231222
REV-00000084,SKU-0009485,user_9014300,Johnny Ward,5,Great value for money.,2023-12-15,True,POSITIVE,3,SOURCE_G_REVIEWS,reviews_2023.csv,2023-12-16T01:53:33.787443984,BATCH-G-20231215
REV-00000094,SKU-0014226,user_9001452,Donna,2,Not as described at all.,2023-02-20,True,NEGATIVE,1,SOURCE_G_REVIEWS,reviews_2023.csv,2023-02-20T07:20:03.973023323,BATCH-G-20230220
REV-00000111,SKU-0000438,user_9017844,Christopher Edwards,4,"Perfect gift, they loved it!",2023-10-27,False,POSITIVE,0,SOURCE_G_REVIEWS,reviews_2023.csv,2023-10-28T00:00:02.575492333,BATCH-G-20231027
REV-00000114,SKU-0001553,user_67570,Crystal Koch,1,Stopped working after a week.,2023-02-17,True,NEGATIVE,3,SOURCE_G_REVIEWS,reviews_2023.csv,2023-02-17T19:40:53.318866303,BATCH-G-20230217
REV-00000136,SKU-0009682,,Anonymous,2,"Poor packaging, item was defective.",2023-02-06,True,NEGATIVE,1,SOURCE_G_REVIEWS,reviews_2023.csv,2023-02-06T18:44:10.207825431,BATCH-G-20230206
REV-00000148,SKU-0007958,user_12804,Brenda Shaw,2,Arrived damaged and support was unhelpful.,2023-12-25,True,NEGATIVE,4,SOURCE_G_REVIEWS,reviews_2023.csv,2023-12-26T05:05:42.865464892,BATCH-G-20231225
REV-00000153,SKU-0013346,user_14905,Shannon Salazar,1,"Perfect gift, they loved it! 😍👍",2023-07-26,False,POSITIVE,0,SOURCE_G_REVIEWS,reviews_2023.csv,2023-07-26T20:32:22.316716768,BATCH-G-20230726
REV-00000155,SKU-0010695,,Anonymous,4,"Exactly as described, very happy. 👍",2023-01-10,True,POSITIVE,0,SOURCE_G_REVIEWS,reviews_2023.csv,2023-01-15T04:00:00,BATCH-G-20230110
REV-00000155-DUP,SKU-0010695,,Anonymous,4,"Exactly as described, very happy. 👍",2023-01-10,True,POSITIVE,0,SOURCE_G_REVIEWS,reviews_2023.csv,2023-01-15T04:01:00,BATCH-G-20230110
REV-00000178,SKU-0002274,user_9026515,Mark Smith,4,Better than I expected for the price. 😢😀,2023-02-25,True,POSITIVE,6,SOURCE_G_REVIEWS,reviews_2023.csv,2023-02-25T12:26:36.344621179,BATCH-G-20230225
REV-00000185,SKU-0019375,user_54839,Carol,3,"Matches the description, no issues.",2023-09-13,True,NEUTRAL,0,SOURCE_G_REVIEWS,reviews_2023.csv,2023-09-13T09:24:35.092543207,BATCH-G-20230913
REV-00000206,SKU-0004038,,Anonymous,2,Excellent rapport qualité-prix.,2023-01-05,True,NEGATIVE,4,SOURCE_G_REVIEWS,reviews_2023.csv,2023-01-05T08:21:36.619236483,BATCH-G-20230105
REV-00000224,SKU-0003766,user_9023510,Tyler Powell,4,"Average quality, nothing special.",2023-06-15,True,NEUTRAL,5,SOURCE_G_REVIEWS,reviews_2023.csv,2023-06-15T20:09:54.797712499,BATCH-G-20230615
REV-00000226,SKU-0006069,user_9019273,Jessica,5,Fast delivery and great quality.,2023-07-14,False,POSITIVE,0,SOURCE_G_REVIEWS,reviews_2023.csv,2023-07-14T20:22:32.323352010,BATCH-G-20230714
REV-00000237,SKU-0003074,user_9033585,Kevin Montgomery,4,<b>Update:</b>Highly recommend this product.<b>Update:</b>,2023-11-02,True,POSITIVE,1,SOURCE_G_REVIEWS,reviews_2023.csv,2023-11-02T19:30:57.293236734,BATCH-G-20231102
REV-00000240,SKU-0013806,user_20316,Jose Macdonald,4,"Absolutely love it, works perfectly!",2023-05-08,True,POSITIVE,1,SOURCE_G_REVIEWS,reviews_2023.csv,2023-05-08T06:27:22.203430779,BATCH-G-20230508
REV-00000242,SKU-0003780,user_43612,Daniel Hendrix,4,Better than I expected for the price.,2023-06-02,True,POSITIVE,1,SOURCE_G_REVIEWS,reviews_2023.csv,2023-06-02T15:52:50.056154789,BATCH-G-20230602
REV-00000246,SKU-0017350,,Anonymous,5,Better than I expected for the price.,2023-12-20,True,POSITIVE,0,SOURCE_G_REVIEWS,reviews_2023.csv,2023-12-20T15:15:23.163997211,BATCH-G-20231220
REV-00000252,SKU-0000248,user_49304,Mitchell,2,Wrong item was shipped to me.,2023-04-07,False,NEGATIVE,1,SOURCE_G_REVIEWS,reviews_2023.csv,2023-04-07T11:02:09.878029504,BATCH-G-20230407
REV-00000265,SKU-0008795,,Anonymous,5,Will definitely buy again.,2023-02-07,True,POSITIVE,5,SOURCE_G_REVIEWS,reviews_2023.csv,2023-02-08T00:43:21.003122270,BATCH-G-20230207
REV-00000284,SKU-0009123,user_25477,Kathleen Thornton,4,Better than I expected for the price.,2023-04-17,False,POSITIVE,1,SOURCE_G_REVIEWS,reviews_2023.csv,2023-04-17T22:37:43.474656656,BATCH-G-20230417
REV-00000293,SKU-9961390,user_9011896,William Macdonald,5,Highly recommend this product.,2023-04-14,False,POSITIVE,0,SOURCE_G_REVIEWS,reviews_2023.csv,2023-04-14T07:39:54.447525401,BATCH-G-20230414
REV-00000307,SKU-0016394,user_68656,Peter Harris,4,Great value for money.,2023-08-23,True,POSITIVE,1,SOURCE_G_REVIEWS,reviews_2023.csv,2023-08-23T01:25:16.484333799,BATCH-G-20230823
REV-00000311,SKU-0017230,user_9028855,Mike,1,"<i>edited</i>Cheaply made, broke immediately.</p>",2023-08-14,True,NEGATIVE,0,SOURCE_G_REVIEWS,reviews_2023.csv,2023-08-14T21:53:18.373040923,BATCH-G-20230814
REV-00000320,SKU-0003062,,Anonymous,5,   Exceeded  my  expectations.   ,2023-04-04,True,POSITIVE,4,SOURCE_G_REVIEWS,reviews_2023.csv,2023-04-04T20:52:28.902827867,BATCH-G-20230404
REV-00000322,SKU-0003461,,Anonymous,5,"Muy buen producto, lo recomiendo. Fast delivery and great quality.",2023-12-24,False,POSITIVE,4,SOURCE_G_REVIEWS,reviews_2023.csv,2023-12-24T22:12:36.263803690,BATCH-G-20231224
REV-00000331,SKU-9988685,user_9004214,Victor Ingram,1,"Cheaply made, broke immediately. 😍",2023-11-01,True,NEGATIVE,0,SOURCE_G_REVIEWS,reviews_2023.csv,2023-11-02T01:00:50.974503276,BATCH-G-20231101
REV-00000350,SKU-0004830,user_44161,Jacob Johnson,5,No cumplió mis expectativas. Better than I expected for the price.,2023-06-29,True,POSITIVE,4,SOURCE_G_REVIEWS,reviews_2023.csv,2023-06-29T08:25:08.122311895,BATCH-G-20230629
REV-00000351,SKU-0006797,,Anonymous,4,Highly recommend this product. 😢,2023-05-05,True,POSITIVE,2,SOURCE_G_REVIEWS,reviews_2023.csv,2023-05-05T12:49:50.700818067,BATCH-G-20230505
REV-00000362,SKU-0005989,user_9028476,Jennifer,3,"Average quality, nothing special.",2023-03-04,False,NEUTRAL,0,SOURCE_G_REVIEWS,reviews_2023.csv,2023-03-04T08:21:53.383295456,BATCH-G-20230304
REV-00000370,SKU-0008443,user_9032486,Elizabeth Kline,5,"Absolutely love it, works perfectly!",2023-09-07,True,POSITIVE,0,SOURCE_G_REVIEWS,reviews_2023.csv,2023-09-08T05:22:21.180067608,BATCH-G-20230907
REV-00000377,SKU-0018949,user_9000994,Melissa,5,Great value for money.,2023-04-01,True,POSITIVE,1,SOURCE_G_REVIEWS,reviews_2023.csv,2023-04-02T00:24:56.861724368,BATCH-G-20230401
REV-00000383,SKU-9947798,user_32234,Bobby Ramirez,4,Fast delivery and great quality.,2023-07-26,True,POSITIVE,4,SOURCE_G_REVIEWS,reviews_2023.csv,2023-07-26T04:19:54.701245829,BATCH-G-20230726
REV-00000395,SKU-0008339,user_56436,Jeffrey Harding,4,   Fast  delivery  and  great  quality.   ,2023-12-31,True,POSITIVE,0,SOURCE_G_REVIEWS,reviews_2023.csv,2024-01-01T03:38:43.258538576,BATCH-G-20231231
REV-00000398,SKU-0018043,user_63373,Raymond Wood,4,Highly recommend this product.,2023-05-16,False,POSITIVE,0,SOURCE_G_REVIEWS,reviews_2023.csv,2023-05-17T03:07:05.930692079,BATCH-G-20230516
REV-00000414,SKU-0016820,user_9003141,Sara Allison,4,"   Perfect  gift,  they  loved  it!   ",2023-09-08,True,POSITIVE,2,SOURCE_G_REVIEWS,reviews_2023.csv,2023-09-08T00:56:31.552318569,BATCH-G-20230908
REV-00000417,SKU-0001603,user_26990,Tracy Chambers,4,"Muy buen producto, lo recomiendo.",2023-03-16,True,POSITIVE,3,SOURCE_G_REVIEWS,reviews_2023.csv,2023-03-16T05:57:38.395870060,BATCH-G-20230316
REV-00000420,SKU-0006469,user_53773,Michael Thomas,4,"Matches the description, no issues.",2023-12-16,False,NEUTRAL,4,SOURCE_G_REVIEWS,reviews_2023.csv,2023-12-16T12:40:53.599883176,BATCH-G-20231216
REV-00000433,SKU-0016132,user_9003720,Anthony,5,"Solid build quality, no complaints.",2023-05-12,True,POSITIVE,0,SOURCE_G_REVIEWS,reviews_2023.csv,2023-05-13T00:55:20.863053010,BATCH-G-20230512
REV-00000443,SKU-0003053,user_9022919,Matthew Barry,5,Exceeded my expectations.,2023-12-24,False,POSITIVE,0,SOURCE_G_REVIEWS,reviews_2023.csv,2023-12-24T12:47:37.426124286,BATCH-G-20231224
REV-00000444,SKU-0007123,,Anonymous,4,"Solid build quality, no complaints.",2023-03-11,True,POSITIVE,1,SOURCE_G_REVIEWS,reviews_2023.csv,2023-03-11T04:55:05.478915441,BATCH-G-20230311
REV-00000460,SKU-0006907,,Anonymous,5,   Exceeded  my  expectations.   ,2023-09-07,True,POSITIVE,4,SOURCE_G_REVIEWS,reviews_2023.csv,2023-09-07T14:47:19.829363466,BATCH-G-20230907
REV-00000464,SKU-9909247,user_60834,Kyle Freeman,1,Very disappointed with the quality.,2023-09-13,True,NEGATIVE,3,SOURCE_G_REVIEWS,reviews_2023.csv,2023-09-13T21:06:21.935066806,BATCH-G-20230913
REV-00000465,SKU-9978337,user_39611,Brian Harmon,4,"Solid build quality, no complaints.",2023-06-10,False,POSITIVE,0,SOURCE_G_REVIEWS,reviews_2023.csv,2023-06-11T01:08:39.604561155,BATCH-G-20230610
REV-00000468,SKU-0011419,user_43714,Paige,5,"Absolutely love it, works perfectly!",2023-03-20,True,POSITIVE,7,SOURCE_G_REVIEWS,reviews_2023.csv,2023-03-20T18:34:31.126221227,BATCH-G-20230320
REV-00000469,SKU-0007257,user_9031567,Zachary,1,Wrong item was shipped to me.,2023-05-22,True,NEGATIVE,1,SOURCE_G_REVIEWS,reviews_2023.csv,2023-05-22T01:28:44.754515182,BATCH-G-20230522
REV-00000482,SKU-0020134,user_52550,Margaret,4,"Perfect gift, they loved it!",2023-11-13,True,POSITIVE,3,SOURCE_G_REVIEWS,reviews_2023.csv,2023-11-13T02:12:16.710505139,BATCH-G-20231113
REV-00000487,SKU-0002935,user_9029788,Joseph Bowen,1,"Cheaply made, broke immediately.",2023-11-15,True,NEGATIVE,7,SOURCE_G_REVIEWS,reviews_2023.csv,2023-11-15T16:15:16.362939480,BATCH-G-20231115
REV-00000488,SKU-0007189,,Anonymous,4,Better than I expected for the price.,2023-09-27,True,POSITIVE,1,SOURCE_G_REVIEWS,reviews_2023.csv,2023-09-27T11:29:42.817635195,BATCH-G-20230927
REV-00000511,SKU-0004990,user_9014560,Jonathan,4,Better than I expected for the price.,2023-02-06,False,POSITIVE,0,SOURCE_G_REVIEWS,reviews_2023.csv,2023-02-06T00:30:00.877110897,BATCH-G-20230206
REV-00000518,SKU-0014793,user_9023653,Shelly,4,Will definitely buy again.,2023-05-22,True,POSITIVE,0,SOURCE_G_REVIEWS,reviews_2023.csv,2023-05-22T07:43:21.962648660,BATCH-G-20230522
REV-00000523,SKU-0008488,user_33199,John,4,Great value for money.,2023-10-21,True,POSITIVE,2,SOURCE_G_REVIEWS,reviews_2023.csv,2023-10-21T13:44:19.955512452,BATCH-G-20231021
REV-00000524,SKU-0009047,user_9033284,Lindsey Willis,4,&nbsp;Highly recommend this product.<i>edited</i>,2023-06-14,True,POSITIVE,2,SOURCE_G_REVIEWS,reviews_2023.csv,2023-06-15T05:57:38.481370519,BATCH-G-20230614
REV-00000538,SKU-0017297,user_9028477,Jessica,3,Works fine but delivery was slow.,2023-09-18,True,NEUTRAL,4,SOURCE_G_REVIEWS,reviews_2023.csv,2023-09-18T21:19:32.136206734,BATCH-G-20230918
REV-00000538-BOT,SKU-0017297,user_9011785,Mathew Ochoa,3,Works fine but delivery was slow.,2023-09-18,False,NEUTRAL,0,SOURCE_G_REVIEWS,reviews_2023.csv,2023-09-18T21:19:32.136206734,BATCH-G-20230918
REV-00000547,SKU-0012976,user_9019116,Barbara Nguyen,3,"Livraison très lente, déçu.",2023-08-01,True,NEUTRAL,0,SOURCE_G_REVIEWS,reviews_2023.csv,2023-08-02T05:07:21.958477469,BATCH-G-20230801
REV-00000552,SKU-0003479,user_9021070,Zachary Mosley,1,Very disappointed with the quality.,2023-10-19,False,NEGATIVE,7,SOURCE_G_REVIEWS,reviews_2023.csv,2023-10-20T00:36:29.275589515,BATCH-G-20231019
REV-00000554,SKU-0000467,user_4622,William,4,Exceeded my expectations. 😡,2023-11-10,True,POSITIVE,0,SOURCE_G_REVIEWS,reviews_2023.csv,2023-11-11T02:15:33.655112162,BATCH-G-20231110
REV-00000561,SKU-0011602,user_35482,Diane Andrews,4,Fast delivery and great quality.,2023-12-07,True,POSITIVE,2,SOURCE_G_REVIEWS,reviews_2023.csv,2023-12-08T05:00:43.098399753,BATCH-G-20231207
REV-00000565,SKU-0011273,user_62769,Justin Kelly,5,"Absolutely love it, works perfectly!",2023-06-03,True,POSITIVE,3,SOURCE_G_REVIEWS,reviews_2023.csv,2023-06-03T09:32:42.310769576,BATCH-G-20230603
REV-00000567,SKU-0004098,,Anonymous,4,Fast delivery and great quality.,2023-11-27,True,POSITIVE,1,SOURCE_G_REVIEWS,reviews_2023.csv,2023-11-27T16:37:09.587926478,BATCH-G-20231127
REV-00000575,SKU-0011805,user_24806,Donna Schroeder,4,<p>Exceeded my expectations.<i>edited</i>,2023-07-12,True,POSITIVE,1,SOURCE_G_REVIEWS,reviews_2023.csv,2023-07-12T23:46:10.480660479,BATCH-G-20230712
REV-00000580,SKU-0000428,user_505,Lisa Taylor,1,Wrong item was shipped to me.,2023-08-29,True,NEGATIVE,-4,SOURCE_G_REVIEWS,reviews_2023.csv,2023-08-29T03:06:48.012658470,BATCH-G-20230829
REV-00000585,SKU-0011629,user_9008452,Debra Brooks,5,NULL,2023-08-28,False,POSITIVE,3,SOURCE_G_REVIEWS,reviews_2023.csv,2023-08-28T16:33:41.849082011,BATCH-G-20230828
REV-00000589,SKU-0000438,user_9023786,Allison Schwartz,4,Great value for money.,2023-08-24,True,POSITIVE,1,SOURCE_G_REVIEWS,reviews_2023.csv,2023-08-24T11:56:53.700200091,BATCH-G-20230824
REV-00000591,SKU-0015255,,Anonymous,5,Fast delivery and great quality. 😀👍,2023-01-02,True,POSITIVE,0,SOURCE_G_REVIEWS,reviews_2023.csv,2023-01-03T04:29:42.984378124,BATCH-G-20230102
REV-00000594,SKU-0007448,user_35588,Donald,5,Highly recommend this product.,2023-07-11,False,POSITIVE,3,SOURCE_G_REVIEWS,reviews_2023.csv,2023-07-11T16:50:58.488160926,BATCH-G-20230711
REV-00000599,SKU-0017200,user_9034090,Allison Casey,4,Great value for money.,2023-04-09,True,POSITIVE,3,SOURCE_G_REVIEWS,reviews_2023.csv,2023-04-10T03:19:44.805543056,BATCH-G-20230409
REV-00000601,SKU-0017493,,Anonymous,5,"Absolutely love it, works perfectly!",2023-03-05,True,POSITIVE,4,SOURCE_G_REVIEWS,reviews_2023.csv,2023-03-05T06:04:42.531857039,BATCH-G-20230305
REV-00000602,SKU-0009740,user_30011,Joseph Hubbard,-,Not as described at all.,2023-12-29,True,NEGATIVE,5,SOURCE_G_REVIEWS,reviews_2023.csv,2023-12-29T23:02:52.969603798,BATCH-G-20231229
REV-00000603,SKU-0002493,user_24953,Jennifer Ward,4,"Solid build quality, no complaints.",2023-01-31,True,POSITIVE,0,SOURCE_G_REVIEWS,reviews_2023.csv,2023-01-31T21:22:57.196694364,BATCH-G-20230131
REV-00000606,SKU-0019017,user_9025953,Sarah,4,unknown,2023-10-23,True,POSITIVE,4,SOURCE_G_REVIEWS,reviews_2023.csv,2023-10-23T10:32:55.758676613,BATCH-G-20231023
REV-00000618,SKU-0006768,user_9012211,John Gibson,4,Fast delivery and great quality.,2023-01-06,True,POSITIVE,3,SOURCE_G_REVIEWS,reviews_2023.csv,2023-01-06T22:49:01.699556118,BATCH-G-20230106
REV-00000620,SKU-9920087,user_66732,Anna,5,"Absolutely love it, works perfectly! 👍",2023-10-20,True,POSITIVE,2,SOURCE_G_REVIEWS,reviews_2023.csv,2023-10-20T14:30:40.036655616,BATCH-G-20231020
REV-00000625,SKU-0017872,user_66069,Kimberly Carson MD,5,Great value for money.,2023-07-05,True,POSITIVE,0,SOURCE_G_REVIEWS,reviews_2023.csv,2023-07-05T14:17:03.197990607,BATCH-G-20230705
REV-00000632,SKU-0017331,user_10432,Samantha,2,"Waste of money, do not buy.",2023-11-25,False,NEGATIVE,0,SOURCE_G_REVIEWS,reviews_2023.csv,2023-11-25T17:50:21.777326787,BATCH-G-20231125
REV-00000645,SKU-0014083,user_9022011,Scott Jones,5,"Livraison très lente, déçu. 👍",2023-11-25,False,POSITIVE,1,SOURCE_G_REVIEWS,reviews_2023.csv,2023-11-25T05:07:09.572121199,BATCH-G-20231125
REV-00000649,SKU-9916064,,Anonymous,2,"Poor packaging, item was defective.",2023-10-22,False,NEGATIVE,3,SOURCE_G_REVIEWS,reviews_2023.csv,2023-10-22T20:21:04.427916175,BATCH-G-20231022
REV-00000658,SKU-9989051,,Anonymous,4,Highly recommend this product.,2023-01-27,True,POSITIVE,0,SOURCE_G_REVIEWS,reviews_2023.csv,2023-01-27T18:33:04.779138154,BATCH-G-20230127
REV-00000673,SKU-0013787,user_55627,Timothy Wilson,4,"Absolutely love it, works perfectly!",2023-06-15,True,POSITIVE,20,SOURCE_G_REVIEWS,reviews_2023.csv,2023-06-15T04:32:58.745192101,BATCH-G-20230615
REV-00000685,SKU-0001534,user_67846,Dan Martinez,4,Better than I expected for the price.,2023-09-05,True,POSITIVE,1,SOURCE_G_REVIEWS,reviews_2023.csv,2023-09-05T09:15:01.029691073,BATCH-G-20230905
REV-00000687,SKU-0003134,user_9003218,John,4,Excellent rapport qualité-prix.,2023-03-04,True,NEUTRAL,0,SOURCE_G_REVIEWS,reviews_2023.csv,2023-03-04T16:00:41.129354792,BATCH-G-20230304
REV-00000697,SKU-0004526,user_15154,Jacqueline Bright,5,Highly recommend this product.,2023-04-27,True,POSITIVE,7,SOURCE_G_REVIEWS,reviews_2023.csv,2023-04-27T07:11:17.803587929,BATCH-G-20230427
REV-00000700,SKU-0010336,user_1710,Charlene Combs,1, ,2023-09-07,True,NEGATIVE,0,SOURCE_G_REVIEWS,reviews_2023.csv,2023-09-07T03:27:01.901266700,BATCH-G-20230907
REV-00000720,SKU-0018193,,Anonymous,5,Will definitely buy again.,2023-09-27,False,POSITIVE,13,SOURCE_G_REVIEWS,reviews_2023.csv,2023-09-27T14:25:14.981903350,BATCH-G-20230927
REV-00000740,SKU-0017579,,Anonymous,5,"Solid build quality, no complaints.",2023-02-04,False,POSITIVE,1,SOURCE_G_REVIEWS,reviews_2023.csv,2023-02-05T04:29:57.068420409,BATCH-G-20230204
REV-00000743,SKU-0005521,,Anonymous,5,"Exactly as described, very happy.",2023-08-23,True,POSITIVE,0,SOURCE_G_REVIEWS,reviews_2023.csv,2023-08-23T03:36:20.375118693,BATCH-G-20230823
REV-00000754,SKU-0007473,user_37331,David Harris,2,Stopped working after a week.,2023-10-16,True,NEGATIVE,3,SOURCE_G_REVIEWS,reviews_2023.csv,2023-10-16T03:12:35.834011382,BATCH-G-20231016
REV-00000756,SKU-0001673,user_9030319,Timothy Holder,5,Exceeded my expectations.,2023-09-29,True,POSITIVE,0,SOURCE_G_REVIEWS,reviews_2023.csv,2023-09-29T07:54:29.337954852,BATCH-G-20230929
REV-00000770,SKU-0003727,,Anonymous,5,"Solid build quality, no complaints.",2023-01-24,True,POSITIVE,1,SOURCE_G_REVIEWS,reviews_2023.csv,2023-01-24T04:27:57.779987540,BATCH-G-20230124
REV-00000774,SKU-0019252,user_9016261,Thomas,4,Will definitely buy again.,2023-01-04,True,POSITIVE,0,SOURCE_G_REVIEWS,reviews_2023.csv,2023-01-05T02:48:07.644746785,BATCH-G-20230104
REV-00000775,SKU-9937993,user_9032658,Emily Shaw DDS,5,Fast delivery and great quality.,2023-06-24,False,POSITIVE,0,SOURCE_G_REVIEWS,reviews_2023.csv,2023-06-24T21:18:37.447492951,BATCH-G-20230624
REV-00000778,SKU-0010338,user_17376,Amanda,5,"Perfect gift, they loved it!",2023-12-10,True,POSITIVE,6,SOURCE_G_REVIEWS,reviews_2023.csv,2023-12-10T16:32:14.306829882,BATCH-G-20231210
REV-00000786,SKU-0009869,user_51471,Michelle Salazar,4,Great value for money.,2023-09-21,True,POSITIVE,0,SOURCE_G_REVIEWS,reviews_2023.csv,2023-09-25T06:00:00,BATCH-G-20230921
REV-00000790,SKU-0018339,,Anonymous,1,Very disappointed with the quality.,2023-09-19,True,NEGATIVE,6,SOURCE_G_REVIEWS,reviews_2023.csv,2023-09-19T11:53:11.303107834,BATCH-G-20230919
REV-00000800,SKU-0000250,user_46667,Joshua Alvarado,5,Fast delivery and great quality.,2023-09-30,False,POSITIVE,3,SOURCE_G_REVIEWS,reviews_2023.csv,2023-09-30T22:42:48.238153935,BATCH-G-20230930
REV-00000804,SKU-0006026,user_9012581,James Johnson,5,Great value for money.,2023-05-26,False,POSITIVE,5,SOURCE_G_REVIEWS,reviews_2023.csv,2023-05-26T12:22:12.318284095,BATCH-G-20230526
REV-00000808,SKU-0014151,user_60174,Stephanie Calhoun,3,"Not bad, not great either.",2023-12-28,True,NEUTRAL,9,SOURCE_G_REVIEWS,reviews_2023.csv,2023-12-28T10:21:41.182091917,BATCH-G-20231228
REV-00000809,SKU-0007513,user_1314,Justin Thomas,4,"Absolutely love it, works perfectly!",2023-05-28,True,POSITIVE,0,SOURCE_G_REVIEWS,reviews_2023.csv,2023-05-29T00:36:02.639296464,BATCH-G-20230528
REV-00000812,SKU-0003810,user_3581,Crystal,4,"Absolutely love it, works perfectly!",2023-07-18,True,POSITIVE,5,SOURCE_G_REVIEWS,reviews_2023.csv,2023-07-18T23:23:23.022863635,BATCH-G-20230718
REV-00000842,SKU-0001633,user_23176,Julie,5,Exceeded my expectations.,2023-08-20,True,POSITIVE,2,SOURCE_G_REVIEWS,reviews_2023.csv,2023-08-20T01:13:39.115198327,BATCH-G-20230820
REV-00000846,SKU-0014431,user_15452,Thomas,4,Will definitely buy again.,2023-12-02,True,POSITIVE,1,SOURCE_G_REVIEWS,reviews_2023.csv,2023-12-02T01:53:49.917648005,BATCH-G-20231202
REV-00000856,SKU-0014508,user_9014496,Carol,5,Exceeded my expectations.,2023-07-22,True,POSITIVE,3,SOURCE_G_REVIEWS,reviews_2023.csv,2023-07-23T02:28:39.668658243,BATCH-G-20230722
REV-00000857,SKU-0017205,user_9022498,Tyler Williams,4,Great value for money.,2023-01-26,True,POSITIVE,2,SOURCE_G_REVIEWS,reviews_2023.csv,2023-01-26T12:24:55.636836152,BATCH-G-20230126
REV-00000857-DUP,SKU-0017205,user_9022498,Tyler Williams,4,Great value for money.,2023-01-26,True,POSITIVE,2,SOURCE_G_REVIEWS,reviews_2023.csv,2023-01-26T13:22:55.636836152,BATCH-G-20230126
REV-00000880,SKU-0012428,user_13206,Michelle Johnson,3,Decent but overpriced a bit.,2023-08-19,True,NEUTRAL,0,SOURCE_G_REVIEWS,reviews_2023.csv,2023-08-19T11:31:54.570850333,BATCH-G-20230819
REV-00000880-BOT,SKU-0012428,user_9004824,Samantha,3,Decent but overpriced a bit.,2023-08-19,False,NEUTRAL,0,SOURCE_G_REVIEWS,reviews_2023.csv,2023-08-19T11:31:54.570850333,BATCH-G-20230819
REV-00000885,SKU-0005358,user_9030288,Timothy Wyatt,1,"<br>Livraison très lente, déçu.<i>edited</i>",2023-09-30,False,NEGATIVE,0,SOURCE_G_REVIEWS,reviews_2023.csv,2023-09-30T17:07:13.494526976,BATCH-G-20230930
REV-00000905,SKU-0014932,user_9027437,Kerry Miller,5,Fast delivery and great quality.,2023-05-25,False,POSITIVE,5,SOURCE_G_REVIEWS,reviews_2023.csv,2023-05-25T12:29:23.868610735,BATCH-G-20230525
REV-00000912,SKU-0006123,user_9026120,Adam Lee,4,"Absolutely love it, works perfectly!",2023-12-07,False,POSITIVE,3,SOURCE_G_REVIEWS,reviews_2023.csv,2023-12-11T18:00:00,BATCH-G-20231207
REV-00000938,SKU-0001621,user_53841,Erin Martin,1,Not as described at all.,2023-07-10,False,NEGATIVE,-3,SOURCE_G_REVIEWS,reviews_2023.csv,2023-07-10T05:03:11.823269262,BATCH-G-20230710
REV-00000946,SKU-0017826,user_9016402,Eric Keith,4,Fast delivery and great quality.,2023-11-09,False,POSITIVE,1,SOURCE_G_REVIEWS,reviews_2023.csv,2023-11-09T01:57:56.745380518,BATCH-G-20231109
REV-00000948,SKU-0009611,user_9014510,Maria,5,Exceeded my expectations.,2023-05-15,False,POSITIVE,2,SOURCE_G_REVIEWS,reviews_2023.csv,2023-05-15T10:20:19.235543123,BATCH-G-20230515
REV-00000959,SKU-0014697,,Anonymous,5,Exceeded my expectations.,2023-12-23,False,POSITIVE,9,SOURCE_G_REVIEWS,reviews_2023.csv,2023-12-23T12:04:08.458573959,BATCH-G-20231223
REV-00000968,SKU-0013158,,Anonymous,2,   Wrong  item  was  shipped  to  me.   ,2023-12-19,True,NEGATIVE,12,SOURCE_G_REVIEWS,reviews_2023.csv,2023-12-20T05:54:56.244451813,BATCH-G-20231219
REV-00000972,SKU-0001398,user_9017027,Carmen,5,Will definitely buy again.,2023-04-10,True,POSITIVE,5,SOURCE_G_REVIEWS,reviews_2023.csv,2023-04-10T19:49:28.268954830,BATCH-G-20230410
REV-00000978,SKU-0015226,user_9014977,Cody,4,"Exactly as described, very happy.",2023-09-26,True,POSITIVE,1,SOURCE_G_REVIEWS,reviews_2023.csv,2023-09-26T03:59:53.178632588,BATCH-G-20230926
REV-00000979,SKU-0001747,user_9021615,Robert,4,Exceeded my expectations.,2023-11-05,True,POSITIVE,4,SOURCE_G_REVIEWS,reviews_2023.csv,2023-11-05T11:50:02.274369630,BATCH-G-20231105
REV-00000999,SKU-0014979,user_25828,Ashley Dudley,4,Better than I expected for the price.,2023-01-28,True,POSITIVE,3,SOURCE_G_REVIEWS,reviews_2023.csv,2023-01-28T05:09:36.017335114,BATCH-G-20230128
REV-00001003,SKU-0004056,,Anonymous,4,Better than I expected for the price.,2023-10-01,True,POSITIVE,0,SOURCE_G_REVIEWS,reviews_2023.csv,2023-10-01T01:18:38.051708740,BATCH-G-20231001
REV-00001007,SKU-0013512,user_9032092,Anthony Walker,5,Better than I expected for the price.,2023-11-29,False,POSITIVE,2,SOURCE_G_REVIEWS,reviews_2023.csv,2023-11-29T06:38:34.098042938,BATCH-G-20231129
REV-00001021,SKU-0006814,user_65829,Michael Taylor,4,   Fast  delivery  and  great  quality.   ,2023-07-20,True,POSITIVE,0,SOURCE_G_REVIEWS,reviews_2023.csv,2023-07-21T01:13:54.551470544,BATCH-G-20230720
REV-00001028,SKU-0005689,user_61835,Erica,4,Exceeded my expectations.,2023-05-09,False,POSITIVE,3,SOURCE_G_REVIEWS,reviews_2023.csv,2023-05-09T09:47:00.105488767,BATCH-G-20230509
REV-00001033,SKU-9939123,user_9008692,Ashley,5,Exceeded my expectations.,2023-12-08,True,POSITIVE,0,SOURCE_G_REVIEWS,reviews_2023.csv,2023-12-09T01:33:57.529538200,BATCH-G-20231208
REV-00001038,SKU-0001490,user_18593,Veronica Herman,4,Better than I expected for the price.,2023-03-28,True,POSITIVE,1,SOURCE_G_REVIEWS,reviews_2023.csv,2023-03-28T15:21:23.234860949,BATCH-G-20230328
REV-00001054,SKU-0009736,,Anonymous,3,Not as described at all.,2023-12-23,False,NEGATIVE,5,SOURCE_G_REVIEWS,reviews_2023.csv,2023-12-23T19:17:01.323616616,BATCH-G-20231223
REV-00001055,SKU-0011398,user_9010727,Tiffany Davis,5,"Perfect gift, they loved it!",2023-12-05,True,POSITIVE,3,SOURCE_G_REVIEWS,reviews_2023.csv,2023-12-05T13:25:21.486805628,BATCH-G-20231205
REV-00001061,SKU-0007886,,Anonymous,4,"Solid build quality, no complaints.",2023-09-08,True,POSITIVE,0,SOURCE_G_REVIEWS,reviews_2023.csv,2023-09-08T06:22:32.247777902,BATCH-G-20230908
REV-00001066,SKU-0002307,user_4483,Robert,1,Not as described at all.,2023-05-08,True,NEGATIVE,2,SOURCE_G_REVIEWS,reviews_2023.csv,2023-05-08T16:10:45.284935372,BATCH-G-20230508
REV-00001069,SKU-0016596,,Anonymous,5,"Solid build quality, no complaints.",2023-04-23,True,POSITIVE,1,SOURCE_G_REVIEWS,reviews_2023.csv,2023-04-23T08:25:59.614026569,BATCH-G-20230423
REV-00001072,SKU-0017860,,Anonymous,5,"<br>Perfect gift, they loved it!<i>edited</i>",2023-01-24,True,POSITIVE,3,SOURCE_G_REVIEWS,reviews_2023.csv,2023-01-25T03:52:52.678050011,BATCH-G-20230124
REV-00001096,SKU-0017591,user_9017162,Andrew Fields,3,"Not bad, not great either.",2023-12-12,True,NEUTRAL,1,SOURCE_G_REVIEWS,reviews_2023.csv,2023-12-13T01:22:46.744110504,BATCH-G-20231212
REV-00001099,SKU-0003574,user_54877,Austin,3,Decent but overpriced a bit.,2023-12-14,True,NEUTRAL,1,SOURCE_G_REVIEWS,reviews_2023.csv,2023-12-14T10:27:07.004557619,BATCH-G-20231214
REV-00001101,SKU-0008987,user_8582,Daniel Keith,5,Exceeded my expectations.,2023-11-13,True,POSITIVE,9,SOURCE_G_REVIEWS,reviews_2023.csv,2023-11-13T14:52:15.657848005,BATCH-G-20231113
REV-00001105,SKU-0012690,user_31385,Anthony Hernandez PhD,4,"Muy buen producto, lo recomiendo.",2023-01-04,True,NEGATIVE,1,SOURCE_G_REVIEWS,reviews_2023.csv,2023-01-05T01:03:24.986189278,BATCH-G-20230104
REV-00001112,SKU-0011425,user_26162,Robin Vargas,2,Wrong item was shipped to me.,2023-10-26,True,NEGATIVE,0,SOURCE_G_REVIEWS,reviews_2023.csv,2023-10-26T11:45:18.787102655,BATCH-G-20231026
REV-00001116,SKU-0007034,user_44565,Robert Martin,4,"Solid build quality, no complaints.",2023-06-02,False,POSITIVE,0,SOURCE_G_REVIEWS,reviews_2023.csv,2023-06-03T03:29:36.841527606,BATCH-G-20230602
REV-00001117,SKU-0000227,user_25438,Erika,2,<p>Arrived damaged and support was unhelpful.&nbsp;,2023-01-03,False,NEGATIVE,1,SOURCE_G_REVIEWS,reviews_2023.csv,2023-01-03T22:16:11.562907558,BATCH-G-20230103
REV-00001128,SKU-0002013,user_9024123,Emily Bartlett,1,Arrived damaged and support was unhelpful. 🙏😍,2023-05-26,True,NEGATIVE,0,SOURCE_G_REVIEWS,reviews_2023.csv,2023-05-26T16:47:54.503886444,BATCH-G-20230526
REV-00001130,SKU-0018551,user_41215,Kristina Tanner,5,Great value for money.,2023-04-10,True,POSITIVE,1,SOURCE_G_REVIEWS,reviews_2023.csv,2023-04-11T01:01:15.245530329,BATCH-G-20230410
REV-00001140,SKU-0015470,user_1709,Brett Williams,5,"Solid build quality, no complaints.",2023-05-25,True,POSITIVE,7,SOURCE_G_REVIEWS,reviews_2023.csv,2023-05-25T14:15:18.601445077,BATCH-G-20230525
REV-00001166,SKU-9958812,user_58089,Aaron Vazquez,4,"Livraison très lente, déçu. 🔥",2023-09-14,False,POSITIVE,4,SOURCE_G_REVIEWS,reviews_2023.csv,2023-09-14T22:29:53.660739285,BATCH-G-20230914
REV-00001174,SKU-0008504,user_9024426,Christopher Newton,5,Great value for money. 🙏,2023-07-11,True,POSITIVE,0,SOURCE_G_REVIEWS,reviews_2023.csv,2023-07-11T18:37:30.085152507,BATCH-G-20230711
REV-00001175,SKU-0012431,user_9010137,Elizabeth Salas,5,Highly recommend this product.,2023-08-10,True,POSITIVE,2,SOURCE_G_REVIEWS,reviews_2023.csv,2023-08-10T02:29:23.326190192,BATCH-G-20230810
REV-00001181,SKU-0001185,,Anonymous,1,Arrived damaged and support was unhelpful.,2023-03-16,True,NEGATIVE,8,SOURCE_G_REVIEWS,reviews_2023.csv,2023-03-16T01:00:15.633144085,BATCH-G-20230316
REV-00001201,SKU-0007921,user_61424,Laura Hamilton,5,Highly recommend this product.,2023-06-30,True,POSITIVE,2,SOURCE_G_REVIEWS,reviews_2023.csv,2023-06-30T07:44:20.767696710,BATCH-G-20230630
REV-00001204,SKU-0005496,user_12211,Jodi,4,-,2023-06-22,True,POSITIVE,2,SOURCE_G_REVIEWS,reviews_2023.csv,2023-06-23T05:41:55.096089448,BATCH-G-20230622
REV-00001212,SKU-0015438,user_9034776,Renee Mendoza,4,"Exactly as described, very happy.",2023-02-12,True,POSITIVE,0,SOURCE_G_REVIEWS,reviews_2023.csv,2023-02-13T01:28:38.716744621,BATCH-G-20230212
REV-00001218,SKU-9938911,user_9012232,Diane Gray,4,Highly recommend this product.,2023-01-10,True,POSITIVE,5,SOURCE_G_REVIEWS,reviews_2023.csv,2023-01-10T13:25:35.932513001,BATCH-G-20230110
REV-00001226,SKU-0004740,user_9003251,Steven Day,4,Great value for money.,2023-02-08,True,POSITIVE,0,SOURCE_G_REVIEWS,reviews_2023.csv,2023-02-08T10:44:08.617939580,BATCH-G-20230208
REV-00001244,SKU-0009544,,Anonymous,3,"Waste of money, do not buy.",2023-04-23,False,NEGATIVE,3,SOURCE_G_REVIEWS,reviews_2023.csv,2023-04-23T22:13:22.813917070,BATCH-G-20230423
REV-00001246,SKU-9994290,user_60545,Edward Nguyen,5,Great value for money.,2023-07-02,True,POSITIVE,0,SOURCE_G_REVIEWS,reviews_2023.csv,2023-07-03T02:47:50.039632044,BATCH-G-20230702
REV-00001261,SKU-9939811,user_67227,Jessica Flores,4,Fast delivery and great quality.,2023-05-02,True,POSITIVE,0,SOURCE_G_REVIEWS,reviews_2023.csv,2023-05-02T13:39:01.328074609,BATCH-G-20230502
REV-00001267,SKU-0016881,user_9016438,Caitlyn Moses,1,"Poor packaging, item was defective.",2023-11-28,False,NEGATIVE,2,SOURCE_G_REVIEWS,reviews_2023.csv,2023-11-28T02:55:40.230450294,BATCH-G-20231128
REV-00001277,SKU-0012961,user_44840,Derek,1,Stopped working after a week.,2023-11-12,True,NEGATIVE,9,SOURCE_G_REVIEWS,reviews_2023.csv,2023-11-13T04:12:58.868915023,BATCH-G-20231112
REV-00001279,SKU-0011514,user_36480,Timothy Adams,5,Exceeded my expectations.,2023-10-26,True,POSITIVE,1,SOURCE_G_REVIEWS,reviews_2023.csv,2023-10-26T13:09:36.773550036,BATCH-G-20231026
REV-00001292,SKU-0005465,,Anonymous,?,Great value for money.,2023-11-24,False,POSITIVE,1,SOURCE_G_REVIEWS,reviews_2023.csv,2023-11-25T02:20:21.633994162,BATCH-G-20231124
REV-00001299,SKU-0007163,user_9012371,Shane Cruz,4,Will definitely buy again.,2023-01-24,False,POSITIVE,0,SOURCE_G_REVIEWS,reviews_2023.csv,2023-01-24T18:40:31.136742332,BATCH-G-20230124
REV-00001300,SKU-0009361,user_12055,Autumn,4,"Muy buen producto, lo recomiendo.",2023-09-27,True,POSITIVE,0,SOURCE_G_REVIEWS,reviews_2023.csv,2023-09-28T05:03:40.939177022,BATCH-G-20230927
REV-00001301,SKU-9981531,user_68356,John Hunter,4,Better than I expected for the price.,2023-01-30,True,POSITIVE,3,SOURCE_G_REVIEWS,reviews_2023.csv,2023-01-30T15:57:15.723563851,BATCH-G-20230130
REV-00001313,SKU-0003266,,Anonymous,2,"Muy buen producto, lo recomiendo.",2023-08-25,True,NEGATIVE,0,SOURCE_G_REVIEWS,reviews_2023.csv,2023-08-26T01:57:37.921323011,BATCH-G-20230825
REV-00001314,SKU-0013470,user_1772,Lucas Jackson,unknown,Very disappointed with the quality.,2023-11-20,False,NEGATIVE,2,SOURCE_G_REVIEWS,reviews_2023.csv,2023-11-20T23:09:29.841958745,BATCH-G-20231120
REV-00001318,SKU-0008448,user_9010504,Susan Simon,,"Poor packaging, item was defective.",2023-11-26,False,NEGATIVE,3,SOURCE_G_REVIEWS,reviews_2023.csv,2023-11-27T05:47:13.088998977,BATCH-G-20231126
REV-00001326,SKU-0013845,user_9004359,Timothy Jackson,4,Better than I expected for the price.,2023-12-31,True,POSITIVE,1,SOURCE_G_REVIEWS,reviews_2023.csv,2023-12-31T16:52:30.925850531,BATCH-G-20231231
REV-00001329,SKU-0017558,user_9006534,Kimberly Porter,4,"बहुत अच्छा उत्पाद है, पैसा वसूल!",2023-04-18,True,POSITIVE,1,SOURCE_G_REVIEWS,reviews_2023.csv,2023-04-18T14:08:52.814156216,BATCH-G-20230418
REV-00001339,SKU-0002611,,Anonymous,4,"Perfect gift, they loved it!",2023-05-03,True,POSITIVE,0,SOURCE_G_REVIEWS,reviews_2023.csv,2023-05-04T00:40:23.086057199,BATCH-G-20230503
REV-00001345,SKU-0010759,user_27295,Amy, ,Better than I expected for the price.,2023-09-09,True,POSITIVE,1,SOURCE_G_REVIEWS,reviews_2023.csv,2023-09-09T14:52:07.242754932,BATCH-G-20230909
REV-00001346,SKU-9966608,,Anonymous,1,Very disappointed with the quality.,2023-11-30,True,NEGATIVE,0,SOURCE_G_REVIEWS,reviews_2023.csv,2023-11-30T03:55:26.672488304,BATCH-G-20231130
REV-00001347,SKU-0013430,user_9031865,Megan Mccoy,5,"Exactly as described, very happy.",2023-02-02,True,POSITIVE,0,SOURCE_G_REVIEWS,reviews_2023.csv,2023-02-02T13:50:49.556399371,BATCH-G-20230202
REV-00001348,SKU-0006685,user_9002162,Robin,1,Arrived damaged and support was unhelpful.,2023-09-28,True,NEGATIVE,2,SOURCE_G_REVIEWS,reviews_2023.csv,2023-09-28T18:01:43.997486467,BATCH-G-20230928
REV-00001353,SKU-9938911,user_26927,Mr. Chris Larson,3,"Matches the description, no issues.",2023-07-28,False,NEUTRAL,9,SOURCE_G_REVIEWS,reviews_2023.csv,2023-07-28T12:57:01.845796398,BATCH-G-20230728
REV-00001377,SKU-0009604,,Anonymous,1,Stopped working after a week.,2023-03-12,False,NEGATIVE,5,SOURCE_G_REVIEWS,reviews_2023.csv,2023-03-12T12:31:18.242783047,BATCH-G-20230312
REV-00001378,SKU-0018049,user_12122,David Wilson,3,Works fine but delivery was slow.,2023-12-25,False,NEUTRAL,1,SOURCE_G_REVIEWS,reviews_2023.csv,2023-12-25T03:05:58.126283265,BATCH-G-20231225
REV-00001381,SKU-0003849,user_52795,William Vang,4,Highly recommend this product.,2023-05-13,False,POSITIVE,6,SOURCE_G_REVIEWS,reviews_2023.csv,2023-05-13T21:58:23.958030241,BATCH-G-20230513
REV-00001386,SKU-0006810,user_9010047,Richard Brady,5,Exceeded my expectations.,2023-11-04,True,POSITIVE,0,SOURCE_G_REVIEWS,reviews_2023.csv,2023-11-04T19:55:18.785057399,BATCH-G-20231104
REV-00001399,SKU-0017409,user_9015027,Kristen Shaw,5,Better than I expected for the price.,2023-01-15,True,POSITIVE,8,SOURCE_G_REVIEWS,reviews_2023.csv,2023-01-16T00:51:43.009018653,BATCH-G-20230115
REV-00001435,SKU-0019353,,Anonymous,5,"Solid build quality, no complaints.",2023-12-30,True,POSITIVE,0,SOURCE_G_REVIEWS,reviews_2023.csv,2023-12-30T15:38:08.451174364,BATCH-G-20231230
REV-00001457,SKU-0010432,user_9020111,Julie Smith,3,"Not bad, not great either.",2023-05-24,False,NEUTRAL,5,SOURCE_G_REVIEWS,reviews_2023.csv,2023-05-24T07:42:04.139691987,BATCH-G-20230524
REV-00001458,SKU-0018158,user_37204,Brian White,5,Highly recommend this product.,2023-02-07,True,POSITIVE,1,SOURCE_G_REVIEWS,reviews_2023.csv,2023-02-10T12:00:00,BATCH-G-20230207
REV-00001469,SKU-0018689,user_9028731,Joshua Reed,4,<br>No cumplió mis expectativas. 😍😍<p>,2023-06-20,True,POSITIVE,2,SOURCE_G_REVIEWS,reviews_2023.csv,2023-06-20T04:10:20.843414004,BATCH-G-20230620
REV-00001487,SKU-0010090,user_9017223,Christopher,4,"Livraison très lente, déçu.",2023-04-24,True,POSITIVE,13,SOURCE_G_REVIEWS,reviews_2023.csv,2023-04-24T08:36:32.599154610,BATCH-G-20230424
REV-00001492,SKU-0002539,,Anonymous,3,"It's okay, does the job. 🙏",2023-09-03,False,NEUTRAL,1,SOURCE_G_REVIEWS,reviews_2023.csv,2023-09-03T21:29:34.101194117,BATCH-G-20230903
REV-00001502,SKU-0016176,user_1417,Regina Rodriguez,4,"Exactly as described, very happy.",2023-05-27,True,POSITIVE,3,SOURCE_G_REVIEWS,reviews_2023.csv,2023-05-28T03:49:03.890636638,BATCH-G-20230527
REV-00001505,SKU-0014160,user_68235,Nicole,5,"Absolutely love it, works perfectly!",2023-07-08,False,POSITIVE,5,SOURCE_G_REVIEWS,reviews_2023.csv,2023-07-09T03:22:17.021732042,BATCH-G-20230708
REV-00001508,SKU-0001223,user_49185,Tara Henry,4,"Absolutely love it, works perfectly!",2023-07-09,True,POSITIVE,1,SOURCE_G_REVIEWS,reviews_2023.csv,2023-07-09T01:03:09.440891036,BATCH-G-20230709
REV-00001508-BOT,SKU-0001223,user_9018799,James,4,"Absolutely love it, works perfectly!",2023-07-09,False,POSITIVE,0,SOURCE_G_REVIEWS,reviews_2023.csv,2023-07-09T01:03:09.440891036,BATCH-G-20230709
REV-00001509,SKU-0019811,user_61467,Jared Rodriguez,5,Great value for money.,2023-09-01,True,POSITIVE,1,SOURCE_G_REVIEWS,reviews_2023.csv,2023-09-01T13:19:38.462279019,BATCH-G-20230901
REV-00001510,SKU-0005954,user_6611,Jason,5,"Absolutely love it, works perfectly!",2023-11-19,True,POSITIVE,2,SOURCE_G_REVIEWS,reviews_2023.csv,2023-11-19T22:31:11.445903231,BATCH-G-20231119
REV-00001513,SKU-0003667,user_24467,Kimberly Bell,4,"Solid build quality, no complaints. 😍",2023-05-26,True,POSITIVE,0,SOURCE_G_REVIEWS,reviews_2023.csv,2023-05-26T22:25:05.116538900,BATCH-G-20230526
REV-00001514,SKU-0003406,user_67753,Molly Jackson,4,"Absolutely love it, works perfectly!",2023-01-11,True,POSITIVE,7,SOURCE_G_REVIEWS,reviews_2023.csv,2023-01-11T19:05:13.088326702,BATCH-G-20230111
REV-00001515,SKU-0016698,user_9037,Sabrina,4,Highly recommend this product.,2023-05-29,False,POSITIVE,3,SOURCE_G_REVIEWS,reviews_2023.csv,2023-05-29T12:37:12.584779029,BATCH-G-20230529
REV-00001517,SKU-0015222,,Anonymous,5,"Exactly as described, very happy.",2023-10-25,False,POSITIVE,3,SOURCE_G_REVIEWS,reviews_2023.csv,2023-10-26T05:10:33.983862133,BATCH-G-20231025
REV-00001517-DUP,SKU-0015222,,Anonymous,5,"Exactly as described, very happy.",2023-10-25,False,POSITIVE,3,SOURCE_G_REVIEWS,reviews_2023.csv,2023-10-26T05:37:33.983862133,BATCH-G-20231025
REV-00001522,SKU-0012254,user_68214,Debra,5,"Perfect gift, they loved it!",2023-09-21,True,POSITIVE,4,SOURCE_G_REVIEWS,reviews_2023.csv,2023-09-21T07:02:35.718180811,BATCH-G-20230921
REV-00001536,SKU-0018715,,Anonymous,5,Will definitely buy again.,2023-09-26,False,POSITIVE,1,SOURCE_G_REVIEWS,reviews_2023.csv,2023-09-26T05:51:36.059111535,BATCH-G-20230926
REV-00001553,SKU-0012689,user_9033135,Tammie Lopez,5,Highly recommend this product.,2023-07-09,False,POSITIVE,6,SOURCE_G_REVIEWS,reviews_2023.csv,2023-07-09T23:28:46.090389317,BATCH-G-20230709
REV-00001554,SKU-0019699,user_50745,Joseph Davis,2,Arrived damaged and support was unhelpful.,2023-05-20,True,NEGATIVE,7,SOURCE_G_REVIEWS,reviews_2023.csv,2023-05-20T21:53:45.587331863,BATCH-G-20230520
REV-00001566,SKU-0015597,user_9010199,Anthony Lee,5,Fast delivery and great quality.,2023-05-21,True,POSITIVE,3,SOURCE_G_REVIEWS,reviews_2023.csv,2023-05-21T06:29:12.357229509,BATCH-G-20230521
REV-00001574,SKU-0017505,user_9029312,Eric Mitchell,5,Great value for money.,2023-04-19,True,POSITIVE,0,SOURCE_G_REVIEWS,reviews_2023.csv,2023-04-20T05:24:04.951001990,BATCH-G-20230419
REV-00001581,SKU-0012217,user_21480,Taylor,,"It's okay, does the job.",2023-06-08,False,NEUTRAL,0,SOURCE_G_REVIEWS,reviews_2023.csv,2023-06-09T05:05:12.532215854,BATCH-G-20230608
REV-00001583,SKU-0005677,user_59901,Julia Murray,4,Great value for money.,2023-10-22,True,POSITIVE,3,SOURCE_G_REVIEWS,reviews_2023.csv,2023-10-22T15:39:19.292714468,BATCH-G-20231022
REV-00001593,SKU-0015958,user_9034595,Taylor,4,Will definitely buy again.,2023-08-26,True,POSITIVE,7,SOURCE_G_REVIEWS,reviews_2023.csv,2023-08-26T03:40:37.661425737,BATCH-G-20230826
REV-00001597,SKU-0013635,user_46439,Austin Morales,1,Arrived damaged and support was unhelpful.,2023-12-17,False,NEGATIVE,1,SOURCE_G_REVIEWS,reviews_2023.csv,2023-12-17T00:55:14.483059753,BATCH-G-20231217
REV-00001633,SKU-0011365,user_50957,Deborah Gibson,2,Very disappointed with the quality.,2023-01-03,True,NEGATIVE,4,SOURCE_G_REVIEWS,reviews_2023.csv,2023-01-03T05:25:12.321227263,BATCH-G-20230103
REV-00001645,SKU-0012867,user_29475,Mary,3,Works fine but delivery was slow.,2023-02-28,False,NEUTRAL,0,SOURCE_G_REVIEWS,reviews_2023.csv,2023-03-01T03:35:42.548137535,BATCH-G-20230228
REV-00001646,SKU-0018092,user_9029846,Joshua Thompson,7,Better than I expected for the price.,2023-02-03,True,POSITIVE,5,SOURCE_G_REVIEWS,reviews_2023.csv,2023-02-03T06:27:12.969301357,BATCH-G-20230203
REV-00001650,SKU-0016659,,Anonymous,3,Decent but overpriced a bit.,2023-01-08,True,NEUTRAL,1,SOURCE_G_REVIEWS,reviews_2023.csv,2023-01-09T03:28:26.801231077,BATCH-G-20230108
REV-00001651,SKU-0005137,user_9008745,Brett Murphy,2,Wrong item was shipped to me.,2023-03-10,True,NEGATIVE,1,SOURCE_G_REVIEWS,reviews_2023.csv,2023-03-10T07:13:33.882312243,BATCH-G-20230310
REV-00001653,SKU-0009476,user_61588,Jessica,3,"Average quality, nothing special. 😢",2023-11-04,False,NEUTRAL,0,SOURCE_G_REVIEWS,reviews_2023.csv,2023-11-04T01:47:26.901473554,BATCH-G-20231104
REV-00001656,SKU-0014929,user_68025,Jeremy Ortega,5,Fast delivery and great quality.,2023-12-22,False,POSITIVE,0,SOURCE_G_REVIEWS,reviews_2023.csv,2023-12-23T04:14:43.807883276,BATCH-G-20231222
REV-00001657,SKU-0016477,user_9003759,Sean,2,No cumplió mis expectativas. Very disappointed with the quality.,2023-09-05,False,NEGATIVE,0,SOURCE_G_REVIEWS,reviews_2023.csv,2023-09-05T05:41:57.009584448,BATCH-G-20230905
REV-00001664,SKU-0015146,user_57238,Antonio,4,"Perfect gift, they loved it!",2023-05-18,True,POSITIVE,2,SOURCE_G_REVIEWS,reviews_2023.csv,2023-05-18T13:45:57.737433765,BATCH-G-20230518
REV-00001669,SKU-0004953,,Anonymous,1,"Livraison très lente, déçu. Wrong item was shipped to me.",2023-01-16,False,NEGATIVE,1,SOURCE_G_REVIEWS,reviews_2023.csv,2023-01-16T12:46:57.100408579,BATCH-G-20230116
REV-00001671,SKU-0015865,,Anonymous,5,"Solid build quality, no complaints.",2023-03-26,True,POSITIVE,5,SOURCE_G_REVIEWS,reviews_2023.csv,2023-03-26T17:30:03.488308275,BATCH-G-20230326
REV-00001680,SKU-0000288,user_5709,Thomas Nelson,4,"Perfect gift, they loved it! 🔥",2023-02-10,True,POSITIVE,1,SOURCE_G_REVIEWS,reviews_2023.csv,2023-02-10T13:37:35.908301529,BATCH-G-20230210
REV-00001682,SKU-0004479,user_27842,Mandy,4,"Solid build quality, no complaints.",2023-08-03,True,POSITIVE,1,SOURCE_G_REVIEWS,reviews_2023.csv,2023-08-03T15:00:17.847489005,BATCH-G-20230803
REV-00001698,SKU-0009818,user_9017382,Amy Barton,5,Decent but overpriced a bit.,2023-08-21,True,NEUTRAL,6,SOURCE_G_REVIEWS,reviews_2023.csv,2023-08-21T23:59:45.594597918,BATCH-G-20230821
REV-00001700,SKU-0010102,user_9008661,Eddie Gray,1,"बहुत अच्छा उत्पाद है, पैसा वसूल! Works fine but delivery was slow.",2023-05-22,True,NEUTRAL,3,SOURCE_G_REVIEWS,reviews_2023.csv,2023-05-23T02:49:53.107995395,BATCH-G-20230522
REV-00001713,SKU-0015222,user_11448,Donald,1,Very disappointed with the quality.,2023-01-08,True,NEGATIVE,1,SOURCE_G_REVIEWS,reviews_2023.csv,2023-01-08T21:25:13.497098690,BATCH-G-20230108
REV-00001727,SKU-0000612,user_9021574,Robin,4,Great value for money.,2023-06-01,True,POSITIVE,2,SOURCE_G_REVIEWS,reviews_2023.csv,2023-06-01T13:49:13.447019804,BATCH-G-20230601
REV-00001735,SKU-0011024,,Anonymous,3,"   Not  bad,  not  great  either.   ",2023-04-10,True,NEUTRAL,5,SOURCE_G_REVIEWS,reviews_2023.csv,2023-04-10T03:24:18.628611892,BATCH-G-20230410
REV-00001736,SKU-0010477,user_9032323,Natalie,5,Will definitely buy again.,2023-04-17,True,POSITIVE,4,SOURCE_G_REVIEWS,reviews_2023.csv,2023-04-17T00:37:29.637418272,BATCH-G-20230417
REV-00001743,SKU-0005522,user_9022347,Christopher Weaver,1,Stopped working after a week.,2023-03-18,True,NEGATIVE,0,SOURCE_G_REVIEWS,reviews_2023.csv,2023-03-19T02:18:33.846872788,BATCH-G-20230318
REV-00001747,SKU-0006886,user_26214,Alex Hardy,4,"Absolutely love it, works perfectly!",2023-05-30,True,POSITIVE,0,SOURCE_G_REVIEWS,reviews_2023.csv,2023-05-30T16:31:52.452615101,BATCH-G-20230530
REV-00001752,SKU-0009661,user_39280,Kristine Burns,2,Stopped working after a week.,2023-12-16,False,NEGATIVE,1,SOURCE_G_REVIEWS,reviews_2023.csv,2023-12-16T01:41:49.169898113,BATCH-G-20231216
REV-00001753,SKU-0019111,user_10919,Christine,5,Exceeded my expectations.,2023-07-17,True,POSITIVE,0,SOURCE_G_REVIEWS,reviews_2023.csv,2023-07-17T10:34:09.380735126,BATCH-G-20230717
REV-00001755,SKU-0006601,,Anonymous,5,"Livraison très lente, déçu.",2023-01-26,True,POSITIVE,4,SOURCE_G_REVIEWS,reviews_2023.csv,2023-01-26T02:48:39.578301201,BATCH-G-20230126
REV-00001770,SKU-0007215,user_53766,Kevin Burch,2,Stopped working after a week.,2023-12-13,False,NEGATIVE,10,SOURCE_G_REVIEWS,reviews_2023.csv,2023-12-13T00:40:06.008497391,BATCH-G-20231213
REV-00001771,SKU-0005995,user_9004526,Angela,3,"Average quality, nothing special.",2023-07-29,True,NEUTRAL,1,SOURCE_G_REVIEWS,reviews_2023.csv,2023-07-30T05:53:28.991930744,BATCH-G-20230729
REV-00001777,SKU-9908881,user_9001564,Dustin Rice,3,"Not bad, not great either.",2023-07-30,False,NEUTRAL,3,SOURCE_G_REVIEWS,reviews_2023.csv,2023-08-14T06:00:00,BATCH-G-20230730
REV-00001781,SKU-0014475,user_9033235,Paul Miller,5,Better than I expected for the price.,2023-02-18,False,POSITIVE,3,SOURCE_G_REVIEWS,reviews_2023.csv,2023-02-18T00:36:20.454675880,BATCH-G-20230218
REV-00001794,SKU-0016751,user_9000706,Ricky Walker,2,Wrong item was shipped to me.,2023-03-02,False,NEGATIVE,3,SOURCE_G_REVIEWS,reviews_2023.csv,2023-03-02T05:22:28.676396487,BATCH-G-20230302
REV-00001817,SKU-0012712,user_42720,Riley Freeman,5,<b>Update:</b>Better than I expected for the price.<i>edited</i>,2023-12-26,False,POSITIVE,3,SOURCE_G_REVIEWS,reviews_2023.csv,2023-12-27T03:05:45.924031559,BATCH-G-20231226
REV-00001833,SKU-9959877,user_9008827,Elizabeth,Unknown,"Exactly as described, very happy.",2023-02-24,False,POSITIVE,0,SOURCE_G_REVIEWS,reviews_2023.csv,2023-02-24T12:44:56.133898759,BATCH-G-20230224
REV-00001847,SKU-0016895,user_9030323,Zachary,1,Stopped working after a week.,2023-04-28,True,NEGATIVE,0,SOURCE_G_REVIEWS,reviews_2023.csv,2023-04-28T08:47:43.057241920,BATCH-G-20230428
REV-00001850,SKU-0007599,user_9015230,Bradley West,1,"Livraison très lente, déçu.",2023-11-19,False,NEGATIVE,6,SOURCE_G_REVIEWS,reviews_2023.csv,2023-11-20T04:55:12.077510106,BATCH-G-20231119
REV-00001864,SKU-0019704,user_9019003,Kristen Dunn,4,"   Perfect  gift,  they  loved  it!   ",2023-09-01,True,POSITIVE,6,SOURCE_G_REVIEWS,reviews_2023.csv,2023-09-01T04:44:42.238201425,BATCH-G-20230901
REV-00001864-BOT,SKU-0019704,user_9026676,Craig Stanley,4,"   Perfect  gift,  they  loved  it!   ",2023-09-01,False,POSITIVE,0,SOURCE_G_REVIEWS,reviews_2023.csv,2023-09-01T04:44:42.238201425,BATCH-G-20230901
REV-00001868,SKU-0001155,,Anonymous,4,Better than I expected for the price.,2023-09-14,True,POSITIVE,2,SOURCE_G_REVIEWS,reviews_2023.csv,2023-09-14T19:51:44.308288828,BATCH-G-20230914
REV-00001869,SKU-0008751,user_9003006,Rebecca Smith,4,"Exactly as described, very happy.",2023-12-11,False,POSITIVE,4,SOURCE_G_REVIEWS,reviews_2023.csv,2023-12-11T03:52:18.319628859,BATCH-G-20231211
REV-00001890,SKU-0016717,,Anonymous,4,Will definitely buy again.,2023-08-26,False,POSITIVE,4,SOURCE_G_REVIEWS,reviews_2023.csv,2023-08-26T07:56:03.153194121,BATCH-G-20230826
REV-00001901,SKU-0010955,user_8736,Brenda,5,"Exactly as described, very happy.",2023-01-05,True,POSITIVE,3,SOURCE_G_REVIEWS,reviews_2023.csv,2023-01-05T19:46:52.994935924,BATCH-G-20230105
REV-00001906,SKU-0002796,,Anonymous,5,"Exactly as described, very happy.",2023-11-26,False,POSITIVE,4,SOURCE_G_REVIEWS,reviews_2023.csv,2023-11-26T21:16:02.079509676,BATCH-G-20231126
REV-00001923,SKU-0001411,user_10880,Shane Frazier,1,Very disappointed with the quality.,2023-05-18,True,NEGATIVE,2,SOURCE_G_REVIEWS,reviews_2023.csv,2023-05-18T06:24:32.268372456,BATCH-G-20230518
REV-00001923-DUP,SKU-0001411,user_10880,Shane Frazier,1,Very disappointed with the quality.,2023-05-18,True,NEGATIVE,2,SOURCE_G_REVIEWS,reviews_2023.csv,2023-05-18T06:55:32.268372456,BATCH-G-20230518
REV-00001924,SKU-0017810,user_9018990,Joseph Harris,2,Arrived damaged and support was unhelpful.,2023-08-27,True,NEGATIVE,4,SOURCE_G_REVIEWS,reviews_2023.csv,2023-08-28T02:30:20.641837568,BATCH-G-20230827
REV-00001937,SKU-0015068,user_9017564,Janet Myers,2,Arrived damaged and support was unhelpful.,2023-01-28,False,NEGATIVE,0,SOURCE_G_REVIEWS,reviews_2023.csv,2023-01-28T06:43:27.914005109,BATCH-G-20230128
REV-00001940,SKU-0000208,user_44576,Mr. Scott Carrillo,5,"Absolutely love it, works perfectly!",2023-06-24,True,POSITIVE,6,SOURCE_G_REVIEWS,reviews_2023.csv,2023-06-24T13:19:15.158402511,BATCH-G-20230624
REV-00001943,SKU-0001810,user_9020753,Mr. Roy Harris,5,Works fine but delivery was slow.,2023-09-04,True,NEUTRAL,4,SOURCE_G_REVIEWS,reviews_2023.csv,2023-09-04T14:41:29.491550644,BATCH-G-20230904
REV-00001952,SKU-0002658,,Anonymous,4,Fast delivery and great quality. 🙏,2023-01-08,True,POSITIVE,1,SOURCE_G_REVIEWS,reviews_2023.csv,2023-01-08T22:05:34.694900301,BATCH-G-20230108
REV-00001980,SKU-0004464,user_9021964,Steven Barnes,2,Fast delivery and great quality.,2023-09-25,True,POSITIVE,0,SOURCE_G_REVIEWS,reviews_2023.csv,2023-09-25T13:41:42.123110241,BATCH-G-20230925
REV-00001996,SKU-0004527,user_9003834,Kimberly,4,"Solid build quality, no complaints.",2023-03-16,False,POSITIVE,0,SOURCE_G_REVIEWS,reviews_2023.csv,2023-03-17T03:16:30.642031870,BATCH-G-20230316
REV-00002003,SKU-0015980,user_44704,Matthew,5,Highly recommend this product.,2023-08-05,True,POSITIVE,0,SOURCE_G_REVIEWS,reviews_2023.csv,2023-08-06T04:59:59.628458573,BATCH-G-20230805
REV-00002018,SKU-0019264,user_9026405,Jason Hansen DVM,3,"Poor packaging, item was defective.",2023-08-06,True,NEGATIVE,1,SOURCE_G_REVIEWS,reviews_2023.csv,2023-08-07T00:19:44.953101750,BATCH-G-20230806
REV-00002053,SKU-0011635,user_34548,Katherine,4,"Perfect gift, they loved it!",2023-01-27,True,POSITIVE,0,SOURCE_G_REVIEWS,reviews_2023.csv,2023-01-27T22:39:41.152360274,BATCH-G-20230127
REV-00002077,SKU-0006872,user_9005250,Christopher,5,"<p>Perfect gift, they loved it!<i>edited</i>",2023-12-17,False,POSITIVE,6,SOURCE_G_REVIEWS,reviews_2023.csv,2023-12-17T00:50:45.425894661,BATCH-G-20231217
REV-00002083,SKU-0016007,user_9003665,Gary,5,"Absolutely love it, works perfectly!",2023-08-30,True,POSITIVE,4,SOURCE_G_REVIEWS,reviews_2023.csv,2023-08-30T06:39:07.198774787,BATCH-G-20230830
REV-00002094,SKU-0015643,user_10345,Angela Brown,3,"It's okay, does the job.",2023-02-22,True,NEUTRAL,11,SOURCE_G_REVIEWS,reviews_2023.csv,2023-02-22T03:59:34.396794587,BATCH-G-20230222
REV-00002097,SKU-0014715,user_31452,Kenneth Garcia,5,"बहुत अच्छा उत्पाद है, पैसा वसूल! Highly recommend this product.",2023-06-22,False,POSITIVE,0,SOURCE_G_REVIEWS,reviews_2023.csv,2023-06-22T18:50:20.619301697,BATCH-G-20230622
REV-00002100,SKU-0013762,user_9013798,Theodore,4,"Perfect gift, they loved it!",2023-02-16,True,POSITIVE,2,SOURCE_G_REVIEWS,reviews_2023.csv,2023-02-16T03:19:31.147940186,BATCH-G-20230216
REV-00002102,SKU-0006810,user_9025597,Noah Valdez,5,"Absolutely love it, works perfectly! 😢🔥",2023-08-08,True,POSITIVE,4,SOURCE_G_REVIEWS,reviews_2023.csv,2023-08-08T12:28:47.113546758,BATCH-G-20230808
REV-00002103,SKU-9968842,user_25964,Dawn,5,Better than I expected for the price.,2023-10-02,False,POSITIVE,4,SOURCE_G_REVIEWS,reviews_2023.csv,2023-10-02T05:34:34.907688660,BATCH-G-20231002
REV-00002105,SKU-0008803,,Anonymous,3,Decent but overpriced a bit.,2023-10-23,False,NEUTRAL,4,SOURCE_G_REVIEWS,reviews_2023.csv,2023-10-23T21:34:17.509188008,BATCH-G-20231023
REV-00002128,SKU-0012977,user_9007993,Jason,3,"It's okay, does the job.",2023-02-28,True,NEUTRAL,1,SOURCE_G_REVIEWS,reviews_2023.csv,2023-02-28T09:53:03.449885623,BATCH-G-20230228
REV-00002132,SKU-0007385,user_40106,Danielle Roberts,4,Better than I expected for the price.,2023-10-06,True,POSITIVE,0,SOURCE_G_REVIEWS,reviews_2023.csv,2023-10-06T17:32:35.364778055,BATCH-G-20231006
REV-00002135,SKU-0017614,user_35851,Kyle Daniels,5,Great value for money.,2023-06-05,True,POSITIVE,9,SOURCE_G_REVIEWS,reviews_2023.csv,2023-06-05T22:21:08.370725791,BATCH-G-20230605
REV-00002143,SKU-9980495,user_14148,Daniel Kelly,3,Excellent rapport qualité-prix. Decent but overpriced a bit.,2023-01-09,True,NEUTRAL,2,SOURCE_G_REVIEWS,reviews_2023.csv,2023-01-09T13:02:26.735102860,BATCH-G-20230109
REV-00002163,SKU-0004913,user_65110,Jennifer Turner,5,"Absolutely love it, works perfectly!",2023-12-07,True,POSITIVE,3,SOURCE_G_REVIEWS,reviews_2023.csv,2023-12-07T19:55:14.341933934,BATCH-G-20231207
REV-00002174,SKU-0010522,user_12274,John Wilson,4,"Solid build quality, no complaints.",2023-12-17,False,POSITIVE,2,SOURCE_G_REVIEWS,reviews_2023.csv,2023-12-17T22:29:34.648159011,BATCH-G-20231217
REV-00002174-DUP,SKU-0010522,user_12274,John Wilson,4,"Solid build quality, no complaints.",2023-12-17,False,POSITIVE,2,SOURCE_G_REVIEWS,reviews_2023.csv,2023-12-17T22:47:34.648159011,BATCH-G-20231217
REV-00002185,SKU-0000769,user_9033506,Stacey Perez,4,Exceeded my expectations.,2023-04-30,True,POSITIVE,1,SOURCE_G_REVIEWS,reviews_2023.csv,2023-04-30T23:49:51.685499185,BATCH-G-20230430
REV-00002198,SKU-0008407,user_62886,Shannon,5,"Perfect gift, they loved it!",2023-04-22,True,POSITIVE,2,SOURCE_G_REVIEWS,reviews_2023.csv,2023-04-22T00:56:13.366731628,BATCH-G-20230422
REV-00002221,SKU-9954455,user_65900,Aaron Ball,4,Fast delivery and great quality.,2023-12-25,True,POSITIVE,5,SOURCE_G_REVIEWS,reviews_2023.csv,2023-12-25T14:02:45.042207413,BATCH-G-20231225
REV-00002224,SKU-0010018,user_9009704,Samuel Wilkins,NULL,Exceeded my expectations.,2023-11-07,False,POSITIVE,1,SOURCE_G_REVIEWS,reviews_2023.csv,2023-11-07T21:49:31.585224479,BATCH-G-20231107
REV-00002226,SKU-0015012,user_61820,Stephanie Becker,4,Highly recommend this product.,2023-12-11,False,POSITIVE,1,SOURCE_G_REVIEWS,reviews_2023.csv,2023-12-11T22:00:46.991236107,BATCH-G-20231211
REV-00002238,SKU-0007742,user_9011960,Kevin Murphy,1,Wrong item was shipped to me.,2023-09-16,False,NEGATIVE,0,SOURCE_G_REVIEWS,reviews_2023.csv,2023-09-16T03:20:53.194723042,BATCH-G-20230916
REV-00002253,SKU-0017362,,Anonymous,5,Highly recommend this product.,2023-01-13,False,POSITIVE,4,SOURCE_G_REVIEWS,reviews_2023.csv,2023-01-13T14:45:02.338280356,BATCH-G-20230113
REV-00002256,SKU-9980509,user_44198,Dustin,3,"It's okay, does the job.",2023-01-20,True,NEUTRAL,4,SOURCE_G_REVIEWS,reviews_2023.csv,2023-01-20T07:48:59.664731619,BATCH-G-20230120
REV-00002260,SKU-0001303,user_9028774,Amanda,5,Will definitely buy again.,2023-04-26,True,POSITIVE,4,SOURCE_G_REVIEWS,reviews_2023.csv,2023-04-26T15:36:34.191758738,BATCH-G-20230426
REV-00002267,SKU-0000713,user_9004331,Scott Stewart,4,"   Solid  build  quality,  no  complaints.   ",2023-06-29,False,POSITIVE,2,SOURCE_G_REVIEWS,reviews_2023.csv,2023-06-29T14:35:23.148990416,BATCH-G-20230629
REV-00002276,SKU-0002614,user_17264,Brian Butler,4,   Will  definitely  buy  again.   ,2023-06-09,True,POSITIVE,3,SOURCE_G_REVIEWS,reviews_2023.csv,2023-06-10T00:03:08.648105017,BATCH-G-20230609
REV-00002277,SKU-0001955,user_9028638,Andrew Perez,4,Highly recommend this product.,2023-01-06,False,POSITIVE,3,SOURCE_G_REVIEWS,reviews_2023.csv,2023-01-06T10:08:43.862722815,BATCH-G-20230106
REV-00002280,SKU-0014829,user_58567,Dwayne,1,   Arrived  damaged  and  support  was  unhelpful.   ,2023-05-20,True,NEGATIVE,2,SOURCE_G_REVIEWS,reviews_2023.csv,2023-05-21T01:37:58.551605929,BATCH-G-20230520
REV-00002282,SKU-0008570,user_9029963,Cynthia Gomez,5,Excellent rapport qualité-prix.,2023-03-29,True,POSITIVE,3,SOURCE_G_REVIEWS,reviews_2023.csv,2023-03-29T13:46:09.255347234,BATCH-G-20230329
REV-00002283,SKU-0005665,user_9034956,Richard Brown,5,"Solid build quality, no complaints.",2023-11-06,True,POSITIVE,2,SOURCE_G_REVIEWS,reviews_2023.csv,2023-11-06T05:36:04.866386749,BATCH-G-20231106
REV-00002301,SKU-0016920,user_9016979,Michael,3,"Average quality, nothing special.",2023-01-27,False,NEUTRAL,1,SOURCE_G_REVIEWS,reviews_2023.csv,2023-01-27T11:25:42.102235508,BATCH-G-20230127
REV-00002304,SKU-0019545,,Anonymous,4,"Perfect gift, they loved it!",2023-12-24,False,POSITIVE,1,SOURCE_G_REVIEWS,reviews_2023.csv,2023-12-25T00:22:26.648722882,BATCH-G-20231224
REV-00002316,SKU-0016156,,Anonymous,5,Excellent rapport qualité-prix.,2023-01-08,False,POSITIVE,1,SOURCE_G_REVIEWS,reviews_2023.csv,2023-01-08T06:06:32.597670709,BATCH-G-20230108
REV-00002333,SKU-0003267,user_9019231,Kristen,3,"Not bad, not great either.",2023-07-19,False,NEUTRAL,3,SOURCE_G_REVIEWS,reviews_2023.csv,2023-07-19T10:25:18.343800730,BATCH-G-20230719
REV-00002338,SKU-0014030,user_27476,Robert Harvey,2,Arrived damaged and support was unhelpful.,2023-07-29,False,NEGATIVE,3,SOURCE_G_REVIEWS,reviews_2023.csv,2023-07-29T22:30:17.587755363,BATCH-G-20230729
REV-00002357,SKU-0011889,user_59424,Juan Garcia,5,Highly recommend this product.,2023-04-23,True,POSITIVE,5,SOURCE_G_REVIEWS,reviews_2023.csv,2023-04-23T06:10:38.555915686,BATCH-G-20230423
REV-00002386,SKU-0014973,user_20115,Lori Fitzpatrick,4,Great value for money.,2023-05-09,True,POSITIVE,2,SOURCE_G_REVIEWS,reviews_2023.csv,2023-05-09T10:57:41.225028693,BATCH-G-20230509
REV-00002397,SKU-0001437,user_66959,Jacqueline Chandler,3,"Matches the description, no issues.",2023-03-29,True,NEUTRAL,2,SOURCE_G_REVIEWS,reviews_2023.csv,2023-03-29T20:34:54.757422148,BATCH-G-20230329
REV-00002406,SKU-0007174,user_68965,Joann,3,"Average quality, nothing special.",2023-03-09,False,NEUTRAL,1,SOURCE_G_REVIEWS,reviews_2023.csv,2023-03-09T08:56:02.832912366,BATCH-G-20230309
REV-00002425,SKU-0015448,user_12846,Rebecca Cordova,5,Better than I expected for the price. 😀👍,2023-07-12,False,POSITIVE,1,SOURCE_G_REVIEWS,reviews_2023.csv,2023-07-12T17:57:35.918133699,BATCH-G-20230712
REV-00002432,SKU-0006067,user_9025174,Ricky Wells,3,Decent but overpriced a bit.,2023-05-05,True,NEUTRAL,0,SOURCE_G_REVIEWS,reviews_2023.csv,2023-05-05T15:49:16.217398196,BATCH-G-20230505
REV-00002442,SKU-0001142,user_9004734,Julie,5,Great value for money.,2023-03-28,False,POSITIVE,1,SOURCE_G_REVIEWS,reviews_2023.csv,2023-04-13T20:00:00,BATCH-G-20230328
REV-00002465,SKU-0012980,user_55732,Jessica Allen,3,"<p>Average quality, nothing special.<p>",2023-03-26,True,NEUTRAL,0,SOURCE_G_REVIEWS,reviews_2023.csv,2023-03-27T04:11:01.537863533,BATCH-G-20230326
REV-00002466,SKU-0002342,user_58490,Tamara,5,Great value for money.,2023-12-29,True,POSITIVE,3,SOURCE_G_REVIEWS,reviews_2023.csv,2023-12-29T07:19:15.251883774,BATCH-G-20231229
REV-00002468,SKU-0013978,user_66624,Katie Obrien,4,"Exactly as described, very happy.",2023-10-19,False,POSITIVE,0,SOURCE_G_REVIEWS,reviews_2023.csv,2023-10-19T22:19:56.060528460,BATCH-G-20231019
REV-00002472,SKU-0003177,user_9012655,Catherine Joyce,5,Better than I expected for the price.,2023-07-01,True,POSITIVE,1,SOURCE_G_REVIEWS,reviews_2023.csv,2023-07-01T11:21:14.758717396,BATCH-G-20230701
REV-00002475,SKU-0007788,user_62246,Austin Nelson,1,"   Cheaply  made,  broke  immediately.   ",2023-03-07,False,NEGATIVE,1,SOURCE_G_REVIEWS,reviews_2023.csv,2023-03-07T12:40:31.464201917,BATCH-G-20230307
REV-00002478,SKU-0009433,,Anonymous,4,Fast delivery and great quality.,2023-02-03,True,POSITIVE,6,SOURCE_G_REVIEWS,reviews_2023.csv,2023-02-03T08:27:32.696178288,BATCH-G-20230203
REV-00002482,SKU-0009871,,Anonymous,5,Fast delivery and great quality.,2023-01-17,True,POSITIVE,2,SOURCE_G_REVIEWS,reviews_2023.csv,2023-01-17T10:58:45.931874785,BATCH-G-20230117
REV-00002487,SKU-0004650,user_26238,Theresa Alvarez,3,"It's okay, does the job.",2023-05-23,False,NEUTRAL,5,SOURCE_G_REVIEWS,reviews_2023.csv,2023-05-24T02:31:54.429732768,BATCH-G-20230523
REV-00002498,SKU-9968052,user_9012299,Eric Hernandez,5,"Absolutely love it, works perfectly!",2023-02-01,False,POSITIVE,1,SOURCE_G_REVIEWS,reviews_2023.csv,2023-02-01T03:26:21.216595112,BATCH-G-20230201
REV-00002512,SKU-0003835,user_9014320,Rebecca,4,Great value for money.,2023-09-24,False,POSITIVE,1,SOURCE_G_REVIEWS,reviews_2023.csv,2023-09-24T22:04:37.836399472,BATCH-G-20230924
REV-00002519,SKU-0001514,,Anonymous,3,Works fine but delivery was slow.,2023-09-23,True,NEUTRAL,7,SOURCE_G_REVIEWS,reviews_2023.csv,2023-09-23T13:55:57.580967119,BATCH-G-20230923
REV-00002520,SKU-0014271,,Anonymous,4,Will definitely buy again. ⭐💯,2023-08-26,True,POSITIVE,2,SOURCE_G_REVIEWS,reviews_2023.csv,2023-08-27T03:04:11.609025918,BATCH-G-20230826
REV-00002526,SKU-0016908,user_9009313,Laura,5,Exceeded my expectations.,2023-10-15,True,POSITIVE,0,SOURCE_G_REVIEWS,reviews_2023.csv,2023-10-15T20:03:19.682162974,BATCH-G-20231015
REV-00002538,SKU-0000249,user_30203,Jacob Burgess,1,"Waste of money, do not buy.",2023-08-21,True,NEGATIVE,3,SOURCE_G_REVIEWS,reviews_2023.csv,2023-08-21T03:33:06.945551072,BATCH-G-20230821
REV-00002540,SKU-0007105,user_9002636,Stephen Sanchez,3,"It's okay, does the job. 😡",2023-04-28,True,NEUTRAL,7,SOURCE_G_REVIEWS,reviews_2023.csv,2023-04-28T08:35:51.819439013,BATCH-G-20230428
REV-00002544,SKU-0009961,user_15360,Donald,4,"गुणवत्ता ठीक नहीं थी। Absolutely love it, works perfectly!",2023-06-05,True,POSITIVE,6,SOURCE_G_REVIEWS,reviews_2023.csv,2023-06-06T04:01:46.105852307,BATCH-G-20230605
REV-00002547,SKU-0006174,user_9015633,Dana,1,Works fine but delivery was slow.,2023-04-19,True,NEUTRAL,7,SOURCE_G_REVIEWS,reviews_2023.csv,2023-04-19T16:06:01.232076190,BATCH-G-20230419
REV-00002556,SKU-0017460,user_39307,Janet Wilson,4,"Exactly as described, very happy.",2023-03-21,True,POSITIVE,0,SOURCE_G_REVIEWS,reviews_2023.csv,2023-03-21T18:46:28.253637493,BATCH-G-20230321
REV-00002558,SKU-0011420,user_37620,John,5,Highly recommend this product.,2023-01-03,False,POSITIVE,4,SOURCE_G_REVIEWS,reviews_2023.csv,2023-01-03T20:14:57.819229924,BATCH-G-20230103
REV-00002568,SKU-0017636,user_9030667,Karla Rodriguez,5,"Absolutely love it, works perfectly!",2023-12-29,True,POSITIVE,4,SOURCE_G_REVIEWS,reviews_2023.csv,2023-12-29T05:23:07.601654592,BATCH-G-20231229
REV-00002580,SKU-0010763,user_9002416,Thomas,2,Not as described at all.,2023-11-20,True,NEGATIVE,1,SOURCE_G_REVIEWS,reviews_2023.csv,2023-11-20T19:22:52.657441869,BATCH-G-20231120
REV-00002581,SKU-0001885,,Anonymous,5,Better than I expected for the price.,2023-07-22,False,POSITIVE,2,SOURCE_G_REVIEWS,reviews_2023.csv,2023-07-22T17:51:43.622144822,BATCH-G-20230722
REV-00002583,SKU-0016111,user_9026116,Audrey Rodriguez,4,गुणवत्ता ठीक नहीं थी।,2023-09-25,True,POSITIVE,1,SOURCE_G_REVIEWS,reviews_2023.csv,2023-09-25T17:23:34.890946699,BATCH-G-20230925
REV-00002592,SKU-0019705,user_32851,Sandra Johnston,4,"Solid build quality, no complaints.",2023-05-18,True,POSITIVE,1,SOURCE_G_REVIEWS,reviews_2023.csv,2023-05-18T00:30:00.270050377,BATCH-G-20230518
REV-00002594,SKU-0015097,user_8130,Katherine Cole,3,"Not bad, not great either.",2023-08-07,True,NEUTRAL,0,SOURCE_G_REVIEWS,reviews_2023.csv,2023-08-07T19:15:13.987839387,BATCH-G-20230807
REV-00002596,SKU-0005002,user_9011254,Harold Young,4,Will definitely buy again. 😐,2023-10-15,True,POSITIVE,5,SOURCE_G_REVIEWS,reviews_2023.csv,2023-10-16T05:51:28.846442261,BATCH-G-20231015
REV-00002602,SKU-0018810,user_9009439,James Vaughn MD,5,"Absolutely love it, works perfectly!",2023-03-07,False,POSITIVE,0,SOURCE_G_REVIEWS,reviews_2023.csv,2023-03-07T09:31:33.174386736,BATCH-G-20230307
REV-00002603,SKU-0017979,user_4710,Gregg Duncan,4,"   Absolutely  love  it,  works  perfectly!   ",2023-04-26,False,POSITIVE,4,SOURCE_G_REVIEWS,reviews_2023.csv,2023-04-27T02:13:53.837029320,BATCH-G-20230426
REV-00002610,SKU-0000688,,Anonymous,4,Will definitely buy again.,2023-12-18,True,POSITIVE,2,SOURCE_G_REVIEWS,reviews_2023.csv,2023-12-18T07:15:30.507479976,BATCH-G-20231218
REV-00002613,SKU-0016459,user_46833,Sandra Carlson,3,"Not bad, not great either.",2023-12-19,True,NEUTRAL,1,SOURCE_G_REVIEWS,reviews_2023.csv,2023-12-20T05:52:10.735597766,BATCH-G-20231219
REV-00002624,SKU-0013356,,Anonymous,5,"Solid build quality, no complaints.",2023-08-18,True,POSITIVE,2,SOURCE_G_REVIEWS,reviews_2023.csv,2023-08-18T23:32:06.872600857,BATCH-G-20230818
REV-00002628,SKU-0018171,user_6051,Bruce Pierce,5,Fast delivery and great quality.,2023-12-22,False,POSITIVE,0,SOURCE_G_REVIEWS,reviews_2023.csv,2023-12-22T11:52:55.722874216,BATCH-G-20231222
REV-00002633,SKU-0004323,,Anonymous,4,"बहुत अच्छा उत्पाद है, पैसा वसूल!",2023-09-06,True,POSITIVE,3,SOURCE_G_REVIEWS,reviews_2023.csv,2023-09-06T10:45:30.186608459,BATCH-G-20230906
REV-00002636,SKU-0008556,user_9020382,Suzanne,1,"   Poor  packaging,  item  was  defective.   ",2023-06-23,False,NEGATIVE,11,SOURCE_G_REVIEWS,reviews_2023.csv,2023-06-23T08:17:51.973745819,BATCH-G-20230623
REV-00002637,SKU-0009515,,Anonymous,2,<p>Wrong item was shipped to me.<br>,2023-08-27,False,NEGATIVE,1,SOURCE_G_REVIEWS,reviews_2023.csv,2023-08-28T00:44:50.991738234,BATCH-G-20230827
REV-00002647,SKU-0002491,user_1676,James Morris,5,"Exactly as described, very happy.",2023-07-14,True,POSITIVE,2,SOURCE_G_REVIEWS,reviews_2023.csv,2023-07-14T07:11:25.438844542,BATCH-G-20230714
REV-00002657,SKU-0014506,user_12774,Ellen Nichols,4,   Better  than  I  expected  for  the  price.   ,2023-12-21,True,POSITIVE,1,SOURCE_G_REVIEWS,reviews_2023.csv,2023-12-22T04:13:17.518637040,BATCH-G-20231221
REV-00002659,SKU-0008476,user_9006062,Jonathan Ford,1,Very disappointed with the quality.,2023-12-08,True,NEGATIVE,2,SOURCE_G_REVIEWS,reviews_2023.csv,2023-12-09T04:50:59.683930567,BATCH-G-20231208
REV-00002672,SKU-0017344,user_9033926,William Mendoza,4,"Perfect gift, they loved it!",2023-12-24,True,POSITIVE,3,SOURCE_G_REVIEWS,reviews_2023.csv,2023-12-24T18:09:29.194596534,BATCH-G-20231224
REV-00002675,SKU-0002383,user_48528,Denise Young,4,"Livraison très lente, déçu.",2023-05-31,False,NEUTRAL,4,SOURCE_G_REVIEWS,reviews_2023.csv,2023-06-01T04:44:04.892047687,BATCH-G-20230531
REV-00002691,SKU-9929774,user_5247,Lisa Blanchard,5,"Exactly as described, very happy.",2023-03-14,True,POSITIVE,8,SOURCE_G_REVIEWS,reviews_2023.csv,2023-03-14T03:07:32.065627486,BATCH-G-20230314
REV-00002692,SKU-0004891,user_7465,Karen Golden,3,"Average quality, nothing special.",2023-01-01,False,NEUTRAL,1,SOURCE_G_REVIEWS,reviews_2023.csv,2023-01-01T23:25:34.418691965,BATCH-G-20230101
REV-00002693,SKU-0000120,user_33769,Chad Winters,4,"Solid build quality, no complaints.",2023-05-15,False,POSITIVE,0,SOURCE_G_REVIEWS,reviews_2023.csv,2023-05-15T11:59:39.750521408,BATCH-G-20230515
REV-00002694,SKU-0011848,user_9002029,Jeffrey Taylor,5,"Exactly as described, very happy.",2023-12-22,True,POSITIVE,2,SOURCE_G_REVIEWS,reviews_2023.csv,2023-12-22T06:50:19.376403453,BATCH-G-20231222
REV-00002709,SKU-0004733,user_9000181,Anthony Pugh,5,Highly recommend this product.,2023-01-23,True,POSITIVE,0,SOURCE_G_REVIEWS,reviews_2023.csv,2023-01-23T10:01:54.422368598,BATCH-G-20230123
REV-00002709-DUP,SKU-0004733,user_9000181,Anthony Pugh,5,Highly recommend this product.,2023-01-23,True,POSITIVE,0,SOURCE_G_REVIEWS,reviews_2023.csv,2023-01-23T11:00:54.422368598,BATCH-G-20230123
REV-00002715,SKU-9970986,user_35864,Christopher,5,Highly recommend this product.,2023-04-16,True,POSITIVE,1,SOURCE_G_REVIEWS,reviews_2023.csv,2023-04-17T04:08:09.293025481,BATCH-G-20230416
REV-00002718,SKU-0019343,user_9011104,George Howard,5,"&nbsp;Perfect gift, they loved it!<br>",2023-12-22,True,POSITIVE,4,SOURCE_G_REVIEWS,reviews_2023.csv,2023-12-22T11:17:20.812479199,BATCH-G-20231222
REV-00002721,SKU-0005476,user_9000283,Jasmine Campbell,4,Exceeded my expectations.,2023-04-21,True,POSITIVE,1,SOURCE_G_REVIEWS,reviews_2023.csv,2023-04-21T01:29:43.700063264,BATCH-G-20230421
REV-00002725,SKU-0014882,user_9033810,Christopher,3,Decent but overpriced a bit.,2023-08-05,True,NEUTRAL,6,SOURCE_G_REVIEWS,reviews_2023.csv,2023-08-06T01:12:01.830896187,BATCH-G-20230805
REV-00002729,SKU-0014133,user_12516,Richard Ward,4,Better than I expected for the price.,2023-11-25,False,POSITIVE,3,SOURCE_G_REVIEWS,reviews_2023.csv,2023-11-25T10:17:37.124878136,BATCH-G-20231125
REV-00002747,SKU-0016536,,Anonymous,5,No cumplió mis expectativas.,2023-01-04,True,POSITIVE,6,SOURCE_G_REVIEWS,reviews_2023.csv,2023-01-04T12:19:34.379575687,BATCH-G-20230104
REV-00002754,SKU-0017747,user_9011891,Amy Lopez,3,"Not bad, not great either.",2023-05-19,True,NEUTRAL,1,SOURCE_G_REVIEWS,reviews_2023.csv,2023-05-19T05:23:22.344967578,BATCH-G-20230519
REV-00002764,SKU-0013291,,Anonymous,4,Will definitely buy again.,2023-01-22,True,POSITIVE,0,SOURCE_G_REVIEWS,reviews_2023.csv,2023-01-22T01:19:20.547814874,BATCH-G-20230122
REV-00002776,SKU-0004060,user_9010857,Casey,5,Highly recommend this product.,2023-09-27,True,POSITIVE,13,SOURCE_G_REVIEWS,reviews_2023.csv,2023-09-27T14:44:53.620638441,BATCH-G-20230927
REV-00002777,SKU-0007744,,Anonymous,5,Fast delivery and great quality.,2023-05-15,True,POSITIVE,4,SOURCE_G_REVIEWS,reviews_2023.csv,2023-05-16T03:52:19.021273520,BATCH-G-20230515
REV-00002802,SKU-0016624,user_9028684,Brett Gilbert,4,"Exactly as described, very happy.",2023-12-12,True,POSITIVE,0,SOURCE_G_REVIEWS,reviews_2023.csv,2023-12-12T12:14:29.597831776,BATCH-G-20231212
REV-00002802-BOT,SKU-0016624,user_57000,Amy Terry,4,"Exactly as described, very happy.",2023-12-12,False,POSITIVE,0,SOURCE_G_REVIEWS,reviews_2023.csv,2023-12-12T12:14:29.597831776,BATCH-G-20231212
REV-00002808,SKU-0016508,user_48865,Kristina Mcbride,3,"It's okay, does the job.",2023-11-03,False,NEUTRAL,1,SOURCE_G_REVIEWS,reviews_2023.csv,2023-11-03T22:46:05.166828540,BATCH-G-20231103
REV-00002812,SKU-0016030,user_18057,Yvonne,1,Not as described at all.,2023-08-10,False,NEGATIVE,1,SOURCE_G_REVIEWS,reviews_2023.csv,2023-08-10T15:27:57.815448026,BATCH-G-20230810
REV-00002818,SKU-0010748,,Anonymous,4,Better than I expected for the price.,2023-08-03,True,POSITIVE,2,SOURCE_G_REVIEWS,reviews_2023.csv,2023-08-03T13:04:01.400015492,BATCH-G-20230803
REV-00002819,SKU-0000394,user_9398,Jordan Smith,5,Fast delivery and great quality.,2023-11-11,False,POSITIVE,3,SOURCE_G_REVIEWS,reviews_2023.csv,2023-11-11T22:32:55.078800649,BATCH-G-20231111
REV-00002821,SKU-0010141,user_9021358,Kyle Ramirez,5,Highly recommend this product.,2023-06-11,False,POSITIVE,3,SOURCE_G_REVIEWS,reviews_2023.csv,2023-06-11T03:06:21.994407980,BATCH-G-20230611
REV-00002825,SKU-0000300,user_9004181,Calvin,4,"Average quality, nothing special.",2023-05-20,False,NEUTRAL,4,SOURCE_G_REVIEWS,reviews_2023.csv,2023-05-20T21:48:22.182006630,BATCH-G-20230520
REV-00002828,SKU-0003574,user_9002378,Brent,5,Highly recommend this product.,2023-01-24,True,POSITIVE,1,SOURCE_G_REVIEWS,reviews_2023.csv,2023-01-24T17:22:13.215875231,BATCH-G-20230124
REV-00002829,SKU-0001000,user_21529,Sara Sullivan,2,Stopped working after a week.,2023-01-12,False,NEGATIVE,2,SOURCE_G_REVIEWS,reviews_2023.csv,2023-01-12T22:51:59.077611845,BATCH-G-20230112
REV-00002837,SKU-0005490,user_9011304,Alexandra Allen,4,Wrong item was shipped to me.,2023-06-23,False,NEGATIVE,3,SOURCE_G_REVIEWS,reviews_2023.csv,2023-06-23T17:32:39.051907197,BATCH-G-20230623
REV-00002839,SKU-9926042,user_9024063,Adam Hendricks,5,Fast delivery and great quality.,2023-06-11,True,POSITIVE,6,SOURCE_G_REVIEWS,reviews_2023.csv,2023-06-11T15:23:02.501884229,BATCH-G-20230611
REV-00002843,SKU-0001672,user_37911,Matthew,1,"Poor packaging, item was defective.",2023-08-15,True,NEGATIVE,0,SOURCE_G_REVIEWS,reviews_2023.csv,2023-08-15T06:23:19.986242529,BATCH-G-20230815
REV-00002846,SKU-0014833,user_32757,Jose Hart,3,"Average quality, nothing special.",2023-05-21,False,NEUTRAL,9,SOURCE_G_REVIEWS,reviews_2023.csv,2023-05-21T09:07:14.799864524,BATCH-G-20230521
REV-00002851,SKU-0017375,user_9009549,Danielle Price,1,"Poor packaging, item was defective.",2023-07-29,True,NEGATIVE,5,SOURCE_G_REVIEWS,reviews_2023.csv,2023-07-29T09:36:05.704279023,BATCH-G-20230729
REV-00002863,SKU-0000883,,Anonymous,3,"Matches the description, no issues.",2023-09-20,True,NEUTRAL,2,SOURCE_G_REVIEWS,reviews_2023.csv,2023-09-20T20:14:08.980367987,BATCH-G-20230920
REV-00002882,SKU-0012987,user_9025283,Michael,5,Exceeded my expectations.,2023-03-03,True,POSITIVE,0,SOURCE_G_REVIEWS,reviews_2023.csv,2023-03-03T21:50:27.486318838,BATCH-G-20230303
REV-00002883,SKU-0000186,user_47351,Theresa Ferguson,5,Great value for money.,2023-11-28,True,POSITIVE,4,SOURCE_G_REVIEWS,reviews_2023.csv,2023-11-28T20:24:32.096590152,BATCH-G-20231128
REV-00002892,SKU-0018134,user_9009635,Kimberly Garcia,1,Very disappointed with the quality.,2023-01-22,True,NEGATIVE,3,SOURCE_G_REVIEWS,reviews_2023.csv,2023-01-22T10:01:47.258170169,BATCH-G-20230122
REV-00002899,SKU-0016010,,Anonymous,4,Highly recommend this product.,2023-01-06,True,POSITIVE,0,SOURCE_G_REVIEWS,reviews_2023.csv,2023-01-06T12:19:16.845003066,BATCH-G-20230106
REV-00002899-BOT,SKU-0016010,user_36864,Albert Peterson,4,Highly recommend this product.,2023-01-06,False,POSITIVE,0,SOURCE_G_REVIEWS,reviews_2023.csv,2023-01-06T12:19:16.845003066,BATCH-G-20230106
REV-00002901,SKU-0006196,user_26296,Eric Lawrence MD,5,Highly recommend this product.,2023-12-16,False,POSITIVE,9,SOURCE_G_REVIEWS,reviews_2023.csv,2023-12-16T11:48:39.493947476,BATCH-G-20231216
REV-00002916,SKU-0012859,user_9027813,Margaret Flores,5,Exceeded my expectations.,2023-05-22,True,POSITIVE,4,SOURCE_G_REVIEWS,reviews_2023.csv,2023-05-22T07:47:41.232437376,BATCH-G-20230522
REV-00002929,SKU-0002044,,Anonymous,5,Great value for money.,2023-03-23,True,POSITIVE,0,SOURCE_G_REVIEWS,reviews_2023.csv,2023-03-23T20:24:39.757648348,BATCH-G-20230323
REV-00002960,SKU-9985180,,Anonymous,5,Great value for money.,2023-08-15,True,POSITIVE,1,SOURCE_G_REVIEWS,reviews_2023.csv,2023-08-15T23:23:32.707576040,BATCH-G-20230815
REV-00002969,SKU-0004362,user_58660,Mark Meadows,4,"Exactly as described, very happy.",2023-12-15,True,POSITIVE,5,SOURCE_G_REVIEWS,reviews_2023.csv,2023-12-15T10:52:56.982862011,BATCH-G-20231215
REV-00002969-DUP,SKU-0004362,user_58660,Mark Meadows,4,"Exactly as described, very happy.",2023-12-15,True,POSITIVE,5,SOURCE_G_REVIEWS,reviews_2023.csv,2023-12-15T11:17:56.982862011,BATCH-G-20231215
REV-00002974,SKU-0015960,user_9007278,Anthony,5,"Exactly as described, very happy.",2023-12-15,True,POSITIVE,4,SOURCE_G_REVIEWS,reviews_2023.csv,2023-12-16T04:10:07.935776684,BATCH-G-20231215
REV-00002975,SKU-0009287,,Anonymous,5,"Absolutely love it, works perfectly!",2023-02-20,True,POSITIVE,2,SOURCE_G_REVIEWS,reviews_2023.csv,2023-02-20T13:34:37.380495004,BATCH-G-20230220
REV-00002982,SKU-0007029,user_2717,Michelle,3,"Not bad, not great either.",2023-10-14,True,NEUTRAL,3,SOURCE_G_REVIEWS,reviews_2023.csv,2023-10-14T23:46:12.066634240,BATCH-G-20231014
REV-00002988,SKU-0015464,user_16282,Steve Watson,4,"Absolutely love it, works perfectly! ⭐",2023-05-28,False,POSITIVE,20,SOURCE_G_REVIEWS,reviews_2023.csv,2023-05-29T05:28:08.680515087,BATCH-G-20230528
REV-00002990,SKU-0012173,user_65997,Anthony Johnson,1,Wrong item was shipped to me.,2023-05-07,True,NEGATIVE,8,SOURCE_G_REVIEWS,reviews_2023.csv,2023-05-07T07:05:11.093747363,BATCH-G-20230507
REV-00002999,SKU-9982091,user_9034619,Michelle,4,Highly recommend this product.,2023-05-30,False,POSITIVE,2,SOURCE_G_REVIEWS,reviews_2023.csv,2023-05-31T03:43:51.501918938,BATCH-G-20230530
REV-00003000,SKU-0015543,user_9027694,Amy Mitchell,5,   <i>edited</i>Excellent  rapport  qualité-prix.<p>   ,2023-05-28,True,POSITIVE,0,SOURCE_G_REVIEWS,reviews_2023.csv,2023-05-28T08:23:02.490628225,BATCH-G-20230528
REV-00003006,SKU-0001633,user_9032238,Caitlin Bush,5,Exceeded my expectations.,2023-11-09,False,POSITIVE,3,SOURCE_G_REVIEWS,reviews_2023.csv,2023-11-09T00:44:13.636111322,BATCH-G-20231109
REV-00003008,SKU-0014115,user_30290,Crystal Bradford,5,"Perfect gift, they loved it!",2023-11-24,True,POSITIVE,7,SOURCE_G_REVIEWS,reviews_2023.csv,2023-11-24T19:43:55.092027697,BATCH-G-20231124
REV-00003034,SKU-0007869,user_10271,David,3,"Not bad, not great either.",2023-11-12,False,NEUTRAL,9,SOURCE_G_REVIEWS,reviews_2023.csv,2023-11-12T03:19:23.807272328,BATCH-G-20231112
REV-00003045,SKU-9950488,user_9029637,Matthew,5,"Absolutely love it, works perfectly!",2023-07-21,False,POSITIVE,5,SOURCE_G_REVIEWS,reviews_2023.csv,2023-07-21T20:08:06.679004956,BATCH-G-20230721
REV-00003047,SKU-0014312,user_9025049,Joshua Woods,5,   Exceeded  my  expectations.   ,2023-06-13,True,POSITIVE,2,SOURCE_G_REVIEWS,reviews_2023.csv,2023-06-13T02:13:58.622609891,BATCH-G-20230613
REV-00003048,SKU-0013341,user_9013948,Lawrence,4,Fast delivery and great quality.,2023-02-18,True,POSITIVE,2,SOURCE_G_REVIEWS,reviews_2023.csv,2023-02-18T13:19:33.747330508,BATCH-G-20230218
REV-00003052,SKU-0013364,user_9025850,Kristin Rice,5,"Solid build quality, no complaints.",2023-10-17,True,POSITIVE,7,SOURCE_G_REVIEWS,reviews_2023.csv,2023-10-17T09:40:57.576138363,BATCH-G-20231017
REV-00003064,SKU-0000660,,Anonymous,2,"Poor packaging, item was defective.",2023-07-18,True,NEGATIVE,0,SOURCE_G_REVIEWS,reviews_2023.csv,2023-07-18T23:25:16.696721181,BATCH-G-20230718
REV-00003070,SKU-0009306,user_19753,Rebecca,4,"Absolutely love it, works perfectly!",2023-02-07,True,POSITIVE,0,SOURCE_G_REVIEWS,reviews_2023.csv,2023-02-07T16:32:52.251339437,BATCH-G-20230207
REV-00003071,SKU-0006084,user_68874,Michael Becker,5,"Absolutely love it, works perfectly!",2023-01-13,False,POSITIVE,7,SOURCE_G_REVIEWS,reviews_2023.csv,2023-01-13T12:24:21.944450982,BATCH-G-20230113
REV-00003073,SKU-0006716,user_9015445,Mary Bennett,5,Highly recommend this product.,2023-11-09,False,POSITIVE,1,SOURCE_G_REVIEWS,reviews_2023.csv,2023-11-29T17:00:00,BATCH-G-20231109
REV-00003078,SKU-0000102,user_61704,Sarah Shepard,4,"Solid build quality, no complaints.",2023-05-19,True,POSITIVE,1,SOURCE_G_REVIEWS,reviews_2023.csv,2023-05-19T01:20:02.521223649,BATCH-G-20230519
REV-00003080,SKU-0016489,user_9010510,Jill,1,Very disappointed with the quality.,2023-12-31,True,NEGATIVE,5,SOURCE_G_REVIEWS,reviews_2023.csv,2024-01-01T04:06:04.199773582,BATCH-G-20231231
REV-00003088,SKU-0016889,user_66697,Kelsey,5,"   Muy  buen  producto,  lo  recomiendo.   ",2023-12-13,False,POSITIVE,0,SOURCE_G_REVIEWS,reviews_2023.csv,2023-12-13T04:48:36.614236696,BATCH-G-20231213
REV-00003099,SKU-0009245,user_9026562,James Sullivan,5,Highly recommend this product.,2023-09-11,True,POSITIVE,1,SOURCE_G_REVIEWS,reviews_2023.csv,2023-09-11T09:47:52.352396920,BATCH-G-20230911
REV-00003102,SKU-0014676,user_28430,Eric,5,"Solid build quality, no complaints.",2023-07-21,False,POSITIVE,2,SOURCE_G_REVIEWS,reviews_2023.csv,2023-07-21T22:45:41.453850274,BATCH-G-20230721
REV-00003107,SKU-0005395,user_46520,Anthony,4,"Exactly as described, very happy.",2023-01-03,False,POSITIVE,3,SOURCE_G_REVIEWS,reviews_2023.csv,2023-01-03T21:35:40.638194569,BATCH-G-20230103
REV-00003109,SKU-0006460,user_9182,Michael Williams,5,गुणवत्ता ठीक नहीं थी। Will definitely buy again.,2023-04-07,True,POSITIVE,0,SOURCE_G_REVIEWS,reviews_2023.csv,2023-04-07T17:43:28.687326078,BATCH-G-20230407
REV-00003116,SKU-0008709,user_51626,Amanda Andrade,5,"Absolutely love it, works perfectly!",2023-06-19,False,POSITIVE,4,SOURCE_G_REVIEWS,reviews_2023.csv,2023-06-19T19:14:31.100809737,BATCH-G-20230619
REV-00003117,SKU-9926063,user_9008137,Kimberly,5,Exceeded my expectations.,2023-11-11,False,POSITIVE,3,SOURCE_G_REVIEWS,reviews_2023.csv,2023-11-11T03:34:42.326932406,BATCH-G-20231111
REV-00003124,SKU-0000013,user_9030172,Tracy,5,Exceeded my expectations.,2023-09-24,True,POSITIVE,5,SOURCE_G_REVIEWS,reviews_2023.csv,2023-09-24T00:41:58.577001709,BATCH-G-20230924
REV-00003128,SKU-0012049,user_48419,Kyle Garcia,6,"Muy buen producto, lo recomiendo.",2023-07-25,True,POSITIVE,0,SOURCE_G_REVIEWS,reviews_2023.csv,2023-07-26T02:18:38.092229002,BATCH-G-20230725
REV-00003152,SKU-0006783,,Anonymous,5,"It's okay, does the job.",2023-09-11,True,NEUTRAL,2,SOURCE_G_REVIEWS,reviews_2023.csv,2023-09-11T03:41:27.242701996,BATCH-G-20230911
REV-00003153,SKU-9932941,user_37504,Joshua Bass,4,Better than I expected for the price.,2023-10-16,True,POSITIVE,0,SOURCE_G_REVIEWS,reviews_2023.csv,2023-10-16T22:53:24.107654624,BATCH-G-20231016
REV-00003169,SKU-0019697,user_9027751,Terry Perkins,5,"Solid build quality, no complaints.",2023-08-13,True,POSITIVE,9,SOURCE_G_REVIEWS,reviews_2023.csv,2023-08-13T23:05:55.292667329,BATCH-G-20230813
REV-00003170,SKU-0004885,user_58478,Darius Gill,5,Great value for money.,2023-08-12,False,POSITIVE,0,SOURCE_G_REVIEWS,reviews_2023.csv,2023-08-12T07:54:26.608691050,BATCH-G-20230812
REV-00003172,SKU-0000714,user_9000369,Kevin Arnold,5,Exceeded my expectations.,2023-01-21,True,POSITIVE,0,SOURCE_G_REVIEWS,reviews_2023.csv,2023-01-22T04:02:08.699018874,BATCH-G-20230121
REV-00003178,SKU-0009039,user_9012839,Joseph Arias,4,Great value for money.,2023-08-24,True,POSITIVE,1,SOURCE_G_REVIEWS,reviews_2023.csv,2023-08-24T19:57:08.183254270,BATCH-G-20230824
REV-00003179,SKU-0014732,user_9001873,Sarah Smith,5,"Exactly as described, very happy.",2023-11-27,False,POSITIVE,4,SOURCE_G_REVIEWS,reviews_2023.csv,2023-11-27T12:27:43.377998226,BATCH-G-20231127
REV-00003180,SKU-0000606,user_3859,Thomas Brewer,4,"Exactly as described, very happy.",2023-07-19,True,POSITIVE,7,SOURCE_G_REVIEWS,reviews_2023.csv,2023-07-19T20:29:00.383293387,BATCH-G-20230719
REV-00003181,SKU-0004021,user_9016483,Shelby Thompson,4,Will definitely buy again.,2023-09-09,False,POSITIVE,3,SOURCE_G_REVIEWS,reviews_2023.csv,2023-09-09T20:03:40.382400001,BATCH-G-20230909
REV-00003192,SKU-0012598,user_9020957,Jackson Ryan,3,Works fine but delivery was slow.,2023-07-30,True,NEUTRAL,17,SOURCE_G_REVIEWS,reviews_2023.csv,2023-07-30T05:39:06.935811685,BATCH-G-20230730
REV-00003203,SKU-0008184,,Anonymous,5,Great value for money.,2023-01-01,True,POSITIVE,3,SOURCE_G_REVIEWS,reviews_2023.csv,2023-01-04T23:00:00,BATCH-G-20230101
REV-00003216,SKU-0016583,user_9024156,Stephen Bailey,5,Will definitely buy again.,2023-11-01,True,POSITIVE,3,SOURCE_G_REVIEWS,reviews_2023.csv,2023-11-02T03:50:30.009538751,BATCH-G-20231101
REV-00003225,SKU-0015075,user_27045,Mike Mendoza,1,Not as described at all.,2023-09-03,False,NEGATIVE,1,SOURCE_G_REVIEWS,reviews_2023.csv,2023-09-03T19:30:42.188587048,BATCH-G-20230903
REV-00003228,SKU-0014060,user_9025363,Bryan Skinner,1,Wrong item was shipped to me.,2023-06-26,True,NEGATIVE,10,SOURCE_G_REVIEWS,reviews_2023.csv,2023-06-26T22:31:36.521421339,BATCH-G-20230626
REV-00003234,SKU-0005417,user_35712,Randy Powell,4,Better than I expected for the price.,2023-07-27,False,POSITIVE,2,SOURCE_G_REVIEWS,reviews_2023.csv,2023-07-27T05:10:15.105951575,BATCH-G-20230727
REV-00003243,SKU-0005790,user_9006116,Stephanie Russell,3,<p>Works fine but delivery was slow.</p>,2023-04-01,True,NEUTRAL,2,SOURCE_G_REVIEWS,reviews_2023.csv,2023-04-02T03:43:50.345272118,BATCH-G-20230401
REV-00003248,SKU-0005621,user_9008103,Kristine Branch,4,"Perfect gift, they loved it!",2023-11-24,True,POSITIVE,3,SOURCE_G_REVIEWS,reviews_2023.csv,2023-11-24T11:01:31.448197598,BATCH-G-20231124
REV-00003250,SKU-0016821,,Anonymous,1,"Poor packaging, item was defective.",2023-05-01,True,NEGATIVE,0,SOURCE_G_REVIEWS,reviews_2023.csv,2023-05-01T18:41:18.430304148,BATCH-G-20230501
REV-00003252,SKU-0003275,user_19215,Joseph Nguyen,4,"Perfect gift, they loved it!",2023-02-22,True,POSITIVE,1,SOURCE_G_REVIEWS,reviews_2023.csv,2023-02-22T09:15:42.139412290,BATCH-G-20230222
REV-00003267,SKU-9907497,user_5349,Crystal,4,Exceeded my expectations.,2023-06-12,True,POSITIVE,3,SOURCE_G_REVIEWS,reviews_2023.csv,2023-06-12T13:21:57.220992578,BATCH-G-20230612
REV-00003281,SKU-0009953,user_9027936,Alyssa Jackson,5,Great value for money.,2023-03-26,False,POSITIVE,0,SOURCE_G_REVIEWS,reviews_2023.csv,2023-03-26T11:00:16.981769713,BATCH-G-20230326
REV-00003282,SKU-0018171,,Anonymous,5,"Exactly as described, very happy. 😍🙏",2023-12-16,True,POSITIVE,3,SOURCE_G_REVIEWS,reviews_2023.csv,2023-12-17T04:45:31.947930162,BATCH-G-20231216
REV-00003288,SKU-0017962,user_9835,Lisa,4,"Absolutely love it, works perfectly!",2023-11-27,True,POSITIVE,0,SOURCE_G_REVIEWS,reviews_2023.csv,2023-11-27T14:33:24.352341926,BATCH-G-20231127
REV-00003289,SKU-0010625,user_1709,Brett Williams,1,Very disappointed with the quality.,2023-03-26,True,NEGATIVE,0,SOURCE_G_REVIEWS,reviews_2023.csv,2023-03-26T15:31:36.962254790,BATCH-G-20230326
REV-00003290,SKU-0000866,user_9000107,Mr.,3,"Average quality, nothing special.",2023-10-25,True,NEUTRAL,3,SOURCE_G_REVIEWS,reviews_2023.csv,2023-10-25T21:53:56.410951186,BATCH-G-20231025
REV-00003298,SKU-0008430,user_9021358,Kyle Ramirez,3,"It's okay, does the job.",2023-09-29,False,NEUTRAL,1,SOURCE_G_REVIEWS,reviews_2023.csv,2023-09-29T05:19:32.911383536,BATCH-G-20230929
REV-00003307,SKU-0019621,,Anonymous,5,Great value for money.,2023-08-27,False,POSITIVE,1,SOURCE_G_REVIEWS,reviews_2023.csv,2023-08-27T16:01:29.308344162,BATCH-G-20230827
REV-00003314,SKU-0007242,user_9031988,Victor Tapia,4,Exceeded my expectations.,2023-02-12,True,POSITIVE,7,SOURCE_G_REVIEWS,reviews_2023.csv,2023-02-12T09:05:46.493479058,BATCH-G-20230212
REV-00003319,SKU-0012654,user_1395,John Torres,4,Highly recommend this product.,2023-05-04,False,POSITIVE,9,SOURCE_G_REVIEWS,reviews_2023.csv,2023-05-05T01:20:48.225255238,BATCH-G-20230504
REV-00003327,SKU-0007571,user_9005660,Katherine Powers,5,No cumplió mis expectativas. Will definitely buy again.,2023-04-17,True,POSITIVE,1,SOURCE_G_REVIEWS,reviews_2023.csv,2023-04-17T06:27:25.808324432,BATCH-G-20230417
REV-00003329,SKU-0002739,,Anonymous,3,Works fine but delivery was slow.,2023-02-14,False,NEUTRAL,0,SOURCE_G_REVIEWS,reviews_2023.csv,2023-02-14T01:27:46.600523189,BATCH-G-20230214
REV-00003333,SKU-0008185,user_16301,Dennis Yates,5,"Solid build quality, no complaints.",2023-03-02,True,POSITIVE,1,SOURCE_G_REVIEWS,reviews_2023.csv,2023-03-03T02:50:01.808636459,BATCH-G-20230302
REV-00003343,SKU-0004412,user_9024678,Lauren Moon,5,"बहुत अच्छा उत्पाद है, पैसा वसूल!",2023-08-08,True,POSITIVE,3,SOURCE_G_REVIEWS,reviews_2023.csv,2023-08-08T11:55:35.995057451,BATCH-G-20230808
REV-00003344,SKU-0011961,user_65440,Crystal,unknown,"Solid build quality, no complaints.",2023-02-14,False,POSITIVE,1,SOURCE_G_REVIEWS,reviews_2023.csv,2023-02-14T23:11:46.469489681,BATCH-G-20230214
REV-00003347,SKU-0005048,user_9007345,Luke,3,"Not bad, not great either.",2023-07-13,False,NEUTRAL,0,SOURCE_G_REVIEWS,reviews_2023.csv,2023-07-13T06:38:31.059029424,BATCH-G-20230713
REV-00003371,SKU-0019966,,Anonymous,5,Fast delivery and great quality.,2023-12-16,False,POSITIVE,8,SOURCE_G_REVIEWS,reviews_2023.csv,2023-12-16T20:57:58.919394947,BATCH-G-20231216
REV-00003373,SKU-0012551,user_9010482,Andrew Taylor,4,Highly recommend this product.,2023-05-17,False,POSITIVE,1,SOURCE_G_REVIEWS,reviews_2023.csv,2023-05-18T02:03:34.418168770,BATCH-G-20230517
REV-00003380,SKU-0014830,user_9023937,Alicia Bell,1,Not as described at all.,2023-07-12,False,NEGATIVE,0,SOURCE_G_REVIEWS,reviews_2023.csv,2023-07-12T10:42:59.040081544,BATCH-G-20230712
REV-00003385,SKU-0019892,user_25220,Donald Roberson,5,Excellent rapport qualité-prix.,2023-05-05,False,POSITIVE,0,SOURCE_G_REVIEWS,reviews_2023.csv,2023-05-06T03:36:18.493638007,BATCH-G-20230505
REV-00003391,SKU-0017653,user_9030142,Chase,3,Decent but overpriced a bit.,2023-01-14,True,NEUTRAL,4,SOURCE_G_REVIEWS,reviews_2023.csv,2023-01-14T12:48:33.323272701,BATCH-G-20230114
REV-00003395,SKU-9981511,user_9006141,Raymond Johnson,2,Arrived damaged and support was unhelpful.,2023-04-10,False,NEGATIVE,0,SOURCE_G_REVIEWS,reviews_2023.csv,2023-04-10T07:24:44.310946288,BATCH-G-20230410
REV-00003399,SKU-0017138,user_9004777,Kathryn Bass DDS,4,Better than I expected for the price. 💯,2023-03-08,True,POSITIVE,4,SOURCE_G_REVIEWS,reviews_2023.csv,2023-03-08T16:16:32.924548158,BATCH-G-20230308
REV-00003403,SKU-0008968,user_60993,Patricia,4,Highly recommend this product.,2023-03-28,False,POSITIVE,1,SOURCE_G_REVIEWS,reviews_2023.csv,2023-03-29T05:36:53.823142719,BATCH-G-20230328
REV-00003404,SKU-0005667,user_9025110,Christopher Hall,4,Great value for money.,2023-11-29,False,POSITIVE,1,SOURCE_G_REVIEWS,reviews_2023.csv,2023-11-29T23:38:50.451437546,BATCH-G-20231129
REV-00003405,SKU-0003472,user_9021131,Nicholas Miller,3,Excellent rapport qualité-prix.,2023-12-06,True,NEUTRAL,2,SOURCE_G_REVIEWS,reviews_2023.csv,2023-12-06T22:36:11.636374889,BATCH-G-20231206
REV-00003406,SKU-0013694,user_65368,Donald,1,Wrong item was shipped to me.,2023-11-29,False,NEGATIVE,2,SOURCE_G_REVIEWS,reviews_2023.csv,2023-11-30T05:43:35.832938895,BATCH-G-20231129
REV-00003414,SKU-0015952,,Anonymous,4,Exceeded my expectations.,2023-04-25,True,POSITIVE,1,SOURCE_G_REVIEWS,reviews_2023.csv,2023-04-26T02:36:49.023326730,BATCH-G-20230425
REV-00003415,SKU-0001766,user_29487,Angela,4,Excellent rapport qualité-prix.,2023-09-16,True,POSITIVE,3,SOURCE_G_REVIEWS,reviews_2023.csv,2023-09-16T07:43:57.092735954,BATCH-G-20230916
REV-00003415-DUP,SKU-0001766,user_29487,Angela,4,Excellent rapport qualité-prix.,2023-09-16,True,POSITIVE,3,SOURCE_G_REVIEWS,reviews_2023.csv,2023-09-16T07:54:57.092735954,BATCH-G-20230916
REV-00003420,SKU-0017584,user_9000842,Robert,5,Very disappointed with the quality.,2023-12-20,False,NEGATIVE,0,SOURCE_G_REVIEWS,reviews_2023.csv,2023-12-20T13:04:13.525777591,BATCH-G-20231220
REV-00003433,SKU-0014911,user_62264,Timothy,5,"Exactly as described, very happy.",2023-07-22,True,POSITIVE,9,SOURCE_G_REVIEWS,reviews_2023.csv,2023-07-22T07:16:20.936095691,BATCH-G-20230722
REV-00003438,SKU-0016145,user_9018336,Denise,4,"Perfect gift, they loved it!",2023-05-27,True,POSITIVE,0,SOURCE_G_REVIEWS,reviews_2023.csv,2023-05-27T15:57:32.534897521,BATCH-G-20230527
REV-00003443,SKU-0007129,,Anonymous,-1,"Matches the description, no issues. ⭐😢",2023-07-31,False,NEUTRAL,1,SOURCE_G_REVIEWS,reviews_2023.csv,2023-07-31T14:56:54.610813083,BATCH-G-20230731
REV-00003445,SKU-0018037,user_24496,Kristen Perez,5,Will definitely buy again.,2023-02-27,True,POSITIVE,1,SOURCE_G_REVIEWS,reviews_2023.csv,2023-02-27T09:39:30.444461541,BATCH-G-20230227
REV-00003456,SKU-0000080,,Anonymous,5,Fast delivery and great quality.,2023-08-05,True,POSITIVE,11,SOURCE_G_REVIEWS,reviews_2023.csv,2023-08-05T19:05:52.787641881,BATCH-G-20230805
REV-00003461,SKU-0002856,,Anonymous,5,Will definitely buy again.,2023-03-06,True,POSITIVE,2,SOURCE_G_REVIEWS,reviews_2023.csv,2023-03-07T05:27:28.740198335,BATCH-G-20230306
REV-00003475,SKU-0001426,user_28840,Patricia Garcia,5,Will definitely buy again.,2023-01-03,True,POSITIVE,0,SOURCE_G_REVIEWS,reviews_2023.csv,2023-01-03T07:06:31.731187120,BATCH-G-20230103
REV-00003486,SKU-0010101,user_49680,Joseph,4,"   Exactly  as  described,  very  happy.   ",2023-12-07,True,POSITIVE,3,SOURCE_G_REVIEWS,reviews_2023.csv,2023-12-07T15:15:52.569868348,BATCH-G-20231207
REV-00003489,SKU-9960939,,Anonymous,2,Wrong item was shipped to me.,2023-08-04,False,NEGATIVE,5,SOURCE_G_REVIEWS,reviews_2023.csv,2023-08-04T05:43:43.036871525,BATCH-G-20230804
REV-00003491,SKU-0007868,user_4849,Michael Baker,4,"Exactly as described, very happy.",2023-10-08,True,POSITIVE,4,SOURCE_G_REVIEWS,reviews_2023.csv,2023-10-09T04:59:50.542726917,BATCH-G-20231008
REV-00003499,SKU-0001147,user_21721,Daniel Ellis,4,Fast delivery and great quality.,2023-10-18,True,POSITIVE,3,SOURCE_G_REVIEWS,reviews_2023.csv,2023-10-19T02:51:22.421363874,BATCH-G-20231018
REV-00003504,SKU-0016318,,Anonymous,5,Highly recommend this product.,2023-10-04,True,POSITIVE,0,SOURCE_G_REVIEWS,reviews_2023.csv,2023-10-04T18:57:19.522873812,BATCH-G-20231004
REV-00003506,SKU-0001589,user_28560,Beth Bryant,4,Fast delivery and great quality.,2023-09-14,True,POSITIVE,0,SOURCE_G_REVIEWS,reviews_2023.csv,2023-09-14T19:08:45.301289107,BATCH-G-20230914
REV-00003517,SKU-0005398,user_11980,Yolanda Yang,5,"Exactly as described, very happy.",2023-12-22,True,POSITIVE,5,SOURCE_G_REVIEWS,reviews_2023.csv,2023-12-22T02:19:44.363887164,BATCH-G-20231222
REV-00003522,SKU-0012184,,Anonymous,5,Better than I expected for the price.,2023-03-25,False,POSITIVE,0,SOURCE_G_REVIEWS,reviews_2023.csv,2023-03-25T06:44:57.156149573,BATCH-G-20230325
REV-00003525,SKU-0001622,user_9026200,Kathryn Rivera,5,Fast delivery and great quality.,2023-02-03,True,POSITIVE,4,SOURCE_G_REVIEWS,reviews_2023.csv,2023-02-11T06:00:00,BATCH-G-20230203
REV-00003535,SKU-0019663,,Anonymous,1,"Cheaply made, broke immediately.",2023-01-27,True,NEGATIVE,2,SOURCE_G_REVIEWS,reviews_2023.csv,2023-01-27T06:44:10.703749857,BATCH-G-20230127
REV-00003537,SKU-0016680,,Anonymous,5,Great value for money.,2023-04-27,True,POSITIVE,1,SOURCE_G_REVIEWS,reviews_2023.csv,2023-04-27T16:36:49.539957760,BATCH-G-20230427
REV-00003550,SKU-0004340,user_63239,Tina Ferguson,3,"Matches the description, no issues.",2023-01-15,True,NEUTRAL,7,SOURCE_G_REVIEWS,reviews_2023.csv,2023-01-15T10:41:29.849081393,BATCH-G-20230115
REV-00003557,SKU-0019307,user_21120,Zachary Hurley,3,गुणवत्ता ठीक नहीं थी। Works fine but delivery was slow.,2023-06-15,True,NEUTRAL,0,SOURCE_G_REVIEWS,reviews_2023.csv,2023-06-15T12:10:02.769358228,BATCH-G-20230615
REV-00003564,SKU-0019952,,Anonymous,5,Great value for money.,2023-12-04,True,POSITIVE,1,SOURCE_G_REVIEWS,reviews_2023.csv,2023-12-04T19:05:09.055785960,BATCH-G-20231204
REV-00003571,SKU-0001409,user_59667,Timothy Lawrence,4,"Exactly as described, very happy. 💯",2023-05-07,False,POSITIVE,0,SOURCE_G_REVIEWS,reviews_2023.csv,2023-05-07T13:50:22.765503122,BATCH-G-20230507
REV-00003572,SKU-0012066,user_55222,Jimmy,2,Wrong item was shipped to me.,2023-04-28,False,NEGATIVE,4,SOURCE_G_REVIEWS,reviews_2023.csv,2023-04-28T22:01:41.509916156,BATCH-G-20230428
REV-00003574,SKU-0014964,user_33452,William Byrd,4,NA,2023-12-12,True,POSITIVE,0,SOURCE_G_REVIEWS,reviews_2023.csv,2023-12-12T11:31:25.383479698,BATCH-G-20231212
REV-00003576,SKU-0008628,user_9007540,John James,5,Arrived damaged and support was unhelpful.,2023-09-30,True,NEGATIVE,0,SOURCE_G_REVIEWS,reviews_2023.csv,2023-10-01T00:54:10.352022572,BATCH-G-20230930
REV-00003578,SKU-9907956,,Anonymous,4,Will definitely buy again.,2023-12-21,False,POSITIVE,1,SOURCE_G_REVIEWS,reviews_2023.csv,2023-12-22T04:44:19.476717414,BATCH-G-20231221
REV-00003579,SKU-0004874,user_9014226,John Huerta,4,Better than I expected for the price.,2023-07-05,True,POSITIVE,2,SOURCE_G_REVIEWS,reviews_2023.csv,2023-07-05T00:30:24.696848761,BATCH-G-20230705
REV-00003602,SKU-0007955,user_531,Brooke Steele,4,"Solid build quality, no complaints.",2023-11-14,True,POSITIVE,5,SOURCE_G_REVIEWS,reviews_2023.csv,2023-11-15T03:47:46.547476087,BATCH-G-20231114
REV-00003615,SKU-0006402,user_9015234,Todd,4,Exceeded my expectations.,2023-11-19,True,POSITIVE,0,SOURCE_G_REVIEWS,reviews_2023.csv,2023-11-19T20:55:50.263444757,BATCH-G-20231119
REV-00003625,SKU-0011284,user_9015034,David Ali,4,Great value for money. 😀,2023-11-12,True,POSITIVE,3,SOURCE_G_REVIEWS,reviews_2023.csv,2023-11-12T05:48:29.288080293,BATCH-G-20231112
REV-00003627,SKU-0011908,user_9029841,Sean,3,Decent but overpriced a bit.,2023-10-25,False,NEUTRAL,0,SOURCE_G_REVIEWS,reviews_2023.csv,2023-10-25T19:57:53.937563878,BATCH-G-20231025
REV-00003643,SKU-0018968,user_9008068,Richard Johnson,3,"It's okay, does the job.",2023-07-14,True,NEUTRAL,0,SOURCE_G_REVIEWS,reviews_2023.csv,2023-07-14T08:13:04.633094459,BATCH-G-20230714
REV-00003647,SKU-0002035,user_4758,Cheryl Webster,4,"   Not  bad,  not  great  either.   ",2023-03-06,True,NEUTRAL,1,SOURCE_G_REVIEWS,reviews_2023.csv,2023-03-06T06:52:55.343588830,BATCH-G-20230306
REV-00003663,SKU-0013374,user_9028366,Christopher Goodman,4,Highly recommend this product.,2023-03-25,False,POSITIVE,0,SOURCE_G_REVIEWS,reviews_2023.csv,2023-03-25T17:42:58.941303999,BATCH-G-20230325
REV-00003676,SKU-0013806,user_9018782,Brittney Guerra,4,Better than I expected for the price.,2023-12-28,True,POSITIVE,2,SOURCE_G_REVIEWS,reviews_2023.csv,2023-12-28T03:24:50.869239091,BATCH-G-20231228
REV-00003679,SKU-0007010,user_9007526,Michelle, ,"Waste of money, do not buy.",2023-03-21,True,NEGATIVE,3,SOURCE_G_REVIEWS,reviews_2023.csv,2023-03-21T20:15:47.415813058,BATCH-G-20230321
REV-00003683,SKU-0000343,user_44469,Christopher Holland,4,Highly recommend this product.,2023-01-14,True,POSITIVE,0,SOURCE_G_REVIEWS,reviews_2023.csv,2023-01-15T05:30:58.333748094,BATCH-G-20230114
REV-00003684,SKU-0008056,user_15196,Jennifer Cook,4,"Exactly as described, very happy.",2023-11-09,False,POSITIVE,9,SOURCE_G_REVIEWS,reviews_2023.csv,2023-11-10T02:11:51.327278246,BATCH-G-20231109
REV-00003686,SKU-0010834,user_9024651,Dillon Romero,5,"Absolutely love it, works perfectly!",2023-06-28,True,POSITIVE,2,SOURCE_G_REVIEWS,reviews_2023.csv,2023-06-28T20:19:01.913855469,BATCH-G-20230628
REV-00003690,SKU-0011349,user_60665,Steven Taylor,3,"Average quality, nothing special.",2023-03-17,True,NEUTRAL,0,SOURCE_G_REVIEWS,reviews_2023.csv,2023-03-17T23:48:17.892604518,BATCH-G-20230317
REV-00003692,SKU-0001071,user_9032411,Sean,5,"Muy buen producto, lo recomiendo. Great value for money. 😀",2023-11-16,True,POSITIVE,0,SOURCE_G_REVIEWS,reviews_2023.csv,2023-11-16T10:35:05.518098942,BATCH-G-20231116
REV-00003707,SKU-0006031,user_9003255,Jennifer,7,"Cheaply made, broke immediately.",2023-02-04,False,NEGATIVE,0,SOURCE_G_REVIEWS,reviews_2023.csv,2023-02-04T19:02:53.260242266,BATCH-G-20230204
REV-00003718,SKU-0011190,user_69085,Paige,4,"Exactly as described, very happy.",2023-05-29,True,POSITIVE,0,SOURCE_G_REVIEWS,reviews_2023.csv,2023-05-29T02:06:19.137072466,BATCH-G-20230529
REV-00003723,SKU-0002349,user_9030213,Hailey Medina,5,Will definitely buy again.,2023-01-06,True,POSITIVE,2,SOURCE_G_REVIEWS,reviews_2023.csv,2023-01-06T02:33:48.240217963,BATCH-G-20230106
REV-00003729,SKU-0017894,user_9007123,Eric Arias DDS,5,"Exactly as described, very happy.",2023-12-24,True,POSITIVE,3,SOURCE_G_REVIEWS,reviews_2023.csv,2023-12-22T16:00:00,BATCH-G-20231224
REV-00003731,SKU-0017788,,Anonymous,null,"<p>Solid build quality, no complaints.&nbsp;",2023-02-13,True,POSITIVE,4,SOURCE_G_REVIEWS,reviews_2023.csv,2023-02-13T10:28:30.449591772,BATCH-G-20230213
REV-00003755,SKU-0018613,user_25873,Rick Snyder,4,<i>edited</i>Exceeded my expectations.<br>,2023-07-31,True,POSITIVE,10,SOURCE_G_REVIEWS,reviews_2023.csv,2023-08-01T04:07:16.107152217,BATCH-G-20230731
REV-00003763,SKU-0019602,,Anonymous,3,"Matches the description, no issues.",2023-08-29,False,NEUTRAL,4,SOURCE_G_REVIEWS,reviews_2023.csv,2023-08-29T18:48:11.675070402,BATCH-G-20230829
REV-00003769,SKU-0003465,user_64351,Jessica Diaz,5,Will definitely buy again.,2023-11-27,True,POSITIVE,2,SOURCE_G_REVIEWS,reviews_2023.csv,2023-11-27T11:55:20.253471923,BATCH-G-20231127
REV-00003772,SKU-0018437,user_9025092,Angela Smith,4,Fast delivery and great quality.,2023-08-21,True,POSITIVE,6,SOURCE_G_REVIEWS,reviews_2023.csv,2023-08-21T10:02:07.219615729,BATCH-G-20230821
REV-00003788,SKU-0005467,user_47976,Emily Bruce,4,Exceeded my expectations.,2023-10-04,False,POSITIVE,0,SOURCE_G_REVIEWS,reviews_2023.csv,2023-10-04T09:38:51.246864548,BATCH-G-20231004
REV-00003793,SKU-0007490,,Anonymous,5,Better than I expected for the price.,2023-01-09,False,POSITIVE,0,SOURCE_G_REVIEWS,reviews_2023.csv,2023-01-09T19:53:08.568535427,BATCH-G-20230109
REV-00003808,SKU-0013550,,Anonymous,4,Fast delivery and great quality.,2023-06-19,True,POSITIVE,4,SOURCE_G_REVIEWS,reviews_2023.csv,2023-06-19T11:03:20.719950948,BATCH-G-20230619
REV-00003810,SKU-9982793,user_9029421,Priscilla,5,"Absolutely love it, works perfectly!",2023-03-14,True,POSITIVE,3,SOURCE_G_REVIEWS,reviews_2023.csv,2023-03-15T03:18:54.672941410,BATCH-G-20230314
REV-00003819,SKU-0010394,user_34091,Tracy Marshall,2,गुणवत्ता ठीक नहीं थी।,2023-03-26,True,NEGATIVE,3,SOURCE_G_REVIEWS,reviews_2023.csv,2023-03-26T14:39:38.697679171,BATCH-G-20230326
REV-00003824,SKU-0009072,user_9026218,Hector,4,Better than I expected for the price.,2023-12-05,True,POSITIVE,0,SOURCE_G_REVIEWS,reviews_2023.csv,2023-12-05T12:54:42.991957846,BATCH-G-20231205
REV-00003825,SKU-0006586,user_64911,Glenn Hampton,5,Highly recommend this product.,2023-08-13,True,POSITIVE,0,SOURCE_G_REVIEWS,reviews_2023.csv,2023-08-13T02:16:59.485461655,BATCH-G-20230813
REV-00003837,SKU-9948998,user_5239,Cassidy Hill,4,"Perfect gift, they loved it!",2023-01-02,False,POSITIVE,3,SOURCE_G_REVIEWS,reviews_2023.csv,2023-01-02T03:00:15.637565794,BATCH-G-20230102
REV-00003840,SKU-0002804,user_9029323,Kristen,5,"Perfect gift, they loved it!",2023-03-14,True,POSITIVE,0,SOURCE_G_REVIEWS,reviews_2023.csv,2023-03-14T16:00:26.919902962,BATCH-G-20230314
REV-00003841,SKU-0018649,user_9016320,Luke Franco,5,"   Perfect  gift,  they  loved  it!   ",2023-02-18,True,POSITIVE,4,SOURCE_G_REVIEWS,reviews_2023.csv,2023-02-18T18:06:43.507991027,BATCH-G-20230218
REV-00003854,SKU-0019350,user_9015609,Mary,1,Wrong item was shipped to me.,2023-03-01,True,NEGATIVE,4,SOURCE_G_REVIEWS,reviews_2023.csv,2023-03-01T05:01:19.101659489,BATCH-G-20230301
REV-00003855,SKU-0017346,user_9005018,Javier Young,6,"Perfect gift, they loved it!",2023-11-08,True,POSITIVE,8,SOURCE_G_REVIEWS,reviews_2023.csv,2023-11-08T18:03:20.451027906,BATCH-G-20231108
REV-00003856,SKU-0018690,,Anonymous,5,Exceeded my expectations.,2023-11-26,True,POSITIVE,5,SOURCE_G_REVIEWS,reviews_2023.csv,2023-11-26T01:58:12.098074700,BATCH-G-20231126
REV-00003857,SKU-0002636,,Anonymous,5,Will definitely buy again. 😀,2023-12-01,True,POSITIVE,9,SOURCE_G_REVIEWS,reviews_2023.csv,2023-12-01T04:53:13.093106543,BATCH-G-20231201
REV-00003865,SKU-0013130,user_29227,Brian,3,"Not bad, not great either.",2023-04-22,True,NEUTRAL,1,SOURCE_G_REVIEWS,reviews_2023.csv,2023-04-22T00:39:52.540308599,BATCH-G-20230422
REV-00003869,SKU-0018666,,Anonymous,5,Better than I expected for the price.,2023-08-15,False,POSITIVE,3,SOURCE_G_REVIEWS,reviews_2023.csv,2023-08-15T04:28:48.815560408,BATCH-G-20230815
REV-00003882,SKU-0010446,,Anonymous,1,Not as described at all. 😍,2023-08-04,True,NEGATIVE,1,SOURCE_G_REVIEWS,reviews_2023.csv,2023-08-04T22:43:34.755598177,BATCH-G-20230804
REV-00003896,SKU-0001707,user_23560,Antonio Alvarez,3,"Muy buen producto, lo recomiendo. Decent but overpriced a bit.",2023-09-06,True,NEUTRAL,0,SOURCE_G_REVIEWS,reviews_2023.csv,2023-09-06T09:47:34.583490769,BATCH-G-20230906
REV-00003917,SKU-0016433,user_7869,Lynn Hughes,4,"Perfect gift, they loved it!",2023-12-01,False,POSITIVE,0,SOURCE_G_REVIEWS,reviews_2023.csv,2023-12-01T15:25:42.042849937,BATCH-G-20231201
REV-00003921,SKU-0008912,,Anonymous,5,"Absolutely love it, works perfectly!",2023-08-04,True,POSITIVE,5,SOURCE_G_REVIEWS,reviews_2023.csv,2023-08-04T16:05:11.840412341,BATCH-G-20230804
REV-00003924,SKU-0016937,user_9017513,Patricia,1,"Poor packaging, item was defective.",2023-02-14,True,NEGATIVE,9,SOURCE_G_REVIEWS,reviews_2023.csv,2023-02-14T20:38:51.647574560,BATCH-G-20230214
REV-00003925,SKU-0019061,user_67322,John Ramos,4,Exceeded my expectations.,2023-10-21,False,POSITIVE,0,SOURCE_G_REVIEWS,reviews_2023.csv,2023-10-22T02:31:21.252491153,BATCH-G-20231021
REV-00003926,SKU-0015492,user_9018543,Katherine,5,Will definitely buy again.,2023-12-12,True,POSITIVE,2,SOURCE_G_REVIEWS,reviews_2023.csv,2023-12-12T15:02:59.897142557,BATCH-G-20231212
REV-00003932,SKU-0011817,user_16792,Lydia,3,"Average quality, nothing special.",2023-06-08,True,NEUTRAL,1,SOURCE_G_REVIEWS,reviews_2023.csv,2023-06-08T19:17:00.869228172,BATCH-G-20230608
REV-00003939,SKU-0019493,user_9030592,Desiree,5,Will definitely buy again.,2023-03-25,False,POSITIVE,1,SOURCE_G_REVIEWS,reviews_2023.csv,2023-03-25T13:00:41.212781873,BATCH-G-20230325
REV-00003966,SKU-0004030,user_41780,Dennis Robinson,5,Exceeded my expectations.,2023-12-19,True,POSITIVE,31,SOURCE_G_REVIEWS,reviews_2023.csv,2023-12-19T10:39:48.624615452,BATCH-G-20231219
REV-00003983,SKU-0001087,user_9004329,Jamie Cantrell,5,Great value for money.,2023-11-23,True,POSITIVE,1,SOURCE_G_REVIEWS,reviews_2023.csv,2023-11-23T09:31:27.397157807,BATCH-G-20231123
REV-00003985,SKU-0017921,user_5231,John Miller,5,"Average quality, nothing special. 😀",2023-01-05,True,NEUTRAL,3,SOURCE_G_REVIEWS,reviews_2023.csv,2023-01-05T12:13:58.451287981,BATCH-G-20230105
REV-00003992,SKU-0020036,user_63122,Elizabeth Lynn DVM,5,   Excellent  rapport  qualité-prix.   ,2023-09-04,True,POSITIVE,2,SOURCE_G_REVIEWS,reviews_2023.csv,2023-09-04T09:01:58.229282171,BATCH-G-20230904
REV-00003996,SKU-0017590,user_9009514,Tina Kim,1,Arrived damaged and support was unhelpful.,2023-12-19,True,NEGATIVE,4,SOURCE_G_REVIEWS,reviews_2023.csv,2023-12-20T04:47:47.880922906,BATCH-G-20231219
REV-00004004,SKU-0011239,user_9001408,Emily,5,गुणवत्ता ठीक नहीं थी।,2023-08-23,True,POSITIVE,2,SOURCE_G_REVIEWS,reviews_2023.csv,2023-08-23T02:10:29.238582799,BATCH-G-20230823
REV-00004007,SKU-9949946,user_9023057,Brandy Murphy,5,"Absolutely love it, works perfectly!",2023-04-02,False,POSITIVE,0,SOURCE_G_REVIEWS,reviews_2023.csv,2023-04-03T04:37:50.289429996,BATCH-G-20230402
REV-00004015,SKU-0014513,,Anonymous,5,"Perfect gift, they loved it!",2023-06-23,False,POSITIVE,1,SOURCE_G_REVIEWS,reviews_2023.csv,2023-06-23T15:47:45.242799592,BATCH-G-20230623
REV-00004023,SKU-0019691,,Anonymous,5,"Perfect gift, they loved it!",2023-03-29,True,POSITIVE,3,SOURCE_G_REVIEWS,reviews_2023.csv,2023-03-30T05:18:53.474030688,BATCH-G-20230329
REV-00004029,SKU-0002001,user_9031567,Zachary,4,   Exceeded  my  expectations.   ,2023-02-07,False,POSITIVE,5,SOURCE_G_REVIEWS,reviews_2023.csv,2023-02-07T14:14:20.662721320,BATCH-G-20230207
REV-00004034,SKU-0005121,user_52650,Maria Hernandez,3,"   <b>Update:</b>Not  bad,  not  great  either.<b>Update:</b>   ",2023-03-03,True,NEUTRAL,0,SOURCE_G_REVIEWS,reviews_2023.csv,2023-03-03T05:18:40.964603135,BATCH-G-20230303
REV-00004055,SKU-0016404,user_30312,Jonathan Craig,2,Arrived damaged and support was unhelpful.,2023-04-17,True,NEGATIVE,0,SOURCE_G_REVIEWS,reviews_2023.csv,2023-04-18T01:22:15.321292996,BATCH-G-20230417
REV-00004074,SKU-9908747,user_9026164,Vanessa,5,Better than I expected for the price.,2023-06-04,True,POSITIVE,4,SOURCE_G_REVIEWS,reviews_2023.csv,2023-06-04T04:48:08.082293239,BATCH-G-20230604
REV-00004075,SKU-0013551,user_9031007,James Graves,5,"Muy buen producto, lo recomiendo.",2023-08-10,True,POSITIVE,11,SOURCE_G_REVIEWS,reviews_2023.csv,2023-08-11T04:49:58.984639129,BATCH-G-20230810
REV-00004078,SKU-9971758,user_9001574,James Wade,2,Not as described at all.,2023-03-25,False,NEGATIVE,1,SOURCE_G_REVIEWS,reviews_2023.csv,2023-03-26T04:06:40.902483758,BATCH-G-20230325
REV-00004093,SKU-0000637,user_9007978,Mark,4,No cumplió mis expectativas.,2023-02-01,False,POSITIVE,2,SOURCE_G_REVIEWS,reviews_2023.csv,2023-02-02T05:50:01.158390707,BATCH-G-20230201
REV-00004106,SKU-0000509,user_9028243,Jared Smith,2,Stopped working after a week. 💯,2023-04-11,False,NEGATIVE,1,SOURCE_G_REVIEWS,reviews_2023.csv,2023-04-11T21:04:09.271224423,BATCH-G-20230411
REV-00004114,SKU-0009655,user_9002571,Cynthia Patrick,5,Better than I expected for the price.,2023-10-14,False,POSITIVE,0,SOURCE_G_REVIEWS,reviews_2023.csv,2023-10-14T00:37:15.126232524,BATCH-G-20231014
REV-00004118,SKU-0015058,user_48465,Krista,5,"Solid build quality, no complaints.",2023-05-27,True,POSITIVE,0,SOURCE_G_REVIEWS,reviews_2023.csv,2023-05-27T14:37:48.359595331,BATCH-G-20230527
REV-00004125,SKU-0018896,user_55267,Robert Gonzalez MD,4,Highly recommend this product.,2023-03-09,False,POSITIVE,3,SOURCE_G_REVIEWS,reviews_2023.csv,2023-03-09T22:35:27.991883736,BATCH-G-20230309
REV-00004127,SKU-0001283,user_62736,Emily,5,Great value for money.,2023-04-07,False,POSITIVE,2,SOURCE_G_REVIEWS,reviews_2023.csv,2023-04-07T09:01:55.845428251,BATCH-G-20230407
REV-00004132,SKU-0012157,user_66202,Samantha,3,"It's okay, does the job.",2023-01-31,True,NEUTRAL,0,SOURCE_G_REVIEWS,reviews_2023.csv,2023-01-31T02:58:27.478748770,BATCH-G-20230131
REV-00004135,SKU-0014184,user_9020123,Diane Frazier,3,"&nbsp;Average quality, nothing special.<p>",2023-03-16,False,NEUTRAL,0,SOURCE_G_REVIEWS,reviews_2023.csv,2023-03-16T21:38:04.952999325,BATCH-G-20230316
REV-00004140,SKU-0001600,user_22092,Nicholas,4,"Exactly as described, very happy.",2023-01-06,False,POSITIVE,5,SOURCE_G_REVIEWS,reviews_2023.csv,2023-01-07T02:42:25.940078334,BATCH-G-20230106
REV-00004145,SKU-0005324,user_9016908,Anthony,4,Better than I expected for the price.,2023-05-02,True,POSITIVE,0,SOURCE_G_REVIEWS,reviews_2023.csv,2023-05-02T21:00:42.850040499,BATCH-G-20230502
REV-00004147,SKU-0009658,,Anonymous,5,"Solid build quality, no complaints.",2023-03-01,True,POSITIVE,6,SOURCE_G_REVIEWS,reviews_2023.csv,2023-03-01T23:21:49.221394903,BATCH-G-20230301
REV-00004153,SKU-0017630,user_9025283,Michael,4,Great value for money.,2023-08-28,False,POSITIVE,1,SOURCE_G_REVIEWS,reviews_2023.csv,2023-08-28T23:42:57.832348925,BATCH-G-20230828
REV-00004155,SKU-0000982,user_9025704,Paul Hurley,5,"Absolutely love it, works perfectly!",2023-07-30,True,POSITIVE,1,SOURCE_G_REVIEWS,reviews_2023.csv,2023-07-30T21:13:00.127482897,BATCH-G-20230730
REV-00004158,SKU-0019058,user_22093,Erin,5,"Solid build quality, no complaints.",2023-11-18,False,POSITIVE,7,SOURCE_G_REVIEWS,reviews_2023.csv,2023-11-18T13:45:35.487773755,BATCH-G-20231118
REV-00004163,SKU-0014054,user_9033827,Matthew,?,Great value for money.,2023-11-27,False,POSITIVE,1,SOURCE_G_REVIEWS,reviews_2023.csv,2023-11-27T21:21:37.240427406,BATCH-G-20231127
REV-00004168,SKU-9968997,user_9013722,Stephanie Myers,3,"Not bad, not great either.",2023-12-09,False,NEUTRAL,0,SOURCE_G_REVIEWS,reviews_2023.csv,2023-12-09T02:36:20.672293215,BATCH-G-20231209
REV-00004177,SKU-0003925,user_38769,Thomas,5,Exceeded my expectations.,2023-05-30,False,POSITIVE,2,SOURCE_G_REVIEWS,reviews_2023.csv,2023-05-30T19:08:57.438204967,BATCH-G-20230530
REV-00004182,SKU-0002771,,Anonymous,1,Not as described at all.,2023-05-15,True,NEGATIVE,4,SOURCE_G_REVIEWS,reviews_2023.csv,2023-05-15T21:22:49.707056891,BATCH-G-20230515
REV-00004183,SKU-0008548,user_9021368,Janice Gordon,5,Exceeded my expectations.,2023-01-21,True,POSITIVE,0,SOURCE_G_REVIEWS,reviews_2023.csv,2023-01-22T02:49:19.570503294,BATCH-G-20230121
REV-00004189,SKU-9984663,user_9029892,Brianna Wu,2,"Livraison très lente, déçu. Stopped working after a week.",2023-10-24,False,NEGATIVE,2,SOURCE_G_REVIEWS,reviews_2023.csv,2023-10-25T02:09:00.202714920,BATCH-G-20231024
REV-00004190,SKU-0018701,user_9024846,Sydney Williams,5,Fast delivery and great quality.,2023-12-07,True,POSITIVE,0,SOURCE_G_REVIEWS,reviews_2023.csv,2023-12-07T20:26:20.673552034,BATCH-G-20231207
REV-00004200,SKU-9988044,user_9011143,Miranda Yang,4,"   Perfect  gift,  they  loved  it!   ",2023-09-11,True,POSITIVE,3,SOURCE_G_REVIEWS,reviews_2023.csv,2023-09-11T06:09:37.281527381,BATCH-G-20230911
REV-00004203,SKU-0010453,user_9004622,Kevin,5,"Exactly as described, very happy.",2023-05-27,True,POSITIVE,1,SOURCE_G_REVIEWS,reviews_2023.csv,2023-05-27T05:19:22.723179029,BATCH-G-20230527
REV-00004208,SKU-0009006,,Anonymous,3,Works fine but delivery was slow.,2023-03-23,True,NEUTRAL,0,SOURCE_G_REVIEWS,reviews_2023.csv,2023-03-23T05:19:19.634540298,BATCH-G-20230323
REV-00004216,SKU-0000880,,Anonymous,1,"Poor packaging, item was defective.",2023-01-14,True,NEGATIVE,4,SOURCE_G_REVIEWS,reviews_2023.csv,2023-01-14T14:17:21.124680734,BATCH-G-20230114
REV-00004227,SKU-0002508,user_9018730,Virginia,4,"Exactly as described, very happy.",2023-06-16,True,POSITIVE,0,SOURCE_G_REVIEWS,reviews_2023.csv,2023-06-16T14:25:07.821221421,BATCH-G-20230616
REV-00004239,SKU-0011076,user_39344,Victoria Brooks,2,Wrong item was shipped to me.,2023-01-02,False,NEGATIVE,0,SOURCE_G_REVIEWS,reviews_2023.csv,2023-01-02T08:00:10.320289624,BATCH-G-20230102
REV-00004244,SKU-0017974,user_65840,Kristen Hall,4,"<b>Update:</b>Absolutely love it, works perfectly!<br>",2023-11-02,True,POSITIVE,0,SOURCE_G_REVIEWS,reviews_2023.csv,2023-11-02T09:31:53.250134357,BATCH-G-20231102
REV-00004259,SKU-0005347,user_9006704,Joseph Mejia,4,Highly recommend this product.,2023-01-10,True,POSITIVE,4,SOURCE_G_REVIEWS,reviews_2023.csv,2023-01-10T02:46:46.898223213,BATCH-G-20230110
REV-00004263,SKU-9938791,user_9013952,Robert Park,2,Great value for money.,2023-01-24,True,POSITIVE,2,SOURCE_G_REVIEWS,reviews_2023.csv,2023-01-24T08:34:19.984971779,BATCH-G-20230124
REV-00004264,SKU-0015474,user_51893,Brooke,4,<br>Great value for money.</p>,2023-02-09,True,POSITIVE,2,SOURCE_G_REVIEWS,reviews_2023.csv,2023-02-09T02:22:02.966632855,BATCH-G-20230209
REV-00004265,SKU-0014713,,Anonymous,4,Fast delivery and great quality.,2023-09-27,False,POSITIVE,10,SOURCE_G_REVIEWS,reviews_2023.csv,2023-09-28T04:39:40.164468585,BATCH-G-20230927
REV-00004266,SKU-0018925,user_9018826,Michael Craig,unknown,Works fine but delivery was slow.,2023-08-14,False,NEUTRAL,4,SOURCE_G_REVIEWS,reviews_2023.csv,2023-08-15T03:43:36.048043665,BATCH-G-20230814
REV-00004269,SKU-0007941,user_9019068,Brittany Hayes,2,"Matches the description, no issues.",2023-07-17,True,NEUTRAL,3,SOURCE_G_REVIEWS,reviews_2023.csv,2023-07-17T06:46:59.068723818,BATCH-G-20230717
REV-00004272,SKU-0001882,user_9029176,William Montoya,2,Stopped working after a week.,2023-02-25,False,NEGATIVE,3,SOURCE_G_REVIEWS,reviews_2023.csv,2023-02-25T19:59:20.335635024,BATCH-G-20230225
REV-00004279,SKU-0005371,user_9000091,John Gomez,4,Great value for money. 😀,2023-04-09,False,POSITIVE,0,SOURCE_G_REVIEWS,reviews_2023.csv,2023-04-10T02:48:46.892658256,BATCH-G-20230409
REV-00004294,SKU-0002883,user_9027478,David Castillo,4,"Exactly as described, very happy.",2023-11-15,True,POSITIVE,1,SOURCE_G_REVIEWS,reviews_2023.csv,2023-11-15T10:02:16.557399271,BATCH-G-20231115
REV-00004297,SKU-0009119,user_9031300,Tyler Harmon,4,Highly recommend this product.,2023-11-12,False,POSITIVE,0,SOURCE_G_REVIEWS,reviews_2023.csv,2023-11-12T15:39:55.849677444,BATCH-G-20231112
REV-00004303,SKU-0018788,user_9032609,Sue Palmer,5,"Perfect gift, they loved it!",2023-04-30,True,POSITIVE,1,SOURCE_G_REVIEWS,reviews_2023.csv,2023-04-30T23:45:58.206046062,BATCH-G-20230430
REV-00004304,SKU-0006432,user_16894,Joe,5,Great value for money.,2023-11-05,True,POSITIVE,8,SOURCE_G_REVIEWS,reviews_2023.csv,2023-11-06T04:48:39.566923036,BATCH-G-20231105
REV-00004306,SKU-0010678,user_30399,Brittany Calderon,4,<p>No cumplió mis expectativas.<b>Update:</b>,2023-07-31,True,POSITIVE,6,SOURCE_G_REVIEWS,reviews_2023.csv,2023-07-31T05:54:26.232481,BATCH-G-20230731
REV-00004317,SKU-9984858,user_32340,Katherine,1,Not as described at all.,2023-11-24,True,NEGATIVE,2,SOURCE_G_REVIEWS,reviews_2023.csv,2023-11-24T09:50:52.615272891,BATCH-G-20231124
REV-00004322,SKU-0003708,user_9009438,Dylan House,3,"Average quality, nothing special.",2023-01-24,True,NEUTRAL,12,SOURCE_G_REVIEWS,reviews_2023.csv,2023-01-24T22:42:24.840283012,BATCH-G-20230124
REV-00004325,SKU-0012554,user_9005452,Jessica Garcia,5,Highly recommend this product.,2023-09-13,True,POSITIVE,5,SOURCE_G_REVIEWS,reviews_2023.csv,2023-09-13T15:19:39.139669955,BATCH-G-20230913
REV-00004331,SKU-9972028,user_9029787,Nicole Morris,3,Decent but overpriced a bit.,2023-03-14,True,NEUTRAL,3,SOURCE_G_REVIEWS,reviews_2023.csv,2023-03-15T01:05:43.141999447,BATCH-G-20230314
REV-00004338,SKU-0001527,user_14865,Kristine,4,"Solid build quality, no complaints.",2023-04-26,True,POSITIVE,1,SOURCE_G_REVIEWS,reviews_2023.csv,2023-04-26T10:03:13.424029769,BATCH-G-20230426
REV-00004341,SKU-0011837,user_43677,Michael Reid,4,"Muy buen producto, lo recomiendo. 🔥⭐",2023-09-16,True,POSITIVE,2,SOURCE_G_REVIEWS,reviews_2023.csv,2023-09-17T01:00:00.219537470,BATCH-G-20230916
REV-00004362,SKU-0017553,,Anonymous,5,Highly recommend this product. 👍,2023-08-20,False,POSITIVE,3,SOURCE_G_REVIEWS,reviews_2023.csv,2023-08-20T01:37:02.876579802,BATCH-G-20230820
REV-00004363,SKU-0011509,user_67466,Charlene Hernandez,2,Very disappointed with the quality.,2023-09-08,True,NEGATIVE,4,SOURCE_G_REVIEWS,reviews_2023.csv,2023-09-09T00:39:18.671415760,BATCH-G-20230908
REV-00004368,SKU-9962668,user_9026200,Kathryn Rivera,5,"Absolutely love it, works perfectly!",2023-08-24,True,POSITIVE,1,SOURCE_G_REVIEWS,reviews_2023.csv,2023-08-25T01:15:19.535333130,BATCH-G-20230824
REV-00004374,SKU-0010922,user_38750,Jennifer Doyle,5,"Exactly as described, very happy.",2023-05-16,True,POSITIVE,5,SOURCE_G_REVIEWS,reviews_2023.csv,2023-05-16T04:51:42.412774610,BATCH-G-20230516
REV-00004380,SKU-0009001,user_9030304,Crystal Jones,2,Wrong item was shipped to me.,2023-05-31,True,NEGATIVE,1,SOURCE_G_REVIEWS,reviews_2023.csv,2023-05-31T01:39:01.808668654,BATCH-G-20230531
REV-00004389,SKU-0019341,user_9017522,Daniel Roberts,3,Works fine but delivery was slow.,2023-02-20,False,NEUTRAL,2,SOURCE_G_REVIEWS,reviews_2023.csv,2023-02-20T15:17:23.684322955,BATCH-G-20230220
REV-00004396,SKU-0014440,user_9017443,Ryan Johnson,5,   Exceeded  my  expectations.   ,2023-07-17,False,POSITIVE,0,SOURCE_G_REVIEWS,reviews_2023.csv,2023-07-17T04:02:04.548263419,BATCH-G-20230717
REV-00004401,SKU-0014247,,Anonymous,3,"Average quality, nothing special.",2023-01-23,False,NEUTRAL,0,SOURCE_G_REVIEWS,reviews_2023.csv,2023-01-23T20:13:57.688548651,BATCH-G-20230123
REV-00004425,SKU-0011954,user_64384,Shannon Hall,3,"Livraison très lente, déçu.",2023-11-19,True,NEUTRAL,19,SOURCE_G_REVIEWS,reviews_2023.csv,2023-11-20T03:19:13.887073318,BATCH-G-20231119
REV-00004428,SKU-0012559,user_60719,Michael Fitzpatrick,5,Exceeded my expectations.,2023-11-18,True,POSITIVE,1,SOURCE_G_REVIEWS,reviews_2023.csv,2023-11-18T22:30:17.653370164,BATCH-G-20231118
REV-00004431,SKU-0010319,user_9022432,Allison Humphrey,1,Stopped working after a week.,2023-07-09,False,NEGATIVE,5,SOURCE_G_REVIEWS,reviews_2023.csv,2023-07-09T14:11:14.124150339,BATCH-G-20230709
REV-00004453,SKU-0009103,user_35016,Christopher Jones,3,Decent but overpriced a bit.,2023-11-27,True,NEUTRAL,4,SOURCE_G_REVIEWS,reviews_2023.csv,2023-11-27T06:15:53.255370523,BATCH-G-20231127
REV-00004454,SKU-0010843,user_15492,Natasha Villarreal,5,"Solid build quality, no complaints.",2023-06-22,True,POSITIVE,3,SOURCE_G_REVIEWS,reviews_2023.csv,2023-06-22T17:08:36.414392864,BATCH-G-20230622
REV-00004457,SKU-0016087,user_37048,Thomas Morrison,4,Exceeded my expectations.,2023-04-09,False,POSITIVE,2,SOURCE_G_REVIEWS,reviews_2023.csv,2023-04-09T10:30:00.632501120,BATCH-G-20230409
REV-00004463,SKU-0000613,user_14825,Sue Rios,4,"Solid build quality, no complaints. 👍",2023-07-23,True,POSITIVE,5,SOURCE_G_REVIEWS,reviews_2023.csv,2023-07-23T07:12:09.138625100,BATCH-G-20230723
REV-00004464,SKU-0008315,,Anonymous,5,   Decent  but  overpriced  a  bit.   ,2023-08-08,True,NEUTRAL,1,SOURCE_G_REVIEWS,reviews_2023.csv,2023-08-08T18:15:09.520939963,BATCH-G-20230808
REV-00004469,SKU-0011167,user_9018847,Stacey,,Exceeded my expectations.,2023-02-08,False,POSITIVE,1,SOURCE_G_REVIEWS,reviews_2023.csv,2023-02-08T16:23:22.756163292,BATCH-G-20230208
REV-00004477,SKU-0010758,user_46904,Samuel Smith,2,Stopped working after a week.,2023-11-11,True,NEGATIVE,2,SOURCE_G_REVIEWS,reviews_2023.csv,2023-11-12T02:00:12.519611208,BATCH-G-20231111
REV-00004478,SKU-0005107,user_28294,Casey,4,Will definitely buy again.,2023-11-22,False,POSITIVE,3,SOURCE_G_REVIEWS,reviews_2023.csv,2023-11-22T23:15:04.696309468,BATCH-G-20231122
REV-00004483,SKU-0015191,user_11107,Cheryl Villanueva,4,"Solid build quality, no complaints.",2023-12-30,True,POSITIVE,2,SOURCE_G_REVIEWS,reviews_2023.csv,2023-12-30T01:19:39.977011765,BATCH-G-20231230
REV-00004497,SKU-0010316,user_31691,John Craig,5,"Perfect gift, they loved it!",2023-12-10,False,POSITIVE,1,SOURCE_G_REVIEWS,reviews_2023.csv,2023-12-10T15:26:51.206209704,BATCH-G-20231210
REV-00004498,SKU-0002091,user_16648,Pamela,6,   Exceeded  my  expectations.   ,2023-09-04,False,POSITIVE,7,SOURCE_G_REVIEWS,reviews_2023.csv,2023-09-05T02:24:38.791956106,BATCH-G-20230904
REV-00004513,SKU-0015717,,Anonymous,5,Highly recommend this product.,2023-10-14,False,POSITIVE,0,SOURCE_G_REVIEWS,reviews_2023.csv,2023-10-14T12:11:40.356791324,BATCH-G-20231014
REV-00004567,SKU-0000838,user_9004296,Patrick Foley,5,Highly recommend this product.,2023-10-06,False,POSITIVE,1,SOURCE_G_REVIEWS,reviews_2023.csv,2023-10-06T04:51:46.984576354,BATCH-G-20231006
REV-00004582,SKU-0001405,user_8138,Michelle Gomez,4,"Perfect gift, they loved it!",2023-03-22,True,POSITIVE,6,SOURCE_G_REVIEWS,reviews_2023.csv,2023-03-23T01:14:46.662909458,BATCH-G-20230322
REV-00004586,SKU-0001764,user_51114,Deanna Andrews,-1,Will definitely buy again.,2023-06-18,True,POSITIVE,3,SOURCE_G_REVIEWS,reviews_2023.csv,2023-06-18T21:45:47.047961815,BATCH-G-20230618
REV-00004595,SKU-0014553,user_25210,Danielle Jones,5,"Solid build quality, no complaints. 👍😍",2023-11-14,False,POSITIVE,1,SOURCE_G_REVIEWS,reviews_2023.csv,2023-11-14T23:25:23.600263236,BATCH-G-20231114
REV-00004611,SKU-0016160,user_28486,Bryan Parsons,4,Fast delivery and great quality.,2023-05-01,False,POSITIVE,0,SOURCE_G_REVIEWS,reviews_2023.csv,2023-05-01T19:09:34.134610669,BATCH-G-20230501
REV-00004614,SKU-0015938,user_9031239,Sarah,4,Exceeded my expectations.,2023-12-17,True,POSITIVE,2,SOURCE_G_REVIEWS,reviews_2023.csv,2023-12-17T09:20:40.528691255,BATCH-G-20231217
REV-00004622,SKU-0013146,user_9007165,Richard,5,"Perfect gift, they loved it!",2023-12-14,False,POSITIVE,3,SOURCE_G_REVIEWS,reviews_2023.csv,2023-12-15T03:57:43.242396263,BATCH-G-20231214
REV-00004623,SKU-0011994,user_9009108,Edward Jordan,5,<i>edited</i>Exceeded my expectations.<p>,2023-11-23,True,POSITIVE,17,SOURCE_G_REVIEWS,reviews_2023.csv,2023-11-23T20:33:03.727556130,BATCH-G-20231123
REV-00004645,SKU-0008665,,Anonymous,5,"Waste of money, do not buy.",2023-08-18,True,NEGATIVE,0,SOURCE_G_REVIEWS,reviews_2023.csv,2023-08-18T20:58:44.276548755,BATCH-G-20230818
REV-00004654,SKU-0012483,,Anonymous,3,   Works  fine  but  delivery  was  slow.   ,2023-07-08,True,NEUTRAL,3,SOURCE_G_REVIEWS,reviews_2023.csv,2023-07-08T03:36:55.679842819,BATCH-G-20230708
REV-00004662,SKU-0014371,user_24496,Kristen Perez,5,"Exactly as described, very happy.",2023-06-19,False,POSITIVE,7,SOURCE_G_REVIEWS,reviews_2023.csv,2023-06-19T17:30:24.968583994,BATCH-G-20230619
REV-00004664,SKU-0000325,user_25822,Tanya Harris,5,"Exactly as described, very happy.",2023-07-05,False,POSITIVE,0,SOURCE_G_REVIEWS,reviews_2023.csv,2023-07-05T06:38:35.475459234,BATCH-G-20230705
REV-00004666,SKU-0020017,user_34200,Shelly Rangel,4,"Absolutely love it, works perfectly!",2023-01-18,True,POSITIVE,1,SOURCE_G_REVIEWS,reviews_2023.csv,2023-01-18T06:52:22.036777973,BATCH-G-20230118
REV-00004671,SKU-0003917,user_47253,Daniel Barry,5,Better than I expected for the price.,2023-04-11,False,POSITIVE,2,SOURCE_G_REVIEWS,reviews_2023.csv,2023-04-11T04:20:09.593984033,BATCH-G-20230411
REV-00004688,SKU-0000254,,Anonymous,3,"Not bad, not great either. 😢",2023-07-26,False,NEUTRAL,8,SOURCE_G_REVIEWS,reviews_2023.csv,2023-07-27T00:56:29.988148932,BATCH-G-20230726
REV-00004695,SKU-0016473,user_35004,Evelyn Lopez,5,"Solid build quality, no complaints.",2023-10-10,True,POSITIVE,0,SOURCE_G_REVIEWS,reviews_2023.csv,2023-10-10T15:00:32.813182762,BATCH-G-20231010
REV-00004702,SKU-0017811,user_9004792,Christopher Martinez,5,Will definitely buy again.,2023-08-20,False,POSITIVE,1,SOURCE_G_REVIEWS,reviews_2023.csv,2023-08-20T10:07:42.680309090,BATCH-G-20230820
REV-00004705,SKU-0016038,user_27215,Helen Frazier,5,Better than I expected for the price.,2023-11-02,True,POSITIVE,2,SOURCE_G_REVIEWS,reviews_2023.csv,2023-11-02T20:20:01.689645502,BATCH-G-20231102
REV-00004707,SKU-9952181,user_9009209,Mr. Ray Stewart,5,"Perfect gift, they loved it! 😐",2023-08-03,True,POSITIVE,0,SOURCE_G_REVIEWS,reviews_2023.csv,2023-08-03T23:33:37.491073191,BATCH-G-20230803
REV-00004712,SKU-0018065,user_9024920,Taylor Murphy,5,Exceeded my expectations.,2023-01-13,True,POSITIVE,3,SOURCE_G_REVIEWS,reviews_2023.csv,2023-01-13T22:47:43.778631720,BATCH-G-20230113
REV-00004718,SKU-0018076,user_9024913,Michelle,4,Fast delivery and great quality.,2023-09-19,True,POSITIVE,1,SOURCE_G_REVIEWS,reviews_2023.csv,2023-09-20T02:32:28.436320198,BATCH-G-20230919
REV-00004724,SKU-0015728,,Anonymous,4,"Perfect gift, they loved it!",2023-05-19,True,POSITIVE,6,SOURCE_G_REVIEWS,reviews_2023.csv,2023-05-19T07:51:39.234265593,BATCH-G-20230519
REV-00004726,SKU-0007362,user_9019752,Isaac Carroll,5,Fast delivery and great quality.,2023-09-19,True,POSITIVE,0,SOURCE_G_REVIEWS,reviews_2023.csv,2023-09-19T11:09:04.424503020,BATCH-G-20230919
REV-00004728,SKU-0000596,user_34713,Nathan Curtis,5,Great value for money.,2023-10-20,True,POSITIVE,3,SOURCE_G_REVIEWS,reviews_2023.csv,2023-10-19T09:00:00,BATCH-G-20231020
REV-00004732,SKU-0012223,,Anonymous,4,Exceeded my expectations.,2023-08-06,False,POSITIVE,0,SOURCE_G_REVIEWS,reviews_2023.csv,2023-08-06T16:09:49.851697545,BATCH-G-20230806
REV-00004738,SKU-0012033,user_60865,Vicki,1,Not as described at all.,2023-01-22,True,NEGATIVE,3,SOURCE_G_REVIEWS,reviews_2023.csv,2023-01-22T14:54:21.504103649,BATCH-G-20230122
REV-00004741,SKU-0017490,user_64713,Gary Norris,3,"Not bad, not great either.",2023-11-10,True,NEUTRAL,1,SOURCE_G_REVIEWS,reviews_2023.csv,2023-11-10T21:34:22.214037932,BATCH-G-20231110
REV-00004743,SKU-0009773,user_9016955,Zachary Sanchez,4,Better than I expected for the price.,2023-03-07,True,POSITIVE,3,SOURCE_G_REVIEWS,reviews_2023.csv,2023-03-08T02:29:35.813269947,BATCH-G-20230307
REV-00004744,SKU-0018461,user_9001177,Elizabeth Grant,4,"Exactly as described, very happy.",2023-04-27,True,POSITIVE,4,SOURCE_G_REVIEWS,reviews_2023.csv,2023-04-27T16:50:27.258554422,BATCH-G-20230427
REV-00004746,SKU-0000334,user_27358,Michelle,4,Highly recommend this product.,2023-02-04,True,POSITIVE,0,SOURCE_G_REVIEWS,reviews_2023.csv,2023-02-05T05:23:58.859320718,BATCH-G-20230204
REV-00004751,SKU-0002221,user_57030,Joyce,5,Arrived damaged and support was unhelpful.,2023-04-03,False,NEGATIVE,2,SOURCE_G_REVIEWS,reviews_2023.csv,2023-04-03T17:27:14.835077154,BATCH-G-20230403
REV-00004755,SKU-0015875,user_37748,Angela Shields,4,Will definitely buy again.,2023-10-04,True,POSITIVE,1,SOURCE_G_REVIEWS,reviews_2023.csv,2023-10-04T16:46:43.840629140,BATCH-G-20231004
REV-00004766,SKU-0015298,user_9021028,David Norman,4,Better than I expected for the price.,2023-01-08,False,POSITIVE,12,SOURCE_G_REVIEWS,reviews_2023.csv,2023-01-08T16:57:13.241796704,BATCH-G-20230108
REV-00004773,SKU-0016428,,Anonymous,2,Arrived damaged and support was unhelpful.,2023-02-22,True,NEGATIVE,5,SOURCE_G_REVIEWS,reviews_2023.csv,2023-02-22T14:37:11.442005159,BATCH-G-20230222
REV-00004779,SKU-0018311,user_63734,Jean,3,Works fine but delivery was slow.,2023-10-23,True,NEUTRAL,3,SOURCE_G_REVIEWS,reviews_2023.csv,2023-10-24T01:39:55.587758552,BATCH-G-20231023
REV-00004781,SKU-0011359,,Anonymous,Unknown,Will definitely buy again.,2023-08-16,True,POSITIVE,1,SOURCE_G_REVIEWS,reviews_2023.csv,2023-08-16T08:17:58.023225017,BATCH-G-20230816
REV-00004783,SKU-0006647,,Anonymous,4,"Perfect gift, they loved it!",2023-12-13,True,POSITIVE,3,SOURCE_G_REVIEWS,reviews_2023.csv,2023-12-13T02:42:31.113952645,BATCH-G-20231213
REV-00004797,SKU-0013817,,Anonymous,1,Not as described at all.,2023-01-18,True,NEGATIVE,3,SOURCE_G_REVIEWS,reviews_2023.csv,2023-01-18T17:40:34.049282475,BATCH-G-20230118
REV-00004799,SKU-9993198,,Anonymous,4,"Solid build quality, no complaints.",2023-09-08,True,POSITIVE,0,SOURCE_G_REVIEWS,reviews_2023.csv,2023-09-09T00:40:29.676304644,BATCH-G-20230908
REV-00004800,SKU-0007511,,Anonymous,3,"It's okay, does the job.",2023-12-09,True,NEUTRAL,1,SOURCE_G_REVIEWS,reviews_2023.csv,2023-12-09T04:25:55.414006939,BATCH-G-20231209
REV-00004801,SKU-0000404,user_9002334,Roger Hood,1,Arrived damaged and support was unhelpful.,2023-11-11,False,NEGATIVE,1,SOURCE_G_REVIEWS,reviews_2023.csv,2023-11-11T02:41:54.424060560,BATCH-G-20231111
REV-00004839,SKU-0006158,user_6118,James Richardson,1,Very disappointed with the quality.,2023-10-29,True,NEGATIVE,4,SOURCE_G_REVIEWS,reviews_2023.csv,2023-10-29T14:04:09.946637616,BATCH-G-20231029
REV-00004840,SKU-0008455,user_53860,Bradley Gray,3,"It's okay, does the job.",2023-12-24,True,NEUTRAL,2,SOURCE_G_REVIEWS,reviews_2023.csv,2023-12-24T04:45:21.995770147,BATCH-G-20231224
REV-00004842,SKU-0017773,user_9033830,Sherri,5,"Absolutely love it, works perfectly!",2023-09-28,True,POSITIVE,1,SOURCE_G_REVIEWS,reviews_2023.csv,2023-09-28T14:48:00.760298910,BATCH-G-20230928
REV-00004852,SKU-0017861,user_69875,Ryan Henderson,4,Fast delivery and great quality.,2023-02-13,True,POSITIVE,2,SOURCE_G_REVIEWS,reviews_2023.csv,2023-02-13T19:06:40.139984013,BATCH-G-20230213
REV-00004853,SKU-0004375,,Anonymous,5,Better than I expected for the price.,2023-02-06,True,POSITIVE,5,SOURCE_G_REVIEWS,reviews_2023.csv,2023-02-06T17:19:58.625086440,BATCH-G-20230206
REV-00004860,SKU-0016307,,Anonymous,4,"Absolutely love it, works perfectly!",2023-12-17,False,POSITIVE,2,SOURCE_G_REVIEWS,reviews_2023.csv,2023-12-17T14:15:20.919137,BATCH-G-20231217
REV-00004862,SKU-0015889,user_9013225,Wayne,7,Fast delivery and great quality.,2023-04-17,True,POSITIVE,10,SOURCE_G_REVIEWS,reviews_2023.csv,2023-04-17T05:14:27.713465844,BATCH-G-20230417
REV-00004867,SKU-0012201,user_49525,William Moran,3,Works fine but delivery was slow.,2023-04-20,True,NEUTRAL,1,SOURCE_G_REVIEWS,reviews_2023.csv,2023-04-20T12:20:47.385658853,BATCH-G-20230420
REV-00004870,SKU-0011824,user_9032212,Joshua Ramirez,4,Better than I expected for the price.,2023-12-11,True,POSITIVE,0,SOURCE_G_REVIEWS,reviews_2023.csv,2023-12-11T15:49:26.085452929,BATCH-G-20231211
REV-00004880,SKU-0002956,user_68530,Olivia Clayton,5,"Exactly as described, very happy.",2023-07-11,True,POSITIVE,5,SOURCE_G_REVIEWS,reviews_2023.csv,2023-07-12T01:23:02.438006915,BATCH-G-20230711
REV-00004882,SKU-0017829,user_9029501,Michael Hess,5,   Excellent  rapport  qualité-prix.  😐   ,2023-10-17,True,POSITIVE,3,SOURCE_G_REVIEWS,reviews_2023.csv,2023-10-17T14:25:29.020849314,BATCH-G-20231017
REV-00004885,SKU-0016284,user_55416,Charles,5,Exceeded my expectations.,2023-01-03,False,POSITIVE,3,SOURCE_G_REVIEWS,reviews_2023.csv,2023-01-04T00:12:43.057610167,BATCH-G-20230103
REV-00004901,SKU-0006085,,Anonymous,4,"Muy buen producto, lo recomiendo.",2023-03-14,True,POSITIVE,5,SOURCE_G_REVIEWS,reviews_2023.csv,2023-03-14T07:09:56.785222165,BATCH-G-20230314
REV-00004912,SKU-0006783,user_37422,Michelle,5,"   Perfect  gift,  they  loved  it!   ",2023-09-10,True,POSITIVE,2,SOURCE_G_REVIEWS,reviews_2023.csv,2023-09-11T05:00:14.834483108,BATCH-G-20230910
REV-00004918,SKU-0009559,user_9021310,Kelsey Scott,4,Better than I expected for the price. 😐,2023-01-21,False,POSITIVE,2,SOURCE_G_REVIEWS,reviews_2023.csv,2023-01-22T02:49:57.254482551,BATCH-G-20230121
REV-00004924,SKU-0002146,user_68580,Joseph Manning,4,"Exactly as described, very happy.",2023-07-06,True,POSITIVE,5,SOURCE_G_REVIEWS,reviews_2023.csv,2023-07-06T16:41:48.209467433,BATCH-G-20230706
REV-00004936,SKU-0003378,,Anonymous,5,Great value for money.,2023-06-22,False,POSITIVE,0,SOURCE_G_REVIEWS,reviews_2023.csv,2023-06-22T22:14:35.986192813,BATCH-G-20230622
REV-00004945,SKU-0011991,user_2104,Lori Hoffman,3,"   It's  okay,  does  the  job.   ",2023-02-11,True,NEUTRAL,2,SOURCE_G_REVIEWS,reviews_2023.csv,2023-02-11T08:45:43.962236621,BATCH-G-20230211
REV-00004949,SKU-0004946,user_9031518,Leslie Mcdonald,NULL,   Better  than  I  expected  for  the  price.  ⭐   ,2023-09-05,True,POSITIVE,0,SOURCE_G_REVIEWS,reviews_2023.csv,2023-09-17T13:00:00,BATCH-G-20230905
REV-00004950,SKU-0011588,user_56113,Autumn,3,"Matches the description, no issues. 😢",2023-09-06,False,NEUTRAL,1,SOURCE_G_REVIEWS,reviews_2023.csv,2023-09-06T11:05:17.795245920,BATCH-G-20230906
REV-00004952,SKU-0008523,,Anonymous,4,"Perfect gift, they loved it! 😢",2023-12-05,True,POSITIVE,1,SOURCE_G_REVIEWS,reviews_2023.csv,2023-12-05T20:37:55.191040108,BATCH-G-20231205
REV-00004956,SKU-0011287,,Anonymous,3,   Decent  but  overpriced  a  bit.   ,2023-12-13,True,NEUTRAL,1,SOURCE_G_REVIEWS,reviews_2023.csv,2023-12-13T00:46:24.458894644,BATCH-G-20231213
REV-00004964,SKU-0001918,user_34307,Lindsay,5,"Perfect gift, they loved it!",2023-04-30,True,POSITIVE,6,SOURCE_G_REVIEWS,reviews_2023.csv,2023-04-30T07:30:40.750563687,BATCH-G-20230430
REV-00004968,SKU-0008262,,Anonymous,,"Livraison très lente, déçu. Exactly as described, very happy.",2023-05-06,False,POSITIVE,1,SOURCE_G_REVIEWS,reviews_2023.csv,2023-05-06T20:56:10.352174043,BATCH-G-20230506
REV-00004969,SKU-0011916,user_9018208,Michelle,5,"Solid build quality, no complaints.",2023-11-13,True,POSITIVE,1,SOURCE_G_REVIEWS,reviews_2023.csv,2023-11-14T00:54:21.579730068,BATCH-G-20231113
REV-00004979,SKU-0018042,user_37494,Pamela Johnson,5,"Exactly as described, very happy.",2023-03-22,True,POSITIVE,0,SOURCE_G_REVIEWS,reviews_2023.csv,2023-03-23T00:16:46.522802874,BATCH-G-20230322
REV-00004989,SKU-0018460,user_9019164,William Jones,4,Highly recommend this product.,2023-10-10,False,POSITIVE,4,SOURCE_G_REVIEWS,reviews_2023.csv,2023-10-10T22:11:09.383568288,BATCH-G-20231010
REV-00004991,SKU-0017113,user_18516,Catherine Henderson,5,"Exactly as described, very happy.",2023-12-08,True,POSITIVE,4,SOURCE_G_REVIEWS,reviews_2023.csv,2023-12-08T15:36:14.506254013,BATCH-G-20231208
REV-00004992,SKU-0016270,user_9009323,Andre Dalton,5,"Perfect gift, they loved it!",2023-11-22,True,POSITIVE,2,SOURCE_G_REVIEWS,reviews_2023.csv,2023-11-22T19:09:06.582560637,BATCH-G-20231122
REV-00004994,SKU-0014685,user_6829,Bryan Ryan,unknown,Great value for money.,2023-08-29,True,POSITIVE,3,SOURCE_G_REVIEWS,reviews_2023.csv,2023-08-29T08:43:36.856842956,BATCH-G-20230829
REV-00005001,SKU-0012611,user_9030344,Robert Miller,3,Works fine but delivery was slow.,2023-08-17,True,NEUTRAL,0,SOURCE_G_REVIEWS,reviews_2023.csv,2023-08-17T07:44:59.590714129,BATCH-G-20230817
REV-00005009,SKU-0006561,user_9000969,Megan Morris,2,"बहुत अच्छा उत्पाद है, पैसा वसूल!",2023-05-06,True,NEGATIVE,0,SOURCE_G_REVIEWS,reviews_2023.csv,2023-05-06T09:07:59.926097796,BATCH-G-20230506
REV-00005012,SKU-0020124,user_49840,Elaine Charles,5,Better than I expected for the price.,2023-09-21,True,POSITIVE,0,SOURCE_G_REVIEWS,reviews_2023.csv,2023-09-21T04:07:02.963415228,BATCH-G-20230921
REV-00005021,SKU-0004269,user_9019360,Kevin Mason,3,Works fine but delivery was slow.,2023-04-28,False,NEUTRAL,0,SOURCE_G_REVIEWS,reviews_2023.csv,2023-04-28T06:32:33.318281243,BATCH-G-20230428
REV-00005022,SKU-0006944,user_9022340,Christine,5,"Absolutely love it, works perfectly!",2023-02-04,False,POSITIVE,2,SOURCE_G_REVIEWS,reviews_2023.csv,2023-02-04T22:35:56.955189988,BATCH-G-20230204
REV-00005024,SKU-0015844,,Anonymous,4,Better than I expected for the price.,2023-10-30,False,POSITIVE,3,SOURCE_G_REVIEWS,reviews_2023.csv,2023-10-31T00:22:30.987725662,BATCH-G-20231030
REV-00005025,SKU-0016612,user_9033931,Theodore Hernandez,5,"Exactly as described, very happy.",2023-10-06,True,POSITIVE,1,SOURCE_G_REVIEWS,reviews_2023.csv,2023-10-06T23:03:51.922101564,BATCH-G-20231006
REV-00005025-DUP,SKU-0016612,user_9033931,Theodore Hernandez,5,"Exactly as described, very happy.",2023-10-06,True,POSITIVE,1,SOURCE_G_REVIEWS,reviews_2023.csv,2023-10-06T23:28:51.922101564,BATCH-G-20231006
REV-00005026,SKU-0013094,,Anonymous,4,Will definitely buy again.,2023-12-14,False,POSITIVE,0,SOURCE_G_REVIEWS,reviews_2023.csv,2023-12-14T07:48:26.120114163,BATCH-G-20231214
REV-00005029,SKU-0008986,user_59780,Cameron Evans,3,"Not bad, not great either. 😢",2023-09-22,False,NEUTRAL,2,SOURCE_G_REVIEWS,reviews_2023.csv,2023-09-22T05:09:38.537446361,BATCH-G-20230922
REV-00005033,SKU-0013699,,Anonymous,3,Decent but overpriced a bit.,2023-08-07,True,NEUTRAL,6,SOURCE_G_REVIEWS,reviews_2023.csv,2023-08-07T05:38:52.811813239,BATCH-G-20230807
REV-00005037,SKU-0003036,,Anonymous,2,<i>edited</i>Very disappointed with the quality.<i>edited</i>,2023-08-17,False,NEGATIVE,0,SOURCE_G_REVIEWS,reviews_2023.csv,2023-08-18T04:48:12.346916067,BATCH-G-20230817
REV-00005038,SKU-0006747,,Anonymous,4,Exceeded my expectations.,2023-01-13,True,POSITIVE,0,SOURCE_G_REVIEWS,reviews_2023.csv,2023-01-13T09:58:19.530480347,BATCH-G-20230113
REV-00005042,SKU-0012165,user_9023650,Stephanie White,4,"Exactly as described, very happy.",2023-03-10,True,POSITIVE,5,SOURCE_G_REVIEWS,reviews_2023.csv,2023-03-10T13:05:38.320037379,BATCH-G-20230310
REV-00005048,SKU-0016905,user_47554,Ronald Larsen,4,Fast delivery and great quality.,2023-09-04,True,POSITIVE,1,SOURCE_G_REVIEWS,reviews_2023.csv,2023-09-04T14:44:57.284287899,BATCH-G-20230904
REV-00005050,SKU-0010984,user_9013868,Robert Carlson,5,Exceeded my expectations.,2023-11-08,True,POSITIVE,0,SOURCE_G_REVIEWS,reviews_2023.csv,2023-11-08T16:31:15.459578922,BATCH-G-20231108
REV-00005054,SKU-0001354,user_9022886,Sherry Sexton,4,</p>Highly recommend this product.&nbsp;,2023-11-13,True,POSITIVE,0,SOURCE_G_REVIEWS,reviews_2023.csv,2023-11-13T11:51:44.548380155,BATCH-G-20231113
REV-00005075,SKU-0004006,user_65649,Elijah,4,Great value for money.,2023-09-10,True,POSITIVE,1,SOURCE_G_REVIEWS,reviews_2023.csv,2023-09-10T05:45:23.946402616,BATCH-G-20230910
REV-00005090,SKU-0011115,,Anonymous,5,Great value for money.,2023-10-21,True,POSITIVE,2,SOURCE_G_REVIEWS,reviews_2023.csv,2023-10-21T17:38:16.730775063,BATCH-G-20231021
REV-00005093,SKU-0019886,user_19906,Robin,2,"Poor packaging, item was defective.",2023-12-31,True,NEGATIVE,9,SOURCE_G_REVIEWS,reviews_2023.csv,2023-12-31T10:41:49.084278665,BATCH-G-20231231
REV-00005103,SKU-0013150,user_9004227,Emily,4,   Better  than  I  expected  for  the  price.   ,2023-12-30,False,POSITIVE,6,SOURCE_G_REVIEWS,reviews_2023.csv,2023-12-30T14:52:41.210018997,BATCH-G-20231230
REV-00005110,SKU-0009188,,Anonymous,2,Wrong item was shipped to me.,2023-02-09,True,NEGATIVE,1,SOURCE_G_REVIEWS,reviews_2023.csv,2023-02-09T19:07:32.480134775,BATCH-G-20230209
REV-00005134,SKU-0006621,user_21570,Lisa,5,Better than I expected for the price.,2023-08-25,True,POSITIVE,4,SOURCE_G_REVIEWS,reviews_2023.csv,2023-08-26T01:44:23.962636895,BATCH-G-20230825
REV-00005138,SKU-0007165,user_43488,Jennifer Arnold,4,Will definitely buy again.,2023-11-12,True,POSITIVE,1,SOURCE_G_REVIEWS,reviews_2023.csv,2023-11-12T08:27:50.613709604,BATCH-G-20231112
REV-00005147,SKU-0002338,user_9015404,John Weaver,5,"Solid build quality, no complaints.",2023-04-15,True,POSITIVE,8,SOURCE_G_REVIEWS,reviews_2023.csv,2023-04-15T12:47:06.331323921,BATCH-G-20230415
REV-00005148,SKU-0005219,user_54497,Morgan Greene,5,"Perfect gift, they loved it!",2023-02-05,True,POSITIVE,1,SOURCE_G_REVIEWS,reviews_2023.csv,2023-02-05T16:22:25.379594816,BATCH-G-20230205
REV-00005153,SKU-0000808,user_24811,Richard Powell,4,"Absolutely love it, works perfectly!",2023-04-07,False,POSITIVE,1,SOURCE_G_REVIEWS,reviews_2023.csv,2023-04-07T20:54:47.140361520,BATCH-G-20230407
REV-00005154,SKU-9929774,user_47223,Brandon Espinoza,5,Highly recommend this product.,2023-04-12,False,POSITIVE,0,SOURCE_G_REVIEWS,reviews_2023.csv,2023-04-12T21:58:33.455783129,BATCH-G-20230412
REV-00005155,SKU-0015941,user_57650,Valerie Gregory,4,"Exactly as described, very happy.",2023-11-22,True,POSITIVE,1,SOURCE_G_REVIEWS,reviews_2023.csv,2023-11-22T04:57:44.822082470,BATCH-G-20231122
REV-00005162,SKU-0001025,user_9005605,Nicholas Miller,3,Decent but overpriced a bit.,2023-02-09,True,NEUTRAL,7,SOURCE_G_REVIEWS,reviews_2023.csv,2023-02-09T05:29:22.013974193,BATCH-G-20230209
REV-00005191,SKU-0000796,user_68319,Jessica,5,"<i>edited</i>Perfect gift, they loved it!<br>",2023-01-02,True,POSITIVE,2,SOURCE_G_REVIEWS,reviews_2023.csv,2023-01-02T01:39:55.565035543,BATCH-G-20230102
REV-00005194,SKU-0006372,user_9006861,Melissa Perry,4,Will definitely buy again.,2023-08-23,False,POSITIVE,2,SOURCE_G_REVIEWS,reviews_2023.csv,2023-08-24T00:31:07.748541711,BATCH-G-20230823
REV-00005198,SKU-0010414,user_9016780,Jessica Cooper,2,Very disappointed with the quality.,2023-02-09,True,NEGATIVE,5,SOURCE_G_REVIEWS,reviews_2023.csv,2023-02-09T17:22:59.723408659,BATCH-G-20230209
REV-00005199,SKU-0002275,user_15780,Justin Thompson,3,"Average quality, nothing special.",2023-06-10,True,NEUTRAL,3,SOURCE_G_REVIEWS,reviews_2023.csv,2023-06-10T23:01:11.329300259,BATCH-G-20230610
REV-00005200,SKU-0019391,user_9016862,Nicole,5,   Highly  recommend  this  product.   ,2023-05-16,True,POSITIVE,1,SOURCE_G_REVIEWS,reviews_2023.csv,2023-05-16T23:00:10.907491638,BATCH-G-20230516
REV-00005201,SKU-0004870,,Anonymous,,"Cheaply made, broke immediately.",2023-11-08,True,NEGATIVE,0,SOURCE_G_REVIEWS,reviews_2023.csv,2023-11-08T17:38:59.095351964,BATCH-G-20231108
REV-00005220,SKU-0008511,user_5569,Katie,1,Very disappointed with the quality.,2023-08-17,True,NEGATIVE,2,SOURCE_G_REVIEWS,reviews_2023.csv,2023-08-17T21:02:05.306949673,BATCH-G-20230817
REV-00005242,SKU-0005985,user_9024201,David Moore,4,Not as described at all.,2023-03-19,False,NEGATIVE,5,SOURCE_G_REVIEWS,reviews_2023.csv,2023-03-20T01:17:38.454903701,BATCH-G-20230319
REV-00005248,SKU-0003734,,Anonymous,2,Stopped working after a week. 😡,2023-01-20,True,NEGATIVE,5,SOURCE_G_REVIEWS,reviews_2023.csv,2023-01-20T21:47:23.957463785,BATCH-G-20230120
REV-00005250,SKU-0010003,,Anonymous,3,"Not bad, not great either.",2023-04-23,False,NEUTRAL,2,SOURCE_G_REVIEWS,reviews_2023.csv,2023-04-23T14:35:13.073507499,BATCH-G-20230423
REV-00005254,SKU-0014394,user_9001886,Savannah Novak,7,गुणवत्ता ठीक नहीं थी।,2023-04-22,False,NEUTRAL,-1,SOURCE_G_REVIEWS,reviews_2023.csv,2023-04-22T09:28:15.202120475,BATCH-G-20230422
REV-00005261,SKU-0008998,user_40886,Mrs. Tina Ashley,5,Will definitely buy again.,2023-11-02,True,POSITIVE,1,SOURCE_G_REVIEWS,reviews_2023.csv,2023-11-03T05:09:10.208847419,BATCH-G-20231102
REV-00005261-DUP,SKU-0008998,user_40886,Mrs. Tina Ashley,5,Will definitely buy again.,2023-11-02,True,POSITIVE,1,SOURCE_G_REVIEWS,reviews_2023.csv,2023-11-03T05:58:10.208847419,BATCH-G-20231102
REV-00005276,SKU-0016076,user_9022999,Erica,5,Fast delivery and great quality.,2023-02-16,False,POSITIVE,1,SOURCE_G_REVIEWS,reviews_2023.csv,2023-02-16T06:48:41.654716424,BATCH-G-20230216
REV-00005294,SKU-0000448,user_14975,Peter Hardy,4,"Perfect gift, they loved it!",2023-09-02,True,POSITIVE,5,SOURCE_G_REVIEWS,reviews_2023.csv,2023-09-02T07:29:55.461406765,BATCH-G-20230902
REV-00005295,SKU-0019646,,Anonymous,5,Fast delivery and great quality.,2023-11-24,False,POSITIVE,6,SOURCE_G_REVIEWS,reviews_2023.csv,2023-11-25T03:15:32.401210737,BATCH-G-20231124
REV-00005303,SKU-0013275,,Anonymous,1,   Wrong  item  was  shipped  to  me.   ,2023-09-05,True,NEGATIVE,4,SOURCE_G_REVIEWS,reviews_2023.csv,2023-09-05T14:00:23.987178444,BATCH-G-20230905
REV-00005316,SKU-0005470,user_26143,Kelly,5,Will definitely buy again.,2023-04-23,False,POSITIVE,2,SOURCE_G_REVIEWS,reviews_2023.csv,2023-04-23T09:58:39.382796660,BATCH-G-20230423
REV-00005334,SKU-0002294,user_69,Robert Grant,4,"Solid build quality, no complaints.",2023-09-26,True,POSITIVE,5,SOURCE_G_REVIEWS,reviews_2023.csv,2023-09-26T13:38:35.861715736,BATCH-G-20230926
REV-00005337,SKU-0013421,,Anonymous,4,"Absolutely love it, works perfectly!",2023-07-28,True,POSITIVE,4,SOURCE_G_REVIEWS,reviews_2023.csv,2023-07-28T06:32:40.790028595,BATCH-G-20230728
REV-00005337-BOT,SKU-0013421,user_16415,Norman Wheeler,4,"Absolutely love it, works perfectly!",2023-07-28,False,POSITIVE,0,SOURCE_G_REVIEWS,reviews_2023.csv,2023-07-28T06:32:40.790028595,BATCH-G-20230728
REV-00005339,SKU-0013569,user_9002234,Robert,4,   गुणवत्ता  ठीक  नहीं  थी।  Better  than  I  expected  for  the  price.  😍   ,2023-03-06,True,POSITIVE,1,SOURCE_G_REVIEWS,reviews_2023.csv,2023-03-07T01:53:30.968725716,BATCH-G-20230306
REV-00005343,SKU-0012581,,Anonymous,N/A,Better than I expected for the price.,2023-02-05,True,POSITIVE,2,SOURCE_G_REVIEWS,reviews_2023.csv,2023-02-06T01:47:34.762639266,BATCH-G-20230205
REV-00005344,SKU-0009215,user_9022585,Denise Merritt,4,Highly recommend this product.,2023-05-29,True,POSITIVE,0,SOURCE_G_REVIEWS,reviews_2023.csv,2023-05-29T17:29:41.097732626,BATCH-G-20230529
REV-00005346,SKU-0014393,user_13176,Chase Olson,2,Arrived damaged and support was unhelpful.,2023-04-29,False,NEGATIVE,0,SOURCE_G_REVIEWS,reviews_2023.csv,2023-04-29T16:30:09.404612781,BATCH-G-20230429
REV-00005349,SKU-0016631,user_9021878,Justin Barrera,5,"Solid build quality, no complaints. ⭐😀",2023-05-27,False,POSITIVE,1,SOURCE_G_REVIEWS,reviews_2023.csv,2023-05-27T16:24:11.656077679,BATCH-G-20230527
REV-00005350,SKU-0002652,user_25515,Joan Miller,4,"Absolutely love it, works perfectly! 😢😀",2023-02-22,True,POSITIVE,3,SOURCE_G_REVIEWS,reviews_2023.csv,2023-02-22T08:34:15.274139370,BATCH-G-20230222
REV-00005351,SKU-0011853,user_9029715,Steven Prince,5,Exceeded my expectations.,2023-02-05,True,POSITIVE,1,SOURCE_G_REVIEWS,reviews_2023.csv,2023-02-05T06:07:08.391557038,BATCH-G-20230205
REV-00005383,SKU-0001476,user_9008151,Austin Armstrong,5,"It's okay, does the job.",2023-04-24,False,NEUTRAL,0,SOURCE_G_REVIEWS,reviews_2023.csv,2023-04-24T15:30:24.877879875,BATCH-G-20230424
REV-00005384,SKU-0020193,user_64841,David Berry,4,Highly recommend this product.,2023-07-03,False,POSITIVE,1,SOURCE_G_REVIEWS,reviews_2023.csv,2023-07-04T04:56:04.938883905,BATCH-G-20230703
REV-00005387,SKU-0011758,user_23453,Rachael Hardy,5,"Perfect gift, they loved it!",2023-10-05,True,POSITIVE,0,SOURCE_G_REVIEWS,reviews_2023.csv,2023-10-05T14:53:56.430054599,BATCH-G-20231005
REV-00005391,SKU-0000743,user_9018172,Wendy Jenkins,1,"Waste of money, do not buy.",2023-11-02,False,NEGATIVE,0,SOURCE_G_REVIEWS,reviews_2023.csv,2023-11-02T06:58:53.099695529,BATCH-G-20231102
REV-00005406,SKU-0002943,user_9303,Caitlin Morris,-1,<p>Better than I expected for the price.<b>Update:</b>,2023-11-04,True,POSITIVE,0,SOURCE_G_REVIEWS,reviews_2023.csv,2023-11-04T09:00:35.533379262,BATCH-G-20231104
REV-00005413,SKU-0009947,user_9016782,Theresa Morales,2,Stopped working after a week.,2023-02-22,True,NEGATIVE,4,SOURCE_G_REVIEWS,reviews_2023.csv,2023-02-22T15:43:06.847368873,BATCH-G-20230222
REV-00005433,SKU-0001458,user_9014328,Wendy,3,No cumplió mis expectativas.,2023-10-18,False,NEGATIVE,0,SOURCE_G_REVIEWS,reviews_2023.csv,2023-10-18T08:15:25.167286189,BATCH-G-20231018
REV-00005435,SKU-0007449,user_5493,Sheila Murphy, ,Great value for money.,2023-11-23,False,POSITIVE,0,SOURCE_G_REVIEWS,reviews_2023.csv,2023-11-23T12:26:54.723822906,BATCH-G-20231123
REV-00005463,SKU-0015095,user_57521,Aaron,4,   Exceeded  my  expectations.   ,2023-09-13,True,POSITIVE,0,SOURCE_G_REVIEWS,reviews_2023.csv,2023-09-13T17:28:58.310488799,BATCH-G-20230913
REV-00005471,SKU-0002519,user_9023941,Daniel,4,Highly recommend this product.,2023-01-08,True,POSITIVE,2,SOURCE_G_REVIEWS,reviews_2023.csv,2023-01-08T14:15:42.370067064,BATCH-G-20230108
REV-00005474,SKU-0015929,user_9008773,Tiffany,5,"Absolutely love it, works perfectly!",2023-08-11,False,POSITIVE,2,SOURCE_G_REVIEWS,reviews_2023.csv,2023-08-11T16:14:20.861541653,BATCH-G-20230811
REV-00005475,SKU-0011319,user_9022768,Crystal,1,Stopped working after a week.,2023-05-05,True,NEGATIVE,3,SOURCE_G_REVIEWS,reviews_2023.csv,2023-05-05T03:34:17.893973541,BATCH-G-20230505
REV-00005478,SKU-0014354,user_9069,Patrick Cervantes,2,Arrived damaged and support was unhelpful.,2023-06-10,False,NEGATIVE,2,SOURCE_G_REVIEWS,reviews_2023.csv,2023-06-10T11:47:24.522494763,BATCH-G-20230610
REV-00005481,SKU-0013258,user_64829,Tracy Mills,4,Better than I expected for the price.,2023-12-27,True,POSITIVE,0,SOURCE_G_REVIEWS,reviews_2023.csv,2023-12-27T12:12:49.022279380,BATCH-G-20231227
REV-00005484,SKU-0009620,,Anonymous,5,Fast delivery and great quality.,2023-11-30,True,POSITIVE,0,SOURCE_G_REVIEWS,reviews_2023.csv,2023-11-30T13:13:03.542495527,BATCH-G-20231130
REV-00005493,SKU-0016200,user_9030323,Zachary,3,"Average quality, nothing special.",2023-03-08,True,NEUTRAL,6,SOURCE_G_REVIEWS,reviews_2023.csv,2023-03-08T06:30:44.027156969,BATCH-G-20230308
REV-00005500,SKU-0010311,user_9029002,Richard Carter,4,Will definitely buy again.,2023-10-17,True,POSITIVE,0,SOURCE_G_REVIEWS,reviews_2023.csv,2023-10-18T05:52:13.933124261,BATCH-G-20231017
REV-00005504,SKU-0009425,user_9020944,Ana,5,Better than I expected for the price.,2023-06-10,True,POSITIVE,4,SOURCE_G_REVIEWS,reviews_2023.csv,2023-06-10T18:24:52.495891960,BATCH-G-20230610
REV-00005508,SKU-0002837,user_9014997,Sandra,1,Wrong item was shipped to me. ⭐,2023-05-01,False,NEGATIVE,0,SOURCE_G_REVIEWS,reviews_2023.csv,2023-05-01T23:45:37.986964102,BATCH-G-20230501
REV-00005516,SKU-0017049,user_9013053,Christopher Scott,5,Fast delivery and great quality.,2023-06-19,True,POSITIVE,2,SOURCE_G_REVIEWS,reviews_2023.csv,2023-06-19T01:56:24.380432055,BATCH-G-20230619
REV-00005520,SKU-0007889,,Anonymous,2,"   Cheaply  made,  broke  immediately.   ",2023-12-24,True,NEGATIVE,3,SOURCE_G_REVIEWS,reviews_2023.csv,2023-12-24T20:27:19.448444489,BATCH-G-20231224
REV-00005531,SKU-0010413,user_52371,Keith Diaz,3,"बहुत अच्छा उत्पाद है, पैसा वसूल!",2023-10-15,False,NEUTRAL,0,SOURCE_G_REVIEWS,reviews_2023.csv,2023-10-15T16:34:47.501882587,BATCH-G-20231015
REV-00005544,SKU-0010478,user_61585,Patrick Crawford,5,Highly recommend this product.,2023-10-01,True,POSITIVE,5,SOURCE_G_REVIEWS,reviews_2023.csv,2023-10-02T01:02:52.313486061,BATCH-G-20231001
REV-00005547,SKU-0006654,user_39435,Manuel Noble,5,"Solid build quality, no complaints.",2023-10-31,False,POSITIVE,0,SOURCE_G_REVIEWS,reviews_2023.csv,2023-10-31T19:30:10.821731709,BATCH-G-20231031
REV-00005553,SKU-0004153,user_34124,Diane,4,Highly recommend this product.,2023-03-18,True,POSITIVE,3,SOURCE_G_REVIEWS,reviews_2023.csv,2023-03-18T10:41:46.348270161,BATCH-G-20230318
REV-00005554,SKU-0009796,user_9017914,Sherri Howard,3,"Not bad, not great either.",2023-09-08,True,NEUTRAL,2,SOURCE_G_REVIEWS,reviews_2023.csv,2023-09-08T12:14:46.257592809,BATCH-G-20230908
REV-00005579,SKU-0018480,user_41132,Catherine,4,Exceeded my expectations.,2023-10-26,False,POSITIVE,2,SOURCE_G_REVIEWS,reviews_2023.csv,2023-10-26T16:19:05.122235401,BATCH-G-20231026
REV-00005595,SKU-0004281,user_1336,Darryl Butler,4,Great value for money.,2023-11-12,False,POSITIVE,1,SOURCE_G_REVIEWS,reviews_2023.csv,2023-11-13T02:08:35.952383328,BATCH-G-20231112
REV-00005596,SKU-0002739,,Anonymous,4,"Perfect gift, they loved it!",2023-07-12,False,POSITIVE,9,SOURCE_G_REVIEWS,reviews_2023.csv,2023-07-12T19:09:40.472352603,BATCH-G-20230712
REV-00005599,SKU-0012736,user_63014,James Smith,5,Will definitely buy again.,2023-01-09,False,POSITIVE,0,SOURCE_G_REVIEWS,reviews_2023.csv,2023-01-09T01:38:35.417793443,BATCH-G-20230109
REV-00005608,SKU-0000769,user_9005874,Rachel Gallagher,4,Exceeded my expectations.,2023-01-06,False,POSITIVE,6,SOURCE_G_REVIEWS,reviews_2023.csv,2023-01-06T14:42:31.641194024,BATCH-G-20230106
REV-00005615,SKU-0016893,,Anonymous,3,"Average quality, nothing special.",2023-11-01,False,NEUTRAL,7,SOURCE_G_REVIEWS,reviews_2023.csv,2023-11-02T00:50:05.267418621,BATCH-G-20231101
REV-00005624,SKU-0017599,user_43924,Anne Wilkins,4,Will definitely buy again.,2023-04-18,False,POSITIVE,6,SOURCE_G_REVIEWS,reviews_2023.csv,2023-04-18T22:04:30.366106726,BATCH-G-20230418
REV-00005639,SKU-0014518,user_9029755,Mary Cohen,4,Exceeded my expectations.,2023-01-11,False,POSITIVE,0,SOURCE_G_REVIEWS,reviews_2023.csv,2023-01-11T18:11:47.682643772,BATCH-G-20230111
REV-00005657,SKU-0009495,user_6184,Edwin Haynes,4,   Great  value  for  money.   ,2023-11-05,True,POSITIVE,2,SOURCE_G_REVIEWS,reviews_2023.csv,2023-11-05T13:30:49.341336300,BATCH-G-20231105
REV-00005659,SKU-0013024,user_9032854,Kathryn Bush,4,Exceeded my expectations.,2023-08-01,True,POSITIVE,8,SOURCE_G_REVIEWS,reviews_2023.csv,2023-08-01T13:46:35.879301226,BATCH-G-20230801
REV-00005684,SKU-0004237,user_40260,Joe,4,"Livraison très lente, déçu. Exactly as described, very happy.",2023-03-25,True,POSITIVE,1,SOURCE_G_REVIEWS,reviews_2023.csv,2023-03-25T12:32:40.894622333,BATCH-G-20230325
REV-00005687,SKU-0012619,user_12651,Eric Brown,5,"Muy buen producto, lo recomiendo. Fast delivery and great quality.",2023-11-10,True,POSITIVE,5,SOURCE_G_REVIEWS,reviews_2023.csv,2023-11-10T01:29:26.855611284,BATCH-G-20231110
REV-00005698,SKU-0013765,user_30250,Kimberly Sims,5,Will definitely buy again.,2023-01-29,True,POSITIVE,2,SOURCE_G_REVIEWS,reviews_2023.csv,2023-01-29T02:57:23.701863608,BATCH-G-20230129
REV-00005699,SKU-0002159,,Anonymous,5,"   Exactly  as  described,  very  happy.   ",2023-09-17,False,POSITIVE,1,SOURCE_G_REVIEWS,reviews_2023.csv,2023-09-17T19:17:34.006651050,BATCH-G-20230917
REV-00005711,SKU-0007065,user_50323,Amanda,5,"Absolutely love it, works perfectly!",2023-09-15,False,POSITIVE,2,SOURCE_G_REVIEWS,reviews_2023.csv,2023-09-15T15:04:54.960816804,BATCH-G-20230915
REV-00005720,SKU-0008380,user_9022689,Jenna Bates,3,"Solid build quality, no complaints.",2023-11-21,True,POSITIVE,1,SOURCE_G_REVIEWS,reviews_2023.csv,2023-11-21T02:41:49.086708824,BATCH-G-20231121
REV-00005721,SKU-0005682,,Anonymous,5,"Solid build quality, no complaints.",2023-12-16,True,POSITIVE,3,SOURCE_G_REVIEWS,reviews_2023.csv,2023-12-16T04:28:04.638290711,BATCH-G-20231216
REV-00005722,SKU-0004885,user_9009988,Jasmine Moore,3,"It's okay, does the job.",2023-11-25,False,NEUTRAL,5,SOURCE_G_REVIEWS,reviews_2023.csv,2023-11-25T23:09:53.663920146,BATCH-G-20231125
REV-00005754,SKU-0006696,user_65485,Jeffery Mueller,4,Fast delivery and great quality.,2023-12-28,False,POSITIVE,1,SOURCE_G_REVIEWS,reviews_2023.csv,2023-12-29T04:43:20.781709578,BATCH-G-20231228
REV-00005765,SKU-0003317,,Anonymous,3,"Average quality, nothing special.",2023-06-15,True,NEUTRAL,0,SOURCE_G_REVIEWS,reviews_2023.csv,2023-06-15T12:32:27.467309226,BATCH-G-20230615
REV-00005768,SKU-0010424,user_44299,David Gonzalez,4,"Absolutely love it, works perfectly! 😡😢",2023-10-07,False,POSITIVE,2,SOURCE_G_REVIEWS,reviews_2023.csv,2023-10-07T16:28:53.929430688,BATCH-G-20231007
REV-00005774,SKU-0006654,,Anonymous,5,Exceeded my expectations.,2023-01-06,False,POSITIVE,0,SOURCE_G_REVIEWS,reviews_2023.csv,2023-01-06T08:10:18.544124219,BATCH-G-20230106
REV-00005786,SKU-0017186,user_15443,Melissa Hall,5,"Solid build quality, no complaints.",2023-03-15,False,POSITIVE,1,SOURCE_G_REVIEWS,reviews_2023.csv,2023-03-15T21:58:05.416883585,BATCH-G-20230315
REV-00005786-DUP,SKU-0017186,user_15443,Melissa Hall,5,"Solid build quality, no complaints.",2023-03-15,False,POSITIVE,1,SOURCE_G_REVIEWS,reviews_2023.csv,2023-03-15T22:14:05.416883585,BATCH-G-20230315
REV-00005806,SKU-0011532,user_9025198,Jennifer Smith,4,Great value for money.,2023-12-17,True,POSITIVE,3,SOURCE_G_REVIEWS,reviews_2023.csv,2023-12-17T06:03:10.573863505,BATCH-G-20231217
REV-00005807,SKU-0000407,user_56634,Javier Peters,4,"Perfect gift, they loved it!",2023-07-21,True,POSITIVE,2,SOURCE_G_REVIEWS,reviews_2023.csv,2023-07-22T04:09:45.379046577,BATCH-G-20230721
REV-00005808,SKU-0005109,user_32457,Destiny,4,"Perfect gift, they loved it! 🙏",2023-10-30,False,POSITIVE,2,SOURCE_G_REVIEWS,reviews_2023.csv,2023-10-30T23:56:09.920103725,BATCH-G-20231030
REV-00005809,SKU-0003761,user_17895,Cody Davis,3,"Average quality, nothing special.",2023-05-01,False,NEUTRAL,0,SOURCE_G_REVIEWS,reviews_2023.csv,2023-05-01T17:45:54.414667001,BATCH-G-20230501
REV-00005817,SKU-0013282,user_51678,Rachel Rodriguez,4,Will definitely buy again.,2023-05-18,True,POSITIVE,1,SOURCE_G_REVIEWS,reviews_2023.csv,2023-05-19T00:47:40.358869459,BATCH-G-20230518
REV-00005824,SKU-0018424,user_10136,Mark Lopez,2,"   Cheaply  made,  broke  immediately.   ",2023-12-17,False,NEGATIVE,3,SOURCE_G_REVIEWS,reviews_2023.csv,2023-12-17T07:41:34.646700261,BATCH-G-20231217
REV-00005830,SKU-0015550,user_9026571,Molly,4,गुणवत्ता ठीक नहीं थी। Exceeded my expectations.,2023-01-27,True,POSITIVE,0,SOURCE_G_REVIEWS,reviews_2023.csv,2023-01-27T01:31:13.579475353,BATCH-G-20230127
REV-00005839,SKU-0015162,user_9026929,Jennifer,4,Exceeded my expectations.,2023-02-17,False,POSITIVE,2,SOURCE_G_REVIEWS,reviews_2023.csv,2023-02-18T03:08:10.342209727,BATCH-G-20230217
REV-00005846,SKU-9934262,user_34537,Zachary Rodriguez,5,"Absolutely love it, works perfectly!",2023-11-08,True,POSITIVE,5,SOURCE_G_REVIEWS,reviews_2023.csv,2023-11-09T03:43:12.349859565,BATCH-G-20231108
REV-00005855,SKU-0017164,user_52124,Katrina Velez,4,Better than I expected for the price.,2023-11-18,False,POSITIVE,2,SOURCE_G_REVIEWS,reviews_2023.csv,2023-11-19T00:19:26.045007295,BATCH-G-20231118
REV-00005858,SKU-0002982,,Anonymous,4,गुणवत्ता ठीक नहीं थी।,2023-02-18,True,POSITIVE,6,SOURCE_G_REVIEWS,reviews_2023.csv,2023-02-18T17:08:26.290628135,BATCH-G-20230218
REV-00005863,SKU-0017579,user_58696,Jennifer Adams,4,Will definitely buy again.,2023-05-07,True,POSITIVE,4,SOURCE_G_REVIEWS,reviews_2023.csv,2023-05-07T13:14:26.317716960,BATCH-G-20230507
REV-00005865,SKU-0008174,user_9007493,Ricky Scott,5,गुणवत्ता ठीक नहीं थी।,2023-05-23,True,POSITIVE,0,SOURCE_G_REVIEWS,reviews_2023.csv,2023-05-23T04:23:22.026826484,BATCH-G-20230523
REV-00005872,SKU-0004579,user_9012221,Kristi Johnston,5,"Solid build quality, no complaints. 😀😐",2023-11-05,False,POSITIVE,2,SOURCE_G_REVIEWS,reviews_2023.csv,2023-11-05T20:46:53.241396204,BATCH-G-20231105
REV-00005878,SKU-0013559,user_7779,Gary,5,Better than I expected for the price.,2023-01-07,False,POSITIVE,2,SOURCE_G_REVIEWS,reviews_2023.csv,2023-01-07T23:19:35.025717744,BATCH-G-20230107
REV-00005883,SKU-0010079,,Anonymous,4,Fast delivery and great quality.,2023-07-13,True,POSITIVE,1,SOURCE_G_REVIEWS,reviews_2023.csv,2023-07-13T19:55:06.399132100,BATCH-G-20230713
REV-00005884,SKU-0018793,,Anonymous,5,"Absolutely love it, works perfectly!",2023-12-26,False,POSITIVE,2,SOURCE_G_REVIEWS,reviews_2023.csv,2023-12-26T07:06:10.818926882,BATCH-G-20231226
REV-00005886,SKU-0011914,user_9031235,Deborah Neal,5,"Absolutely love it, works perfectly!",2023-09-01,True,POSITIVE,9,SOURCE_G_REVIEWS,reviews_2023.csv,2023-09-01T21:44:01.185753800,BATCH-G-20230901
REV-00005897,SKU-0016463,user_7522,Amy Tate,-1,Highly recommend this product.,2023-05-02,False,POSITIVE,0,SOURCE_G_REVIEWS,reviews_2023.csv,2023-05-02T18:26:54.873578745,BATCH-G-20230502
REV-00005899,SKU-0010864,user_55317,Jimmy Johnson,NA,Stopped working after a week.,2023-11-20,False,NEGATIVE,1,SOURCE_G_REVIEWS,reviews_2023.csv,2023-11-20T06:08:32.710844597,BATCH-G-20231120
REV-00005904,SKU-0009843,user_9017254,Connor Ford,3,Works fine but delivery was slow.,2023-02-13,True,NEUTRAL,0,SOURCE_G_REVIEWS,reviews_2023.csv,2023-02-13T05:35:24.845029740,BATCH-G-20230213
REV-00005920,SKU-0008267,user_16222,Vanessa Brady,5,Will definitely buy again.,2023-12-16,False,POSITIVE,4,SOURCE_G_REVIEWS,reviews_2023.csv,2023-12-16T09:24:41.391727804,BATCH-G-20231216
REV-00005934,SKU-0009448,user_61808,Cynthia Chavez,N/A,Arrived damaged and support was unhelpful.,2023-02-06,True,NEGATIVE,2,SOURCE_G_REVIEWS,reviews_2023.csv,2023-02-06T01:36:57.709774541,BATCH-G-20230206
REV-00005943,SKU-0001427,user_51876,James Weber,4,"Exactly as described, very happy.",2023-09-15,False,POSITIVE,3,SOURCE_G_REVIEWS,reviews_2023.csv,2023-09-15T13:53:34.439217923,BATCH-G-20230915
REV-00005951,SKU-0010142,user_9026544,Charlotte Yang,5,Great value for money.,2023-11-24,True,POSITIVE,6,SOURCE_G_REVIEWS,reviews_2023.csv,2023-11-24T08:14:40.375617121,BATCH-G-20231124
REV-00005975,SKU-0010729,user_59471,Trevor Davis,3,"Matches the description, no issues.",2023-12-03,True,NEUTRAL,3,SOURCE_G_REVIEWS,reviews_2023.csv,2023-12-03T05:58:41.107616858,BATCH-G-20231203
REV-00006010,SKU-0006413,,Anonymous,2,"Cheaply made, broke immediately.",2023-01-30,True,NEGATIVE,3,SOURCE_G_REVIEWS,reviews_2023.csv,2023-01-30T05:54:23.473637127,BATCH-G-20230130
REV-00006011,SKU-0017352,user_9022485,Thomas Williams,5,"Perfect gift, they loved it!",2023-11-09,False,POSITIVE,6,SOURCE_G_REVIEWS,reviews_2023.csv,2023-11-09T16:37:13.864131953,BATCH-G-20231109
REV-00006015,SKU-0013989,,Anonymous,4,Great value for money.,2023-04-03,True,POSITIVE,9,SOURCE_G_REVIEWS,reviews_2023.csv,2023-04-04T02:25:55.403452876,BATCH-G-20230403
REV-00006018,SKU-0019266,user_58826,Stephen,5,Highly recommend this product.,2023-09-21,False,POSITIVE,1,SOURCE_G_REVIEWS,reviews_2023.csv,2023-09-22T04:55:17.837128581,BATCH-G-20230921
REV-00006020,SKU-0005054,user_19450,Gregory Barajas,-,Highly recommend this product.,2023-09-07,True,POSITIVE,0,SOURCE_G_REVIEWS,reviews_2023.csv,2023-09-07T18:49:22.076939741,BATCH-G-20230907
REV-00006021,SKU-0019406,user_9007214,Laura Brown,4,"Livraison très lente, déçu.",2023-11-14,True,POSITIVE,1,SOURCE_G_REVIEWS,reviews_2023.csv,2023-11-14T21:01:00.924993175,BATCH-G-20231114
REV-00006028,SKU-0018611,,Anonymous,4,Great value for money.,2023-08-10,True,POSITIVE,4,SOURCE_G_REVIEWS,reviews_2023.csv,2023-08-10T23:46:23.958666065,BATCH-G-20230810
REV-00006039,SKU-0004561,user_9001238,Kelly,5,Great value for money.,2023-12-11,False,POSITIVE,11,SOURCE_G_REVIEWS,reviews_2023.csv,2023-12-11T03:33:30.057231506,BATCH-G-20231211
REV-00006044,SKU-9967715,,Anonymous,5,"Solid build quality, no complaints.",2023-01-25,True,POSITIVE,3,SOURCE_G_REVIEWS,reviews_2023.csv,2023-01-26T03:07:23.983171410,BATCH-G-20230125
REV-00006045,SKU-0013192,,Anonymous,5,Exceeded my expectations.,2023-10-31,True,POSITIVE,1,SOURCE_G_REVIEWS,reviews_2023.csv,2023-10-31T17:35:11.296595683,BATCH-G-20231031
REV-00006052,SKU-0009896,,Anonymous,3,Works fine but delivery was slow.,2023-10-13,False,NEUTRAL,4,SOURCE_G_REVIEWS,reviews_2023.csv,2023-10-13T21:34:52.797691085,BATCH-G-20231013
REV-00006058,SKU-0009008,user_9006877,Jennifer Nelson,5,Fast delivery and great quality. 😍😢,2023-08-25,False,POSITIVE,7,SOURCE_G_REVIEWS,reviews_2023.csv,2023-08-26T02:45:01.466399889,BATCH-G-20230825
REV-00006060,SKU-0007929,user_9016968,Angela,4,Highly recommend this product.,2023-12-28,True,POSITIVE,0,SOURCE_G_REVIEWS,reviews_2023.csv,2023-12-28T08:09:13.827921378,BATCH-G-20231228
REV-00006064,SKU-0012790,user_26083,Robert Mccoy,7,"Matches the description, no issues.",2023-03-10,False,NEUTRAL,4,SOURCE_G_REVIEWS,reviews_2023.csv,2023-03-10T04:18:12.341937649,BATCH-G-20230310
REV-00006065,SKU-9907497,user_34920,Brad Gilbert,3,"It's okay, does the job.",2023-05-25,True,NEUTRAL,1,SOURCE_G_REVIEWS,reviews_2023.csv,2023-05-25T20:50:50.805325299,BATCH-G-20230525
REV-00006069,SKU-0007609,user_62120,Sandra Lee,4,Great value for money.,2023-01-01,False,POSITIVE,11,SOURCE_G_REVIEWS,reviews_2023.csv,2023-01-01T11:24:30.411819669,BATCH-G-20230101
REV-00006069-DUP,SKU-0007609,user_62120,Sandra Lee,4,Great value for money.,2023-01-01,False,POSITIVE,11,SOURCE_G_REVIEWS,reviews_2023.csv,2023-01-01T12:00:30.411819669,BATCH-G-20230101
REV-00006091,SKU-0002481,user_20778,Tracy Brown,5,"Muy buen producto, lo recomiendo.",2023-12-24,False,POSITIVE,0,SOURCE_G_REVIEWS,reviews_2023.csv,2023-12-24T00:45:51.634211926,BATCH-G-20231224
REV-00006091-DUP,SKU-0002481,user_20778,Tracy Brown,5,"Muy buen producto, lo recomiendo.",2023-12-24,False,POSITIVE,0,SOURCE_G_REVIEWS,reviews_2023.csv,2023-12-24T01:10:51.634211926,BATCH-G-20231224
REV-00006100,SKU-0010719,,Anonymous,1,Arrived damaged and support was unhelpful.,2023-11-23,True,NEGATIVE,1,SOURCE_G_REVIEWS,reviews_2023.csv,2023-11-23T04:22:40.266572225,BATCH-G-20231123
REV-00006104,SKU-0013514,user_9022916,Danielle Taylor,3,"Not bad, not great either.",2023-09-25,False,NEUTRAL,3,SOURCE_G_REVIEWS,reviews_2023.csv,2023-09-25T06:41:41.655003231,BATCH-G-20230925
REV-00006105,SKU-0018896,user_17262,Adam Hull,-1,Fast delivery and great quality.,2023-04-12,True,POSITIVE,2,SOURCE_G_REVIEWS,reviews_2023.csv,2023-04-12T01:41:20.681063463,BATCH-G-20230412
REV-00006109,SKU-0004418,user_47425,Jacob,5,"Absolutely love it, works perfectly!",2023-12-13,False,POSITIVE,3,SOURCE_G_REVIEWS,reviews_2023.csv,2023-12-13T02:14:39.515895955,BATCH-G-20231213
REV-00006110,SKU-0018285,user_18943,Tanner Noble,5,"Exactly as described, very happy.",2023-12-26,True,POSITIVE,10,SOURCE_G_REVIEWS,reviews_2023.csv,2023-12-26T19:21:09.896006908,BATCH-G-20231226
REV-00006140,SKU-0019403,user_9030189,Katherine,4,Fast delivery and great quality.,2023-12-14,True,POSITIVE,0,SOURCE_G_REVIEWS,reviews_2023.csv,2023-12-14T06:27:50.269577058,BATCH-G-20231214
REV-00006144,SKU-0000770,user_9020198,Michael Johnson,5,Will definitely buy again.,2023-10-08,False,POSITIVE,0,SOURCE_G_REVIEWS,reviews_2023.csv,2023-10-09T02:53:30.594339712,BATCH-G-20231008
REV-00006151,SKU-0003313,user_47306,Monica Robinson,4,Will definitely buy again.,2023-12-12,True,POSITIVE,1,SOURCE_G_REVIEWS,reviews_2023.csv,2023-12-12T18:11:05.620489104,BATCH-G-20231212
REV-00006154,SKU-0001405,user_9030047,Gregory Johns,4,Fast delivery and great quality.,2023-06-29,True,POSITIVE,1,SOURCE_G_REVIEWS,reviews_2023.csv,2023-06-29T03:50:17.728757372,BATCH-G-20230629
REV-00006157,SKU-0015854,user_43381,Justin Guerrero,4,"Solid build quality, no complaints.",2023-11-22,False,POSITIVE,7,SOURCE_G_REVIEWS,reviews_2023.csv,2023-11-22T02:51:41.065615221,BATCH-G-20231122
REV-00006160,SKU-0000564,,Anonymous,4,Will definitely buy again.,2023-12-28,False,POSITIVE,0,SOURCE_G_REVIEWS,reviews_2023.csv,2023-12-29T05:48:57.560822577,BATCH-G-20231228
REV-00006164,SKU-0016793,user_30663,Clayton Pham,5,गुणवत्ता ठीक नहीं थी।,2023-10-06,True,POSITIVE,2,SOURCE_G_REVIEWS,reviews_2023.csv,2023-10-06T06:56:53.793614315,BATCH-G-20231006
REV-00006167,SKU-9947296,user_9025512,Tammy James,5,"Exactly as described, very happy.",2023-07-22,True,POSITIVE,6,SOURCE_G_REVIEWS,reviews_2023.csv,2023-07-22T03:34:38.994364543,BATCH-G-20230722
REV-00006169,SKU-0002017,user_9005868,Jamie,1,Wrong item was shipped to me. 😀💯,2023-08-31,True,NEGATIVE,0,SOURCE_G_REVIEWS,reviews_2023.csv,2023-08-31T17:45:22.942786269,BATCH-G-20230831
REV-00006170,SKU-0002142,,Anonymous,2,Not as described at all.,2023-09-22,True,NEGATIVE,1,SOURCE_G_REVIEWS,reviews_2023.csv,2023-09-23T04:24:50.534317266,BATCH-G-20230922
REV-00006171,SKU-0004931,,Anonymous,5,Great value for money.,2023-07-27,False,POSITIVE,6,SOURCE_G_REVIEWS,reviews_2023.csv,2023-07-27T18:59:56.852920952,BATCH-G-20230727
REV-00006181,SKU-0013004,user_9034946,Raymond,null,"Absolutely love it, works perfectly!",2023-12-13,True,POSITIVE,3,SOURCE_G_REVIEWS,reviews_2023.csv,2023-12-14T03:56:14.235262183,BATCH-G-20231213
REV-00006181-DUP,SKU-0013004,user_9034946,Raymond,null,"Absolutely love it, works perfectly!",2023-12-13,True,POSITIVE,3,SOURCE_G_REVIEWS,reviews_2023.csv,2023-12-14T04:51:14.235262183,BATCH-G-20231213
REV-00006195,SKU-0000076,,Anonymous,1,"&nbsp;Poor packaging, item was defective.<i>edited</i>",2023-02-19,True,NEGATIVE,1,SOURCE_G_REVIEWS,reviews_2023.csv,2023-02-20T02:03:24.162076562,BATCH-G-20230219
REV-00006218,SKU-0013170,user_9031798,Marie,4,"Solid build quality, no complaints.",2023-05-28,False,POSITIVE,6,SOURCE_G_REVIEWS,reviews_2023.csv,2023-06-10T09:00:00,BATCH-G-20230528
REV-00006220,SKU-0012343,user_47306,Monica Robinson,3,"बहुत अच्छा उत्पाद है, पैसा वसूल!",2023-10-14,False,NEUTRAL,0,SOURCE_G_REVIEWS,reviews_2023.csv,2023-10-14T07:29:26.354706645,BATCH-G-20231014
REV-00006238,SKU-0009108,,Anonymous,-,"Exactly as described, very happy.",2023-07-25,False,POSITIVE,1,SOURCE_G_REVIEWS,reviews_2023.csv,2023-07-31T02:00:00,BATCH-G-20230725
REV-00006255,SKU-0002797,user_9017855,Christopher Martin,1,<i>edited</i>Wrong item was shipped to me.&nbsp;,2023-04-14,True,NEGATIVE,2,SOURCE_G_REVIEWS,reviews_2023.csv,2023-04-14T21:55:42.495759368,BATCH-G-20230414
REV-00006261,SKU-0007446,user_9009686,Brittany,5,"Solid build quality, no complaints.",2023-02-14,False,POSITIVE,4,SOURCE_G_REVIEWS,reviews_2023.csv,2023-02-14T16:01:43.516005262,BATCH-G-20230214
REV-00006273,SKU-0020185,user_9022974,Tyrone Nelson,4,"   Muy  buen  producto,  lo  recomiendo.   ",2023-06-17,True,POSITIVE,3,SOURCE_G_REVIEWS,reviews_2023.csv,2023-06-18T01:43:11.421110473,BATCH-G-20230617
REV-00006274,SKU-0009849,user_9034000,Amy Miller,5,"बहुत अच्छा उत्पाद है, पैसा वसूल!",2023-07-07,False,NEUTRAL,7,SOURCE_G_REVIEWS,reviews_2023.csv,2023-07-14T07:00:00,BATCH-G-20230707
REV-00006288,SKU-0001508,user_9034735,Michelle,0,"Waste of money, do not buy.",2023-05-05,True,NEGATIVE,1,SOURCE_G_REVIEWS,reviews_2023.csv,2023-05-05T04:55:42.773243630,BATCH-G-20230505
REV-00006294,SKU-0016047,,Anonymous,4,"Solid build quality, no complaints.",2023-10-14,False,POSITIVE,0,SOURCE_G_REVIEWS,reviews_2023.csv,2023-10-14T18:05:19.361149978,BATCH-G-20231014
REV-00006306,SKU-0009838,user_5549,Sabrina,4,"Muy buen producto, lo recomiendo.",2023-05-26,False,POSITIVE,0,SOURCE_G_REVIEWS,reviews_2023.csv,2023-05-26T18:43:14.386982387,BATCH-G-20230526
REV-00006307,SKU-0001749,,Anonymous,4,"Not bad, not great either.",2023-08-23,True,NEUTRAL,3,SOURCE_G_REVIEWS,reviews_2023.csv,2023-08-23T02:15:39.692694925,BATCH-G-20230823
REV-00006317,SKU-9985131,user_9021186,Jerome Curry,3,"Average quality, nothing special.",2023-06-12,False,NEUTRAL,3,SOURCE_G_REVIEWS,reviews_2023.csv,2023-06-12T18:46:45.543278155,BATCH-G-20230612
REV-00006323,SKU-0000490,user_9004678,Carl Herrera,5,Highly recommend this product.,2023-02-11,True,POSITIVE,5,SOURCE_G_REVIEWS,reviews_2023.csv,2023-02-11T11:16:18.760915422,BATCH-G-20230211
REV-00006339,SKU-0008758,,Anonymous,5,"Livraison très lente, déçu. Exceeded my expectations.",2023-12-30,True,POSITIVE,4,SOURCE_G_REVIEWS,reviews_2023.csv,2023-12-30T23:14:54.226718261,BATCH-G-20231230
REV-00006347,SKU-0014373,,Anonymous,4,Fast delivery and great quality.,2023-02-08,True,POSITIVE,0,SOURCE_G_REVIEWS,reviews_2023.csv,2023-02-08T09:49:25.810604304,BATCH-G-20230208
REV-00006354,SKU-0003078,user_24523,Thomas Brown,5,Great value for money.,2023-12-26,False,POSITIVE,1,SOURCE_G_REVIEWS,reviews_2023.csv,2023-12-26T06:41:04.632939005,BATCH-G-20231226
REV-00006355,SKU-0014917,user_9010524,Eric,4,Arrived damaged and support was unhelpful.,2023-07-02,True,NEGATIVE,1,SOURCE_G_REVIEWS,reviews_2023.csv,2023-07-02T17:06:35.472687431,BATCH-G-20230702
REV-00006366,SKU-0016431,,Anonymous,5,Will definitely buy again.,2023-12-18,True,POSITIVE,1,SOURCE_G_REVIEWS,reviews_2023.csv,2023-12-18T22:18:49.019887176,BATCH-G-20231218
REV-00006367,SKU-0017239,user_9013523,Edward Coleman,5,Exceeded my expectations.,2023-05-10,True,POSITIVE,4,SOURCE_G_REVIEWS,reviews_2023.csv,2023-05-10T10:02:03.278394074,BATCH-G-20230510
REV-00006378,SKU-0016522,user_9016324,Jon,5,Fast delivery and great quality.,2023-07-27,False,POSITIVE,0,SOURCE_G_REVIEWS,reviews_2023.csv,2023-07-28T01:49:58.262600167,BATCH-G-20230727
REV-00006379,SKU-0002487,user_45607,Kimberly,5,"Perfect gift, they loved it!",2023-05-13,True,POSITIVE,5,SOURCE_G_REVIEWS,reviews_2023.csv,2023-05-13T18:34:17.971970470,BATCH-G-20230513
REV-00006380,SKU-0019002,user_3407,Gregory,4,"   Not  bad,  not  great  either.   ",2023-12-17,True,NEUTRAL,5,SOURCE_G_REVIEWS,reviews_2023.csv,2023-12-17T22:18:47.677910229,BATCH-G-20231217
REV-00006408,SKU-0017788,user_9013226,Ryan Bush,3,Works fine but delivery was slow.,2023-07-23,True,NEUTRAL,0,SOURCE_G_REVIEWS,reviews_2023.csv,2023-07-23T04:35:47.768691506,BATCH-G-20230723
REV-00006434,SKU-0015495,user_13779,Kevin,5,"Solid build quality, no complaints.",2023-09-13,True,POSITIVE,0,SOURCE_G_REVIEWS,reviews_2023.csv,2023-09-13T03:55:38.867391788,BATCH-G-20230913
REV-00006447,SKU-0003494,user_65681,Angela Moses,3,&nbsp;Works fine but delivery was slow.<br>,2023-12-06,True,NEUTRAL,1,SOURCE_G_REVIEWS,reviews_2023.csv,2023-12-06T23:13:43.705425780,BATCH-G-20231206
REV-00006461,SKU-0019981,user_9005879,Timothy Williams,3,"Not bad, not great either.",2023-11-27,True,NEUTRAL,10,SOURCE_G_REVIEWS,reviews_2023.csv,2023-11-27T01:27:57.750105947,BATCH-G-20231127
REV-00006464,SKU-0003237,user_9007820,Larry,4,"गुणवत्ता ठीक नहीं थी। Perfect gift, they loved it!",2023-09-10,True,POSITIVE,7,SOURCE_G_REVIEWS,reviews_2023.csv,2023-09-10T17:06:15.840580276,BATCH-G-20230910
REV-00006466,SKU-0019519,,Anonymous,5,Exceeded my expectations.,2023-02-19,False,POSITIVE,0,SOURCE_G_REVIEWS,reviews_2023.csv,2023-02-20T02:56:29.725207598,BATCH-G-20230219
REV-00006470,SKU-0008927,user_9028025,Joseph Owens,5,Exceeded my expectations.,2023-01-06,False,POSITIVE,2,SOURCE_G_REVIEWS,reviews_2023.csv,2023-01-06T14:59:12.064400646,BATCH-G-20230106
REV-00006471,SKU-9980680,,Anonymous,3,"Average quality, nothing special.",2023-11-26,False,NEUTRAL,1,SOURCE_G_REVIEWS,reviews_2023.csv,2023-11-26T07:33:59.937169241,BATCH-G-20231126
REV-00006477,SKU-0015594,user_10710,Shane,4,"<i>edited</i>Solid build quality, no complaints.<br>",2023-12-28,True,POSITIVE,10,SOURCE_G_REVIEWS,reviews_2023.csv,2023-12-28T22:32:08.733228116,BATCH-G-20231228
REV-00006486,SKU-0018530,user_9021101,Stacey Watson,3,"Average quality, nothing special.",2023-05-17,True,NEUTRAL,0,SOURCE_G_REVIEWS,reviews_2023.csv,2023-05-17T04:55:32.156384976,BATCH-G-20230517
REV-00006487,SKU-0006132,user_9023033,Daniel Mack,5,"Perfect gift, they loved it!",2023-08-27,True,POSITIVE,4,SOURCE_G_REVIEWS,reviews_2023.csv,2023-08-28T01:32:55.743202298,BATCH-G-20230827
REV-00006489,SKU-0015769,user_10981,Jessica Crawford,4,Will definitely buy again. 😡😡,2023-08-04,False,POSITIVE,0,SOURCE_G_REVIEWS,reviews_2023.csv,2023-08-04T20:38:43.264621174,BATCH-G-20230804
REV-00006498,SKU-0016554,,Anonymous,5,Highly recommend this product.,2023-05-05,True,POSITIVE,6,SOURCE_G_REVIEWS,reviews_2023.csv,2023-05-05T10:44:36.447939880,BATCH-G-20230505
REV-00006506,SKU-0007843,user_9034833,Brittany Johnson,5,"Perfect gift, they loved it!",2023-03-11,True,POSITIVE,0,SOURCE_G_REVIEWS,reviews_2023.csv,2023-03-11T01:20:38.826035753,BATCH-G-20230311
REV-00006513,SKU-0005894,user_9014106,Thomas Taylor,1,"Waste of money, do not buy.",2023-01-26,True,NEGATIVE,0,SOURCE_G_REVIEWS,reviews_2023.csv,2023-01-27T04:22:49.091031618,BATCH-G-20230126
REV-00006516,SKU-0004014,user_9028022,Frank Copeland,2,   Not  as  described  at  all.   ,2023-12-26,True,NEGATIVE,3,SOURCE_G_REVIEWS,reviews_2023.csv,2023-12-26T21:36:41.945114427,BATCH-G-20231226
REV-00006518,SKU-0000267,user_51777,Kelly,3,Works fine but delivery was slow.,2023-06-22,True,NEUTRAL,0,SOURCE_G_REVIEWS,reviews_2023.csv,2023-06-23T01:19:22.825839516,BATCH-G-20230622
REV-00006522,SKU-0008307,user_9028900,Lindsay,1,"Waste of money, do not buy. 😀",2023-07-29,True,NEGATIVE,7,SOURCE_G_REVIEWS,reviews_2023.csv,2023-07-30T04:53:35.167849007,BATCH-G-20230729
REV-00006523,SKU-0013573,user_32046,Christina Gordon,2,Not as described at all.,2023-06-17,True,NEGATIVE,3,SOURCE_G_REVIEWS,reviews_2023.csv,2023-06-17T02:19:40.117154281,BATCH-G-20230617
REV-00006528,SKU-0016597,user_9023722,Andrew Carter,5,Will definitely buy again.,2023-01-11,True,POSITIVE,12,SOURCE_G_REVIEWS,reviews_2023.csv,2023-01-12T05:40:08.424899949,BATCH-G-20230111
REV-00006532,SKU-0004275,user_25431,Megan Cole,4,"Absolutely love it, works perfectly!",2023-06-26,True,POSITIVE,0,SOURCE_G_REVIEWS,reviews_2023.csv,2023-06-26T06:35:59.085047744,BATCH-G-20230626
REV-00006534,SKU-0011889,user_9027965,Joshua Duran,NA,"Not bad, not great either.",2023-12-22,True,NEUTRAL,6,SOURCE_G_REVIEWS,reviews_2023.csv,2023-12-22T20:56:57.914365334,BATCH-G-20231222
REV-00006534-DUP,SKU-0011889,user_9027965,Joshua Duran,NA,"Not bad, not great either.",2023-12-22,True,NEUTRAL,6,SOURCE_G_REVIEWS,reviews_2023.csv,2023-12-22T21:06:57.914365334,BATCH-G-20231222
REV-00006547,SKU-0019930,user_20732,Kenneth,5,Fast delivery and great quality. 👍,2023-09-27,True,POSITIVE,0,SOURCE_G_REVIEWS,reviews_2023.csv,2023-09-27T03:00:11.061986460,BATCH-G-20230927
REV-00006551,SKU-0016190,user_61424,Laura Hamilton,4,"Solid build quality, no complaints.",2023-06-29,True,POSITIVE,3,SOURCE_G_REVIEWS,reviews_2023.csv,2023-06-30T05:42:28.771721460,BATCH-G-20230629
REV-00006561,SKU-0001959,user_63625,Christopher,4,"Not bad, not great either.",2023-08-27,False,NEUTRAL,1,SOURCE_G_REVIEWS,reviews_2023.csv,2023-08-28T01:25:04.450733159,BATCH-G-20230827
REV-00006563,SKU-0014497,user_9024396,Randy Hicks,5,   Great  value  for  money.   ,2023-08-10,False,POSITIVE,1,SOURCE_G_REVIEWS,reviews_2023.csv,2023-08-11T02:29:59.773247048,BATCH-G-20230810
REV-00006569,SKU-0008913,user_9028130,Donna,5,Better than I expected for the price.,2023-01-27,False,POSITIVE,10,SOURCE_G_REVIEWS,reviews_2023.csv,2023-01-27T16:48:04.391402869,BATCH-G-20230127
REV-00006573,SKU-0013020,user_9008311,Frank,5,Exceeded my expectations.,2023-10-29,True,POSITIVE,0,SOURCE_G_REVIEWS,reviews_2023.csv,2023-10-29T04:56:52.670868887,BATCH-G-20231029
REV-00006578,SKU-0019297,user_40772,Debra,4,Great value for money.,2023-01-10,False,POSITIVE,0,SOURCE_G_REVIEWS,reviews_2023.csv,2023-01-11T05:54:22.015487747,BATCH-G-20230110
REV-00006582,SKU-0009899,user_9024064,Dawn Jacobs,3,"Average quality, nothing special.",2023-02-28,True,NEUTRAL,0,SOURCE_G_REVIEWS,reviews_2023.csv,2023-02-28T11:06:37.336385283,BATCH-G-20230228
REV-00006596,SKU-0008891,user_41878,Phillip Baldwin,4,"Muy buen producto, lo recomiendo. Better than I expected for the price.",2023-01-16,True,POSITIVE,0,SOURCE_G_REVIEWS,reviews_2023.csv,2023-01-16T10:29:22.836076409,BATCH-G-20230116
REV-00006608,SKU-0019706,user_14352,Deborah Webb,5,Highly recommend this product.,2023-02-15,True,POSITIVE,10,SOURCE_G_REVIEWS,reviews_2023.csv,2023-02-16T03:25:05.328195313,BATCH-G-20230215
REV-00006626,SKU-0009086,user_53234,Mary,4,"Absolutely love it, works perfectly!",2023-11-28,False,POSITIVE,1,SOURCE_G_REVIEWS,reviews_2023.csv,2023-11-28T09:02:27.837390365,BATCH-G-20231128
REV-00006629,SKU-0000054,user_9026102,Terri Washington,5,Highly recommend this product.,2023-03-19,False,POSITIVE,4,SOURCE_G_REVIEWS,reviews_2023.csv,2023-03-20T01:35:56.670187119,BATCH-G-20230319
REV-00006634,SKU-9974039,user_40676,Justin Hoffman,1,Wrong item was shipped to me. 😍,2023-02-13,True,NEGATIVE,1,SOURCE_G_REVIEWS,reviews_2023.csv,2023-02-13T00:43:19.746929308,BATCH-G-20230213
REV-00006635,SKU-0005097,user_55426,Lauren,4,Better than I expected for the price.,2023-11-19,True,POSITIVE,0,SOURCE_G_REVIEWS,reviews_2023.csv,2023-11-19T08:21:50.075661234,BATCH-G-20231119
REV-00006637,SKU-0020073,user_9017122,Monica Garrett,1,Not as described at all.,2023-09-01,True,NEGATIVE,1,SOURCE_G_REVIEWS,reviews_2023.csv,2023-09-01T08:28:47.484610157,BATCH-G-20230901
REV-00006646,SKU-0015728,user_9006154,John Villa,5,गुणवत्ता ठीक नहीं थी।,2023-10-05,True,POSITIVE,9,SOURCE_G_REVIEWS,reviews_2023.csv,2023-10-05T05:46:52.237705624,BATCH-G-20231005
REV-00006648,SKU-0007780,user_14450,Jessica Bradley,3,"Average quality, nothing special.",2023-08-27,False,NEUTRAL,0,SOURCE_G_REVIEWS,reviews_2023.csv,2023-08-28T03:38:35.749086500,BATCH-G-20230827
REV-00006664,SKU-0017288,user_9030231,James,2,Not as described at all.,2023-03-02,True,NEGATIVE,4,SOURCE_G_REVIEWS,reviews_2023.csv,2023-03-02T09:29:18.354875570,BATCH-G-20230302
REV-00006668,SKU-0003975,,Anonymous,4,"Perfect gift, they loved it!",2023-02-11,True,POSITIVE,6,SOURCE_G_REVIEWS,reviews_2023.csv,2023-02-11T13:12:39.616266793,BATCH-G-20230211
REV-00006669,SKU-0014487,user_9034207,Harry,5,"Solid build quality, no complaints.",2023-10-22,False,POSITIVE,1,SOURCE_G_REVIEWS,reviews_2023.csv,2023-10-22T07:37:46.257508400,BATCH-G-20231022
REV-00006672,SKU-0013326,user_9026510,Karen,5,"Absolutely love it, works perfectly!",2023-11-06,True,POSITIVE,0,SOURCE_G_REVIEWS,reviews_2023.csv,2023-11-06T19:29:18.398337576,BATCH-G-20231106
REV-00006694,SKU-0002345,user_9000216,Cynthia Kaufman,5,Exceeded my expectations.,2023-03-12,False,POSITIVE,2,SOURCE_G_REVIEWS,reviews_2023.csv,2023-03-12T08:06:01.814766287,BATCH-G-20230312
REV-00006699,SKU-0017264,user_9029109,Kevin Miles,1,"Waste of money, do not buy.",2023-01-11,True,NEGATIVE,1,SOURCE_G_REVIEWS,reviews_2023.csv,2023-01-12T04:29:06.001457609,BATCH-G-20230111
REV-00006700,SKU-0005402,user_11925,Anita Benson,4,No cumplió mis expectativas.,2023-05-03,False,POSITIVE,4,SOURCE_G_REVIEWS,reviews_2023.csv,2023-05-03T04:25:49.610590726,BATCH-G-20230503
REV-00006701,SKU-0017825,user_6834,Diana,2,Decent but overpriced a bit.,2023-12-24,True,NEUTRAL,0,SOURCE_G_REVIEWS,reviews_2023.csv,2023-12-24T00:34:57.100923109,BATCH-G-20231224
REV-00006715,SKU-0019264,user_9029272,Keith Huffman,5,"Solid build quality, no complaints.",2023-08-19,False,POSITIVE,4,SOURCE_G_REVIEWS,reviews_2023.csv,2023-08-20T05:48:59.709116239,BATCH-G-20230819
REV-00006715-BOT,SKU-0019264,user_49202,Jeffery Liu,5,"Solid build quality, no complaints.",2023-08-19,False,POSITIVE,0,SOURCE_G_REVIEWS,reviews_2023.csv,2023-08-20T05:48:59.709116239,BATCH-G-20230819
REV-00006722,SKU-9982651,,Anonymous,5,Will definitely buy again.,2023-06-24,False,POSITIVE,1,SOURCE_G_REVIEWS,reviews_2023.csv,2023-06-24T10:48:40.701708597,BATCH-G-20230624
REV-00006727,SKU-0001787,user_36689,Jennifer Bell,3,"   It's  okay,  does  the  job.   ",2023-01-06,False,NEUTRAL,1,SOURCE_G_REVIEWS,reviews_2023.csv,2023-01-07T01:25:00.198620528,BATCH-G-20230106
REV-00006729,SKU-0015387,,Anonymous,4,"Solid build quality, no complaints.",2023-09-10,False,POSITIVE,2,SOURCE_G_REVIEWS,reviews_2023.csv,2023-09-10T11:49:35.204033792,BATCH-G-20230910
REV-00006749,SKU-9939002,user_4586,Melissa Finley,5,Will definitely buy again.,2023-11-12,False,POSITIVE,-5,SOURCE_G_REVIEWS,reviews_2023.csv,2023-11-12T14:26:06.353998161,BATCH-G-20231112
REV-00006761,SKU-0006133,user_32271,Jennifer,5,Fast delivery and great quality.,2023-04-06,False,POSITIVE,3,SOURCE_G_REVIEWS,reviews_2023.csv,2023-04-06T05:26:37.950105679,BATCH-G-20230406
REV-00006783,SKU-0013433,user_49128,Alexander Barron,4,"Not bad, not great either.",2023-03-30,False,NEUTRAL,1,SOURCE_G_REVIEWS,reviews_2023.csv,2023-03-30T06:09:47.076738542,BATCH-G-20230330
REV-00006787,SKU-0007963,user_28120,Kevin Soto,4,Great value for money.,2023-05-06,False,POSITIVE,4,SOURCE_G_REVIEWS,reviews_2023.csv,2023-05-06T10:36:57.376476350,BATCH-G-20230506
REV-00006804,SKU-0004347,user_40707,Karen Walters,4,Exceeded my expectations.,2023-12-15,True,POSITIVE,1,SOURCE_G_REVIEWS,reviews_2023.csv,2023-12-15T11:02:03.690974927,BATCH-G-20231215
REV-00006814,SKU-0000316,,Anonymous,5,Great value for money.,2023-05-28,False,POSITIVE,13,SOURCE_G_REVIEWS,reviews_2023.csv,2023-05-28T18:26:35.191318360,BATCH-G-20230528
REV-00006817,SKU-0009650,user_9011888,Jason Ramirez DVM,5,Great value for money.,2023-05-31,False,POSITIVE,4,SOURCE_G_REVIEWS,reviews_2023.csv,2023-05-31T00:57:21.242010343,BATCH-G-20230531
REV-00006826,SKU-0011834,user_6636,Mrs.,5,Will definitely buy again.,2023-10-20,True,POSITIVE,1,SOURCE_G_REVIEWS,reviews_2023.csv,2023-10-20T12:22:57.697793707,BATCH-G-20231020
REV-00006830,SKU-0012149,,Anonymous,3,"Matches the description, no issues.",2023-05-13,True,NEUTRAL,2,SOURCE_G_REVIEWS,reviews_2023.csv,2023-05-13T03:07:29.583451695,BATCH-G-20230513
REV-00006835,SKU-0013197,,Anonymous,4,Great value for money.,2023-12-14,False,POSITIVE,8,SOURCE_G_REVIEWS,reviews_2023.csv,2023-12-15T04:10:05.931890634,BATCH-G-20231214
REV-00006836,SKU-0012593,user_46419,Jonathan Andrade,5,"Matches the description, no issues.",2023-03-16,False,NEUTRAL,0,SOURCE_G_REVIEWS,reviews_2023.csv,2023-03-16T20:40:39.554188514,BATCH-G-20230316
REV-00006839,SKU-0008449,user_40978,John,4,"<i>edited</i>Absolutely love it, works perfectly!<br>",2023-04-30,False,POSITIVE,5,SOURCE_G_REVIEWS,reviews_2023.csv,2023-04-30T10:33:53.233443259,BATCH-G-20230430
REV-00006841,SKU-0002128,user_9031507,Ryan Hayden,1,"Waste of money, do not buy. 😐💯",2023-07-03,True,NEGATIVE,2,SOURCE_G_REVIEWS,reviews_2023.csv,2023-07-03T18:26:35.432485165,BATCH-G-20230703
REV-00006849,SKU-0011856,user_9002566,Luis,5,Exceeded my expectations. 😡😡,2023-07-22,True,POSITIVE,1,SOURCE_G_REVIEWS,reviews_2023.csv,2023-07-22T06:58:14.332083336,BATCH-G-20230722
REV-00006853,SKU-0000741,user_38985,Juan Chung,4,Exceeded my expectations.,2023-07-29,True,POSITIVE,1,SOURCE_G_REVIEWS,reviews_2023.csv,2023-07-29T01:49:00.508349039,BATCH-G-20230729
REV-00006858,SKU-0017357,user_16450,Scott Silva,5,Highly recommend this product.,2023-08-13,False,POSITIVE,1,SOURCE_G_REVIEWS,reviews_2023.csv,2023-08-13T09:29:06.066919435,BATCH-G-20230813
REV-00006860,SKU-0011625,user_40060,Lisa Jennings,5,Will definitely buy again.,2023-12-09,False,POSITIVE,2,SOURCE_G_REVIEWS,reviews_2023.csv,2023-12-09T11:38:37.025694143,BATCH-G-20231209
REV-00006880,SKU-0005884,,Anonymous,4,-,2023-08-08,True,POSITIVE,10,SOURCE_G_REVIEWS,reviews_2023.csv,2023-08-08T19:38:09.405543775,BATCH-G-20230808
REV-00006884,SKU-0006786,user_22281,Anthony Payne,4,"Absolutely love it, works perfectly!",2023-06-14,True,POSITIVE,0,SOURCE_G_REVIEWS,reviews_2023.csv,2023-06-14T18:15:40.457552542,BATCH-G-20230614
REV-00006892,SKU-0016069,user_59490,Rachel,2,Excellent rapport qualité-prix.,2023-08-08,False,NEGATIVE,0,SOURCE_G_REVIEWS,reviews_2023.csv,2023-08-08T05:17:30.393599159,BATCH-G-20230808
REV-00006909,SKU-0019234,user_9010340,Kaitlyn Mckay,5,Fast delivery and great quality. 🔥,2023-04-21,True,POSITIVE,5,SOURCE_G_REVIEWS,reviews_2023.csv,2023-04-21T06:15:30.239041576,BATCH-G-20230421
REV-00006919,SKU-0018160,user_9020132,Brenda Foster,4,"Absolutely love it, works perfectly!",2023-07-26,True,POSITIVE,1,SOURCE_G_REVIEWS,reviews_2023.csv,2023-07-26T15:55:40.427757448,BATCH-G-20230726
REV-00006920,SKU-0008998,user_42607,Karen Castillo,5,Great value for money.,2023-08-13,True,POSITIVE,2,SOURCE_G_REVIEWS,reviews_2023.csv,2023-08-13T16:17:20.722349439,BATCH-G-20230813
REV-00006925,SKU-0005057,user_7973,Steven Juarez,5,Exceeded my expectations.,2023-12-05,False,POSITIVE,0,SOURCE_G_REVIEWS,reviews_2023.csv,2023-12-06T03:14:05.535915448,BATCH-G-20231205
REV-00006934,SKU-0014012,user_9034501,Virginia Walker,3,"Matches the description, no issues.",2023-05-17,False,NEUTRAL,3,SOURCE_G_REVIEWS,reviews_2023.csv,2023-05-18T00:44:11.868426060,BATCH-G-20230517
REV-00006962,SKU-0014544,,Anonymous,4,"Muy buen producto, lo recomiendo.",2023-01-25,False,POSITIVE,-4,SOURCE_G_REVIEWS,reviews_2023.csv,2023-01-26T04:37:31.302350247,BATCH-G-20230125
REV-00006972,SKU-0003007,user_9002944,Kari,1,Stopped working after a week.,2023-10-01,False,NEGATIVE,7,SOURCE_G_REVIEWS,reviews_2023.csv,2023-10-01T17:27:40.646840487,BATCH-G-20231001
REV-00006982,SKU-0000319,user_9010791,Jennifer,2,   Very  disappointed  with  the  quality.  😍   ,2023-01-30,True,NEGATIVE,1,SOURCE_G_REVIEWS,reviews_2023.csv,2023-01-30T04:39:10.140832126,BATCH-G-20230130
REV-00006986,SKU-0005257,user_30116,Aaron Bell,4,   &nbsp;Exceeded  my  expectations.</p>   ,2023-11-19,True,POSITIVE,4,SOURCE_G_REVIEWS,reviews_2023.csv,2023-11-19T22:01:51.293274370,BATCH-G-20231119
REV-00006993,SKU-0015543,user_43288,Emily Walker,4,"Solid build quality, no complaints.",2023-04-19,True,POSITIVE,3,SOURCE_G_REVIEWS,reviews_2023.csv,2023-04-19T07:44:18.668265749,BATCH-G-20230419
REV-00006997,SKU-0008695,user_24904,Eric,5,"Solid build quality, no complaints.",2023-10-30,False,POSITIVE,4,SOURCE_G_REVIEWS,reviews_2023.csv,2023-10-31T00:47:12.213862489,BATCH-G-20231030
REV-00006998,SKU-0007925,user_25938,Teresa,4,"Exactly as described, very happy.",2023-03-31,False,POSITIVE,3,SOURCE_G_REVIEWS,reviews_2023.csv,2023-03-31T02:44:55.620875585,BATCH-G-20230331
REV-00006998-DUP,SKU-0007925,user_25938,Teresa,4,"Exactly as described, very happy.",2023-03-31,False,POSITIVE,3,SOURCE_G_REVIEWS,reviews_2023.csv,2023-03-31T03:20:55.620875585,BATCH-G-20230331
REV-00007003,SKU-0017705,user_64312,Laura,4,No cumplió mis expectativas. Will definitely buy again.,2023-11-26,False,POSITIVE,15,SOURCE_G_REVIEWS,reviews_2023.csv,2023-11-26T17:26:44.591356176,BATCH-G-20231126
REV-00007028,SKU-0019602,user_44774,Stacy Sanchez,4,Great value for money.,2023-10-03,True,POSITIVE,2,SOURCE_G_REVIEWS,reviews_2023.csv,2023-10-03T14:26:45.232905700,BATCH-G-20231003
REV-00007029,SKU-0003047,user_24628,Audrey Taylor,3,"Matches the description, no issues.",2023-05-24,True,NEUTRAL,0,SOURCE_G_REVIEWS,reviews_2023.csv,2023-05-24T03:24:46.631713679,BATCH-G-20230524
REV-00007030,SKU-0013221,user_9005543,Frank Ramirez,3,"It's okay, does the job.",2023-06-05,True,NEUTRAL,0,SOURCE_G_REVIEWS,reviews_2023.csv,2023-06-06T03:31:03.419320819,BATCH-G-20230605
REV-00007037,SKU-0015195,,Anonymous,1,Very disappointed with the quality.,2023-01-01,False,NEGATIVE,5,SOURCE_G_REVIEWS,reviews_2023.csv,2023-01-02T03:24:10.575544236,BATCH-G-20230101
REV-00007045,SKU-0002216,user_37159,Wesley Floyd,4,Fast delivery and great quality.,2023-10-02,False,POSITIVE,0,SOURCE_G_REVIEWS,reviews_2023.csv,2023-10-02T12:58:49.417310515,BATCH-G-20231002
REV-00007046,SKU-0017041,user_40275,Monica Brown,5,"Perfect gift, they loved it!",2023-01-11,True,POSITIVE,0,SOURCE_G_REVIEWS,reviews_2023.csv,2023-01-11T22:21:30.450015720,BATCH-G-20230111
REV-00007054,SKU-0003279,user_56210,Ryan,4,Better than I expected for the price.,2023-02-08,True,POSITIVE,2,SOURCE_G_REVIEWS,reviews_2023.csv,2023-02-08T21:06:48.213465063,BATCH-G-20230208
REV-00007059,SKU-0008384,,Anonymous,1,"Poor packaging, item was defective.",2023-06-12,True,NEGATIVE,2,SOURCE_G_REVIEWS,reviews_2023.csv,2023-06-12T06:48:19.333310996,BATCH-G-20230612
REV-00007062,SKU-0008805,user_43803,Annette,5,Highly recommend this product.,2023-09-14,True,POSITIVE,0,SOURCE_G_REVIEWS,reviews_2023.csv,2023-09-14T18:38:45.540990498,BATCH-G-20230914
REV-00007065,SKU-0017296,user_9001447,Aaron,5,"Solid build quality, no complaints.",2023-06-24,True,POSITIVE,3,SOURCE_G_REVIEWS,reviews_2023.csv,2023-06-24T04:14:01.741826284,BATCH-G-20230624
REV-00007078,SKU-0003210,,Anonymous,5,"Exactly as described, very happy.",2023-11-09,False,POSITIVE,6,SOURCE_G_REVIEWS,reviews_2023.csv,2023-11-09T20:31:31.075122345,BATCH-G-20231109
REV-00007082,SKU-0016560,user_69034,Christina,5,"Perfect gift, they loved it!",2023-08-10,True,POSITIVE,1,SOURCE_G_REVIEWS,reviews_2023.csv,2023-08-10T12:15:06.487202489,BATCH-G-20230810
REV-00007085,SKU-0001236,user_37322,Michael,3,"Average quality, nothing special. 😢",2023-01-28,False,NEUTRAL,5,SOURCE_G_REVIEWS,reviews_2023.csv,2023-01-29T00:07:50.052610921,BATCH-G-20230128
REV-00007109,SKU-0006950,user_28081,Timothy,5,Better than I expected for the price.,2023-11-08,False,POSITIVE,8,SOURCE_G_REVIEWS,reviews_2023.csv,2023-11-09T03:56:00.378394778,BATCH-G-20231108
REV-00007112,SKU-0004349,user_9008704,Michael Hill,4,Works fine but delivery was slow.,2023-03-12,True,NEUTRAL,2,SOURCE_G_REVIEWS,reviews_2023.csv,2023-03-13T03:32:28.080662952,BATCH-G-20230312
REV-00007120,SKU-0003449,user_9017819,Chad Henry,5,Will definitely buy again.,2023-09-27,False,POSITIVE,2,SOURCE_G_REVIEWS,reviews_2023.csv,2023-09-27T17:50:41.992700135,BATCH-G-20230927
REV-00007123,SKU-0009988,user_9004277,Cindy,1,"Waste of money, do not buy.",2023-06-23,False,NEGATIVE,0,SOURCE_G_REVIEWS,reviews_2023.csv,2023-06-23T08:56:30.718460750,BATCH-G-20230623
REV-00007127,SKU-0003686,user_9002268,Amy Perez,5,"Solid build quality, no complaints.",2023-07-26,True,POSITIVE,1,SOURCE_G_REVIEWS,reviews_2023.csv,2023-07-26T15:01:42.492254915,BATCH-G-20230726
REV-00007127-DUP,SKU-0003686,user_9002268,Amy Perez,5,"Solid build quality, no complaints.",2023-07-26,True,POSITIVE,1,SOURCE_G_REVIEWS,reviews_2023.csv,2023-07-26T15:30:42.492254915,BATCH-G-20230726
REV-00007140,SKU-0005186,user_8166,Emily Harrison,1,"Cheaply made, broke immediately.",2023-09-15,True,NEGATIVE,1,SOURCE_G_REVIEWS,reviews_2023.csv,2023-09-16T02:54:59.905317148,BATCH-G-20230915
REV-00007146,SKU-0001340,,Anonymous,1,Very disappointed with the quality.,2023-01-07,False,NEGATIVE,1,SOURCE_G_REVIEWS,reviews_2023.csv,2023-01-07T18:52:02.586205732,BATCH-G-20230107
REV-00007149,SKU-0013879,user_9019214,Michael Ferguson,5,"<b>Update:</b>Perfect gift, they loved it!<b>Update:</b>",2023-07-27,True,POSITIVE,6,SOURCE_G_REVIEWS,reviews_2023.csv,2023-07-27T14:38:16.105488405,BATCH-G-20230727
REV-00007150,SKU-0002105,,Anonymous,4,Will definitely buy again. 🔥,2023-06-30,True,POSITIVE,0,SOURCE_G_REVIEWS,reviews_2023.csv,2023-06-30T02:07:12.808339573,BATCH-G-20230630
REV-00007152,SKU-0014299,user_40722,Paul Whitney,5,Great value for money.,2023-07-18,True,POSITIVE,2,SOURCE_G_REVIEWS,reviews_2023.csv,2023-07-18T19:51:24.533586174,BATCH-G-20230718
REV-00007166,SKU-0008107,user_9032898,Tanya Schultz,5,Exceeded my expectations.,2023-11-26,True,POSITIVE,1,SOURCE_G_REVIEWS,reviews_2023.csv,2023-11-26T19:51:56.443878085,BATCH-G-20231126
REV-00007167,SKU-0011137,user_23553,Courtney Cannon,5,"Solid build quality, no complaints.",2023-02-07,True,POSITIVE,0,SOURCE_G_REVIEWS,reviews_2023.csv,2023-02-08T00:16:30.236383975,BATCH-G-20230207
REV-00007168,SKU-0000972,user_48008,Justin Walker,4,<br>No cumplió mis expectativas. Will definitely buy again.<i>edited</i>,2023-06-13,True,POSITIVE,8,SOURCE_G_REVIEWS,reviews_2023.csv,2023-06-14T00:56:14.665997759,BATCH-G-20230613
REV-00007175,SKU-0011604,user_9029740,Dawn,2,Arrived damaged and support was unhelpful.,2023-10-12,False,NEGATIVE,10,SOURCE_G_REVIEWS,reviews_2023.csv,2023-10-13T05:52:15.945769905,BATCH-G-20231012
REV-00007192,SKU-0004692,,Anonymous,4,"Solid build quality, no complaints.",2023-11-28,False,POSITIVE,2,SOURCE_G_REVIEWS,reviews_2023.csv,2023-11-28T23:50:07.492787945,BATCH-G-20231128
REV-00007195,SKU-0003528,user_62519,Scott Ritter,4,Will definitely buy again.,2023-08-06,False,POSITIVE,0,SOURCE_G_REVIEWS,reviews_2023.csv,2023-08-07T04:56:33.129096784,BATCH-G-20230806
REV-00007198,SKU-0013384,user_9016953,Regina Moss,5,Better than I expected for the price. 😢😡,2023-04-09,True,POSITIVE,7,SOURCE_G_REVIEWS,reviews_2023.csv,2023-04-09T02:17:48.173115964,BATCH-G-20230409
REV-00007200,SKU-0008392,user_31758,Catherine Rowe,4,"Perfect gift, they loved it!",2023-02-27,True,POSITIVE,4,SOURCE_G_REVIEWS,reviews_2023.csv,2023-02-27T03:40:25.997714375,BATCH-G-20230227
REV-00007201,SKU-0015933,user_9009797,Seth Morrow,5,Highly recommend this product.,2023-11-23,False,POSITIVE,0,SOURCE_G_REVIEWS,reviews_2023.csv,2023-11-23T13:12:05.650050203,BATCH-G-20231123
REV-00007203,SKU-0002887,user_53543,Joshua Beltran,5,"&nbsp;Solid build quality, no complaints.<b>Update:</b>",2023-01-01,True,POSITIVE,0,SOURCE_G_REVIEWS,reviews_2023.csv,2023-01-01T02:58:02.486231875,BATCH-G-20230101
REV-00007207,SKU-0008805,user_9019313,Summer Rush,3,"Matches the description, no issues.",2023-12-14,True,NEUTRAL,5,SOURCE_G_REVIEWS,reviews_2023.csv,2023-12-15T03:49:49.179020067,BATCH-G-20231214
REV-00007229,SKU-0012258,user_33178,Jennifer Clarke,4,Great value for money.,2023-11-10,False,POSITIVE,1,SOURCE_G_REVIEWS,reviews_2023.csv,2023-11-10T05:38:25.697387995,BATCH-G-20231110
REV-00007232,SKU-0001103,,Anonymous,5,Highly recommend this product.,2023-06-24,False,POSITIVE,7,SOURCE_G_REVIEWS,reviews_2023.csv,2023-06-24T17:21:47.472410667,BATCH-G-20230624
REV-00007235,SKU-0009373,user_9000587,George Jones,3,Decent but overpriced a bit. 👍,2023-10-03,False,NEUTRAL,0,SOURCE_G_REVIEWS,reviews_2023.csv,2023-10-03T07:27:35.716461695,BATCH-G-20231003
REV-00007236,SKU-9943148,user_9023527,Leah Chambers,1,Not as described at all.,2023-10-09,True,NEGATIVE,0,SOURCE_G_REVIEWS,reviews_2023.csv,2023-10-09T18:05:21.757259406,BATCH-G-20231009
REV-00007237,SKU-0014569,,Anonymous,5,Fast delivery and great quality.,2023-02-23,True,POSITIVE,4,SOURCE_G_REVIEWS,reviews_2023.csv,2023-02-23T16:57:40.813446509,BATCH-G-20230223
REV-00007237-DUP,SKU-0014569,,Anonymous,5,Fast delivery and great quality.,2023-02-23,True,POSITIVE,4,SOURCE_G_REVIEWS,reviews_2023.csv,2023-02-23T17:32:40.813446509,BATCH-G-20230223
REV-00007239,SKU-0014857,user_9033370,Janice Johnson,4,Great value for money.,2023-06-18,False,POSITIVE,6,SOURCE_G_REVIEWS,reviews_2023.csv,2023-06-19T01:31:07.964308473,BATCH-G-20230618
REV-00007246,SKU-0009308,user_58495,Timothy Jordan,5,Better than I expected for the price.,2023-06-30,True,POSITIVE,3,SOURCE_G_REVIEWS,reviews_2023.csv,2023-06-30T12:57:27.018534467,BATCH-G-20230630
REV-00007252,SKU-0008632,user_9022152,Matthew Crane,5,"<b>Update:</b>Absolutely love it, works perfectly!<b>Update:</b>",2023-12-22,True,POSITIVE,3,SOURCE_G_REVIEWS,reviews_2023.csv,2023-12-22T06:46:24.501989324,BATCH-G-20231222
REV-00007254,SKU-0016307,user_9024520,Samantha Hernandez,4,Exceeded my expectations.,2023-09-21,False,POSITIVE,1,SOURCE_G_REVIEWS,reviews_2023.csv,2023-09-21T18:38:12.045356018,BATCH-G-20230921
REV-00007258,SKU-0008870,user_54512,Blake,5,"Absolutely love it, works perfectly! 😢",2023-01-12,False,POSITIVE,1,SOURCE_G_REVIEWS,reviews_2023.csv,2023-01-12T14:56:38.533580337,BATCH-G-20230112
REV-00007271,SKU-0016464,user_9034791,Monica,3,"&nbsp;Not bad, not great either.<br>",2023-12-23,True,NEUTRAL,1,SOURCE_G_REVIEWS,reviews_2023.csv,2023-12-23T09:10:39.518943222,BATCH-G-20231223
REV-00007289,SKU-9937901,,Anonymous,4,"Perfect gift, they loved it!",2023-01-31,True,POSITIVE,3,SOURCE_G_REVIEWS,reviews_2023.csv,2023-01-31T13:57:26.722499936,BATCH-G-20230131
REV-00007311,SKU-0019549,user_64911,Glenn Hampton,5,Exceeded my expectations.,2023-11-25,True,POSITIVE,1,SOURCE_G_REVIEWS,reviews_2023.csv,2023-11-25T14:12:54.182951513,BATCH-G-20231125
REV-00007338,SKU-0013441,user_9020977,Kelly,4,Exceeded my expectations.,2023-06-27,True,POSITIVE,0,SOURCE_G_REVIEWS,reviews_2023.csv,2023-06-28T04:07:36.805319720,BATCH-G-20230627
REV-00007342,SKU-0006361,user_9016270,Jocelyn Davis,5,"Absolutely love it, works perfectly!",2023-10-04,False,POSITIVE,0,SOURCE_G_REVIEWS,reviews_2023.csv,2023-10-05T00:13:23.882418272,BATCH-G-20231004
REV-00007349,SKU-0015834,,Anonymous,-,"Cheaply made, broke immediately.",2023-01-21,False,NEGATIVE,0,SOURCE_G_REVIEWS,reviews_2023.csv,2023-01-21T20:06:06.133495908,BATCH-G-20230121
REV-00007357,SKU-0014638,user_9016113,Samantha Rowland,4,Will definitely buy again.,2023-01-20,True,POSITIVE,1,SOURCE_G_REVIEWS,reviews_2023.csv,2023-01-20T16:24:48.193770418,BATCH-G-20230120
REV-00007361,SKU-0001927,user_39478,Noah Smith,3,"Not bad, not great either.",2023-06-14,True,NEUTRAL,0,SOURCE_G_REVIEWS,reviews_2023.csv,2023-06-14T08:12:45.567896141,BATCH-G-20230614
REV-00007361-DUP,SKU-0001927,user_39478,Noah Smith,3,"Not bad, not great either.",2023-06-14,True,NEUTRAL,0,SOURCE_G_REVIEWS,reviews_2023.csv,2023-06-14T09:04:45.567896141,BATCH-G-20230614
REV-00007365,SKU-0000625,user_47038,George,4,"Perfect gift, they loved it!",2023-10-21,True,POSITIVE,1,SOURCE_G_REVIEWS,reviews_2023.csv,2023-10-21T14:20:19.462981745,BATCH-G-20231021
REV-00007367,SKU-0004510,user_9013621,Sheri Griffin,3,Works fine but delivery was slow.,2023-10-04,True,NEUTRAL,2,SOURCE_G_REVIEWS,reviews_2023.csv,2023-10-04T10:35:10.528834476,BATCH-G-20231004
REV-00007370,SKU-0013673,user_9015145,Edwin Jones,5,"Exactly as described, very happy.",2023-10-13,False,POSITIVE,3,SOURCE_G_REVIEWS,reviews_2023.csv,2023-10-14T01:35:10.211479995,BATCH-G-20231013
REV-00007374,SKU-0001323,user_9023416,Tyler,5,"Absolutely love it, works perfectly!",2023-02-23,True,POSITIVE,6,SOURCE_G_REVIEWS,reviews_2023.csv,2023-02-23T06:02:12.118876983,BATCH-G-20230223
REV-00007383,SKU-0006435,,Anonymous,2,"Waste of money, do not buy.",2023-07-30,False,NEGATIVE,7,SOURCE_G_REVIEWS,reviews_2023.csv,2023-07-30T20:14:59.344198211,BATCH-G-20230730
REV-00007385,SKU-0016652,,Anonymous,4,"It's okay, does the job.",2023-04-17,True,NEUTRAL,5,SOURCE_G_REVIEWS,reviews_2023.csv,2023-04-17T13:10:11.599012378,BATCH-G-20230417
REV-00007388,SKU-0008235,,Anonymous,4,Exceeded my expectations.,2023-01-06,True,POSITIVE,8,SOURCE_G_REVIEWS,reviews_2023.csv,2023-01-19T16:00:00,BATCH-G-20230106
REV-00007392,SKU-0007833,user_69742,Billy,3,Decent but overpriced a bit.,2023-12-07,True,NEUTRAL,4,SOURCE_G_REVIEWS,reviews_2023.csv,2023-12-08T05:30:08.894676470,BATCH-G-20231207
REV-00007393,SKU-9969247,,Anonymous,5,Great value for money.,2023-11-17,False,POSITIVE,0,SOURCE_G_REVIEWS,reviews_2023.csv,2023-11-17T12:04:08.767315338,BATCH-G-20231117
REV-00007410,SKU-0010484,,Anonymous,5,"Absolutely love it, works perfectly!",2023-03-09,True,POSITIVE,6,SOURCE_G_REVIEWS,reviews_2023.csv,2023-03-09T18:03:26.707709940,BATCH-G-20230309
REV-00007415,SKU-0001448,user_9025588,Emily,3,"Not bad, not great either.",2023-09-03,True,NEUTRAL,0,SOURCE_G_REVIEWS,reviews_2023.csv,2023-09-03T16:38:49.821869262,BATCH-G-20230903
REV-00007437,SKU-0007130,user_17689,Brandon Brown,3,Works fine but delivery was slow.,2023-02-21,True,NEUTRAL,1,SOURCE_G_REVIEWS,reviews_2023.csv,2023-02-22T04:07:37.848011652,BATCH-G-20230221
REV-00007444,SKU-0007920,user_9033268,Rickey,4,"Absolutely love it, works perfectly!",2023-08-30,True,POSITIVE,0,SOURCE_G_REVIEWS,reviews_2023.csv,2023-08-30T03:56:34.551446667,BATCH-G-20230830
REV-00007453,SKU-0018548,user_58405,Jennifer White,5,Great value for money.,2023-08-23,False,POSITIVE,0,SOURCE_G_REVIEWS,reviews_2023.csv,2023-08-24T03:54:37.982524322,BATCH-G-20230823
REV-00007458,SKU-0007985,user_9018156,Phyllis Morgan,5,<i>edited</i>Great value for money.<p>,2023-10-17,False,POSITIVE,10,SOURCE_G_REVIEWS,reviews_2023.csv,2023-10-17T22:09:54.271689886,BATCH-G-20231017
REV-00007460,SKU-0009944,,Anonymous,3,"It's okay, does the job.",2023-05-11,False,NEUTRAL,7,SOURCE_G_REVIEWS,reviews_2023.csv,2023-05-12T05:17:04.899091894,BATCH-G-20230511
REV-00007466,SKU-0008892,user_9006118,Christopher Clayton DVM,5,"Perfect gift, they loved it!",2023-10-27,True,POSITIVE,3,SOURCE_G_REVIEWS,reviews_2023.csv,2023-10-27T19:38:12.248347944,BATCH-G-20231027
REV-00007469,SKU-0000490,user_39313,Tracy Benson,3,"Not bad, not great either.",2023-12-08,False,NEUTRAL,2,SOURCE_G_REVIEWS,reviews_2023.csv,2023-12-08T19:08:22.117303962,BATCH-G-20231208
REV-00007474,SKU-0006209,,Anonymous,5,Will definitely buy again. 😐,2023-08-12,True,POSITIVE,4,SOURCE_G_REVIEWS,reviews_2023.csv,2023-08-17T17:00:00,BATCH-G-20230812
REV-00007479,SKU-0019570,user_9024754,Kylie,1,"Cheaply made, broke immediately.",2023-04-07,True,NEGATIVE,2,SOURCE_G_REVIEWS,reviews_2023.csv,2023-04-07T21:12:38.118433303,BATCH-G-20230407
REV-00007492,SKU-0003768,user_9005150,Ronald,5,<b>Update:</b>Fast delivery and great quality.<p>,2023-03-14,False,POSITIVE,5,SOURCE_G_REVIEWS,reviews_2023.csv,2023-03-14T12:29:35.678766992,BATCH-G-20230314
REV-00007495,SKU-9931065,user_62253,Erica Murray,4,Decent but overpriced a bit.,2023-09-10,False,NEUTRAL,1,SOURCE_G_REVIEWS,reviews_2023.csv,2023-09-10T09:14:00.036149292,BATCH-G-20230910
REV-00007513,SKU-9948137,user_12171,Miss,4,Exceeded my expectations.,2023-02-26,True,POSITIVE,1,SOURCE_G_REVIEWS,reviews_2023.csv,2023-02-26T14:49:08.337039622,BATCH-G-20230226
REV-00007524,SKU-0006889,,Anonymous,5,Will definitely buy again.,2023-05-19,False,POSITIVE,4,SOURCE_G_REVIEWS,reviews_2023.csv,2023-05-19T16:27:37.584247573,BATCH-G-20230519
REV-00007527,SKU-0006411,user_52716,Kyle Lee,5,Exceeded my expectations.,2023-04-21,True,POSITIVE,4,SOURCE_G_REVIEWS,reviews_2023.csv,2023-04-21T21:33:30.461983615,BATCH-G-20230421
REV-00007539,SKU-0010556,user_12911,John,3,"It's okay, does the job.",2023-08-31,False,NEUTRAL,0,SOURCE_G_REVIEWS,reviews_2023.csv,2023-08-31T01:50:10.064089029,BATCH-G-20230831
REV-00007541,SKU-0008516,user_9016679,Paula Wilson,5,"Exactly as described, very happy. 😀",2023-01-26,False,POSITIVE,0,SOURCE_G_REVIEWS,reviews_2023.csv,2023-02-11T11:00:00,BATCH-G-20230126
REV-00007545,SKU-0000963,user_53109,Mario Byrd,4,"Solid build quality, no complaints.",2023-05-26,False,POSITIVE,0,SOURCE_G_REVIEWS,reviews_2023.csv,2023-05-26T22:58:05.463404551,BATCH-G-20230526
REV-00007559,SKU-0006263,user_9013768,Matthew,3,"It's okay, does the job.",2023-09-21,True,NEUTRAL,0,SOURCE_G_REVIEWS,reviews_2023.csv,2023-09-22T00:09:46.336404754,BATCH-G-20230921
REV-00007564,SKU-0013263,user_9022041,Kimberly,4,Fast delivery and great quality. ⭐,2023-07-21,True,POSITIVE,6,SOURCE_G_REVIEWS,reviews_2023.csv,2023-07-22T04:10:15.785979887,BATCH-G-20230721
REV-00007565,SKU-0019556,user_9013178,John Vasquez,,Not as described at all.,2023-04-15,False,NEGATIVE,6,SOURCE_G_REVIEWS,reviews_2023.csv,2023-04-15T19:12:11.574156214,BATCH-G-20230415
REV-00007566,SKU-0017618,user_64769,Diane Andrews,5,"Solid build quality, no complaints.",2023-11-16,False,POSITIVE,2,SOURCE_G_REVIEWS,reviews_2023.csv,2023-11-17T00:19:24.022181771,BATCH-G-20231116
REV-00007569,SKU-0020159,user_9018225,Belinda Lane,4,Highly recommend this product.,2023-06-10,True,POSITIVE,2,SOURCE_G_REVIEWS,reviews_2023.csv,2023-06-10T12:20:23.453487346,BATCH-G-20230610
REV-00007571,SKU-0013345,user_9033103,Michael Parker,4,Highly recommend this product.,2023-12-08,True,POSITIVE,0,SOURCE_G_REVIEWS,reviews_2023.csv,2023-12-08T16:30:54.846256509,BATCH-G-20231208
REV-00007572,SKU-0006848,user_9003925,Richard,4,Will definitely buy again.,2023-02-25,True,POSITIVE,0,SOURCE_G_REVIEWS,reviews_2023.csv,2023-02-26T04:34:04.495403822,BATCH-G-20230225
REV-00007574,SKU-0010707,user_39061,Amy,4,"Exactly as described, very happy.",2023-06-14,True,POSITIVE,2,SOURCE_G_REVIEWS,reviews_2023.csv,2023-06-14T21:48:40.142093423,BATCH-G-20230614
REV-00007583,SKU-0006907,user_8256,Barbara,unknown,"It's okay, does the job.",2023-07-04,True,NEUTRAL,1,SOURCE_G_REVIEWS,reviews_2023.csv,2023-07-04T09:39:44.239484621,BATCH-G-20230704
REV-00007584,SKU-0018964,user_18503,Aaron Mclaughlin,1,Arrived damaged and support was unhelpful.,2023-08-31,True,NEGATIVE,4,SOURCE_G_REVIEWS,reviews_2023.csv,2023-09-01T01:40:15.713871354,BATCH-G-20230831
REV-00007591,SKU-0005402,user_9013938,Cynthia,5,"Solid build quality, no complaints.",2023-12-11,True,POSITIVE,4,SOURCE_G_REVIEWS,reviews_2023.csv,2023-12-12T00:23:20.098086950,BATCH-G-20231211
REV-00007596,SKU-9961094,user_9031646,Mr. Joshua Ramirez,4,Exceeded my expectations.,2023-12-08,False,POSITIVE,2,SOURCE_G_REVIEWS,reviews_2023.csv,2023-12-08T02:24:51.562580234,BATCH-G-20231208
REV-00007601,SKU-0002426,user_9004622,Kevin,3,Works fine but delivery was slow.,2023-11-16,False,NEUTRAL,4,SOURCE_G_REVIEWS,reviews_2023.csv,2023-11-16T06:55:01.407435285,BATCH-G-20231116
REV-00007606,SKU-0003176,,Anonymous,4,Highly recommend this product.,2023-03-29,True,POSITIVE,1,SOURCE_G_REVIEWS,reviews_2023.csv,2023-03-29T17:29:53.987662236,BATCH-G-20230329
REV-00007607,SKU-0014165,user_22866,Beth,3,Decent but overpriced a bit.,2023-03-08,True,NEUTRAL,12,SOURCE_G_REVIEWS,reviews_2023.csv,2023-03-08T06:48:40.950289087,BATCH-G-20230308
REV-00007611,SKU-0002157,user_39538,Derek Kelly,4,Better than I expected for the price.,2023-08-26,True,POSITIVE,0,SOURCE_G_REVIEWS,reviews_2023.csv,2023-08-26T10:02:28.047045884,BATCH-G-20230826
REV-00007624,SKU-0006939,user_9034303,Cristian Lester,5,Fast delivery and great quality.,2023-11-11,False,POSITIVE,5,SOURCE_G_REVIEWS,reviews_2023.csv,2023-11-12T01:10:17.015481179,BATCH-G-20231111
REV-00007637,SKU-0005437,user_9005556,Nicole,4,   Highly  recommend  this  product.   ,2023-10-06,False,POSITIVE,0,SOURCE_G_REVIEWS,reviews_2023.csv,2023-10-06T11:57:16.415072735,BATCH-G-20231006
REV-00007639,SKU-0006091,user_9011932,Tonya Jackson,4,Will definitely buy again.,2023-07-30,False,POSITIVE,6,SOURCE_G_REVIEWS,reviews_2023.csv,2023-07-30T21:16:05.581424303,BATCH-G-20230730
REV-00007643,SKU-0011648,user_9031159,Nicole Silva,4,"Exactly as described, very happy.",2023-10-06,True,POSITIVE,2,SOURCE_G_REVIEWS,reviews_2023.csv,2023-10-06T21:35:37.604878283,BATCH-G-20231006
REV-00007658,SKU-0003329,user_9025490,Jennifer Bridges,4,"Solid build quality, no complaints.",2023-06-06,True,POSITIVE,0,SOURCE_G_REVIEWS,reviews_2023.csv,2023-06-06T22:24:52.605924588,BATCH-G-20230606
REV-00007660,SKU-0003189,user_9006097,Anna,2,Stopped working after a week.,2023-09-07,False,NEGATIVE,2,SOURCE_G_REVIEWS,reviews_2023.csv,2023-09-07T10:15:05.271053218,BATCH-G-20230907
REV-00007661,SKU-0014424,user_9018651,Whitney Washington,unknown,"Exactly as described, very happy.",2023-01-16,True,POSITIVE,0,SOURCE_G_REVIEWS,reviews_2023.csv,2023-01-16T04:40:55.992128101,BATCH-G-20230116
REV-00007662,SKU-0013498,user_61816,Tracy Tran,4,Great value for money.,2023-04-26,False,POSITIVE,4,SOURCE_G_REVIEWS,reviews_2023.csv,2023-04-26T22:55:33.343914939,BATCH-G-20230426
REV-00007663,SKU-0011167,user_47578,Deborah,5,Highly recommend this product.,2023-01-07,False,POSITIVE,5,SOURCE_G_REVIEWS,reviews_2023.csv,2023-01-07T03:01:48.527692037,BATCH-G-20230107
REV-00007665,SKU-0019523,,Anonymous,1,Wrong item was shipped to me.,2023-05-27,False,NEGATIVE,1,SOURCE_G_REVIEWS,reviews_2023.csv,2023-05-27T18:55:29.348768512,BATCH-G-20230527
REV-00007667,SKU-0008486,,Anonymous,5,Highly recommend this product.,2023-12-26,True,POSITIVE,2,SOURCE_G_REVIEWS,reviews_2023.csv,2023-12-26T10:03:25.378851508,BATCH-G-20231226
REV-00007671,SKU-0017190,user_9018015,Anthony Wade,3,"Matches the description, no issues.",2023-06-08,True,NEUTRAL,1,SOURCE_G_REVIEWS,reviews_2023.csv,2023-06-08T13:09:58.362430413,BATCH-G-20230608
REV-00007673,SKU-0019525,user_9007234,Scott Williams,5,Fast delivery and great quality.,2023-12-29,True,POSITIVE,4,SOURCE_G_REVIEWS,reviews_2023.csv,2023-12-30T01:12:56.590298073,BATCH-G-20231229
REV-00007674,SKU-0002789,,Anonymous,4,"Perfect gift, they loved it!",2023-06-18,True,POSITIVE,0,SOURCE_G_REVIEWS,reviews_2023.csv,2023-06-18T05:07:07.687379553,BATCH-G-20230618
REV-00007677,SKU-0009843,,Anonymous,4,"It's okay, does the job.",2023-07-10,False,NEUTRAL,3,SOURCE_G_REVIEWS,reviews_2023.csv,2023-07-10T02:37:37.756120672,BATCH-G-20230710
REV-00007679,SKU-0018379,user_1075,Mark West,4,"Solid build quality, no complaints.",2023-12-14,True,POSITIVE,1,SOURCE_G_REVIEWS,reviews_2023.csv,2023-12-14T22:05:25.205417385,BATCH-G-20231214
REV-00007695,SKU-0005718,user_20017,Charlene Clark,5,Highly recommend this product.,2023-01-12,True,POSITIVE,1,SOURCE_G_REVIEWS,reviews_2023.csv,2023-01-13T04:58:53.113880659,BATCH-G-20230112
REV-00007697,SKU-0015496,,Anonymous,5,"Livraison très lente, déçu. Solid build quality, no complaints.",2023-03-30,False,POSITIVE,0,SOURCE_G_REVIEWS,reviews_2023.csv,2023-03-31T00:02:53.802540292,BATCH-G-20230330
REV-00007703,SKU-0018988,user_9016600,Sarah King,3,Excellent rapport qualité-prix.,2023-05-20,False,NEUTRAL,0,SOURCE_G_REVIEWS,reviews_2023.csv,2023-05-20T17:10:16.869084352,BATCH-G-20230520
REV-00007704,SKU-0008877,user_9917,Mr. Michael Turner,4,"Solid build quality, no complaints.",2023-07-12,False,POSITIVE,1,SOURCE_G_REVIEWS,reviews_2023.csv,2023-07-13T01:48:43.652437355,BATCH-G-20230712
REV-00007705,SKU-0018132,user_9001948,Brandy,4,"Perfect gift, they loved it!",2023-09-11,True,POSITIVE,0,SOURCE_G_REVIEWS,reviews_2023.csv,2023-09-11T03:24:11.608255243,BATCH-G-20230911
REV-00007705-BOT,SKU-0018132,user_9014973,Bradley,4,"Perfect gift, they loved it!",2023-09-11,False,POSITIVE,0,SOURCE_G_REVIEWS,reviews_2023.csv,2023-09-11T03:24:11.608255243,BATCH-G-20230911
REV-00007709,SKU-0006062,user_9029342,Richard,4,"Solid build quality, no complaints.",2023-07-31,True,POSITIVE,0,SOURCE_G_REVIEWS,reviews_2023.csv,2023-07-31T20:20:41.961660790,BATCH-G-20230731
REV-00007719,SKU-0011483,user_63279,Brooke,2,"Waste of money, do not buy.",2023-05-09,True,NEGATIVE,0,SOURCE_G_REVIEWS,reviews_2023.csv,2023-05-10T01:29:09.284969955,BATCH-G-20230509
REV-00007721,SKU-0008943,user_42584,Jacqueline Armstrong,4,&nbsp;Highly recommend this product.<br>,2023-12-17,True,POSITIVE,0,SOURCE_G_REVIEWS,reviews_2023.csv,2023-12-17T23:03:28.464997260,BATCH-G-20231217
REV-00007726,SKU-9984906,user_65851,Gary Mullins,5,Fast delivery and great quality.,2023-09-26,False,POSITIVE,1,SOURCE_G_REVIEWS,reviews_2023.csv,2023-09-26T00:45:00.161871262,BATCH-G-20230926
REV-00007729,SKU-0002550,user_35345,Thomas Snyder,5,Great value for money. 😍,2023-03-05,False,POSITIVE,0,SOURCE_G_REVIEWS,reviews_2023.csv,2023-03-05T05:56:02.747242099,BATCH-G-20230305
REV-00007738,SKU-0010496,user_32434,Martin Williams,4,Great value for money.,2023-11-27,False,POSITIVE,3,SOURCE_G_REVIEWS,reviews_2023.csv,2023-11-27T23:36:32.577502806,BATCH-G-20231127
REV-00007741,SKU-0015969,user_9011096,Kevin Turner,N/A,"Absolutely love it, works perfectly!",2023-11-11,False,POSITIVE,1,SOURCE_G_REVIEWS,reviews_2023.csv,2023-11-11T00:49:58.160573274,BATCH-G-20231111
REV-00007756,SKU-0014580,user_69608,Ashley Mckinney,3,"Not bad, not great either. 😍",2023-09-21,True,NEUTRAL,17,SOURCE_G_REVIEWS,reviews_2023.csv,2023-09-21T13:40:16.175476280,BATCH-G-20230921
REV-00007786,SKU-0003493,,Anonymous,2,Stopped working after a week.,2023-01-03,True,NEGATIVE,4,SOURCE_G_REVIEWS,reviews_2023.csv,2023-01-03T17:59:42.908547727,BATCH-G-20230103
REV-00007791,SKU-0007390,user_9014072,Dylan,1,Very disappointed with the quality.,2023-11-17,True,NEGATIVE,1,SOURCE_G_REVIEWS,reviews_2023.csv,2023-11-18T02:15:38.483566715,BATCH-G-20231117
REV-00007793,SKU-0019962,user_9025353,Michael Robinson,4,"Livraison très lente, déçu.",2023-02-04,True,POSITIVE,1,SOURCE_G_REVIEWS,reviews_2023.csv,2023-02-04T04:50:54.659879329,BATCH-G-20230204
REV-00007795,SKU-0001416,,Anonymous,4,Wrong item was shipped to me.,2023-05-08,True,NEGATIVE,2,SOURCE_G_REVIEWS,reviews_2023.csv,2023-05-09T05:26:00.742070817,BATCH-G-20230508
REV-00007801,SKU-0011924,,Anonymous,2,"Cheaply made, broke immediately. 😐",2023-01-31,False,NEGATIVE,0,SOURCE_G_REVIEWS,reviews_2023.csv,2023-01-31T11:00:28.450562509,BATCH-G-20230131
REV-00007802,SKU-0018052,user_9024871,Earl,4,Fast delivery and great quality.,2023-02-17,True,POSITIVE,10,SOURCE_G_REVIEWS,reviews_2023.csv,2023-02-17T16:17:56.684676326,BATCH-G-20230217
REV-00007806,SKU-0010966,user_26990,Tracy Chambers,2,Wrong item was shipped to me.,2023-04-27,False,NEGATIVE,0,SOURCE_G_REVIEWS,reviews_2023.csv,2023-04-27T02:04:15.418081127,BATCH-G-20230427
REV-00007824,SKU-0019265,user_41904,Christopher Perez,5,"Absolutely love it, works perfectly!",2023-05-24,False,POSITIVE,2,SOURCE_G_REVIEWS,reviews_2023.csv,2023-05-24T19:51:47.635329401,BATCH-G-20230524
REV-00007826,SKU-0010430,,Anonymous,5,"Solid build quality, no complaints.",2023-01-03,True,POSITIVE,2,SOURCE_G_REVIEWS,reviews_2023.csv,2023-01-03T01:39:56.693684982,BATCH-G-20230103
REV-00007827,SKU-0002109,user_9006688,Alexander Garcia,4,Exceeded my expectations.,2023-07-22,True,POSITIVE,0,SOURCE_G_REVIEWS,reviews_2023.csv,2023-07-22T13:35:15.520734680,BATCH-G-20230722
REV-00007861,SKU-0019375,,Anonymous,4,Highly recommend this product.,2023-08-10,False,POSITIVE,0,SOURCE_G_REVIEWS,reviews_2023.csv,2023-08-11T01:51:17.534137648,BATCH-G-20230810
REV-00007882,SKU-0003444,user_42074,Thomas,5,"Solid build quality, no complaints.",2023-04-03,True,POSITIVE,2,SOURCE_G_REVIEWS,reviews_2023.csv,2023-04-03T18:24:36.736487821,BATCH-G-20230403
REV-00007883,SKU-0009035,,Anonymous,4,Fast delivery and great quality.,2023-04-26,True,POSITIVE,3,SOURCE_G_REVIEWS,reviews_2023.csv,2023-04-26T13:48:17.384569573,BATCH-G-20230426
REV-00007884,SKU-0005577,user_16215,Zachary Moore,5,"Absolutely love it, works perfectly!",2023-05-14,True,POSITIVE,0,SOURCE_G_REVIEWS,reviews_2023.csv,2023-05-15T00:48:54.361041520,BATCH-G-20230514
REV-00007897,SKU-0011499,user_5373,Anna Huff,5,Exceeded my expectations.,2023-09-12,True,POSITIVE,1,SOURCE_G_REVIEWS,reviews_2023.csv,2023-09-12T20:46:31.850623274,BATCH-G-20230912
REV-00007906,SKU-0016872,user_34643,Timothy Wilkerson,5,"Solid build quality, no complaints.",2023-11-04,True,POSITIVE,0,SOURCE_G_REVIEWS,reviews_2023.csv,2023-11-04T01:36:14.309273324,BATCH-G-20231104
REV-00007919,SKU-0007426,user_5144,Daniel Vincent,4,Great value for money.,2023-02-04,True,POSITIVE,1,SOURCE_G_REVIEWS,reviews_2023.csv,2023-02-04T09:12:54.691098558,BATCH-G-20230204
REV-00007922,SKU-0015507,user_9025774,Tiffany,5,Will definitely buy again.,2023-11-04,True,POSITIVE,0,SOURCE_G_REVIEWS,reviews_2023.csv,2023-11-04T22:40:58.794836735,BATCH-G-20231104
REV-00007953,SKU-0011814,user_9007795,Frank Carr,2,Not as described at all.,2023-09-17,True,NEGATIVE,4,SOURCE_G_REVIEWS,reviews_2023.csv,2023-09-17T06:59:16.519721608,BATCH-G-20230917
REV-00007954,SKU-0004485,user_47351,Theresa Ferguson,4,Highly recommend this product.,2023-11-19,False,POSITIVE,0,SOURCE_G_REVIEWS,reviews_2023.csv,2023-11-19T22:10:34.181779161,BATCH-G-20231119
REV-00007955,SKU-0001968,user_9024279,Teresa,3,"   Not  bad,  not  great  either.   ",2023-01-06,True,NEUTRAL,16,SOURCE_G_REVIEWS,reviews_2023.csv,2023-01-06T22:38:59.247751793,BATCH-G-20230106
REV-00007958,SKU-0009848,user_9017452,Steven Butler,4,"Livraison très lente, déçu.",2023-04-29,True,POSITIVE,5,SOURCE_G_REVIEWS,reviews_2023.csv,2023-04-29T11:18:41.614857116,BATCH-G-20230429
REV-00007970,SKU-0015791,user_38503,Jessica,5,"Perfect gift, they loved it!",2023-12-10,True,POSITIVE,0,SOURCE_G_REVIEWS,reviews_2023.csv,2023-12-10T12:01:38.502423586,BATCH-G-20231210
REV-00007971,SKU-0013578,user_9011314,Kelsey,4,Fast delivery and great quality.,2023-09-29,False,POSITIVE,0,SOURCE_G_REVIEWS,reviews_2023.csv,2023-09-29T18:16:33.717562814,BATCH-G-20230929
REV-00007978,SKU-0016449,user_46481,David Jones,5,Great value for money.,2023-11-17,True,POSITIVE,0,SOURCE_G_REVIEWS,reviews_2023.csv,2023-11-17T03:58:32.850015608,BATCH-G-20231117
REV-00007987,SKU-0020011,user_9003859,Kyle Howard,5,"Perfect gift, they loved it!",2023-07-25,True,POSITIVE,6,SOURCE_G_REVIEWS,reviews_2023.csv,2023-07-25T18:33:36.008152892,BATCH-G-20230725
REV-00008000,SKU-0008145,,Anonymous,4,Great value for money.,2023-11-03,True,POSITIVE,1,SOURCE_G_REVIEWS,reviews_2023.csv,2023-11-03T17:32:26.119937304,BATCH-G-20231103
REV-00008007,SKU-0015439,user_9013567,Douglas Bennett,-1,Decent but overpriced a bit.,2023-06-11,True,NEUTRAL,0,SOURCE_G_REVIEWS,reviews_2023.csv,2023-06-11T12:53:56.754583994,BATCH-G-20230611
REV-00008010,SKU-0001391,user_9019191,Kevin,2,Wrong item was shipped to me.,2023-02-21,True,NEGATIVE,1,SOURCE_G_REVIEWS,reviews_2023.csv,2023-02-21T05:59:06.742057215,BATCH-G-20230221
REV-00008015,SKU-0013869,,Anonymous,4,Exceeded my expectations.,2023-11-29,False,POSITIVE,13,SOURCE_G_REVIEWS,reviews_2023.csv,2023-11-29T23:04:41.223098878,BATCH-G-20231129
REV-00008018,SKU-0010343,user_9011669,Tracy Gaines,2,   Very  disappointed  with  the  quality.   ,2023-12-23,False,NEGATIVE,6,SOURCE_G_REVIEWS,reviews_2023.csv,2023-12-23T20:55:49.108237200,BATCH-G-20231223
REV-00008025,SKU-0003058,user_9032123,Alyssa Wilson,2,"Cheaply made, broke immediately.",2023-08-11,False,NEGATIVE,1,SOURCE_G_REVIEWS,reviews_2023.csv,2023-08-11T17:36:32.160875961,BATCH-G-20230811
REV-00008027,SKU-0002573,,Anonymous,3,"Average quality, nothing special.",2023-07-24,False,NEUTRAL,0,SOURCE_G_REVIEWS,reviews_2023.csv,2023-07-24T07:52:02.863087995,BATCH-G-20230724
REV-00008031,SKU-0011346,user_9027840,Jessica Alexander MD,4,गुणवत्ता ठीक नहीं थी।,2023-10-04,False,POSITIVE,4,SOURCE_G_REVIEWS,reviews_2023.csv,2023-10-04T08:47:20.182208707,BATCH-G-20231004
REV-00008032,SKU-0008978,user_68519,Adam,4,"Exactly as described, very happy.",2023-01-04,True,POSITIVE,4,SOURCE_G_REVIEWS,reviews_2023.csv,2023-01-04T13:48:24.530537892,BATCH-G-20230104
REV-00008034,SKU-9972028,user_9014999,Matthew Yu,1,Stopped working after a week.,2023-03-08,True,NEGATIVE,2,SOURCE_G_REVIEWS,reviews_2023.csv,2023-03-08T04:12:12.520737456,BATCH-G-20230308
REV-00008039,SKU-0006522,user_9025517,David Morales,5,"Solid build quality, no complaints.",2023-04-04,True,POSITIVE,6,SOURCE_G_REVIEWS,reviews_2023.csv,2023-04-04T20:46:16.138652405,BATCH-G-20230404
REV-00008064,SKU-0014590,user_9021916,Douglas,5,"Absolutely love it, works perfectly!",2023-04-12,True,POSITIVE,8,SOURCE_G_REVIEWS,reviews_2023.csv,2023-04-13T01:02:18.749583011,BATCH-G-20230412
REV-00008073,SKU-0017945,user_53651,Jeffrey,3,"Not bad, not great either.",2023-02-16,True,NEUTRAL,1,SOURCE_G_REVIEWS,reviews_2023.csv,2023-02-16T01:38:56.725647130,BATCH-G-20230216
REV-00008074,SKU-0018489,,Anonymous,5,Arrived damaged and support was unhelpful.,2023-06-08,True,NEGATIVE,4,SOURCE_G_REVIEWS,reviews_2023.csv,2023-06-08T17:36:56.111021174,BATCH-G-20230608
REV-00008077,SKU-0015636,user_27045,Mike Mendoza,3,"Not bad, not great either.",2023-05-02,False,NEUTRAL,7,SOURCE_G_REVIEWS,reviews_2023.csv,2023-05-02T01:07:54.042339452,BATCH-G-20230502
REV-00008085,SKU-0005443,user_9009030,Nathan Mercado,5,</p>Highly recommend this product.<i>edited</i>,2023-01-05,True,POSITIVE,2,SOURCE_G_REVIEWS,reviews_2023.csv,2023-01-05T07:42:39.267800012,BATCH-G-20230105
REV-00008106,SKU-0005825,user_11232,Kathleen Wright,5,"Absolutely love it, works perfectly!",2023-10-14,True,POSITIVE,3,SOURCE_G_REVIEWS,reviews_2023.csv,2023-10-15T04:41:57.787979105,BATCH-G-20231014
REV-00008118,SKU-0001901,user_9025277,Stephanie Martinez,1,"Excellent rapport qualité-prix. Waste of money, do not buy.",2023-07-28,True,NEGATIVE,2,SOURCE_G_REVIEWS,reviews_2023.csv,2023-07-28T11:26:30.867505348,BATCH-G-20230728
REV-00008131,SKU-0019291,user_38640,Mariah,5,"Livraison très lente, déçu.",2023-09-30,True,POSITIVE,2,SOURCE_G_REVIEWS,reviews_2023.csv,2023-10-01T04:06:27.634318835,BATCH-G-20230930
REV-00008153,SKU-0003520,user_1028,Jonathan Zavala,4,Better than I expected for the price.,2023-11-01,False,POSITIVE,0,SOURCE_G_REVIEWS,reviews_2023.csv,2023-11-01T08:44:43.417613263,BATCH-G-20231101
REV-00008154,SKU-0008622,,Anonymous,-,"It's okay, does the job.",2023-09-26,False,NEUTRAL,0,SOURCE_G_REVIEWS,reviews_2023.csv,2023-09-27T05:26:34.574040078,BATCH-G-20230926
REV-00008167,SKU-0019294,user_9011810,Brian Foster,4,"Exactly as described, very happy.",2023-02-14,True,POSITIVE,2,SOURCE_G_REVIEWS,reviews_2023.csv,2023-02-14T12:03:32.402211433,BATCH-G-20230214
REV-00008195,SKU-0008087,,Anonymous,4,Better than I expected for the price.,2023-03-06,True,POSITIVE,0,SOURCE_G_REVIEWS,reviews_2023.csv,2023-03-06T17:32:08.960499994,BATCH-G-20230306
REV-00008197,SKU-0009637,user_43608,Leonard Sanchez,4,Will definitely buy again.,2023-12-29,True,POSITIVE,1,SOURCE_G_REVIEWS,reviews_2023.csv,2023-12-29T14:28:42.340813748,BATCH-G-20231229
REV-00008203,SKU-0000856,user_9030122,David Acosta,4,"   Waste  of  money,  do  not  buy.   ",2023-04-24,True,NEGATIVE,6,SOURCE_G_REVIEWS,reviews_2023.csv,2023-04-24T15:41:02.181995259,BATCH-G-20230424
REV-00008214,SKU-0014071,user_50689,Jerome,5,"बहुत अच्छा उत्पाद है, पैसा वसूल! Exactly as described, very happy.",2023-12-24,False,POSITIVE,3,SOURCE_G_REVIEWS,reviews_2023.csv,2023-12-24T07:04:06.276253463,BATCH-G-20231224
REV-00008219,SKU-0012131,user_9002390,Dale Long,4,Will definitely buy again.,2023-02-12,False,POSITIVE,0,SOURCE_G_REVIEWS,reviews_2023.csv,2023-02-13T00:47:44.734307047,BATCH-G-20230212
REV-00008228,SKU-0012385,,Anonymous,4,Great value for money.,2023-12-06,True,POSITIVE,0,SOURCE_G_REVIEWS,reviews_2023.csv,2023-12-06T09:18:07.802300326,BATCH-G-20231206
REV-00008245,SKU-0014219,user_35846,Monica,3,"Matches the description, no issues.",2023-06-06,True,NEUTRAL,5,SOURCE_G_REVIEWS,reviews_2023.csv,2023-06-06T06:13:40.831659843,BATCH-G-20230606
REV-00008246,SKU-0002248,,Anonymous,4,Fast delivery and great quality.,2023-12-31,False,POSITIVE,2,SOURCE_G_REVIEWS,reviews_2023.csv,2024-01-01T04:57:43.040119694,BATCH-G-20231231
REV-00008250,SKU-0003531,user_9021671,Shelley Harrison,2,Not as described at all.,2023-10-30,True,NEGATIVE,3,SOURCE_G_REVIEWS,reviews_2023.csv,2023-10-30T03:45:51.137078324,BATCH-G-20231030
REV-00008262,SKU-0008981,user_9025359,Brian Cooke,1,Arrived damaged and support was unhelpful.,2023-09-04,False,NEGATIVE,2,SOURCE_G_REVIEWS,reviews_2023.csv,2023-09-04T15:33:22.714848008,BATCH-G-20230904
REV-00008267,SKU-0000093,user_9033965,Walter,5,Exceeded my expectations.,2023-05-30,True,POSITIVE,1,SOURCE_G_REVIEWS,reviews_2023.csv,2023-05-30T04:27:21.575191384,BATCH-G-20230530
REV-00008274,SKU-0003790,,Anonymous,5,"Absolutely love it, works perfectly!",2023-05-24,False,POSITIVE,1,SOURCE_G_REVIEWS,reviews_2023.csv,2023-05-25T02:54:08.920976895,BATCH-G-20230524
REV-00008277,SKU-0001042,user_69029,Diana,4,Fast delivery and great quality.,2023-07-30,True,POSITIVE,5,SOURCE_G_REVIEWS,reviews_2023.csv,2023-07-30T18:53:51.131966902,BATCH-G-20230730
REV-00008289,SKU-9980751,user_45436,Steven Sutton,3,"Not bad, not great either.",2023-06-17,True,NEUTRAL,3,SOURCE_G_REVIEWS,reviews_2023.csv,2023-06-17T13:38:27.527128359,BATCH-G-20230617
REV-00008295,SKU-0001475,user_34947,Mr.,4,Exceeded my expectations.,2023-09-23,False,POSITIVE,3,SOURCE_G_REVIEWS,reviews_2023.csv,2023-09-24T03:51:16.507065524,BATCH-G-20230923
REV-00008297,SKU-0013299,user_9008741,Ann,4,"Exactly as described, very happy.",2023-04-06,True,POSITIVE,4,SOURCE_G_REVIEWS,reviews_2023.csv,2023-04-06T12:44:08.654541039,BATCH-G-20230406
REV-00008300,SKU-0008506,user_9027362,Jessica Thomas,5,Will definitely buy again.,2023-08-27,True,POSITIVE,3,SOURCE_G_REVIEWS,reviews_2023.csv,2023-08-27T18:24:07.885859754,BATCH-G-20230827
REV-00008304,SKU-0016893,user_9023648,Jamie Nelson,5,Decent but overpriced a bit.,2023-06-27,True,NEUTRAL,0,SOURCE_G_REVIEWS,reviews_2023.csv,2023-06-27T20:55:16.887040822,BATCH-G-20230627
REV-00008320,SKU-0014706,user_69890,Mr. Robert Charles,5,"Average quality, nothing special.",2023-11-14,False,NEUTRAL,1,SOURCE_G_REVIEWS,reviews_2023.csv,2023-11-15T04:42:05.830283516,BATCH-G-20231114
REV-00008327,SKU-9927458,user_43099,David Collier,3,"Average quality, nothing special.",2023-02-04,False,NEUTRAL,10,SOURCE_G_REVIEWS,reviews_2023.csv,2023-02-04T17:51:39.647918128,BATCH-G-20230204
REV-00008330,SKU-0015062,user_9008586,Bobby Lee,5,Exceeded my expectations.,2023-04-07,False,POSITIVE,2,SOURCE_G_REVIEWS,reviews_2023.csv,2023-04-07T18:23:41.046924819,BATCH-G-20230407
REV-00008332,SKU-0012647,user_9008928,Jill,2,Very disappointed with the quality.,2023-09-05,False,NEGATIVE,2,SOURCE_G_REVIEWS,reviews_2023.csv,2023-09-05T08:24:00.828182810,BATCH-G-20230905
REV-00008335,SKU-0007365,,Anonymous,5,"Solid build quality, no complaints.",2023-01-01,False,POSITIVE,4,SOURCE_G_REVIEWS,reviews_2023.csv,2023-01-02T02:08:38.291718271,BATCH-G-20230101
REV-00008339,SKU-0000335,,Anonymous,5,"Perfect gift, they loved it!",2023-10-12,True,POSITIVE,2,SOURCE_G_REVIEWS,reviews_2023.csv,2023-10-12T19:34:54.697787858,BATCH-G-20231012
REV-00008347,SKU-0008796,user_7337,Jessica Cantrell,4,Highly recommend this product.,2023-01-01,True,POSITIVE,3,SOURCE_G_REVIEWS,reviews_2023.csv,2023-01-01T08:44:13.527844739,BATCH-G-20230101
REV-00008353,SKU-0014950,user_9013072,Nicole Dennis,1,"Waste of money, do not buy.",2023-12-22,False,NEGATIVE,1,SOURCE_G_REVIEWS,reviews_2023.csv,2023-12-22T16:54:18.237933297,BATCH-G-20231222
REV-00008353-DUP,SKU-0014950,user_9013072,Nicole Dennis,1,"Waste of money, do not buy.",2023-12-22,False,NEGATIVE,1,SOURCE_G_REVIEWS,reviews_2023.csv,2023-12-22T17:02:18.237933297,BATCH-G-20231222
REV-00008355,SKU-9976602,user_47111,Jared Campbell,2,Very disappointed with the quality.,2023-10-29,False,NEGATIVE,1,SOURCE_G_REVIEWS,reviews_2023.csv,2023-10-29T18:07:13.070508200,BATCH-G-20231029
REV-00008358,SKU-0018675,user_56734,Audrey Nguyen,3,"It's okay, does the job.",2023-03-18,True,NEUTRAL,0,SOURCE_G_REVIEWS,reviews_2023.csv,2023-03-18T19:55:51.929117468,BATCH-G-20230318
REV-00008361,SKU-0010149,user_56466,Mrs. Candace Gonzalez,3,"Not bad, not great either.",2023-03-05,False,NEUTRAL,13,SOURCE_G_REVIEWS,reviews_2023.csv,2023-03-05T08:15:41.737607018,BATCH-G-20230305
REV-00008363,SKU-0014151,user_9019156,Emily,1,Arrived damaged and support was unhelpful.,2023-11-13,False,NEGATIVE,1,SOURCE_G_REVIEWS,reviews_2023.csv,2023-11-13T12:51:59.306790481,BATCH-G-20231113
REV-00008376,SKU-0017612,,Anonymous,1,Arrived damaged and support was unhelpful.,2023-10-02,True,NEGATIVE,1,SOURCE_G_REVIEWS,reviews_2023.csv,2023-10-03T01:48:40.619820601,BATCH-G-20231002
REV-00008403,SKU-0014811,,Anonymous,5,Better than I expected for the price.,2023-07-10,False,POSITIVE,0,SOURCE_G_REVIEWS,reviews_2023.csv,2023-07-10T17:19:09.476525700,BATCH-G-20230710
REV-00008410,SKU-0009129,user_52311,David Stevens,4,Great value for money.,2023-11-10,False,POSITIVE,6,SOURCE_G_REVIEWS,reviews_2023.csv,2023-11-10T16:51:37.992044241,BATCH-G-20231110
REV-00008414,SKU-0004715,user_67124,Michelle,3,Decent but overpriced a bit.,2023-08-16,False,NEUTRAL,0,SOURCE_G_REVIEWS,reviews_2023.csv,2023-08-16T19:49:38.512388781,BATCH-G-20230816
REV-00008415,SKU-0013484,user_42719,Manuel Bush,2,Arrived damaged and support was unhelpful.,2023-11-09,False,NEGATIVE,4,SOURCE_G_REVIEWS,reviews_2023.csv,2023-11-15T07:00:00,BATCH-G-20231109
REV-00008425,SKU-0007306,user_19405,Christine,4,"Absolutely love it, works perfectly!",2023-07-19,True,POSITIVE,7,SOURCE_G_REVIEWS,reviews_2023.csv,2023-07-19T11:07:22.364867161,BATCH-G-20230719
REV-00008426,SKU-0002469,,Anonymous,3,"Livraison très lente, déçu. Works fine but delivery was slow.",2023-03-29,False,NEUTRAL,0,SOURCE_G_REVIEWS,reviews_2023.csv,2023-03-29T16:14:58.180836549,BATCH-G-20230329
REV-00008427,SKU-0010371,user_12197,Brenda Vasquez PhD,5,Great value for money.,2023-11-01,True,POSITIVE,2,SOURCE_G_REVIEWS,reviews_2023.csv,2023-11-19T15:00:00,BATCH-G-20231101
REV-00008434,SKU-0014813,user_63511,Mark Shannon,2,Very disappointed with the quality.,2023-08-25,False,NEGATIVE,2,SOURCE_G_REVIEWS,reviews_2023.csv,2023-08-25T00:57:26.185287799,BATCH-G-20230825
REV-00008436,SKU-9928726,user_9020725,Kimberly Kirby,3,"It's okay, does the job.",2023-12-13,False,NEUTRAL,1,SOURCE_G_REVIEWS,reviews_2023.csv,2023-12-13T11:29:45.809699922,BATCH-G-20231213
REV-00008437,SKU-0011547,user_9003821,Lisa,1,Better than I expected for the price.,2023-07-29,True,POSITIVE,0,SOURCE_G_REVIEWS,reviews_2023.csv,2023-07-29T01:04:16.019689876,BATCH-G-20230729
REV-00008449,SKU-0006871,user_9005676,Jack Pollard,2,Very disappointed with the quality.,2023-10-23,True,NEGATIVE,1,SOURCE_G_REVIEWS,reviews_2023.csv,2023-10-24T02:54:01.830745092,BATCH-G-20231023
REV-00008462,SKU-0010807,user_9011313,Heather,4,</p>Better than I expected for the price.&nbsp;,2023-07-14,True,POSITIVE,5,SOURCE_G_REVIEWS,reviews_2023.csv,2023-07-14T20:29:10.389488856,BATCH-G-20230714
REV-00008464,SKU-0015630,,Anonymous,3,"   Average  quality,  nothing  special.   ",2023-11-21,False,NEUTRAL,3,SOURCE_G_REVIEWS,reviews_2023.csv,2023-11-21T12:34:02.444254220,BATCH-G-20231121
REV-00008469,SKU-9988021,user_69073,Jessica Adams,5,Exceeded my expectations.,2023-01-23,False,POSITIVE,5,SOURCE_G_REVIEWS,reviews_2023.csv,2023-01-24T04:56:20.483716566,BATCH-G-20230123
REV-00008477,SKU-0008632,user_9023751,Daniel Parker,3,"It's okay, does the job.",2023-04-06,True,NEUTRAL,0,SOURCE_G_REVIEWS,reviews_2023.csv,2023-04-06T12:19:03.187002553,BATCH-G-20230406
REV-00008478,SKU-0012351,user_64560,William Nash,3,"Matches the description, no issues.",2023-02-13,True,NEUTRAL,2,SOURCE_G_REVIEWS,reviews_2023.csv,2023-02-14T02:14:56.348111175,BATCH-G-20230213
REV-00008483,SKU-0003331,user_55329,John Goodman,3,"Matches the description, no issues. 👍😐",2023-12-24,False,NEUTRAL,2,SOURCE_G_REVIEWS,reviews_2023.csv,2023-12-24T18:18:10.754077711,BATCH-G-20231224
REV-00008488,SKU-0001371,user_63434,Katherine Hill,3,Works fine but delivery was slow.,2023-12-23,True,NEUTRAL,1,SOURCE_G_REVIEWS,reviews_2023.csv,2023-12-23T00:56:11.282339097,BATCH-G-20231223
REV-00008523,SKU-0005516,user_50120,Jason Browning,4,Will definitely buy again.,2023-03-29,False,POSITIVE,1,SOURCE_G_REVIEWS,reviews_2023.csv,2023-03-29T15:54:45.628763471,BATCH-G-20230329
REV-00008541,SKU-0019291,user_35653,Mrs. Jamie Johnson DDS,1,Wrong item was shipped to me.,2023-01-05,True,NEGATIVE,0,SOURCE_G_REVIEWS,reviews_2023.csv,2023-01-05T23:30:36.326487479,BATCH-G-20230105
REV-00008543,SKU-9922383,user_9017015,Cynthia,5,Exceeded my expectations.,2023-12-11,False,POSITIVE,4,SOURCE_G_REVIEWS,reviews_2023.csv,2023-12-11T06:21:06.409668417,BATCH-G-20231211
REV-00008547,SKU-0015020,user_9027251,Mark,4,"Exactly as described, very happy.",2023-12-17,False,POSITIVE,1,SOURCE_G_REVIEWS,reviews_2023.csv,2023-12-17T08:10:29.606902375,BATCH-G-20231217
REV-00008549,SKU-0006283,user_13279,Rebecca Roberts,5,Great value for money.,2023-12-23,True,POSITIVE,0,SOURCE_G_REVIEWS,reviews_2023.csv,2023-12-23T20:48:01.506013498,BATCH-G-20231223
REV-00008554,SKU-0004466,user_665,Anthony Marshall,4,"Solid build quality, no complaints.",2023-12-25,False,POSITIVE,0,SOURCE_G_REVIEWS,reviews_2023.csv,2023-12-24T11:00:00,BATCH-G-20231225
REV-00008559,SKU-0016117,,Anonymous,1,Arrived damaged and support was unhelpful.,2023-09-02,True,NEGATIVE,2,SOURCE_G_REVIEWS,reviews_2023.csv,2023-09-02T09:17:30.720745609,BATCH-G-20230902
REV-00008571,SKU-0000940,user_9033630,Javier,2,Not as described at all.,2023-12-29,False,NEGATIVE,0,SOURCE_G_REVIEWS,reviews_2023.csv,2023-12-29T07:12:49.887342722,BATCH-G-20231229
REV-00008572,SKU-0006226,user_3804,Thomas Owens,6,"Solid build quality, no complaints.",2023-02-28,True,POSITIVE,0,SOURCE_G_REVIEWS,reviews_2023.csv,2023-02-28T23:18:17.599465883,BATCH-G-20230228
REV-00008574,SKU-0004789,user_9004264,Travis,4,Better than I expected for the price.,2023-01-04,True,POSITIVE,0,SOURCE_G_REVIEWS,reviews_2023.csv,2023-01-04T02:27:50.816443896,BATCH-G-20230104
REV-00008578,SKU-0008486,user_46393,Jennifer Hogan,4,Great value for money.,2023-10-22,True,POSITIVE,6,SOURCE_G_REVIEWS,reviews_2023.csv,2023-10-22T18:12:32.986826267,BATCH-G-20231022
REV-00008582,SKU-0015758,user_9003614,Gabrielle,4,Will definitely buy again.,2023-10-27,True,POSITIVE,0,SOURCE_G_REVIEWS,reviews_2023.csv,2023-10-27T20:12:45.204642459,BATCH-G-20231027
REV-00008592,SKU-0000151,user_9026107,Christopher Brooks,5,"Absolutely love it, works perfectly! 😡😡",2023-06-09,True,POSITIVE,0,SOURCE_G_REVIEWS,reviews_2023.csv,2023-06-10T01:45:32.999756067,BATCH-G-20230609
REV-00008605,SKU-0014715,user_48504,Alexandra Cox,5,"Exactly as described, very happy. 😐",2023-11-12,False,POSITIVE,4,SOURCE_G_REVIEWS,reviews_2023.csv,2023-11-12T16:03:18.056312259,BATCH-G-20231112
REV-00008606,SKU-0001474,user_42629,Jordan Arnold IV,5,Arrived damaged and support was unhelpful.,2023-06-24,False,NEGATIVE,5,SOURCE_G_REVIEWS,reviews_2023.csv,2023-06-24T06:14:36.184339730,BATCH-G-20230624
REV-00008634,SKU-0011696,user_15754,Walter Perkins,5,Fast delivery and great quality.,2023-01-14,True,POSITIVE,9,SOURCE_G_REVIEWS,reviews_2023.csv,2023-01-14T13:09:55.744167791,BATCH-G-20230114
REV-00008635,SKU-0008614,,Anonymous,5,Will definitely buy again.,2023-05-19,False,POSITIVE,0,SOURCE_G_REVIEWS,reviews_2023.csv,2023-05-19T02:23:00.388964385,BATCH-G-20230519
REV-00008647,SKU-0005844,user_9021719,Tara,4,"Solid build quality, no complaints.",2023-03-02,True,POSITIVE,0,SOURCE_G_REVIEWS,reviews_2023.csv,2023-03-02T11:51:04.110144281,BATCH-G-20230302
REV-00008649,SKU-0010934,user_3772,Savannah Thornton,4,Great value for money.,2023-03-11,True,POSITIVE,3,SOURCE_G_REVIEWS,reviews_2023.csv,2023-03-11T10:23:57.462900808,BATCH-G-20230311
REV-00008655,SKU-0004570,user_31860,Jacqueline Rodriguez,4,Highly recommend this product.,2023-01-27,False,POSITIVE,0,SOURCE_G_REVIEWS,reviews_2023.csv,2023-01-28T03:38:30.344979699,BATCH-G-20230127
REV-00008659,SKU-0003342,user_9031603,Emily Martinez,5,"गुणवत्ता ठीक नहीं थी। Solid build quality, no complaints. 👍😍",2023-11-29,False,POSITIVE,7,SOURCE_G_REVIEWS,reviews_2023.csv,2023-11-30T03:44:08.773690876,BATCH-G-20231129
REV-00008660,SKU-0010614,,Anonymous,4,"Absolutely love it, works perfectly!",2023-02-11,True,POSITIVE,2,SOURCE_G_REVIEWS,reviews_2023.csv,2023-02-11T16:08:09.912576468,BATCH-G-20230211
REV-00008678,SKU-9986621,user_9005093,Dr. Shawn Johnson DDS,4,Wrong item was shipped to me.,2023-05-21,True,NEGATIVE,9,SOURCE_G_REVIEWS,reviews_2023.csv,2023-05-21T20:04:14.050078785,BATCH-G-20230521
REV-00008680,SKU-0015153,,Anonymous,2,"Poor packaging, item was defective.",2023-01-25,False,NEGATIVE,4,SOURCE_G_REVIEWS,reviews_2023.csv,2023-01-25T22:39:56.675809798,BATCH-G-20230125
REV-00008694,SKU-0006895,user_67738,Spencer Johnson,3,"Matches the description, no issues.",2023-10-02,True,NEUTRAL,2,SOURCE_G_REVIEWS,reviews_2023.csv,2023-10-02T06:49:01.331220036,BATCH-G-20231002
REV-00008696,SKU-0005435,user_25477,Kathleen Thornton,4,Fast delivery and great quality.,2023-11-16,True,POSITIVE,2,SOURCE_G_REVIEWS,reviews_2023.csv,2023-11-16T19:24:01.408510933,BATCH-G-20231116
REV-00008704,SKU-0007644,user_64841,David Berry,4,Better than I expected for the price.,2023-08-04,False,POSITIVE,1,SOURCE_G_REVIEWS,reviews_2023.csv,2023-08-05T04:45:45.523191453,BATCH-G-20230804
REV-00008714,SKU-0003913,user_9013078,Cheryl,2,Not as described at all.,2023-08-28,True,NEGATIVE,2,SOURCE_G_REVIEWS,reviews_2023.csv,2023-08-28T05:35:01.156126303,BATCH-G-20230828
REV-00008729,SKU-0002252,user_8958,Michelle Yates,4,"Perfect gift, they loved it!",2023-03-24,False,POSITIVE,1,SOURCE_G_REVIEWS,reviews_2023.csv,2023-03-24T17:16:05.999490654,BATCH-G-20230324
REV-00008742,SKU-0011459,user_9002790,Antonio Phillips,4,"   Absolutely  love  it,  works  perfectly!   ",2023-09-10,False,POSITIVE,2,SOURCE_G_REVIEWS,reviews_2023.csv,2023-09-10T14:26:47.786504214,BATCH-G-20230910
REV-00008742-DUP,SKU-0011459,user_9002790,Antonio Phillips,4,"   Absolutely  love  it,  works  perfectly!   ",2023-09-10,False,POSITIVE,2,SOURCE_G_REVIEWS,reviews_2023.csv,2023-09-10T14:57:47.786504214,BATCH-G-20230910
REV-00008751,SKU-0006197,,Anonymous,5,"Exactly as described, very happy.",2023-03-04,False,POSITIVE,0,SOURCE_G_REVIEWS,reviews_2023.csv,2023-03-04T11:59:50.621095231,BATCH-G-20230304
REV-00008753,SKU-0004059,,Anonymous,5,"Absolutely love it, works perfectly!",2023-02-23,True,POSITIVE,0,SOURCE_G_REVIEWS,reviews_2023.csv,2023-02-23T22:17:31.128043869,BATCH-G-20230223
REV-00008759,SKU-0006274,user_35297,Laurie Mosley,4,"Exactly as described, very happy.",2023-11-25,False,POSITIVE,12,SOURCE_G_REVIEWS,reviews_2023.csv,2023-11-26T02:08:12.802303533,BATCH-G-20231125
REV-00008762,SKU-0011180,user_31098,Joe Nixon,4,"Perfect gift, they loved it!",2023-05-06,True,POSITIVE,2,SOURCE_G_REVIEWS,reviews_2023.csv,2023-05-06T02:22:33.481744101,BATCH-G-20230506
REV-00008768,SKU-0000967,user_11929,Michael Mclaughlin,3,Works fine but delivery was slow.,2023-02-09,False,NEUTRAL,3,SOURCE_G_REVIEWS,reviews_2023.csv,2023-02-10T00:44:51.396947171,BATCH-G-20230209
REV-00008770,SKU-0008430,user_31708,Michael,5,"Perfect gift, they loved it!",2023-11-11,False,POSITIVE,0,SOURCE_G_REVIEWS,reviews_2023.csv,2023-11-12T05:12:43.777321754,BATCH-G-20231111
REV-00008771,SKU-0019653,user_9015927,Darrell,5,Highly recommend this product.,2023-04-17,True,POSITIVE,1,SOURCE_G_REVIEWS,reviews_2023.csv,2023-04-18T04:28:40.446783479,BATCH-G-20230417
REV-00008775,SKU-0001302,user_45677,Dale,5,Highly recommend this product.,2023-01-06,False,POSITIVE,3,SOURCE_G_REVIEWS,reviews_2023.csv,2023-01-07T03:32:44.662412452,BATCH-G-20230106
REV-00008779,SKU-0013091,user_9009152,Jennifer Pratt,4,Better than I expected for the price.,2023-10-10,True,POSITIVE,0,SOURCE_G_REVIEWS,reviews_2023.csv,2023-10-10T08:45:51.969276085,BATCH-G-20231010
REV-00008787,SKU-0009660,user_9000014,Alexander Rice,5,Highly recommend this product.,2023-11-24,False,POSITIVE,0,SOURCE_G_REVIEWS,reviews_2023.csv,2023-11-24T06:54:26.371356582,BATCH-G-20231124
REV-00008794,SKU-0013749,user_61957,Katherine Edwards,5,"Absolutely love it, works perfectly!",2023-12-18,True,POSITIVE,3,SOURCE_G_REVIEWS,reviews_2023.csv,2023-12-18T19:49:25.794067272,BATCH-G-20231218
REV-00008799,SKU-0002000,user_9020610,Tracy Hendricks,3,"Matches the description, no issues.",2023-01-07,True,NEUTRAL,0,SOURCE_G_REVIEWS,reviews_2023.csv,2023-01-07T18:33:27.140746220,BATCH-G-20230107
REV-00008811,SKU-0018239,,Anonymous,4,<i>edited</i>Fast delivery and great quality.&nbsp;,2023-11-07,False,POSITIVE,0,SOURCE_G_REVIEWS,reviews_2023.csv,2023-11-08T03:14:50.463487578,BATCH-G-20231107
REV-00008845,SKU-0018431,,Anonymous,5,"Exactly as described, very happy.",2023-03-06,False,POSITIVE,6,SOURCE_G_REVIEWS,reviews_2023.csv,2023-03-07T03:14:41.969391850,BATCH-G-20230306
REV-00008860,SKU-0012666,user_11534,Heather Haley,5,"Absolutely love it, works perfectly!",2023-04-10,False,POSITIVE,0,SOURCE_G_REVIEWS,reviews_2023.csv,2023-04-11T05:29:14.387625985,BATCH-G-20230410
REV-00008867,SKU-0005438,,Anonymous,5,"Solid build quality, no complaints.",2023-03-19,True,POSITIVE,0,SOURCE_G_REVIEWS,reviews_2023.csv,2023-03-19T07:47:41.238245517,BATCH-G-20230319
REV-00008874,SKU-0004780,user_14428,Laurie Butler,4,"Exactly as described, very happy.",2023-12-07,True,POSITIVE,1,SOURCE_G_REVIEWS,reviews_2023.csv,2023-12-08T05:51:58.123264707,BATCH-G-20231207
REV-00008879,SKU-0005361,user_9031143,Jerry Ayala,1,"Waste of money, do not buy.",2023-12-07,True,NEGATIVE,3,SOURCE_G_REVIEWS,reviews_2023.csv,2023-12-08T00:51:14.776950485,BATCH-G-20231207
REV-00008889,SKU-0006057,user_56818,Emily Jefferson,3,"Not bad, not great either.",2023-02-12,True,NEUTRAL,6,SOURCE_G_REVIEWS,reviews_2023.csv,2023-02-13T04:25:29.579983586,BATCH-G-20230212
REV-00008915,SKU-0008235,user_9948,Michelle Mills,4,"<i>edited</i>Exactly as described, very happy.<b>Update:</b>",2023-02-04,False,POSITIVE,0,SOURCE_G_REVIEWS,reviews_2023.csv,2023-02-04T09:12:29.681468575,BATCH-G-20230204
REV-00008923,SKU-0019770,,Anonymous,3,"It's okay, does the job.",2023-01-15,True,NEUTRAL,0,SOURCE_G_REVIEWS,reviews_2023.csv,2023-01-15T23:53:38.316485721,BATCH-G-20230115
REV-00008927,SKU-0001850,user_59471,Trevor Davis,5,"Average quality, nothing special.",2023-02-21,True,NEUTRAL,3,SOURCE_G_REVIEWS,reviews_2023.csv,2023-02-21T03:10:53.014207633,BATCH-G-20230221
REV-00008932,SKU-0010251,user_37936,Tina Johnson,5,"<p>Exactly as described, very happy.<i>edited</i>",2023-01-19,True,POSITIVE,12,SOURCE_G_REVIEWS,reviews_2023.csv,2023-01-19T01:07:37.754331011,BATCH-G-20230119
REV-00008933,SKU-0009763,user_52981,Frank Davis,1,Very disappointed with the quality.,2023-10-24,True,NEGATIVE,0,SOURCE_G_REVIEWS,reviews_2023.csv,2023-10-24T08:14:30.360632329,BATCH-G-20231024
REV-00008936,SKU-0014128,user_9028463,Mary Hill,5,"Perfect gift, they loved it!",2023-03-05,True,POSITIVE,1,SOURCE_G_REVIEWS,reviews_2023.csv,2023-03-05T18:45:05.653642063,BATCH-G-20230305
REV-00008954,SKU-0016845,user_9008195,Catherine Warren,1,Stopped working after a week.,2023-03-08,False,NEGATIVE,5,SOURCE_G_REVIEWS,reviews_2023.csv,2023-03-08T21:33:03.313103053,BATCH-G-20230308
REV-00008958,SKU-0013915,user_9004314,Thomas,1,,2023-12-22,True,NEGATIVE,2,SOURCE_G_REVIEWS,reviews_2023.csv,2023-12-22T20:26:02.612204517,BATCH-G-20231222
REV-00008968,SKU-0000561,user_56604,Melissa,5,Great value for money.,2023-08-17,True,POSITIVE,0,SOURCE_G_REVIEWS,reviews_2023.csv,2023-08-17T04:29:42.061405015,BATCH-G-20230817
REV-00008971,SKU-0012619,user_9009197,Christine,?,"Exactly as described, very happy.",2023-04-22,False,POSITIVE,3,SOURCE_G_REVIEWS,reviews_2023.csv,2023-04-22T15:48:19.540567818,BATCH-G-20230422
REV-00008980,SKU-0015687,user_10631,Samantha,4,गुणवत्ता ठीक नहीं थी।,2023-09-09,False,POSITIVE,5,SOURCE_G_REVIEWS,reviews_2023.csv,2023-09-10T05:52:30.212903832,BATCH-G-20230909
REV-00008989,SKU-0001725,user_45093,Monica Meadows,2,Not as described at all. 🔥,2023-07-24,True,NEGATIVE,1,SOURCE_G_REVIEWS,reviews_2023.csv,2023-07-24T14:03:35.059961,BATCH-G-20230724
REV-00008991,SKU-0018131,user_11542,Mrs.,5,"Exactly as described, very happy.",2023-03-25,True,POSITIVE,3,SOURCE_G_REVIEWS,reviews_2023.csv,2023-03-25T01:25:38.349301547,BATCH-G-20230325
REV-00009007,SKU-0010465,user_9023978,Chase Smith Jr.,5,Great value for money.,2023-04-22,False,POSITIVE,0,SOURCE_G_REVIEWS,reviews_2023.csv,2023-04-22T16:29:08.263424676,BATCH-G-20230422
REV-00009017,SKU-0007408,user_45753,Tristan,5,Highly recommend this product.,2023-08-06,True,POSITIVE,0,SOURCE_G_REVIEWS,reviews_2023.csv,2023-08-06T20:11:42.572081487,BATCH-G-20230806
REV-00009023,SKU-9914956,user_9033208,Brian Shaffer,5,Highly recommend this product.,2023-11-17,True,POSITIVE,12,SOURCE_G_REVIEWS,reviews_2023.csv,2023-11-17T09:02:21.004746071,BATCH-G-20231117
REV-00009024,SKU-0013367,user_22915,Elizabeth,3,"Matches the description, no issues. 🙏",2023-11-27,True,NEUTRAL,3,SOURCE_G_REVIEWS,reviews_2023.csv,2023-11-27T08:30:06.492605613,BATCH-G-20231127
REV-00009026,SKU-0019693,user_9017098,Monica,4,Fast delivery and great quality.,2023-05-21,True,POSITIVE,6,SOURCE_G_REVIEWS,reviews_2023.csv,2023-05-21T03:35:24.617070360,BATCH-G-20230521
REV-00009029,SKU-0019370,user_4903,Christine,5,"Exactly as described, very happy.",2023-06-21,True,POSITIVE,4,SOURCE_G_REVIEWS,reviews_2023.csv,2023-06-21T16:35:18.057762450,BATCH-G-20230621
REV-00009032,SKU-0006963,user_37744,Nichole Contreras,5,"Cheaply made, broke immediately.",2023-02-05,False,NEGATIVE,12,SOURCE_G_REVIEWS,reviews_2023.csv,2023-02-05T16:59:54.304802403,BATCH-G-20230205
REV-00009032-DUP,SKU-0006963,user_37744,Nichole Contreras,5,"Cheaply made, broke immediately.",2023-02-05,False,NEGATIVE,12,SOURCE_G_REVIEWS,reviews_2023.csv,2023-02-05T17:43:54.304802403,BATCH-G-20230205
REV-00009039,SKU-0005778,,Anonymous,4,   Great  value  for  money.   ,2023-04-10,False,POSITIVE,4,SOURCE_G_REVIEWS,reviews_2023.csv,2023-04-10T04:03:59.320551010,BATCH-G-20230410
REV-00009075,SKU-0016513,,Anonymous,5,Fast delivery and great quality.,2023-08-06,False,POSITIVE,5,SOURCE_G_REVIEWS,reviews_2023.csv,2023-08-07T04:53:29.118196529,BATCH-G-20230806
REV-00009083,SKU-9966089,user_9001872,Hannah Sullivan,3,Exceeded my expectations.,2023-01-15,False,POSITIVE,6,SOURCE_G_REVIEWS,reviews_2023.csv,2023-01-15T06:27:51.558160245,BATCH-G-20230115
REV-00009087,SKU-0009609,,Anonymous,5,"बहुत अच्छा उत्पाद है, पैसा वसूल! Solid build quality, no complaints.",2023-12-24,False,POSITIVE,0,SOURCE_G_REVIEWS,reviews_2023.csv,2023-12-24T16:11:45.738465338,BATCH-G-20231224
REV-00009096,SKU-0003030,user_15537,Duane Turner,3,"Average quality, nothing special.",2023-10-01,True,NEUTRAL,4,SOURCE_G_REVIEWS,reviews_2023.csv,2023-10-02T02:42:10.052391456,BATCH-G-20231001
REV-00009103,SKU-0003101,user_9010566,Mary Marshall,3,"Matches the description, no issues.",2023-06-29,False,NEUTRAL,3,SOURCE_G_REVIEWS,reviews_2023.csv,2023-07-18T05:00:00,BATCH-G-20230629
REV-00009113,SKU-0011764,,Anonymous,5,Fast delivery and great quality.,2023-01-24,False,POSITIVE,6,SOURCE_G_REVIEWS,reviews_2023.csv,2023-01-24T22:52:11.923839974,BATCH-G-20230124
REV-00009117,SKU-0002740,user_11209,Shane Hart,5,"Perfect gift, they loved it!",2023-04-30,False,POSITIVE,5,SOURCE_G_REVIEWS,reviews_2023.csv,2023-05-01T04:17:16.832104126,BATCH-G-20230430
REV-00009119,SKU-0000934,user_19983,Jesse Daniel,5,Highly recommend this product.,2023-03-31,False,POSITIVE,2,SOURCE_G_REVIEWS,reviews_2023.csv,2023-03-31T20:24:27.883501572,BATCH-G-20230331
REV-00009120,SKU-0019541,user_47742,Jennifer,5,"Solid build quality, no complaints.",2023-05-25,False,POSITIVE,5,SOURCE_G_REVIEWS,reviews_2023.csv,2023-05-25T21:07:33.525450084,BATCH-G-20230525
REV-00009138,SKU-0013560,,Anonymous,5,"Solid build quality, no complaints.",2023-01-06,True,POSITIVE,2,SOURCE_G_REVIEWS,reviews_2023.csv,2023-01-06T08:41:05.266772846,BATCH-G-20230106
REV-00009160,SKU-0014455,user_8630,Michelle Valentine,4,"Solid build quality, no complaints.",2023-11-12,False,POSITIVE,0,SOURCE_G_REVIEWS,reviews_2023.csv,2023-11-12T20:26:40.569056799,BATCH-G-20231112
REV-00009171,SKU-0018615,,Anonymous,5,Fast delivery and great quality.,2023-02-05,False,POSITIVE,0,SOURCE_G_REVIEWS,reviews_2023.csv,2023-02-05T08:58:40.165799657,BATCH-G-20230205
REV-00009184,SKU-0008539,user_29437,Sarah Blanchard,3,"It's okay, does the job.",2023-12-30,False,NEUTRAL,1,SOURCE_G_REVIEWS,reviews_2023.csv,2023-12-30T18:39:24.253508209,BATCH-G-20231230
REV-00009185,SKU-0007844,user_9022133,Walter Meadows,4,"बहुत अच्छा उत्पाद है, पैसा वसूल!",2023-06-01,True,POSITIVE,5,SOURCE_G_REVIEWS,reviews_2023.csv,2023-06-01T07:16:14.674071445,BATCH-G-20230601
REV-00009194,SKU-0019215,user_2082,Curtis Greene Jr.,5,Will definitely buy again.,2023-11-26,True,POSITIVE,4,SOURCE_G_REVIEWS,reviews_2023.csv,2023-11-26T06:35:16.295631577,BATCH-G-20231126
REV-00009195,SKU-0018916,user_2349,Amanda Carney,4,Highly recommend this product.,2023-08-13,False,POSITIVE,0,SOURCE_G_REVIEWS,reviews_2023.csv,2023-08-14T01:51:33.881235830,BATCH-G-20230813
REV-00009198,SKU-0002887,,Anonymous,4,"Exactly as described, very happy.",2023-01-03,True,POSITIVE,3,SOURCE_G_REVIEWS,reviews_2023.csv,2023-01-03T09:29:53.900288402,BATCH-G-20230103
REV-00009202,SKU-0018777,user_9029344,Greg Molina,4,"Solid build quality, no complaints.",2023-12-08,True,POSITIVE,3,SOURCE_G_REVIEWS,reviews_2023.csv,2023-12-08T08:39:57.002688058,BATCH-G-20231208
REV-00009214,SKU-0012527,user_35352,Michael,4,Better than I expected for the price. 😐,2023-10-16,True,POSITIVE,3,SOURCE_G_REVIEWS,reviews_2023.csv,2023-10-17T00:13:16.179404907,BATCH-G-20231016
REV-00009222,SKU-0001240,,Anonymous,5,Great value for money.,2023-04-10,True,POSITIVE,0,SOURCE_G_REVIEWS,reviews_2023.csv,2023-04-10T19:47:08.354956789,BATCH-G-20230410
REV-00009230,SKU-0018768,user_51137,Christopher Benjamin,5,"Solid build quality, no complaints.",2023-11-03,True,POSITIVE,5,SOURCE_G_REVIEWS,reviews_2023.csv,2023-11-03T08:21:25.952430831,BATCH-G-20231103
REV-00009234,SKU-0017540,user_9016320,Luke Franco,5,Will definitely buy again.,2023-11-26,False,POSITIVE,4,SOURCE_G_REVIEWS,reviews_2023.csv,2023-11-26T11:16:04.967351756,BATCH-G-20231126
REV-00009248,SKU-9982720,user_9028924,Jacob Lane,5,"Exactly as described, very happy.",2023-03-27,True,POSITIVE,2,SOURCE_G_REVIEWS,reviews_2023.csv,2023-03-27T17:49:23.384264307,BATCH-G-20230327
REV-00009252,SKU-0019870,user_9030156,Kathryn,5,Highly recommend this product.,2023-11-29,False,POSITIVE,0,SOURCE_G_REVIEWS,reviews_2023.csv,2023-11-29T02:21:49.450471785,BATCH-G-20231129
REV-00009254,SKU-0019673,user_14170,Kristopher Brown,2,"Waste of money, do not buy.",2023-11-10,False,NEGATIVE,2,SOURCE_G_REVIEWS,reviews_2023.csv,2023-11-11T01:53:41.175172687,BATCH-G-20231110
REV-00009255,SKU-0001342,user_9018961,Shannon Williams,5,Fast delivery and great quality.,2023-07-13,True,POSITIVE,2,SOURCE_G_REVIEWS,reviews_2023.csv,2023-07-13T15:17:25.967761611,BATCH-G-20230713
REV-00009258,SKU-0017811,user_9033411,Juan Thompson,2,Very disappointed with the quality.,2023-07-07,False,NEGATIVE,0,SOURCE_G_REVIEWS,reviews_2023.csv,2023-07-08T03:30:07.576815451,BATCH-G-20230707
REV-00009260,SKU-0001739,user_68893,Dana Foster,4,Will definitely buy again.,2023-01-29,False,POSITIVE,5,SOURCE_G_REVIEWS,reviews_2023.csv,2023-01-29T06:16:23.573340171,BATCH-G-20230129
REV-00009264,SKU-0008425,user_9033800,Bryce,4,Exceeded my expectations.,2023-04-01,False,POSITIVE,5,SOURCE_G_REVIEWS,reviews_2023.csv,2023-04-02T01:16:52.123221111,BATCH-G-20230401
REV-00009272,SKU-0007602,,Anonymous,5,"Solid build quality, no complaints.",2023-12-25,True,POSITIVE,5,SOURCE_G_REVIEWS,reviews_2023.csv,2023-12-25T13:38:10.281427481,BATCH-G-20231225
REV-00009275,SKU-0002951,,Anonymous,4,Better than I expected for the price.,2023-12-26,True,POSITIVE,0,SOURCE_G_REVIEWS,reviews_2023.csv,2024-01-13T22:00:00,BATCH-G-20231226
REV-00009276,SKU-0003934,user_9018066,Bianca Green,5,"Solid build quality, no complaints.",2023-02-05,False,POSITIVE,2,SOURCE_G_REVIEWS,reviews_2023.csv,2023-02-05T22:40:13.443240890,BATCH-G-20230205
REV-00009281,SKU-0009788,,Anonymous,5,Will definitely buy again.,2023-04-07,False,POSITIVE,1,SOURCE_G_REVIEWS,reviews_2023.csv,2023-04-08T00:03:31.136667693,BATCH-G-20230407
REV-00009287,SKU-9951865,user_27752,Jennifer Rivas,1,"Waste of money, do not buy.",2023-12-24,True,NEGATIVE,20,SOURCE_G_REVIEWS,reviews_2023.csv,2023-12-24T23:10:25.539651207,BATCH-G-20231224
REV-00009297,SKU-0004441,user_41456,Brandon,4,"Absolutely love it, works perfectly!",2023-03-15,True,POSITIVE,0,SOURCE_G_REVIEWS,reviews_2023.csv,2023-03-16T05:52:19.155055416,BATCH-G-20230315
REV-00009300,SKU-0013417,,Anonymous,1,Stopped working after a week.,2023-12-16,False,NEGATIVE,1,SOURCE_G_REVIEWS,reviews_2023.csv,2023-12-16T06:58:23.712509686,BATCH-G-20231216
REV-00009310,SKU-0007084,user_9027605,Robert Russell,5,   Will  definitely  buy  again.   ,2023-01-10,True,POSITIVE,1,SOURCE_G_REVIEWS,reviews_2023.csv,2023-01-10T14:50:51.678717886,BATCH-G-20230110
REV-00009317,SKU-0016378,user_62099,Kelly Norman,5,Better than I expected for the price.,2023-08-13,True,POSITIVE,0,SOURCE_G_REVIEWS,reviews_2023.csv,2023-08-13T06:42:17.454299112,BATCH-G-20230813
REV-00009319,SKU-0002011,user_9014242,Donna,4,Better than I expected for the price.,2023-02-09,True,POSITIVE,1,SOURCE_G_REVIEWS,reviews_2023.csv,2023-02-09T13:00:12.298097770,BATCH-G-20230209
REV-00009331,SKU-0017165,user_51316,John Duncan,4,Fast delivery and great quality.,2023-07-29,False,POSITIVE,2,SOURCE_G_REVIEWS,reviews_2023.csv,2023-08-05T05:00:00,BATCH-G-20230729
REV-00009334,SKU-0019429,,Anonymous,1,Arrived damaged and support was unhelpful.,2023-12-05,False,NEGATIVE,0,SOURCE_G_REVIEWS,reviews_2023.csv,2023-12-05T11:29:37.164363350,BATCH-G-20231205
REV-00009343,SKU-0007812,user_14670,Maria,1,Arrived damaged and support was unhelpful.,2023-10-25,False,NEGATIVE,1,SOURCE_G_REVIEWS,reviews_2023.csv,2023-10-25T12:24:42.817349858,BATCH-G-20231025
REV-00009343-BOT,SKU-0007812,user_32385,Katelyn Villa,1,Arrived damaged and support was unhelpful.,2023-10-25,False,NEGATIVE,0,SOURCE_G_REVIEWS,reviews_2023.csv,2023-10-25T12:24:42.817349858,BATCH-G-20231025
REV-00009361,SKU-0014607,user_51699,Cheryl King,2,Arrived damaged and support was unhelpful.,2023-01-17,False,NEGATIVE,6,SOURCE_G_REVIEWS,reviews_2023.csv,2023-01-17T07:08:27.731300678,BATCH-G-20230117
REV-00009363,SKU-9989870,user_9034919,James Ingram,5,Stopped working after a week.,2023-08-12,True,NEGATIVE,3,SOURCE_G_REVIEWS,reviews_2023.csv,2023-08-12T00:39:21.738105061,BATCH-G-20230812
REV-00009370,SKU-0009502,user_9026180,Charles Decker,5,"Perfect gift, they loved it!",2023-12-23,True,POSITIVE,2,SOURCE_G_REVIEWS,reviews_2023.csv,2023-12-23T05:44:53.936421744,BATCH-G-20231223
REV-00009374,SKU-0014428,,Anonymous,5,NULL,2023-09-10,True,POSITIVE,0,SOURCE_G_REVIEWS,reviews_2023.csv,2023-09-10T01:09:22.314750586,BATCH-G-20230910
REV-00009378,SKU-9920897,,Anonymous,1,"Waste of money, do not buy.",2023-12-11,False,NEGATIVE,0,SOURCE_G_REVIEWS,reviews_2023.csv,2023-12-11T01:26:23.883552390,BATCH-G-20231211
REV-00009379,SKU-0007079,,Anonymous,2,Wrong item was shipped to me.,2023-12-18,False,NEGATIVE,1,SOURCE_G_REVIEWS,reviews_2023.csv,2023-12-19T02:00:36.688824301,BATCH-G-20231218
REV-00009380,SKU-0012592,,Anonymous,5,No cumplió mis expectativas.,2023-07-03,False,POSITIVE,0,SOURCE_G_REVIEWS,reviews_2023.csv,2023-07-03T02:54:31.277664876,BATCH-G-20230703
REV-00009391,SKU-0001104,user_4051,Christine,2,"Poor packaging, item was defective. 😡",2023-11-21,False,NEGATIVE,10,SOURCE_G_REVIEWS,reviews_2023.csv,2023-11-21T04:44:29.638823762,BATCH-G-20231121
REV-00009391-DUP,SKU-0001104,user_4051,Christine,2,"Poor packaging, item was defective. 😡",2023-11-21,False,NEGATIVE,10,SOURCE_G_REVIEWS,reviews_2023.csv,2023-11-21T04:47:29.638823762,BATCH-G-20231121
REV-00009402,SKU-0011824,user_60364,Taylor Lawson,4,Fast delivery and great quality.,2023-12-25,False,POSITIVE,1,SOURCE_G_REVIEWS,reviews_2023.csv,2023-12-25T16:30:56.765370669,BATCH-G-20231225
REV-00009415,SKU-0004454,user_35348,Rebecca Steele,3,"Not bad, not great either.",2023-07-31,True,NEUTRAL,3,SOURCE_G_REVIEWS,reviews_2023.csv,2023-07-31T05:24:28.816018283,BATCH-G-20230731
REV-00009447,SKU-0018778,user_19658,Stephanie Butler,5,"Absolutely love it, works perfectly!",2023-09-05,True,POSITIVE,2,SOURCE_G_REVIEWS,reviews_2023.csv,2023-09-05T16:33:21.900710397,BATCH-G-20230905
REV-00009456,SKU-9955279,user_52424,Alexander Cook,4,Better than I expected for the price.,2023-02-13,False,POSITIVE,5,SOURCE_G_REVIEWS,reviews_2023.csv,2023-02-13T15:42:38.952357999,BATCH-G-20230213
REV-00009469,SKU-0003564,user_6329,Bradley,4,Wrong item was shipped to me.,2023-06-19,True,NEGATIVE,3,SOURCE_G_REVIEWS,reviews_2023.csv,2023-06-19T01:32:56.625055557,BATCH-G-20230619
REV-00009485,SKU-0001216,,Anonymous,5,Better than I expected for the price.,2023-10-21,False,POSITIVE,0,SOURCE_G_REVIEWS,reviews_2023.csv,2023-10-21T23:44:55.238715484,BATCH-G-20231021
REV-00009507,SKU-0006293,user_9009089,Gerald Harris,4,"Exactly as described, very happy.",2023-07-15,True,POSITIVE,2,SOURCE_G_REVIEWS,reviews_2023.csv,2023-07-16T04:27:49.711717939,BATCH-G-20230715
REV-00009508,SKU-0004001,user_9023766,Kimberly Adams,NULL,"Average quality, nothing special. 🙏",2023-11-20,False,NEUTRAL,1,SOURCE_G_REVIEWS,reviews_2023.csv,2023-11-21T04:27:09.514123335,BATCH-G-20231120
REV-00009509,SKU-0002846,user_9011238,Shannon Cruz,5,Will definitely buy again.,2023-03-12,True,POSITIVE,6,SOURCE_G_REVIEWS,reviews_2023.csv,2023-03-13T02:03:35.115808035,BATCH-G-20230312
REV-00009534,SKU-0008207,user_9028544,Samantha Wells,4,Better than I expected for the price.,2023-11-25,False,POSITIVE,6,SOURCE_G_REVIEWS,reviews_2023.csv,2023-11-26T04:46:30.843960953,BATCH-G-20231125
REV-00009544,SKU-0002536,,Anonymous,5,Highly recommend this product.,2023-06-12,True,POSITIVE,8,SOURCE_G_REVIEWS,reviews_2023.csv,2023-06-12T17:24:37.541078167,BATCH-G-20230612
REV-00009556,SKU-9900049,user_64953,Carlos Reid,4,"Absolutely love it, works perfectly!",2023-12-04,True,POSITIVE,1,SOURCE_G_REVIEWS,reviews_2023.csv,2023-12-04T09:32:26.353775304,BATCH-G-20231204
REV-00009560,SKU-0009229,user_9006876,Lindsey Lowery,1,Not as described at all.,2023-07-04,False,NEGATIVE,5,SOURCE_G_REVIEWS,reviews_2023.csv,2023-07-04T16:18:23.480338344,BATCH-G-20230704
REV-00009564,SKU-0007695,,Anonymous,4,"Solid build quality, no complaints.",2023-11-27,False,POSITIVE,0,SOURCE_G_REVIEWS,reviews_2023.csv,2023-11-27T11:30:48.704768768,BATCH-G-20231127
REV-00009571,SKU-0010902,user_51188,Cristina Washington,5,Will definitely buy again.,2023-10-10,True,POSITIVE,0,SOURCE_G_REVIEWS,reviews_2023.csv,2023-10-11T02:02:16.101132330,BATCH-G-20231010
REV-00009571-DUP,SKU-0010902,user_51188,Cristina Washington,5,Will definitely buy again.,2023-10-10,True,POSITIVE,0,SOURCE_G_REVIEWS,reviews_2023.csv,2023-10-11T02:12:16.101132330,BATCH-G-20231010
REV-00009578,SKU-0014070,user_9006098,Mary,5,   Will  definitely  buy  again.   ,2023-06-25,True,POSITIVE,2,SOURCE_G_REVIEWS,reviews_2023.csv,2023-06-25T18:44:40.903176095,BATCH-G-20230625
REV-00009592,SKU-0006015,user_64454,Heather Cox,4,Exceeded my expectations.,2023-06-12,True,POSITIVE,1,SOURCE_G_REVIEWS,reviews_2023.csv,2023-06-12T17:17:42.779539595,BATCH-G-20230612
REV-00009601,SKU-0020069,,Anonymous,5,<br>Exceeded my expectations.<b>Update:</b>,2023-02-25,True,POSITIVE,1,SOURCE_G_REVIEWS,reviews_2023.csv,2023-02-25T10:07:06.555123327,BATCH-G-20230225
REV-00009603,SKU-0002393,user_9001905,Lisa,,Fast delivery and great quality.,2023-02-03,False,POSITIVE,0,SOURCE_G_REVIEWS,reviews_2023.csv,2023-02-03T22:47:48.483052319,BATCH-G-20230203
REV-00009614,SKU-0018599,user_61640,Tammy Moore,NULL,Will definitely buy again.,2023-01-07,True,POSITIVE,1,SOURCE_G_REVIEWS,reviews_2023.csv,2023-01-07T23:48:10.050111582,BATCH-G-20230107
REV-00009615,SKU-0013332,user_36512,Kristina Buckley,5,Exceeded my expectations.,2023-04-18,False,POSITIVE,2,SOURCE_G_REVIEWS,reviews_2023.csv,2023-04-18T17:01:10.414612605,BATCH-G-20230418
REV-00009626,SKU-0003043,user_43134,Jeremy Phelps,5,Fast delivery and great quality.,2023-02-08,True,POSITIVE,3,SOURCE_G_REVIEWS,reviews_2023.csv,2023-02-08T21:47:27.653059411,BATCH-G-20230208
REV-00009626-DUP,SKU-0003043,user_43134,Jeremy Phelps,5,Fast delivery and great quality.,2023-02-08,True,POSITIVE,3,SOURCE_G_REVIEWS,reviews_2023.csv,2023-02-08T21:49:27.653059411,BATCH-G-20230208
REV-00009636,SKU-0010139,user_24978,Renee,5,Exceeded my expectations.,2023-10-06,False,POSITIVE,2,SOURCE_G_REVIEWS,reviews_2023.csv,2023-10-06T04:34:22.545551286,BATCH-G-20231006
REV-00009646,SKU-0017184,user_23734,Michele,5,No cumplió mis expectativas. Will definitely buy again.,2023-04-01,False,POSITIVE,1,SOURCE_G_REVIEWS,reviews_2023.csv,2023-04-01T13:55:21.873603534,BATCH-G-20230401
REV-00009648,SKU-0014830,user_23593,Matthew Williams,5,"Solid build quality, no complaints. 🔥",2023-11-26,False,POSITIVE,2,SOURCE_G_REVIEWS,reviews_2023.csv,2023-11-26T17:53:45.616434322,BATCH-G-20231126
REV-00009652,SKU-0001602,user_9000215,James Fry,3,"Matches the description, no issues.",2023-03-01,True,NEUTRAL,1,SOURCE_G_REVIEWS,reviews_2023.csv,2023-03-02T00:32:46.766095304,BATCH-G-20230301
REV-00009667,SKU-0010166,user_9000211,Andrea Woodard,5,Fast delivery and great quality.,2023-01-26,True,POSITIVE,1,SOURCE_G_REVIEWS,reviews_2023.csv,2023-01-26T02:03:36.216578149,BATCH-G-20230126
REV-00009670,SKU-0009437,user_61940,Stanley,5,Stopped working after a week.,2023-03-24,False,NEGATIVE,2,SOURCE_G_REVIEWS,reviews_2023.csv,2023-03-24T02:00:40.368097641,BATCH-G-20230324
REV-00009679,SKU-0004699,user_55282,Lauren Clark,4,Highly recommend this product.,2023-05-25,True,POSITIVE,5,SOURCE_G_REVIEWS,reviews_2023.csv,2023-05-25T14:43:18.434472060,BATCH-G-20230525
REV-00009685,SKU-0018947,user_9021647,Anna Neal,3,Decent but overpriced a bit.,2023-07-01,True,NEUTRAL,11,SOURCE_G_REVIEWS,reviews_2023.csv,2023-07-01T18:11:16.111385969,BATCH-G-20230701
REV-00009702,SKU-0005276,user_9034505,Catherine Barnes,5,"Exactly as described, very happy.",2023-03-10,False,POSITIVE,1,SOURCE_G_REVIEWS,reviews_2023.csv,2023-03-10T03:15:48.063308147,BATCH-G-20230310
REV-00009713,SKU-0007515,,Anonymous,2,Stopped working after a week.,2023-12-15,False,NEGATIVE,1,SOURCE_G_REVIEWS,reviews_2023.csv,2023-12-16T03:55:56.223830812,BATCH-G-20231215
REV-00009717,SKU-0010091,,Anonymous,5,Will definitely buy again.,2023-11-13,False,POSITIVE,0,SOURCE_G_REVIEWS,reviews_2023.csv,2023-11-13T16:11:52.924990775,BATCH-G-20231113
REV-00009724,SKU-0014353,user_39234,Michael Gallagher,5,Highly recommend this product.,2023-09-23,False,POSITIVE,0,SOURCE_G_REVIEWS,reviews_2023.csv,2023-09-23T06:32:51.861356983,BATCH-G-20230923
REV-00009727,SKU-0004941,user_24629,Cole Stein,3,"Poor packaging, item was defective.",2023-01-06,True,NEGATIVE,0,SOURCE_G_REVIEWS,reviews_2023.csv,2023-01-06T12:02:00.176344349,BATCH-G-20230106
REV-00009730,SKU-0017664,user_48390,Robert Wiggins,3,"It's okay, does the job.",2023-12-14,False,NEUTRAL,3,SOURCE_G_REVIEWS,reviews_2023.csv,2023-12-14T03:04:18.623832836,BATCH-G-20231214
REV-00009740,SKU-0004389,user_32115,Regina,5,Exceeded my expectations.,2023-07-22,True,POSITIVE,1,SOURCE_G_REVIEWS,reviews_2023.csv,2023-07-22T23:09:33.010315339,BATCH-G-20230722
REV-00009749,SKU-0009343,user_9001357,Sandra Williams,5,Will definitely buy again.,2023-01-07,False,POSITIVE,1,SOURCE_G_REVIEWS,reviews_2023.csv,2023-01-08T04:29:35.601989998,BATCH-G-20230107
REV-00009750,SKU-0004676,user_9001928,Felicia Crawford,5,Will definitely buy again.,2023-03-08,True,POSITIVE,0,SOURCE_G_REVIEWS,reviews_2023.csv,2023-03-09T02:30:36.570751936,BATCH-G-20230308
REV-00009757,SKU-0009282,user_9014216,Joshua,2,Not as described at all.,2023-12-12,False,NEGATIVE,6,SOURCE_G_REVIEWS,reviews_2023.csv,2023-12-12T04:58:29.730477563,BATCH-G-20231212
REV-00009766,SKU-0019102,user_47431,Erik Owens,2,Arrived damaged and support was unhelpful.,2023-03-31,True,NEGATIVE,2,SOURCE_G_REVIEWS,reviews_2023.csv,2023-03-31T03:51:32.662475974,BATCH-G-20230331
REV-00009769,SKU-0002202,user_31322,Shawn Hinton,4,Will definitely buy again. 😢,2023-06-01,True,POSITIVE,0,SOURCE_G_REVIEWS,reviews_2023.csv,2023-06-01T13:36:04.032495245,BATCH-G-20230601
REV-00009775,SKU-0010690,user_9009437,Christopher,5,"Exactly as described, very happy.",2023-10-03,False,POSITIVE,1,SOURCE_G_REVIEWS,reviews_2023.csv,2023-10-03T13:20:30.812152370,BATCH-G-20231003
REV-00009778,SKU-0015799,user_48343,Denise Cisneros,4,Exceeded my expectations.,2023-11-14,False,POSITIVE,2,SOURCE_G_REVIEWS,reviews_2023.csv,2023-11-14T09:01:44.030876866,BATCH-G-20231114
REV-00009781,SKU-0005856,user_9007608,Lynn Stanley,2,"Cheaply made, broke immediately.",2023-06-23,False,NEGATIVE,5,SOURCE_G_REVIEWS,reviews_2023.csv,2023-06-24T04:33:45.357675833,BATCH-G-20230623
REV-00009785,SKU-0000816,,Anonymous,2,Wrong item was shipped to me.,2023-09-01,True,NEGATIVE,0,SOURCE_G_REVIEWS,reviews_2023.csv,2023-09-01T02:41:44.500234264,BATCH-G-20230901
REV-00009786,SKU-0010158,user_4527,Mrs. Carrie Davis,1,Works fine but delivery was slow.,2023-03-31,False,NEUTRAL,2,SOURCE_G_REVIEWS,reviews_2023.csv,2023-04-01T02:05:45.577816687,BATCH-G-20230331
REV-00009787,SKU-0016788,,Anonymous,5,"Absolutely love it, works perfectly!",2023-11-29,True,POSITIVE,0,SOURCE_G_REVIEWS,reviews_2023.csv,2023-11-30T02:10:17.835322118,BATCH-G-20231129
REV-00009792,SKU-0001281,user_23073,John Sampson,3,"It's okay, does the job.",2023-01-13,True,NEUTRAL,3,SOURCE_G_REVIEWS,reviews_2023.csv,2023-01-14T02:00:55.473418877,BATCH-G-20230113
REV-00009794,SKU-0016505,user_23356,Tyler,4,"Solid build quality, no complaints.",2023-10-29,True,POSITIVE,1,SOURCE_G_REVIEWS,reviews_2023.csv,2023-10-30T03:43:52.117124108,BATCH-G-20231029
REV-00009811,SKU-0004113,user_9030497,Marco Wilson,1,"Waste of money, do not buy.",2023-04-19,True,NEGATIVE,0,SOURCE_G_REVIEWS,reviews_2023.csv,2023-04-19T02:33:18.412874868,BATCH-G-20230419
REV-00009821,SKU-0006615,user_9028123,Colleen Bryan,3,"Average quality, nothing special.",2023-09-23,True,NEUTRAL,8,SOURCE_G_REVIEWS,reviews_2023.csv,2023-09-23T04:58:58.960985097,BATCH-G-20230923
REV-00009826,SKU-0013893,user_9016508,Rebecca Kennedy,5,"Solid build quality, no complaints.",2023-05-08,False,POSITIVE,1,SOURCE_G_REVIEWS,reviews_2023.csv,2023-05-09T02:05:36.546063232,BATCH-G-20230508
REV-00009832,SKU-0018703,user_9002619,Tiffany Clark,5,Exceeded my expectations.,2023-06-05,False,POSITIVE,3,SOURCE_G_REVIEWS,reviews_2023.csv,2023-06-05T03:55:13.432063129,BATCH-G-20230605
REV-00009833,SKU-0020031,,Anonymous,4,Better than I expected for the price.,2023-07-15,True,POSITIVE,7,SOURCE_G_REVIEWS,reviews_2023.csv,2023-07-16T04:27:14.079626655,BATCH-G-20230715
REV-00009836,SKU-9938441,user_9027628,Karen,5,"Exactly as described, very happy.",2023-08-15,True,POSITIVE,1,SOURCE_G_REVIEWS,reviews_2023.csv,2023-08-15T19:49:51.628625010,BATCH-G-20230815
REV-00009848,SKU-0014179,,Anonymous,4,"Solid build quality, no complaints.",2023-08-19,True,POSITIVE,7,SOURCE_G_REVIEWS,reviews_2023.csv,2023-08-19T12:45:35.103658181,BATCH-G-20230819
REV-00009873,SKU-0012742,user_9030024,Danielle Sanchez,4,Exceeded my expectations.,2023-11-12,True,POSITIVE,0,SOURCE_G_REVIEWS,reviews_2023.csv,2023-11-12T13:50:12.810258431,BATCH-G-20231112
REV-00009874,SKU-0014403,user_22077,Katherine Graham,2,"   Waste  of  money,  do  not  buy.   ",2023-12-18,False,NEGATIVE,4,SOURCE_G_REVIEWS,reviews_2023.csv,2023-12-19T01:21:11.164890885,BATCH-G-20231218
REV-00009876,SKU-0019961,user_38228,James Evans,4,Better than I expected for the price.,2023-10-15,False,POSITIVE,4,SOURCE_G_REVIEWS,reviews_2023.csv,2023-10-15T02:59:51.086253630,BATCH-G-20231015
REV-00009884,SKU-0009807,user_9007750,Zachary Ferguson,4,Not as described at all.,2023-04-18,True,NEGATIVE,10,SOURCE_G_REVIEWS,reviews_2023.csv,2023-04-18T10:17:24.091189761,BATCH-G-20230418
REV-00009890,SKU-0014193,user_9028175,Kevin Jensen,5,Fast delivery and great quality.,2023-06-09,True,POSITIVE,1,SOURCE_G_REVIEWS,reviews_2023.csv,2023-06-09T08:39:07.835977188,BATCH-G-20230609
REV-00009891,SKU-0000814,user_9030178,Erica Holden,3,"Average quality, nothing special.",2023-11-26,True,NEUTRAL,4,SOURCE_G_REVIEWS,reviews_2023.csv,2023-11-26T02:16:02.264333808,BATCH-G-20231126
REV-00009893,SKU-0000864,user_66005,Anna Lowery,5,"Exactly as described, very happy.",2023-12-02,True,POSITIVE,4,SOURCE_G_REVIEWS,reviews_2023.csv,2023-12-02T16:30:20.977208090,BATCH-G-20231202
REV-00009903,SKU-0012640,,Anonymous,2,"<b>Update:</b>Poor packaging, item was defective.<b>Update:</b>",2023-04-13,False,NEGATIVE,0,SOURCE_G_REVIEWS,reviews_2023.csv,2023-04-13T04:51:02.999135352,BATCH-G-20230413
REV-00009918,SKU-0015711,user_9021668,Melissa Fisher,5,Great value for money.,2023-12-17,False,POSITIVE,0,SOURCE_G_REVIEWS,reviews_2023.csv,2023-12-18T04:37:47.719596543,BATCH-G-20231217
REV-00009920,SKU-0006099,user_58579,Brandy Smith,4,Great value for money.,2023-11-02,False,POSITIVE,0,SOURCE_G_REVIEWS,reviews_2023.csv,2023-11-02T09:50:28.200993992,BATCH-G-20231102
REV-00009942,SKU-0007077,,Anonymous,2,"Waste of money, do not buy.",2023-02-21,True,NEGATIVE,4,SOURCE_G_REVIEWS,reviews_2023.csv,2023-02-21T06:51:36.590573869,BATCH-G-20230221
REV-00009943,SKU-0015713,user_9012693,James,4,Better than I expected for the price.,2023-09-22,False,POSITIVE,0,SOURCE_G_REVIEWS,reviews_2023.csv,2023-09-23T04:46:04.829161503,BATCH-G-20230922
REV-00009946,SKU-0011281,user_1071,Andrea Jackson,4,"Exactly as described, very happy.",2023-09-12,True,POSITIVE,5,SOURCE_G_REVIEWS,reviews_2023.csv,2023-09-13T03:42:40.913618488,BATCH-G-20230912
REV-00009947,SKU-0012894,user_59348,Brittany Gray,4,Exceeded my expectations.,2023-11-15,False,POSITIVE,1,SOURCE_G_REVIEWS,reviews_2023.csv,2023-11-15T06:35:42.636999331,BATCH-G-20231115
REV-00009949,SKU-0017511,,Anonymous,2,Stopped working after a week.,2023-03-18,False,NEGATIVE,5,SOURCE_G_REVIEWS,reviews_2023.csv,2023-03-18T08:02:58.508112391,BATCH-G-20230318
REV-00009955,SKU-0012757,,Anonymous,4,Fast delivery and great quality.,2023-08-02,True,POSITIVE,2,SOURCE_G_REVIEWS,reviews_2023.csv,2023-08-03T01:15:55.689435225,BATCH-G-20230802
REV-00009960,SKU-0018118,user_41966,Kayla Yang,2,"बहुत अच्छा उत्पाद है, पैसा वसूल!",2023-03-01,True,NEGATIVE,2,SOURCE_G_REVIEWS,reviews_2023.csv,2023-03-02T05:29:39.324244510,BATCH-G-20230301
REV-00009963,SKU-0018371,user_24549,Zachary Ellison,4,"Matches the description, no issues.",2023-06-28,True,NEUTRAL,2,SOURCE_G_REVIEWS,reviews_2023.csv,2023-06-28T01:13:28.488140833,BATCH-G-20230628
REV-00009970,SKU-0001718,user_1502,Chad Luna,4,"Exactly as described, very happy.",2023-09-28,True,POSITIVE,1,SOURCE_G_REVIEWS,reviews_2023.csv,2023-09-28T06:49:34.400741446,BATCH-G-20230928
REV-00009972,SKU-0016512,,Anonymous,3,"Not bad, not great either.",2023-12-22,False,NEUTRAL,2,SOURCE_G_REVIEWS,reviews_2023.csv,2023-12-22T12:51:36.560009165,BATCH-G-20231222
REV-00009974,SKU-0000689,user_9926,Daniel Perkins,2,Arrived damaged and support was unhelpful.,2023-09-29,True,NEGATIVE,0,SOURCE_G_REVIEWS,reviews_2023.csv,2023-09-29T19:10:23.157131002,BATCH-G-20230929
REV-00009974-DUP,SKU-0000689,user_9926,Daniel Perkins,2,Arrived damaged and support was unhelpful.,2023-09-29,True,NEGATIVE,0,SOURCE_G_REVIEWS,reviews_2023.csv,2023-09-29T19:48:23.157131002,BATCH-G-20230929
REV-00009977,SKU-0008840,user_41794,Barbara Nash,?,"It's okay, does the job.",2023-04-29,True,NEUTRAL,2,SOURCE_G_REVIEWS,reviews_2023.csv,2023-04-29T20:24:38.921682944,BATCH-G-20230429
REV-00009977-BOT,SKU-0008840,user_43053,Mrs. Christina Young,?,"It's okay, does the job.",2023-04-29,False,NEUTRAL,0,SOURCE_G_REVIEWS,reviews_2023.csv,2023-04-29T20:24:38.921682944,BATCH-G-20230429
REV-00009980,SKU-0005614,user_13273,Kelly Williams,5,Highly recommend this product.,2023-02-28,True,POSITIVE,6,SOURCE_G_REVIEWS,reviews_2023.csv,2023-03-01T02:56:44.196510080,BATCH-G-20230228
REV-00009986,SKU-0001831,,Anonymous,2,"Cheaply made, broke immediately.",2023-11-19,True,NEGATIVE,2,SOURCE_G_REVIEWS,reviews_2023.csv,2023-11-19T06:03:25.662036930,BATCH-G-20231119
REV-00009991,SKU-0012833,,Anonymous,5,Exceeded my expectations.,2023-09-20,True,POSITIVE,2,SOURCE_G_REVIEWS,reviews_2023.csv,2023-09-20T16:13:17.461398164,BATCH-G-20230920
REV-00009996,SKU-0012219,user_54363,Jessica Bailey,3,Works fine but delivery was slow.,2023-01-18,True,NEUTRAL,1,SOURCE_G_REVIEWS,reviews_2023.csv,2023-01-19T02:52:22.861633807,BATCH-G-20230118
REV-00010003,SKU-0003061,user_10304,Joseph,4,Fast delivery and great quality.,2023-02-23,True,POSITIVE,3,SOURCE_G_REVIEWS,reviews_2023.csv,2023-02-23T01:46:25.981426926,BATCH-G-20230223
REV-00010011,SKU-0001361,user_9002133,Patricia Schwartz,5, ,2023-02-01,True,POSITIVE,0,SOURCE_G_REVIEWS,reviews_2023.csv,2023-02-02T05:16:31.121272969,BATCH-G-20230201
REV-00010029,SKU-0011860,user_41794,Barbara Nash,NULL,Will definitely buy again.,2023-07-31,True,POSITIVE,1,SOURCE_G_REVIEWS,reviews_2023.csv,2023-08-01T04:08:10.742992633,BATCH-G-20230731
REV-00010030,SKU-0018671,,Anonymous,1,"Waste of money, do not buy.",2023-09-26,True,NEGATIVE,0,SOURCE_G_REVIEWS,reviews_2023.csv,2023-10-12T20:00:00,BATCH-G-20230926
REV-00010033,SKU-0016488,user_9008147,David,4,Exceeded my expectations.,2023-09-08,True,POSITIVE,0,SOURCE_G_REVIEWS,reviews_2023.csv,2023-09-09T03:11:49.730774802,BATCH-G-20230908
REV-00010054,SKU-0006151,user_3455,Jason Davis,5,Great value for money.,2023-03-28,False,POSITIVE,5,SOURCE_G_REVIEWS,reviews_2023.csv,2023-03-28T09:13:25.790432819,BATCH-G-20230328
REV-00010061,SKU-0013322,user_16977,Eugene Fuller,2,Wrong item was shipped to me. 🙏😢,2023-07-05,False,NEGATIVE,0,SOURCE_G_REVIEWS,reviews_2023.csv,2023-07-05T13:04:35.345095685,BATCH-G-20230705
REV-00010073,SKU-0015808,user_47720,Terry,5,"Absolutely love it, works perfectly!",2023-02-12,False,POSITIVE,1,SOURCE_G_REVIEWS,reviews_2023.csv,2023-02-12T01:54:36.956944494,BATCH-G-20230212
REV-00010084,SKU-0002594,user_9023480,Christopher,4,Exceeded my expectations.,2023-06-24,True,POSITIVE,0,SOURCE_G_REVIEWS,reviews_2023.csv,2023-06-24T09:09:40.092575687,BATCH-G-20230624
REV-00010088,SKU-0006426,user_9032802,Steve Erickson,N/A,Works fine but delivery was slow.,2023-11-14,False,NEUTRAL,6,SOURCE_G_REVIEWS,reviews_2023.csv,2023-11-14T14:08:30.182504118,BATCH-G-20231114
REV-00010110,SKU-9932995,,Anonymous,1,Not as described at all.,2023-01-21,True,NEGATIVE,1,SOURCE_G_REVIEWS,reviews_2023.csv,2023-01-21T12:11:48.194304727,BATCH-G-20230121
REV-00010118,SKU-0013259,user_9023947,Molly Preston,2,Arrived damaged and support was unhelpful.,2023-02-21,True,NEGATIVE,1,SOURCE_G_REVIEWS,reviews_2023.csv,2023-02-21T01:57:40.158752645,BATCH-G-20230221
REV-00010145,SKU-9974803,user_9003876,Angela Patterson,5,Great value for money.,2023-05-14,True,POSITIVE,0,SOURCE_G_REVIEWS,reviews_2023.csv,2023-05-14T21:50:10.755864671,BATCH-G-20230514
REV-00010147,SKU-0017040,user_9023077,Betty Hines,4,Highly recommend this product.,2023-07-28,True,POSITIVE,5,SOURCE_G_REVIEWS,reviews_2023.csv,2023-07-28T07:36:34.824145889,BATCH-G-20230728
REV-00010163,SKU-0013043,user_9029487,Shannon Ortega,1,Arrived damaged and support was unhelpful.,2023-09-19,False,NEGATIVE,3,SOURCE_G_REVIEWS,reviews_2023.csv,2023-09-20T04:41:02.711497589,BATCH-G-20230919
REV-00010178,SKU-0002000,,Anonymous,5,"Absolutely love it, works perfectly!",2023-01-13,True,POSITIVE,1,SOURCE_G_REVIEWS,reviews_2023.csv,2023-01-14T02:18:06.536997434,BATCH-G-20230113
REV-00010181,SKU-0011384,user_9019209,Thomas Perez,null,Will definitely buy again.,2023-12-20,False,POSITIVE,0,SOURCE_G_REVIEWS,reviews_2023.csv,2023-12-21T01:10:11.607581525,BATCH-G-20231220
REV-00010185,SKU-0004406,user_23774,Julia,5,Better than I expected for the price.,2023-12-05,True,POSITIVE,0,SOURCE_G_REVIEWS,reviews_2023.csv,2023-12-05T18:51:10.040719056,BATCH-G-20231205
REV-00010186,SKU-0013573,,Anonymous,4,"<p>Perfect gift, they loved it!<b>Update:</b>",2023-06-22,False,POSITIVE,4,SOURCE_G_REVIEWS,reviews_2023.csv,2023-06-22T15:36:55.163405804,BATCH-G-20230622
REV-00010192,SKU-0001491,user_9033585,Kevin Montgomery,3,"Not bad, not great either.",2023-09-08,True,NEUTRAL,9,SOURCE_G_REVIEWS,reviews_2023.csv,2023-09-08T13:56:18.489055842,BATCH-G-20230908
REV-00010202,SKU-0012999,user_9011880,Dawn Watts,2,"Poor packaging, item was defective.",2023-01-24,False,NEGATIVE,1,SOURCE_G_REVIEWS,reviews_2023.csv,2023-01-24T03:33:56.038930697,BATCH-G-20230124
REV-00010208,SKU-0013186,user_62816,Marilyn Simpson,4,"Exactly as described, very happy.",2023-09-21,False,POSITIVE,1,SOURCE_G_REVIEWS,reviews_2023.csv,2023-09-21T04:35:49.930044139,BATCH-G-20230921
REV-00010215,SKU-0016960,user_3324,Tim,3,Decent but overpriced a bit.,2023-03-29,False,NEUTRAL,1,SOURCE_G_REVIEWS,reviews_2023.csv,2023-03-29T02:34:26.817328276,BATCH-G-20230329
REV-00010218,SKU-0018085,user_9021521,Karen Perez,3,Decent but overpriced a bit.,2023-02-05,True,NEUTRAL,4,SOURCE_G_REVIEWS,reviews_2023.csv,2023-02-05T07:54:47.007852963,BATCH-G-20230205
REV-00010219,SKU-0014156,,Anonymous,4,Exceeded my expectations.,2023-08-20,True,POSITIVE,0,SOURCE_G_REVIEWS,reviews_2023.csv,2023-08-20T07:52:08.001495451,BATCH-G-20230820
REV-00010226,SKU-0017392,user_9020778,Matthew,4,Better than I expected for the price.,2023-05-13,True,POSITIVE,5,SOURCE_G_REVIEWS,reviews_2023.csv,2023-05-13T17:42:07.268185293,BATCH-G-20230513
REV-00010228,SKU-0014225,,Anonymous,5,"Exactly as described, very happy. 😀😡",2023-01-24,False,POSITIVE,1,SOURCE_G_REVIEWS,reviews_2023.csv,2023-01-24T03:03:52.160405557,BATCH-G-20230124
REV-00010231,SKU-9916191,user_32368,George Jackson,2,Arrived damaged and support was unhelpful.,2023-11-15,True,NEGATIVE,7,SOURCE_G_REVIEWS,reviews_2023.csv,2023-11-15T15:49:34.971970735,BATCH-G-20231115
REV-00010234,SKU-0013983,user_9025365,Ashley Schaefer,4,"   Perfect  gift,  they  loved  it!   ",2023-06-07,True,POSITIVE,4,SOURCE_G_REVIEWS,reviews_2023.csv,2023-06-07T09:59:09.521021872,BATCH-G-20230607
REV-00010241,SKU-0016979,,Anonymous,2,Wrong item was shipped to me.,2023-08-11,True,NEGATIVE,7,SOURCE_G_REVIEWS,reviews_2023.csv,2023-08-12T02:47:16.683741132,BATCH-G-20230811
REV-00010246,SKU-0010100,user_9023544,Anthony,4,Fast delivery and great quality.,2023-05-08,True,POSITIVE,0,SOURCE_G_REVIEWS,reviews_2023.csv,2023-05-08T04:56:35.701716113,BATCH-G-20230508
REV-00010250,SKU-0005090,user_9028328,Samuel Andersen,5,Great value for money.,2023-07-01,True,POSITIVE,3,SOURCE_G_REVIEWS,reviews_2023.csv,2023-07-01T13:19:34.024955874,BATCH-G-20230701
REV-00010253,SKU-0012804,user_9009391,Rhonda,4,"Absolutely love it, works perfectly!",2023-04-23,True,POSITIVE,5,SOURCE_G_REVIEWS,reviews_2023.csv,2023-04-24T01:43:27.030784556,BATCH-G-20230423
REV-00010256,SKU-0019985,user_9026060,Karen,4,Fast delivery and great quality.,2023-12-13,True,POSITIVE,1,SOURCE_G_REVIEWS,reviews_2023.csv,2023-12-13T06:02:06.237749245,BATCH-G-20231213
REV-00010261,SKU-0007227,user_9019281,Melanie Benjamin,3,Works fine but delivery was slow.,2023-07-27,True,NEUTRAL,2,SOURCE_G_REVIEWS,reviews_2023.csv,2023-07-27T09:06:08.025852870,BATCH-G-20230727
REV-00010268,SKU-0009714,user_45740,Devin,4,"   Perfect  gift,  they  loved  it!   ",2023-09-24,False,POSITIVE,1,SOURCE_G_REVIEWS,reviews_2023.csv,2023-09-28T06:00:00,BATCH-G-20230924
REV-00010278,SKU-0014684,user_9019954,Ashley Davis,4,"Exactly as described, very happy.",2023-05-23,False,POSITIVE,0,SOURCE_G_REVIEWS,reviews_2023.csv,2023-05-23T17:37:29.008040554,BATCH-G-20230523
REV-00010285,SKU-0008949,user_9021815,Dawn Harris,4,Better than I expected for the price.,2023-04-16,True,POSITIVE,0,SOURCE_G_REVIEWS,reviews_2023.csv,2023-04-16T14:55:54.613242526,BATCH-G-20230416
REV-00010299,SKU-0013954,,Anonymous,4,Exceeded my expectations.,2023-08-13,True,POSITIVE,10,SOURCE_G_REVIEWS,reviews_2023.csv,2023-08-13T17:00:02.242259070,BATCH-G-20230813
REV-00010301,SKU-0014876,user_68368,Eric Fischer,3,"Not bad, not great either.",2023-01-07,True,NEUTRAL,0,SOURCE_G_REVIEWS,reviews_2023.csv,2023-01-07T03:42:50.358240501,BATCH-G-20230107
REV-00010306,SKU-0007044,user_46534,Richard,2,"Excellent rapport qualité-prix. Waste of money, do not buy.",2023-05-25,True,NEGATIVE,2,SOURCE_G_REVIEWS,reviews_2023.csv,2023-05-25T17:51:09.408234709,BATCH-G-20230525
REV-00010318,SKU-0004646,user_9012217,John Adams,5,Exceeded my expectations.,2023-11-08,False,POSITIVE,6,SOURCE_G_REVIEWS,reviews_2023.csv,2023-11-09T01:38:02.612021512,BATCH-G-20231108
REV-00010322,SKU-0018686,user_65664,Nathan Good,4,Highly recommend this product.,2023-08-27,True,POSITIVE,0,SOURCE_G_REVIEWS,reviews_2023.csv,2023-08-27T01:47:33.077949266,BATCH-G-20230827
REV-00010323,SKU-0017176,user_16375,Jennifer Dunn,5,Will definitely buy again.,2023-06-02,True,POSITIVE,1,SOURCE_G_REVIEWS,reviews_2023.csv,2023-06-02T15:07:53.086023167,BATCH-G-20230602
REV-00010324,SKU-0018425,user_9018944,Jerry,5,Arrived damaged and support was unhelpful.,2023-06-06,True,NEGATIVE,4,SOURCE_G_REVIEWS,reviews_2023.csv,2023-06-06T14:16:53.045132469,BATCH-G-20230606
REV-00010326,SKU-0010769,user_65394,Laura,2,"Cheaply made, broke immediately.",2023-02-10,False,NEGATIVE,1,SOURCE_G_REVIEWS,reviews_2023.csv,2023-02-10T22:58:02.235200673,BATCH-G-20230210
REV-00010336,SKU-0001496,user_9033610,Thomas Lopez,3,"It's okay, does the job.",2023-08-27,True,NEUTRAL,5,SOURCE_G_REVIEWS,reviews_2023.csv,2023-08-27T10:07:32.582593041,BATCH-G-20230827
REV-00010345,SKU-0010626,user_12918,Dennis Anderson,5,Better than I expected for the price.,2023-02-08,True,POSITIVE,3,SOURCE_G_REVIEWS,reviews_2023.csv,2023-02-08T09:44:40.289159418,BATCH-G-20230208
REV-00010348,SKU-0008420,,Anonymous,5,Will definitely buy again.,2023-05-14,True,POSITIVE,1,SOURCE_G_REVIEWS,reviews_2023.csv,2023-05-14T17:38:10.940114801,BATCH-G-20230514
REV-00010353,SKU-0016954,user_64244,David Johnson,5,"Not bad, not great either.",2023-08-31,True,NEUTRAL,7,SOURCE_G_REVIEWS,reviews_2023.csv,2023-09-01T05:35:11.835016089,BATCH-G-20230831
REV-00010354,SKU-0005361,,Anonymous,3,"&nbsp;Not bad, not great either.<br>",2023-12-15,True,NEUTRAL,5,SOURCE_G_REVIEWS,reviews_2023.csv,2023-12-16T04:17:23.005464965,BATCH-G-20231215
REV-00010357,SKU-0008006,,Anonymous,5,"Livraison très lente, déçu.",2023-04-27,False,POSITIVE,1,SOURCE_G_REVIEWS,reviews_2023.csv,2023-04-27T03:04:17.420105453,BATCH-G-20230427
REV-00010360,SKU-0012732,user_41062,Linda Browning,4,Great value for money.,2023-06-17,False,POSITIVE,1,SOURCE_G_REVIEWS,reviews_2023.csv,2023-06-17T00:35:08.050101878,BATCH-G-20230617
REV-00010370,SKU-0002286,,Anonymous,4,Exceeded my expectations.,2023-02-23,True,POSITIVE,0,SOURCE_G_REVIEWS,reviews_2023.csv,2023-02-23T13:29:08.545975943,BATCH-G-20230223
REV-00010373,SKU-0008205,,Anonymous,5,N/A,2023-01-24,True,POSITIVE,2,SOURCE_G_REVIEWS,reviews_2023.csv,2023-01-24T10:14:41.401319575,BATCH-G-20230124
REV-00010408,SKU-0009698,user_62787,Kayla Long,5,"Absolutely love it, works perfectly!",2023-12-31,True,POSITIVE,0,SOURCE_G_REVIEWS,reviews_2023.csv,2023-12-31T06:21:02.625689559,BATCH-G-20231231
REV-00010421,SKU-0019974,user_9016333,Suzanne,3,Decent but overpriced a bit.,2023-08-12,True,NEUTRAL,1,SOURCE_G_REVIEWS,reviews_2023.csv,2023-08-13T02:45:41.568916614,BATCH-G-20230812
REV-00010427,SKU-0001850,user_9017897,Barbara Wall,4,Will definitely buy again.,2023-06-05,True,POSITIVE,3,SOURCE_G_REVIEWS,reviews_2023.csv,2023-06-05T11:39:00.941986904,BATCH-G-20230605
REV-00010428,SKU-0016731,user_9008859,Mary Ortiz,3,Decent but overpriced a bit. 😍😀,2023-10-24,True,NEUTRAL,1,SOURCE_G_REVIEWS,reviews_2023.csv,2023-10-24T11:01:01.138967907,BATCH-G-20231024
REV-00010440,SKU-0014819,user_9013383,Nancy Clark,1,Wrong item was shipped to me.,2023-05-22,False,NEGATIVE,6,SOURCE_G_REVIEWS,reviews_2023.csv,2023-05-22T05:49:35.244888864,BATCH-G-20230522
REV-00010454,SKU-0016662,user_9003797,Colleen Graves,1,Wrong item was shipped to me.,2023-11-10,False,NEGATIVE,0,SOURCE_G_REVIEWS,reviews_2023.csv,2023-11-11T04:30:40.214182571,BATCH-G-20231110
REV-00010456,SKU-9987943,user_9020858,Christopher Chandler,2,"Cheaply made, broke immediately.",2023-08-13,True,NEGATIVE,1,SOURCE_G_REVIEWS,reviews_2023.csv,2023-08-14T04:24:50.960751649,BATCH-G-20230813
REV-00010464,SKU-0004919,user_9033583,Destiny Wolf,5,"Solid build quality, no complaints.",2023-04-09,True,POSITIVE,1,SOURCE_G_REVIEWS,reviews_2023.csv,2023-04-09T21:35:26.592595724,BATCH-G-20230409
REV-00010476,SKU-0010543,user_43257,Angela,4,Will definitely buy again.,2023-01-21,True,POSITIVE,1,SOURCE_G_REVIEWS,reviews_2023.csv,2023-01-21T03:16:39.084499381,BATCH-G-20230121
REV-00010486,SKU-0004324,user_3946,Jeremy,4,Exceeded my expectations.,2023-12-11,True,POSITIVE,3,SOURCE_G_REVIEWS,reviews_2023.csv,2023-12-11T13:11:06.711748342,BATCH-G-20231211
REV-00010487,SKU-0018311,user_68938,Stephen Hurley,5,"Exactly as described, very happy.",2023-04-16,True,POSITIVE,0,SOURCE_G_REVIEWS,reviews_2023.csv,2023-04-16T12:20:28.609376164,BATCH-G-20230416
REV-00010495,SKU-9919767,user_9026426,Laura Garza,4,Exceeded my expectations.,2023-01-31,False,POSITIVE,2,SOURCE_G_REVIEWS,reviews_2023.csv,2023-01-31T22:58:51.884082029,BATCH-G-20230131
REV-00010506,SKU-0005906,user_9010145,Andrea Zamora,1,Not as described at all.,2023-05-15,False,NEGATIVE,3,SOURCE_G_REVIEWS,reviews_2023.csv,2023-05-15T21:20:27.121356578,BATCH-G-20230515
REV-00010510,SKU-0015280,user_9022643,Sabrina Simpson,3,Works fine but delivery was slow.,2023-11-30,True,NEUTRAL,1,SOURCE_G_REVIEWS,reviews_2023.csv,2023-11-30T01:16:56.113187870,BATCH-G-20231130
REV-00010515,SKU-0008192,user_23875,Derrick Vasquez,5,"   Absolutely  love  it,  works  perfectly!  ⭐😢   ",2023-10-15,False,POSITIVE,2,SOURCE_G_REVIEWS,reviews_2023.csv,2023-10-15T21:53:27.864490839,BATCH-G-20231015
REV-00010533,SKU-0012959,user_38432,Chelsea Bailey,1,"Poor packaging, item was defective.",2023-11-09,True,NEGATIVE,11,SOURCE_G_REVIEWS,reviews_2023.csv,2023-11-09T04:27:34.922720359,BATCH-G-20231109
REV-00010551,SKU-0014958,,Anonymous,5,Will definitely buy again.,2023-12-03,False,POSITIVE,3,SOURCE_G_REVIEWS,reviews_2023.csv,2023-12-03T00:50:25.584538774,BATCH-G-20231203
REV-00010555,SKU-0000745,user_9000419,Kristine Hill,4,"Perfect gift, they loved it!",2023-06-18,False,POSITIVE,2,SOURCE_G_REVIEWS,reviews_2023.csv,2023-06-18T14:22:46.804810179,BATCH-G-20230618
REV-00010559,SKU-0016540,user_9023813,Stephanie Jennings,3,गुणवत्ता ठीक नहीं थी।,2023-08-02,True,NEUTRAL,1,SOURCE_G_REVIEWS,reviews_2023.csv,2023-08-02T03:15:13.470695184,BATCH-G-20230802
REV-00010560,SKU-0004543,user_9011395,James,4,Great value for money.,2023-11-26,True,POSITIVE,4,SOURCE_G_REVIEWS,reviews_2023.csv,2023-11-26T05:56:19.199849971,BATCH-G-20231126
REV-00010574,SKU-0018896,user_62371,Michael Reed,4,Great value for money.,2023-07-22,False,POSITIVE,3,SOURCE_G_REVIEWS,reviews_2023.csv,2023-07-22T10:06:49.579576021,BATCH-G-20230722
REV-00010586,SKU-0011312,user_9004892,Arthur Wilson,3,"Matches the description, no issues.",2023-08-31,True,NEUTRAL,0,SOURCE_G_REVIEWS,reviews_2023.csv,2023-08-31T06:28:05.621016265,BATCH-G-20230831
REV-00010588,SKU-0014383,,Anonymous,3,"It's okay, does the job.",2023-11-11,False,NEUTRAL,1,SOURCE_G_REVIEWS,reviews_2023.csv,2023-11-11T02:30:47.141006597,BATCH-G-20231111
REV-00010591,SKU-0016475,user_45616,Tony James,4,"Exactly as described, very happy.",2023-09-13,False,POSITIVE,0,SOURCE_G_REVIEWS,reviews_2023.csv,2023-09-13T15:46:11.817762367,BATCH-G-20230913
REV-00010594,SKU-0017024,user_9006829,Marco Terry,4,गुणवत्ता ठीक नहीं थी।,2023-12-06,True,POSITIVE,6,SOURCE_G_REVIEWS,reviews_2023.csv,2023-12-06T12:21:52.644077831,BATCH-G-20231206
REV-00010597,SKU-0008045,,Anonymous,2,Not as described at all.,2023-02-15,True,NEGATIVE,1,SOURCE_G_REVIEWS,reviews_2023.csv,2023-02-15T17:58:38.384117380,BATCH-G-20230215
REV-00010598,SKU-0011776,user_9011202,Valerie,4,"बहुत अच्छा उत्पाद है, पैसा वसूल!",2023-01-20,True,POSITIVE,0,SOURCE_G_REVIEWS,reviews_2023.csv,2023-01-20T15:55:03.074981052,BATCH-G-20230120
REV-00010616,SKU-0000270,user_9021520,John Pittman,4,"Exactly as described, very happy.",2023-09-30,False,POSITIVE,6,SOURCE_G_REVIEWS,reviews_2023.csv,2023-09-30T10:02:56.195578512,BATCH-G-20230930
REV-00010617,SKU-0014812,,Anonymous,5,No cumplió mis expectativas.,2023-04-30,True,POSITIVE,2,SOURCE_G_REVIEWS,reviews_2023.csv,2023-04-30T02:48:34.301916122,BATCH-G-20230430
REV-00010624,SKU-0014884,user_18463,Samantha,4,Will definitely buy again.,2023-10-05,True,POSITIVE,4,SOURCE_G_REVIEWS,reviews_2023.csv,2023-10-05T08:33:43.700764440,BATCH-G-20231005
REV-00010629,SKU-0017225,user_9013777,Amanda Hines,5,Better than I expected for the price.,2023-11-04,True,POSITIVE,15,SOURCE_G_REVIEWS,reviews_2023.csv,2023-11-04T12:22:19.490207952,BATCH-G-20231104
REV-00010631,SKU-0006873,,Anonymous,1,"Not bad, not great either.",2023-10-09,False,NEUTRAL,1,SOURCE_G_REVIEWS,reviews_2023.csv,2023-10-26T09:00:00,BATCH-G-20231009
REV-00010635,SKU-0016774,,Anonymous,5,   Exceeded  my  expectations.   ,2023-07-27,True,POSITIVE,17,SOURCE_G_REVIEWS,reviews_2023.csv,2023-07-27T18:09:40.273620380,BATCH-G-20230727
REV-00010643,SKU-0011857,user_25014,Cathy,3,"Average quality, nothing special.",2023-10-13,True,NEUTRAL,0,SOURCE_G_REVIEWS,reviews_2023.csv,2023-10-14T02:35:52.674295488,BATCH-G-20231013
REV-00010650,SKU-0007506,user_9013102,Tyler Perez,1,Wrong item was shipped to me. 😢,2023-04-21,False,NEGATIVE,1,SOURCE_G_REVIEWS,reviews_2023.csv,2023-04-22T01:05:59.319721346,BATCH-G-20230421
REV-00010670,SKU-0011360,user_9893,Caleb,5,Better than I expected for the price.,2023-01-17,True,POSITIVE,1,SOURCE_G_REVIEWS,reviews_2023.csv,2023-01-17T11:11:35.673550194,BATCH-G-20230117
REV-00010680,SKU-0008722,user_6632,Miranda Adams,3,Works fine but delivery was slow.,2023-01-14,True,NEUTRAL,0,SOURCE_G_REVIEWS,reviews_2023.csv,2023-01-14T09:55:48.237847052,BATCH-G-20230114
REV-00010681,SKU-0017606,user_1509,Robert,4,Highly recommend this product. 😐🔥,2023-11-28,True,POSITIVE,0,SOURCE_G_REVIEWS,reviews_2023.csv,2023-11-28T20:07:08.981561717,BATCH-G-20231128
REV-00010685,SKU-0017026,user_67345,Paula Estrada,4,Great value for money.,2023-06-02,False,POSITIVE,4,SOURCE_G_REVIEWS,reviews_2023.csv,2023-06-03T03:34:56.112278681,BATCH-G-20230602
REV-00010698,SKU-0012755,user_24127,Jennifer Martin,1,"Poor packaging, item was defective.",2023-07-02,False,NEGATIVE,3,SOURCE_G_REVIEWS,reviews_2023.csv,2023-07-02T08:37:45.402057424,BATCH-G-20230702
REV-00010721,SKU-0019048,user_9006069,Tammy White,3,"It's okay, does the job.",2023-11-12,False,NEUTRAL,0,SOURCE_G_REVIEWS,reviews_2023.csv,2023-11-13T04:02:51.580414043,BATCH-G-20231112
REV-00010723,SKU-0010918,user_9009690,Christopher Clark,4,"Muy buen producto, lo recomiendo. Absolutely love it, works perfectly! 💯",2023-10-29,True,POSITIVE,11,SOURCE_G_REVIEWS,reviews_2023.csv,2023-10-29T02:58:47.026097361,BATCH-G-20231029
REV-00010729,SKU-0007799,user_9006347,Luke,4,"Exactly as described, very happy.",2023-03-08,True,POSITIVE,0,SOURCE_G_REVIEWS,reviews_2023.csv,2023-03-08T06:09:21.443517801,BATCH-G-20230308
REV-00010751,SKU-0011286,,Anonymous,NULL,"Waste of money, do not buy.",2023-10-30,True,NEGATIVE,0,SOURCE_G_REVIEWS,reviews_2023.csv,2023-10-30T04:05:21.376770714,BATCH-G-20231030
REV-00010765,SKU-0008167,user_9033165,Patrick,2,Not as described at all. 🙏,2023-11-29,False,NEGATIVE,3,SOURCE_G_REVIEWS,reviews_2023.csv,2023-11-29T19:21:11.008709642,BATCH-G-20231129
REV-00010772,SKU-0002703,user_9033038,Rebecca Andersen,4,Great value for money.,2023-02-24,True,POSITIVE,2,SOURCE_G_REVIEWS,reviews_2023.csv,2023-02-24T21:06:37.786082612,BATCH-G-20230224
REV-00010790,SKU-0013269,user_9013805,Cynthia,2,Fast delivery and great quality.,2023-04-25,True,POSITIVE,1,SOURCE_G_REVIEWS,reviews_2023.csv,2023-04-26T02:23:21.584427304,BATCH-G-20230425
REV-00010799,SKU-0019382,user_53194,Ryan,2,Wrong item was shipped to me.,2023-09-07,False,NEGATIVE,5,SOURCE_G_REVIEWS,reviews_2023.csv,2023-09-07T07:36:00.124731833,BATCH-G-20230907
REV-00010800,SKU-0006473,user_9005041,Erik,5,"Livraison très lente, déçu.",2023-08-03,False,POSITIVE,1,SOURCE_G_REVIEWS,reviews_2023.csv,2023-08-03T23:26:45.518542068,BATCH-G-20230803
REV-00010801,SKU-0004632,user_64316,Linda Roberts,3,"No cumplió mis expectativas. Average quality, nothing special.",2023-02-22,True,NEUTRAL,0,SOURCE_G_REVIEWS,reviews_2023.csv,2023-02-22T06:09:36.552117081,BATCH-G-20230222
REV-00010809,SKU-0000796,,Anonymous,4,"Absolutely love it, works perfectly!",2023-02-22,True,POSITIVE,0,SOURCE_G_REVIEWS,reviews_2023.csv,2023-02-22T17:51:42.706311265,BATCH-G-20230222
REV-00010819,SKU-0017036,,Anonymous,5,"बहुत अच्छा उत्पाद है, पैसा वसूल! Solid build quality, no complaints.",2023-02-24,True,POSITIVE,8,SOURCE_G_REVIEWS,reviews_2023.csv,2023-02-25T00:21:20.959022441,BATCH-G-20230224
REV-00010822,SKU-0019211,user_9019667,John,5,"Exactly as described, very happy.",2023-11-13,False,POSITIVE,6,SOURCE_G_REVIEWS,reviews_2023.csv,2023-11-13T09:34:50.370441667,BATCH-G-20231113
REV-00010827,SKU-0000366,user_29168,Kelli Bell,5,Better than I expected for the price.,2023-09-28,False,POSITIVE,0,SOURCE_G_REVIEWS,reviews_2023.csv,2023-09-28T10:24:22.045959823,BATCH-G-20230928
REV-00010839,SKU-0002767,,Anonymous,5,Great value for money.,2023-11-10,False,POSITIVE,2,SOURCE_G_REVIEWS,reviews_2023.csv,2023-11-11T03:14:44.015066898,BATCH-G-20231110
REV-00010842,SKU-0014514,user_45050,Gina,3,Works fine but delivery was slow.,2023-11-28,True,NEUTRAL,2,SOURCE_G_REVIEWS,reviews_2023.csv,2023-11-28T09:41:31.934776557,BATCH-G-20231128
REV-00010842-DUP,SKU-0014514,user_45050,Gina,3,Works fine but delivery was slow.,2023-11-28,True,NEUTRAL,2,SOURCE_G_REVIEWS,reviews_2023.csv,2023-11-28T10:28:31.934776557,BATCH-G-20231128
REV-00010852,SKU-0003235,user_22741,Stephen Rodriguez,5,"Absolutely love it, works perfectly! 🔥",2023-10-03,True,POSITIVE,2,SOURCE_G_REVIEWS,reviews_2023.csv,2023-10-03T19:47:17.465297731,BATCH-G-20231003
REV-00010853,SKU-0013193,user_40978,John,4,   Exceeded  my  expectations.   ,2023-09-05,True,POSITIVE,0,SOURCE_G_REVIEWS,reviews_2023.csv,2023-09-05T08:26:45.764640139,BATCH-G-20230905
REV-00010856,SKU-0006134,user_9015480,Chelsea Hall,3,Decent but overpriced a bit.,2023-12-07,True,NEUTRAL,0,SOURCE_G_REVIEWS,reviews_2023.csv,2023-12-07T12:11:30.432239659,BATCH-G-20231207
REV-00010862,SKU-0015663,user_9011383,Katherine Fleming,2,<b>Update:</b>Not as described at all.</p>,2023-02-23,True,NEGATIVE,3,SOURCE_G_REVIEWS,reviews_2023.csv,2023-02-23T20:41:32.224820886,BATCH-G-20230223
REV-00010869,SKU-0019749,user_58552,Dustin Powell,3,"Livraison très lente, déçu.",2023-05-19,True,NEUTRAL,12,SOURCE_G_REVIEWS,reviews_2023.csv,2023-05-19T22:36:06.028415798,BATCH-G-20230519
REV-00010874,SKU-0006105,,Anonymous,4,Exceeded my expectations.,2023-08-19,True,POSITIVE,0,SOURCE_G_REVIEWS,reviews_2023.csv,2023-08-19T23:41:22.238941535,BATCH-G-20230819
REV-00010882,SKU-0016539,user_9011392,Karen,5,Highly recommend this product.,2023-01-18,True,POSITIVE,3,SOURCE_G_REVIEWS,reviews_2023.csv,2023-01-18T03:05:29.175534841,BATCH-G-20230118
REV-00010884,SKU-0013502,user_9021014,Amy Hinton,unknown,"Livraison très lente, déçu.",2023-04-02,False,POSITIVE,4,SOURCE_G_REVIEWS,reviews_2023.csv,2023-04-03T04:29:39.399102749,BATCH-G-20230402
REV-00010898,SKU-0005738,user_44489,Karen,4,Will definitely buy again.,2023-12-19,True,POSITIVE,2,SOURCE_G_REVIEWS,reviews_2023.csv,2023-12-19T09:03:03.230560919,BATCH-G-20231219
REV-00010899,SKU-0011303,user_10914,Jocelyn Sullivan,4,Better than I expected for the price.,2023-08-31,False,POSITIVE,0,SOURCE_G_REVIEWS,reviews_2023.csv,2023-08-31T06:32:55.485737626,BATCH-G-20230831
REV-00010904,SKU-0015270,user_9019266,Ryan Roman,1,   Not  as  described  at  all.   ,2023-03-16,False,NEGATIVE,0,SOURCE_G_REVIEWS,reviews_2023.csv,2023-03-16T19:13:53.314516624,BATCH-G-20230316
REV-00010908,SKU-0008525,user_35092,Jeffrey Schmidt,4,Better than I expected for the price.,2023-05-01,True,POSITIVE,0,SOURCE_G_REVIEWS,reviews_2023.csv,2023-05-01T06:51:31.920313733,BATCH-G-20230501
REV-00010918,SKU-0015224,user_9005796,Daniel Pena,1,Wrong item was shipped to me.,2023-11-25,True,NEGATIVE,0,SOURCE_G_REVIEWS,reviews_2023.csv,2023-11-25T03:50:51.849898062,BATCH-G-20231125
REV-00010921,SKU-0008526,user_9018502,James Pope,5,"Perfect gift, they loved it! 💯",2023-04-02,True,POSITIVE,3,SOURCE_G_REVIEWS,reviews_2023.csv,2023-04-02T16:12:15.675323005,BATCH-G-20230402
REV-00010968,SKU-0008164,user_40154,Patrick Williams,4,Exceeded my expectations.,2023-11-24,False,POSITIVE,3,SOURCE_G_REVIEWS,reviews_2023.csv,2023-11-24T09:48:06.542343828,BATCH-G-20231124
REV-00010998,SKU-0007933,user_9026666,Teresa,4,Great value for money.,2023-01-08,True,POSITIVE,0,SOURCE_G_REVIEWS,reviews_2023.csv,2023-01-09T03:58:58.057688332,BATCH-G-20230108
REV-00011007,SKU-0006118,,Anonymous,2,Wrong item was shipped to me.,2023-03-08,True,NEGATIVE,1,SOURCE_G_REVIEWS,reviews_2023.csv,2023-03-08T14:04:32.199502385,BATCH-G-20230308
REV-00011012,SKU-0009727,,Anonymous,3,"Not bad, not great either.",2023-09-22,True,NEUTRAL,1,SOURCE_G_REVIEWS,reviews_2023.csv,2023-09-22T22:27:01.194202319,BATCH-G-20230922
REV-00011041,SKU-0009431,,Anonymous,1,"Poor packaging, item was defective.",2023-01-14,True,NEGATIVE,0,SOURCE_G_REVIEWS,reviews_2023.csv,2023-01-15T04:05:54.502398622,BATCH-G-20230114
REV-00011045,SKU-0006756,user_53335,Rita Wiley,5,Will definitely buy again.,2023-12-28,True,POSITIVE,0,SOURCE_G_REVIEWS,reviews_2023.csv,2023-12-28T16:14:53.392844671,BATCH-G-20231228
REV-00011058,SKU-0005645,user_9034516,Stephanie,4,"Solid build quality, no complaints.",2023-01-26,False,POSITIVE,0,SOURCE_G_REVIEWS,reviews_2023.csv,2023-01-26T16:16:48.868653271,BATCH-G-20230126
REV-00011064,SKU-9900032,,Anonymous,4,<p>Highly recommend this product.<br>,2023-03-12,False,POSITIVE,4,SOURCE_G_REVIEWS,reviews_2023.csv,2023-03-13T02:37:47.423724361,BATCH-G-20230312
REV-00011067,SKU-0017922,user_9008288,Daniel Taylor,-,Highly recommend this product.,2023-03-10,False,POSITIVE,4,SOURCE_G_REVIEWS,reviews_2023.csv,2023-03-10T08:47:16.457296460,BATCH-G-20230310
REV-00011069,SKU-0009145,user_41144,Olivia Johnson,4,Will definitely buy again.,2023-12-02,True,POSITIVE,1,SOURCE_G_REVIEWS,reviews_2023.csv,2023-12-02T02:19:09.974119109,BATCH-G-20231202
REV-00011074,SKU-0006637,user_9021258,Michelle,4,Better than I expected for the price.,2023-03-15,True,POSITIVE,0,SOURCE_G_REVIEWS,reviews_2023.csv,2023-03-15T09:39:35.302287182,BATCH-G-20230315
REV-00011076,SKU-0011976,user_32980,Douglas Anthony,4,Excellent rapport qualité-prix.,2023-09-29,True,POSITIVE,0,SOURCE_G_REVIEWS,reviews_2023.csv,2023-09-29T13:23:55.170056496,BATCH-G-20230929
REV-00011091,SKU-0011588,user_9008728,Michael,4,Will definitely buy again.,2023-07-24,True,POSITIVE,1,SOURCE_G_REVIEWS,reviews_2023.csv,2023-07-24T13:08:16.845670201,BATCH-G-20230724
REV-00011097,SKU-0007157,,Anonymous,4,"   Solid  build  quality,  no  complaints.   ",2023-01-05,True,POSITIVE,7,SOURCE_G_REVIEWS,reviews_2023.csv,2023-01-05T12:43:52.370421195,BATCH-G-20230105
REV-00011110,SKU-0005427,,Anonymous,4,Fast delivery and great quality.,2023-04-15,False,POSITIVE,8,SOURCE_G_REVIEWS,reviews_2023.csv,2023-04-15T06:15:59.134219816,BATCH-G-20230415
REV-00011129,SKU-0009366,,Anonymous,5,Highly recommend this product.,2023-07-13,False,POSITIVE,4,SOURCE_G_REVIEWS,reviews_2023.csv,2023-07-13T08:44:19.501104834,BATCH-G-20230713
REV-00011137,SKU-0016632,user_64174,Janet Bradley,Unknown,Exceeded my expectations.,2023-12-20,True,POSITIVE,1,SOURCE_G_REVIEWS,reviews_2023.csv,2023-12-26T00:00:00,BATCH-G-20231220
REV-00011139,SKU-0009416,user_9011984,Tammy Dorsey,4,Better than I expected for the price.,2023-07-30,True,POSITIVE,2,SOURCE_G_REVIEWS,reviews_2023.csv,2023-07-30T05:47:53.299587765,BATCH-G-20230730
REV-00011145,SKU-0014960,user_31567,Thomas Miller,1,Not as described at all.,2023-05-14,False,NEGATIVE,2,SOURCE_G_REVIEWS,reviews_2023.csv,2023-05-14T05:12:56.282242793,BATCH-G-20230514
REV-00011153,SKU-0012211,user_56221,David Martin,4,Better than I expected for the price.,2023-05-22,True,POSITIVE,0,SOURCE_G_REVIEWS,reviews_2023.csv,2023-05-22T03:34:47.221611799,BATCH-G-20230522
REV-00011163,SKU-0002110,,Anonymous,2,Very disappointed with the quality.,2023-06-26,False,NEGATIVE,1,SOURCE_G_REVIEWS,reviews_2023.csv,2023-06-26T08:53:37.955244068,BATCH-G-20230626
REV-00011164,SKU-0015523,user_9001907,Thomas Hernandez,5,"<p>Perfect gift, they loved it!<i>edited</i>",2023-08-06,False,POSITIVE,1,SOURCE_G_REVIEWS,reviews_2023.csv,2023-08-06T10:04:02.088398221,BATCH-G-20230806
REV-00011170,SKU-0012276,user_26727,Andrea Edwards,4,Highly recommend this product.,2023-01-20,True,POSITIVE,1,SOURCE_G_REVIEWS,reviews_2023.csv,2023-01-21T02:06:09.010755956,BATCH-G-20230120
REV-00011173,SKU-0003149,,Anonymous,1,"Poor packaging, item was defective.",2023-11-05,False,NEGATIVE,1,SOURCE_G_REVIEWS,reviews_2023.csv,2023-11-05T13:39:38.377174262,BATCH-G-20231105
REV-00011180,SKU-0010526,,Anonymous,3,"It's okay, does the job.",2023-03-13,False,NEUTRAL,5,SOURCE_G_REVIEWS,reviews_2023.csv,2023-03-13T15:19:56.175580166,BATCH-G-20230313
REV-00011205,SKU-0009938,,Anonymous,2,<br>गुणवत्ता ठीक नहीं थी। Wrong item was shipped to me.&nbsp;,2023-03-21,False,NEGATIVE,2,SOURCE_G_REVIEWS,reviews_2023.csv,2023-03-21T12:29:46.560942460,BATCH-G-20230321
REV-00011206,SKU-0003134,user_42371,Douglas Gomez,4,"Exactly as described, very happy.",2023-08-11,True,POSITIVE,0,SOURCE_G_REVIEWS,reviews_2023.csv,2023-08-12T01:39:35.825403431,BATCH-G-20230811
REV-00011209,SKU-0015932,,Anonymous,5,Exceeded my expectations.,2023-03-10,True,POSITIVE,3,SOURCE_G_REVIEWS,reviews_2023.csv,2023-03-10T03:20:07.619044453,BATCH-G-20230310
REV-00011210,SKU-0011477,user_9018788,Mr. Mark Beard PhD,4,Better than I expected for the price.,2023-09-13,True,POSITIVE,0,SOURCE_G_REVIEWS,reviews_2023.csv,2023-09-13T16:01:02.258615916,BATCH-G-20230913
REV-00011214,SKU-0000621,user_68716,Joshua Walter,1,"Poor packaging, item was defective.",2023-06-15,False,NEGATIVE,1,SOURCE_G_REVIEWS,reviews_2023.csv,2023-06-15T13:14:10.771964682,BATCH-G-20230615
REV-00011228,SKU-0016583,user_9026361,Michael Kennedy,5,"Perfect gift, they loved it!",2023-08-09,True,POSITIVE,0,SOURCE_G_REVIEWS,reviews_2023.csv,2023-08-09T22:45:52.982613125,BATCH-G-20230809
REV-00011238,SKU-0008170,,Anonymous,5,"Perfect gift, they loved it!",2023-07-26,False,POSITIVE,1,SOURCE_G_REVIEWS,reviews_2023.csv,2023-07-26T12:31:15.199018547,BATCH-G-20230726
REV-00011242,SKU-0013118,user_9007567,Natalie Brown,4,"Exactly as described, very happy. ⭐👍",2023-07-07,True,POSITIVE,2,SOURCE_G_REVIEWS,reviews_2023.csv,2023-07-07T06:00:38.517311461,BATCH-G-20230707
REV-00011247,SKU-0013560,user_9019531,Brenda,3,"Matches the description, no issues.",2023-01-19,True,NEUTRAL,2,SOURCE_G_REVIEWS,reviews_2023.csv,2023-01-19T06:21:26.747799293,BATCH-G-20230119
REV-00011249,SKU-0014246,user_23861,Daniel,4,Will definitely buy again.,2023-12-15,True,POSITIVE,6,SOURCE_G_REVIEWS,reviews_2023.csv,2023-12-15T06:18:37.600538341,BATCH-G-20231215
REV-00011254,SKU-0019512,user_59684,Sarah,5,Better than I expected for the price.,2023-01-02,False,POSITIVE,0,SOURCE_G_REVIEWS,reviews_2023.csv,2023-01-02T16:29:43.468970850,BATCH-G-20230102
REV-00011262,SKU-0002922,user_9020729,Kristin Hernandez,3,Works fine but delivery was slow.,2023-02-02,False,NEUTRAL,2,SOURCE_G_REVIEWS,reviews_2023.csv,2023-02-03T02:04:30.830543492,BATCH-G-20230202
REV-00011280,SKU-0011481,user_14773,Mary,5,"Matches the description, no issues.",2023-01-08,True,NEUTRAL,1,SOURCE_G_REVIEWS,reviews_2023.csv,2023-01-09T05:24:11.880169712,BATCH-G-20230108
REV-00011287,SKU-0019528,user_9012088,Leah Barnett,3,Works fine but delivery was slow.,2023-05-05,True,NEUTRAL,1,SOURCE_G_REVIEWS,reviews_2023.csv,2023-05-05T15:13:04.519429992,BATCH-G-20230505
REV-00011288,SKU-9980509,user_9028829,David,3,"Matches the description, no issues.",2023-01-19,True,NEUTRAL,1,SOURCE_G_REVIEWS,reviews_2023.csv,2023-01-19T08:05:25.409244091,BATCH-G-20230119
REV-00011294,SKU-0009370,,Anonymous,NULL,Better than I expected for the price.,2023-01-23,True,POSITIVE,1,SOURCE_G_REVIEWS,reviews_2023.csv,2023-01-23T00:43:56.178914139,BATCH-G-20230123
REV-00011308,SKU-0005694,user_38841,Christopher Gregory,4,   Will  definitely  buy  again.   ,2023-01-30,True,POSITIVE,2,SOURCE_G_REVIEWS,reviews_2023.csv,2023-01-30T17:09:43.154508990,BATCH-G-20230130
REV-00011315,SKU-0015494,user_9012984,Christopher Obrien,4,Fast delivery and great quality.,2023-02-08,True,POSITIVE,0,SOURCE_G_REVIEWS,reviews_2023.csv,2023-02-09T02:39:13.401431988,BATCH-G-20230208
REV-00011319,SKU-0017336,user_9017102,Andrea,4,Great value for money.,2023-05-14,False,POSITIVE,0,SOURCE_G_REVIEWS,reviews_2023.csv,2023-05-14T18:20:35.772686134,BATCH-G-20230514
REV-00011355,SKU-0006505,,Anonymous,4,Great value for money.,2023-10-22,True,POSITIVE,1,SOURCE_G_REVIEWS,reviews_2023.csv,2023-10-22T19:34:39.623863971,BATCH-G-20231022
REV-00011357,SKU-0012622,user_9015463,Courtney Kelly,5,Better than I expected for the price.,2023-09-08,True,POSITIVE,12,SOURCE_G_REVIEWS,reviews_2023.csv,2023-09-08T12:53:28.291412085,BATCH-G-20230908
REV-00011369,SKU-0013313,user_9031417,Leslie Caldwell,5,Will definitely buy again.,2023-06-03,False,POSITIVE,0,SOURCE_G_REVIEWS,reviews_2023.csv,2023-06-03T23:40:59.524909842,BATCH-G-20230603
REV-00011372,SKU-0012859,user_51347,Rebecca,5,Great value for money.,2023-12-06,False,POSITIVE,4,SOURCE_G_REVIEWS,reviews_2023.csv,2023-12-07T03:16:50.190835541,BATCH-G-20231206
REV-00011375,SKU-0005579,,Anonymous,5,Highly recommend this product.,2023-04-28,True,POSITIVE,2,SOURCE_G_REVIEWS,reviews_2023.csv,2023-04-29T03:56:53.065010437,BATCH-G-20230428
REV-00011378,SKU-0002343,user_9016579,Carly,4,Highly recommend this product.,2023-04-16,False,POSITIVE,2,SOURCE_G_REVIEWS,reviews_2023.csv,2023-04-17T03:47:59.365569986,BATCH-G-20230416
REV-00011380,SKU-0001811,,Anonymous,3,"Average quality, nothing special.",2023-11-11,False,NEUTRAL,0,SOURCE_G_REVIEWS,reviews_2023.csv,2023-11-11T19:50:58.866832810,BATCH-G-20231111
REV-00011383,SKU-0018755,user_9027707,Heather Ellison,3,No cumplió mis expectativas.,2023-02-12,True,NEUTRAL,9,SOURCE_G_REVIEWS,reviews_2023.csv,2023-02-12T09:03:16.346547019,BATCH-G-20230212
REV-00011385,SKU-0010823,user_9015269,Rachel Campbell,5,"Perfect gift, they loved it!",2023-07-21,False,POSITIVE,0,SOURCE_G_REVIEWS,reviews_2023.csv,2023-07-22T04:54:55.937556394,BATCH-G-20230721
REV-00011390,SKU-0017972,user_9006586,Brian,5,Better than I expected for the price.,2023-10-14,True,POSITIVE,1,SOURCE_G_REVIEWS,reviews_2023.csv,2023-10-15T04:37:50.082864756,BATCH-G-20231014
REV-00011392,SKU-0019296,user_9006038,Stephanie Cameron,1,No cumplió mis expectativas.,2023-12-27,True,NEGATIVE,3,SOURCE_G_REVIEWS,reviews_2023.csv,2023-12-27T23:05:32.801026153,BATCH-G-20231227
REV-00011394,SKU-9985654,,Anonymous,4,Highly recommend this product.,2023-08-02,True,POSITIVE,0,SOURCE_G_REVIEWS,reviews_2023.csv,2023-08-02T17:51:16.405913537,BATCH-G-20230802
REV-00011406,SKU-0008869,user_53354,Catherine Saunders,3,"Cheaply made, broke immediately.",2023-08-31,True,NEGATIVE,1,SOURCE_G_REVIEWS,reviews_2023.csv,2023-08-31T17:33:59.528844415,BATCH-G-20230831
REV-00011420,SKU-9999845,user_16557,Kenneth,5,"Absolutely love it, works perfectly!",2023-06-01,True,POSITIVE,4,SOURCE_G_REVIEWS,reviews_2023.csv,2023-06-01T01:30:08.788583015,BATCH-G-20230601
REV-00011421,SKU-0008413,,Anonymous,5,Great value for money.,2023-05-18,False,POSITIVE,0,SOURCE_G_REVIEWS,reviews_2023.csv,2023-05-18T23:09:54.622377869,BATCH-G-20230518
REV-00011427,SKU-0002818,user_9006586,Brian,5,Highly recommend this product.,2023-03-06,False,POSITIVE,0,SOURCE_G_REVIEWS,reviews_2023.csv,2023-03-06T22:44:12.176009094,BATCH-G-20230306
REV-00011428,SKU-0012914,user_14062,Robert,,Will definitely buy again.,2023-11-23,False,POSITIVE,4,SOURCE_G_REVIEWS,reviews_2023.csv,2023-11-23T03:20:34.699521215,BATCH-G-20231123
REV-00011432,SKU-0017074,user_9000222,Joseph Diaz,5,Highly recommend this product.,2023-07-12,True,POSITIVE,0,SOURCE_G_REVIEWS,reviews_2023.csv,2023-07-12T20:00:09.674502627,BATCH-G-20230712
REV-00011441,SKU-0008140,user_43834,Ronald Carter,5,"Solid build quality, no complaints.",2023-02-18,True,POSITIVE,1,SOURCE_G_REVIEWS,reviews_2023.csv,2023-02-18T00:42:30.192600148,BATCH-G-20230218
REV-00011448,SKU-0003718,user_27385,Rachel Jackson,5,Exceeded my expectations.,2023-10-14,True,POSITIVE,1,SOURCE_G_REVIEWS,reviews_2023.csv,2023-10-14T18:45:14.659342996,BATCH-G-20231014
REV-00011449,SKU-0002536,,Anonymous,5,"Absolutely love it, works perfectly!",2023-11-14,False,POSITIVE,3,SOURCE_G_REVIEWS,reviews_2023.csv,2023-11-14T06:34:19.058889595,BATCH-G-20231114
REV-00011459,SKU-0002348,user_9030501,Meagan Ellis,4,Will definitely buy again.,2023-07-23,False,POSITIVE,0,SOURCE_G_REVIEWS,reviews_2023.csv,2023-07-23T14:31:10.913623456,BATCH-G-20230723
REV-00011477,SKU-0013535,user_64840,Louis,3,"It's okay, does the job.",2023-04-22,True,NEUTRAL,1,SOURCE_G_REVIEWS,reviews_2023.csv,2023-04-22T02:07:51.117696823,BATCH-G-20230422
REV-00011500,SKU-9946429,user_23718,Brent Thompson,4,Will definitely buy again.,2023-11-30,True,POSITIVE,17,SOURCE_G_REVIEWS,reviews_2023.csv,2023-12-01T05:40:36.155424953,BATCH-G-20231130
REV-00011503,SKU-0015769,user_4998,Brian,5,Will definitely buy again.,2023-07-12,True,POSITIVE,0,SOURCE_G_REVIEWS,reviews_2023.csv,2023-07-12T01:37:56.219664759,BATCH-G-20230712
REV-00011506,SKU-0015984,user_47674,Jeffrey,3,Works fine but delivery was slow.,2023-03-01,False,NEUTRAL,1,SOURCE_G_REVIEWS,reviews_2023.csv,2023-03-02T00:46:16.446673871,BATCH-G-20230301
REV-00011518,SKU-9956511,user_45876,Amanda Brown,5,Great value for money.,2023-08-26,True,POSITIVE,4,SOURCE_G_REVIEWS,reviews_2023.csv,2023-08-26T10:47:10.579112030,BATCH-G-20230826
REV-00011537,SKU-0007668,user_5211,Amy Roberts,5,"   Exactly  as  described,  very  happy.  🔥   ",2023-01-18,False,POSITIVE,4,SOURCE_G_REVIEWS,reviews_2023.csv,2023-01-19T05:13:47.587532400,BATCH-G-20230118
REV-00011537-DUP,SKU-0007668,user_5211,Amy Roberts,5,"   Exactly  as  described,  very  happy.  🔥   ",2023-01-18,False,POSITIVE,4,SOURCE_G_REVIEWS,reviews_2023.csv,2023-01-19T05:39:47.587532400,BATCH-G-20230118
REV-00011552,SKU-0016583,user_13564,Shawn West,3,Works fine but delivery was slow. 👍,2023-02-01,True,NEUTRAL,1,SOURCE_G_REVIEWS,reviews_2023.csv,2023-02-01T02:31:11.641417190,BATCH-G-20230201
REV-00011562,SKU-0004930,,Anonymous,4,"Solid build quality, no complaints.",2023-01-21,True,POSITIVE,2,SOURCE_G_REVIEWS,reviews_2023.csv,2023-01-22T03:42:54.477413549,BATCH-G-20230121
REV-00011576,SKU-0017306,user_14659,David Lloyd,5,"Solid build quality, no complaints.",2023-12-31,True,POSITIVE,5,SOURCE_G_REVIEWS,reviews_2023.csv,2024-01-01T01:18:33.171669235,BATCH-G-20231231
REV-00011625,SKU-0016936,user_9004470,Bryan Long,5,Will definitely buy again. 🙏,2023-04-03,True,POSITIVE,2,SOURCE_G_REVIEWS,reviews_2023.csv,2023-04-03T20:53:14.294589046,BATCH-G-20230403
REV-00011633,SKU-0018395,,Anonymous,4,"Solid build quality, no complaints.",2023-09-20,True,POSITIVE,8,SOURCE_G_REVIEWS,reviews_2023.csv,2023-09-21T04:17:50.647992096,BATCH-G-20230920
REV-00011664,SKU-0010042,user_9005619,Samuel Thompson,5,Fast delivery and great quality.,2023-07-02,True,POSITIVE,1,SOURCE_G_REVIEWS,reviews_2023.csv,2023-07-03T05:26:46.142919702,BATCH-G-20230702
REV-00011673,SKU-0000428,user_37158,Michael Rhodes,4,Will definitely buy again.,2023-11-09,False,POSITIVE,0,SOURCE_G_REVIEWS,reviews_2023.csv,2023-11-09T10:53:18.460511370,BATCH-G-20231109
REV-00011675,SKU-0015943,,Anonymous,3,"It's okay, does the job.",2023-02-25,False,NEUTRAL,1,SOURCE_G_REVIEWS,reviews_2023.csv,2023-02-26T04:45:14.807437589,BATCH-G-20230225
REV-00011676,SKU-0008343,user_30023,Mrs. Shannon Young, ,"Perfect gift, they loved it!",2023-11-26,False,POSITIVE,8,SOURCE_G_REVIEWS,reviews_2023.csv,2023-11-26T14:13:27.510619903,BATCH-G-20231126
REV-00011684,SKU-0010300,user_25991,Matthew Shepherd,5,"Solid build quality, no complaints. 😀",2023-12-13,True,POSITIVE,7,SOURCE_G_REVIEWS,reviews_2023.csv,2023-12-13T20:59:28.620800045,BATCH-G-20231213
REV-00011698,SKU-0000893,user_9018114,Danielle Hernandez,4,   Exceeded  my  expectations.   ,2023-02-02,True,POSITIVE,1,SOURCE_G_REVIEWS,reviews_2023.csv,2023-02-02T01:40:28.447663076,BATCH-G-20230202
REV-00011731,SKU-0000386,user_9027587,Mark Jenkins,4,Highly recommend this product.,2023-01-17,False,POSITIVE,3,SOURCE_G_REVIEWS,reviews_2023.csv,2023-01-18T00:23:39.506176500,BATCH-G-20230117
REV-00011731-DUP,SKU-0000386,user_9027587,Mark Jenkins,4,Highly recommend this product.,2023-01-17,False,POSITIVE,3,SOURCE_G_REVIEWS,reviews_2023.csv,2023-01-18T01:20:39.506176500,BATCH-G-20230117
REV-00011750,SKU-0005614,user_61316,Monica Payne,4,"Solid build quality, no complaints.",2023-10-27,True,POSITIVE,0,SOURCE_G_REVIEWS,reviews_2023.csv,2023-10-28T04:46:16.591398241,BATCH-G-20231027
REV-00011766,SKU-0010369,user_37738,Adam Price Jr.,4,Great value for money.,2023-11-06,False,POSITIVE,14,SOURCE_G_REVIEWS,reviews_2023.csv,2023-11-06T20:51:23.138418166,BATCH-G-20231106
REV-00011780,SKU-0014091,user_1246,Michael Morris,5,Better than I expected for the price. 😡,2023-05-01,True,POSITIVE,0,SOURCE_G_REVIEWS,reviews_2023.csv,2023-05-01T18:51:53.872978076,BATCH-G-20230501
REV-00011782,SKU-0000116,user_9015545,Alison Schwartz,3,"It's okay, does the job.",2023-02-15,True,NEUTRAL,2,SOURCE_G_REVIEWS,reviews_2023.csv,2023-02-16T01:07:34.358483250,BATCH-G-20230215
REV-00011784,SKU-0003046,user_44477,Dakota,,"Livraison très lente, déçu. Matches the description, no issues.",2023-09-15,True,NEUTRAL,4,SOURCE_G_REVIEWS,reviews_2023.csv,2023-09-16T00:43:09.600808576,BATCH-G-20230915
REV-00011787,SKU-0013243,,Anonymous,4,"<i>edited</i>Absolutely love it, works perfectly!<i>edited</i>",2023-04-04,False,POSITIVE,9,SOURCE_G_REVIEWS,reviews_2023.csv,2023-04-05T05:03:52.405215895,BATCH-G-20230404
REV-00011802,SKU-0006984,,Anonymous,5,Highly recommend this product.,2023-12-20,True,POSITIVE,0,SOURCE_G_REVIEWS,reviews_2023.csv,2023-12-21T03:05:43.765638781,BATCH-G-20231220
REV-00011812,SKU-0000249,user_9026384,David,,Will definitely buy again. 😢👍,2023-08-18,False,POSITIVE,0,SOURCE_G_REVIEWS,reviews_2023.csv,2023-09-02T01:00:00,BATCH-G-20230818
REV-00011827,SKU-0004255,user_50,Dr.,3,Decent but overpriced a bit.,2023-12-26,True,NEUTRAL,2,SOURCE_G_REVIEWS,reviews_2023.csv,2023-12-26T13:44:16.256567163,BATCH-G-20231226
REV-00011829,SKU-0009482,,Anonymous,5,Exceeded my expectations.,2023-12-21,True,POSITIVE,2,SOURCE_G_REVIEWS,reviews_2023.csv,2023-12-22T02:04:53.508544399,BATCH-G-20231221
REV-00011831,SKU-0013408,user_9001318,Jeffrey Wheeler,4,Will definitely buy again.,2023-01-02,True,POSITIVE,0,SOURCE_G_REVIEWS,reviews_2023.csv,2023-01-02T13:44:14.560354138,BATCH-G-20230102
REV-00011835,SKU-0004626,user_25438,Erika,5,"Solid build quality, no complaints.",2023-04-20,True,POSITIVE,1,SOURCE_G_REVIEWS,reviews_2023.csv,2023-04-20T16:54:02.227438919,BATCH-G-20230420
REV-00011841,SKU-0001139,,Anonymous,2,Stopped working after a week.,2023-12-31,True,NEGATIVE,8,SOURCE_G_REVIEWS,reviews_2023.csv,2023-12-31T17:40:15.486065394,BATCH-G-20231231
REV-00011844,SKU-0017809,user_32092,James Wells,3,"It's okay, does the job.",2023-05-30,True,NEUTRAL,-9,SOURCE_G_REVIEWS,reviews_2023.csv,2023-05-31T05:24:28.455517429,BATCH-G-20230530
REV-00011846,SKU-0019848,user_9008210,Jennifer,5,"Exactly as described, very happy.",2023-09-02,True,POSITIVE,2,SOURCE_G_REVIEWS,reviews_2023.csv,2023-09-03T02:30:35.595356999,BATCH-G-20230902
REV-00011847,SKU-9920048,user_9033097,Mark Hahn,1,Wrong item was shipped to me.,2023-05-21,False,NEGATIVE,2,SOURCE_G_REVIEWS,reviews_2023.csv,2023-05-21T06:19:45.623211303,BATCH-G-20230521
REV-00011869,SKU-0004114,,Anonymous,5,Highly recommend this product.,2023-05-13,False,POSITIVE,0,SOURCE_G_REVIEWS,reviews_2023.csv,2023-05-13T21:09:27.819215227,BATCH-G-20230513
REV-00011870,SKU-0011672,,Anonymous,NA,Exceeded my expectations.,2023-08-07,True,POSITIVE,5,SOURCE_G_REVIEWS,reviews_2023.csv,2023-08-07T14:37:41.036220346,BATCH-G-20230807
REV-00011884,SKU-0008843,,Anonymous,4,Fast delivery and great quality.,2023-02-11,False,POSITIVE,0,SOURCE_G_REVIEWS,reviews_2023.csv,2023-02-11T13:31:54.980912385,BATCH-G-20230211
REV-00011888,SKU-0012668,user_9011437,Joan Hoffman,5,Great value for money.,2023-08-31,False,POSITIVE,2,SOURCE_G_REVIEWS,reviews_2023.csv,2023-08-31T21:38:57.045733139,BATCH-G-20230831
REV-00011889,SKU-0016702,user_9031319,Steven Mcintyre,5,"Absolutely love it, works perfectly!",2023-04-22,True,POSITIVE,11,SOURCE_G_REVIEWS,reviews_2023.csv,2023-04-22T23:49:05.363017763,BATCH-G-20230422
REV-00011893,SKU-0015835,user_48247,Michelle Meyers,5,Will definitely buy again. 💯💯,2023-11-15,True,POSITIVE,3,SOURCE_G_REVIEWS,reviews_2023.csv,2023-11-15T10:27:17.637250586,BATCH-G-20231115
REV-00011919,SKU-0006860,user_9024897,Karen,4,Great value for money.,2023-08-02,True,POSITIVE,5,SOURCE_G_REVIEWS,reviews_2023.csv,2023-08-02T12:15:09.428211763,BATCH-G-20230802
REV-00011920,SKU-0013323,user_38932,Paige Cobb,4,गुणवत्ता ठीक नहीं थी।,2023-11-10,True,POSITIVE,9,SOURCE_G_REVIEWS,reviews_2023.csv,2023-11-10T10:59:32.405263018,BATCH-G-20231110
REV-00011924,SKU-0012793,user_9013361,Tara,4,"Exactly as described, very happy.",2023-06-01,False,POSITIVE,2,SOURCE_G_REVIEWS,reviews_2023.csv,2023-06-01T03:52:15.246352646,BATCH-G-20230601
REV-00011928,SKU-0012680,user_47482,Kimberly Hansen,5,   Fast  delivery  and  great  quality.   ,2023-01-29,False,POSITIVE,1,SOURCE_G_REVIEWS,reviews_2023.csv,2023-01-30T03:36:33.470141114,BATCH-G-20230129
REV-00011931,SKU-0005880,user_9017217,Annette,5,Will definitely buy again.,2023-05-02,False,POSITIVE,2,SOURCE_G_REVIEWS,reviews_2023.csv,2023-05-02T03:33:56.983450753,BATCH-G-20230502
REV-00011934,SKU-0011878,user_23802,Steven Huber,5,"Exactly as described, very happy.",2023-12-15,True,POSITIVE,0,SOURCE_G_REVIEWS,reviews_2023.csv,2023-12-15T17:10:26.384357263,BATCH-G-20231215
REV-00011952,SKU-0010099,user_9020496,Sandra Miller,5,"Exactly as described, very happy.",2023-08-05,True,POSITIVE,0,SOURCE_G_REVIEWS,reviews_2023.csv,2023-08-05T05:40:30.416423820,BATCH-G-20230805
REV-00011976,SKU-0001152,user_9030440,Daniel,4,Will definitely buy again.,2023-06-23,True,POSITIVE,3,SOURCE_G_REVIEWS,reviews_2023.csv,2023-06-23T07:48:10.187563898,BATCH-G-20230623
REV-00011984,SKU-0011766,user_37686,Linda Guerrero,4,"   Exactly  as  described,  very  happy.   ",2023-10-13,True,POSITIVE,2,SOURCE_G_REVIEWS,reviews_2023.csv,2023-10-13T10:26:17.007596194,BATCH-G-20231013
REV-00011994,SKU-0009493,user_61484,Logan Frederick MD,5,"Exactly as described, very happy.",2023-01-18,True,POSITIVE,2,SOURCE_G_REVIEWS,reviews_2023.csv,2023-01-18T01:51:33.096170820,BATCH-G-20230118
REV-00012001,SKU-0008232,,Anonymous,1,Stopped working after a week.,2023-06-28,True,NEGATIVE,0,SOURCE_G_REVIEWS,reviews_2023.csv,2023-06-28T03:50:35.072770906,BATCH-G-20230628
REV-00012004,SKU-0013531,user_51072,Elizabeth Morgan,5,"Solid build quality, no complaints.",2023-10-19,False,POSITIVE,0,SOURCE_G_REVIEWS,reviews_2023.csv,2023-10-19T13:28:40.861834044,BATCH-G-20231019
REV-00012008,SKU-0015287,,Anonymous,5,"Perfect gift, they loved it!",2023-06-20,True,POSITIVE,7,SOURCE_G_REVIEWS,reviews_2023.csv,2023-06-20T15:06:49.608750682,BATCH-G-20230620
REV-00012009,SKU-0006159,user_9012880,Jonathan,5,"Solid build quality, no complaints.",2023-01-11,True,POSITIVE,10,SOURCE_G_REVIEWS,reviews_2023.csv,2023-01-11T11:11:48.564400159,BATCH-G-20230111
REV-00012013,SKU-0007378,user_9017055,Sarah Allen,5,"Perfect gift, they loved it!",2023-04-19,True,POSITIVE,1,SOURCE_G_REVIEWS,reviews_2023.csv,2023-04-19T23:22:14.460918681,BATCH-G-20230419
REV-00012030,SKU-0002551,user_9011487,Danny Campbell,2,"Poor packaging, item was defective.",2023-04-17,True,NEGATIVE,5,SOURCE_G_REVIEWS,reviews_2023.csv,2023-04-17T16:58:05.836996582,BATCH-G-20230417
REV-00012035,SKU-0005835,user_9000022,Robert Hale,5,Will definitely buy again.,2023-05-24,False,POSITIVE,0,SOURCE_G_REVIEWS,reviews_2023.csv,2023-05-24T03:05:14.678747187,BATCH-G-20230524
REV-00012042,SKU-0000781,user_50983,Chris Scott,5,"Exactly as described, very happy. 🔥",2023-07-18,True,POSITIVE,3,SOURCE_G_REVIEWS,reviews_2023.csv,2023-07-18T13:06:38.797785271,BATCH-G-20230718
REV-00012051,SKU-0002049,user_9010387,Justin,3,"It's okay, does the job.",2023-06-07,False,NEUTRAL,1,SOURCE_G_REVIEWS,reviews_2023.csv,2023-06-07T08:15:44.541620911,BATCH-G-20230607
REV-00012060,SKU-0007122,user_9024613,Mark Taylor DVM,4,Great value for money.,2023-11-23,True,POSITIVE,3,SOURCE_G_REVIEWS,reviews_2023.csv,2023-11-23T04:28:58.699330089,BATCH-G-20231123
REV-00012066,SKU-0005000,user_9026687,Pamela,3,Works fine but delivery was slow.,2023-11-03,True,NEUTRAL,1,SOURCE_G_REVIEWS,reviews_2023.csv,2023-11-03T16:35:26.076141259,BATCH-G-20231103
REV-00012073,SKU-9925036,user_9032413,Andres Oliver,1,Stopped working after a week.,2023-01-29,True,NEGATIVE,0,SOURCE_G_REVIEWS,reviews_2023.csv,2023-01-29T02:14:04.822651746,BATCH-G-20230129
REV-00012083,SKU-0000198,user_9030253,Charles Padilla,5,Exceeded my expectations.,2023-12-28,True,POSITIVE,1,SOURCE_G_REVIEWS,reviews_2023.csv,2023-12-28T23:07:37.421109203,BATCH-G-20231228
REV-00012084,SKU-0013771,user_61347,Gene Jackson,4,Highly recommend this product.,2023-12-13,False,POSITIVE,1,SOURCE_G_REVIEWS,reviews_2023.csv,2023-12-13T20:33:08.821628847,BATCH-G-20231213
REV-00012090,SKU-0017166,user_25576,Kelli,4,Better than I expected for the price.,2023-09-01,True,POSITIVE,5,SOURCE_G_REVIEWS,reviews_2023.csv,2023-09-01T06:07:57.549059692,BATCH-G-20230901
REV-00012093,SKU-0015941,user_22522,Antonio Velez,4,Exceeded my expectations.,2023-12-15,False,POSITIVE,4,SOURCE_G_REVIEWS,reviews_2023.csv,2023-12-15T02:08:46.236490204,BATCH-G-20231215
REV-00012101,SKU-0011972,user_22010,Tonya Horne,5,Will definitely buy again.,2023-08-20,True,POSITIVE,1,SOURCE_G_REVIEWS,reviews_2023.csv,2023-08-20T16:02:32.240057009,BATCH-G-20230820
REV-00012106,SKU-0002935,user_40816,Brian Taylor,5,Fast delivery and great quality.,2023-08-23,True,POSITIVE,8,SOURCE_G_REVIEWS,reviews_2023.csv,2023-08-23T15:15:39.461322232,BATCH-G-20230823
REV-00012121,SKU-0017419,user_64443,Mrs. Michelle Davis,4,Fast delivery and great quality.,2023-12-08,True,POSITIVE,0,SOURCE_G_REVIEWS,reviews_2023.csv,2023-12-08T13:56:53.322220173,BATCH-G-20231208
REV-00012122,SKU-0015702,user_25834,Nancy Webb,3,"It's okay, does the job.",2023-05-07,False,NEUTRAL,0,SOURCE_G_REVIEWS,reviews_2023.csv,2023-05-07T10:42:18.630053485,BATCH-G-20230507
REV-00012124,SKU-0013947,user_42852,Joshua Smith,5,"Absolutely love it, works perfectly!",2023-09-10,True,POSITIVE,3,SOURCE_G_REVIEWS,reviews_2023.csv,2023-09-11T02:20:19.767847536,BATCH-G-20230910
REV-00012131,SKU-0001059,user_9014392,Pamela Lawson,5,"Exactly as described, very happy.",2023-12-21,False,POSITIVE,2,SOURCE_G_REVIEWS,reviews_2023.csv,2023-12-21T15:32:57.492080237,BATCH-G-20231221
REV-00012132,SKU-0012571,,Anonymous,4,Exceeded my expectations.,2023-05-27,True,POSITIVE,0,SOURCE_G_REVIEWS,reviews_2023.csv,2023-05-27T11:33:58.176544892,BATCH-G-20230527
REV-00012141,SKU-0001743,user_19368,Howard Davis,1,गुणवत्ता ठीक नहीं थी। Wrong item was shipped to me.,2023-04-20,True,NEGATIVE,0,SOURCE_G_REVIEWS,reviews_2023.csv,2023-04-21T00:40:41.223751170,BATCH-G-20230420
REV-00012153,SKU-9939740,user_28837,Terry Hudson,4,"बहुत अच्छा उत्पाद है, पैसा वसूल!",2023-05-08,True,POSITIVE,5,SOURCE_G_REVIEWS,reviews_2023.csv,2023-05-08T03:32:58.707182744,BATCH-G-20230508
REV-00012157,SKU-0009464,,Anonymous,NULL,Highly recommend this product.,2023-07-29,True,POSITIVE,0,SOURCE_G_REVIEWS,reviews_2023.csv,2023-07-29T19:22:32.827117568,BATCH-G-20230729
REV-00012164,SKU-0019704,user_9011202,Valerie,5,Exceeded my expectations.,2023-09-17,True,POSITIVE,4,SOURCE_G_REVIEWS,reviews_2023.csv,2023-09-17T07:14:09.970116265,BATCH-G-20230917
REV-00012165,SKU-0012259,user_63525,Tanya,4,"Exactly as described, very happy.",2023-07-13,True,POSITIVE,4,SOURCE_G_REVIEWS,reviews_2023.csv,2023-07-13T19:23:12.866111025,BATCH-G-20230713
REV-00012171,SKU-9946910,,Anonymous,1,Decent but overpriced a bit.,2023-05-17,True,NEUTRAL,1,SOURCE_G_REVIEWS,reviews_2023.csv,2023-05-17T20:29:43.649081335,BATCH-G-20230517
REV-00012172,SKU-0019544,user_45686,Katie Mitchell,4,Highly recommend this product.,2023-02-03,False,POSITIVE,3,SOURCE_G_REVIEWS,reviews_2023.csv,2023-02-03T17:17:24.020293864,BATCH-G-20230203
REV-00012174,SKU-0019346,user_9028544,Samantha Wells,1,"Poor packaging, item was defective.",2023-05-13,True,NEGATIVE,6,SOURCE_G_REVIEWS,reviews_2023.csv,2023-05-13T05:05:03.687026318,BATCH-G-20230513
REV-00012175,SKU-0010997,user_58462,Steven Kramer,4,"बहुत अच्छा उत्पाद है, पैसा वसूल!",2023-05-17,True,POSITIVE,3,SOURCE_G_REVIEWS,reviews_2023.csv,2023-05-17T09:52:01.852083911,BATCH-G-20230517
REV-00012198,SKU-0009686,user_9020881,Denise Hogan,2,Very disappointed with the quality.,2023-11-11,True,NEGATIVE,1,SOURCE_G_REVIEWS,reviews_2023.csv,2023-11-12T00:56:12.890114281,BATCH-G-20231111
REV-00012203,SKU-0004124,,Anonymous,1,Stopped working after a week.,2023-07-10,True,NEGATIVE,0,SOURCE_G_REVIEWS,reviews_2023.csv,2023-07-11T04:19:50.437337639,BATCH-G-20230710
REV-00012206,SKU-0019648,user_9015248,Johnny,3,"Average quality, nothing special.",2023-05-27,True,NEUTRAL,3,SOURCE_G_REVIEWS,reviews_2023.csv,2023-05-28T05:37:21.279746769,BATCH-G-20230527
REV-00012210,SKU-0004379,user_9025067,Sean Owen,5,"Solid build quality, no complaints.",2023-04-14,True,POSITIVE,1,SOURCE_G_REVIEWS,reviews_2023.csv,2023-04-14T07:45:01.721661685,BATCH-G-20230414
REV-00012212,SKU-0000367,user_9030770,Christopher Dean,4,Will definitely buy again.,2023-04-28,False,POSITIVE,2,SOURCE_G_REVIEWS,reviews_2023.csv,2023-04-28T07:04:50.481661125,BATCH-G-20230428
REV-00012216,SKU-0007631,,Anonymous,3,Decent but overpriced a bit.,2023-09-10,True,NEUTRAL,0,SOURCE_G_REVIEWS,reviews_2023.csv,2023-09-10T23:43:21.756975423,BATCH-G-20230910
REV-00012223,SKU-0018857,user_9016657,Joshua Pacheco,5,"&nbsp;Absolutely love it, works perfectly!<p>",2023-12-15,False,POSITIVE,0,SOURCE_G_REVIEWS,reviews_2023.csv,2023-12-16T04:28:50.220532121,BATCH-G-20231215
REV-00012227,SKU-0005459,user_9010347,Melanie Rivera,5,Exceeded my expectations.,2023-06-06,False,POSITIVE,0,SOURCE_G_REVIEWS,reviews_2023.csv,2023-06-07T03:19:11.030977489,BATCH-G-20230606
REV-00012229,SKU-0004923,user_2878,Richard,4,"Exactly as described, very happy.",2023-11-13,False,POSITIVE,1,SOURCE_G_REVIEWS,reviews_2023.csv,2023-11-14T00:19:41.791754107,BATCH-G-20231113
REV-00012240,SKU-0016719,,Anonymous,1,Arrived damaged and support was unhelpful.,2023-10-07,True,NEGATIVE,2,SOURCE_G_REVIEWS,reviews_2023.csv,2023-10-07T15:43:48.975529114,BATCH-G-20231007
REV-00012246,SKU-0018451,user_9026713,Julie Howard,4,"<p>Solid build quality, no complaints. 😐<b>Update:</b>",2023-08-23,False,POSITIVE,0,SOURCE_G_REVIEWS,reviews_2023.csv,2023-08-23T07:39:39.930901726,BATCH-G-20230823
REV-00012250,SKU-0006879,user_7134,Anita,4,Highly recommend this product.,2023-10-31,False,POSITIVE,4,SOURCE_G_REVIEWS,reviews_2023.csv,2023-10-31T17:06:53.976744669,BATCH-G-20231031
REV-00012263,SKU-0006886,user_50977,Lauren Hopkins,4,Highly recommend this product.,2023-06-14,True,POSITIVE,1,SOURCE_G_REVIEWS,reviews_2023.csv,2023-06-14T20:39:52.583840278,BATCH-G-20230614
REV-00012267,SKU-0008509,user_41464,Laura,4,Will definitely buy again.,2023-11-11,False,POSITIVE,1,SOURCE_G_REVIEWS,reviews_2023.csv,2023-11-11T13:55:33.299542076,BATCH-G-20231111
REV-00012268,SKU-0011067,,Anonymous,5,"Exactly as described, very happy.",2023-01-01,False,POSITIVE,2,SOURCE_G_REVIEWS,reviews_2023.csv,2023-01-01T07:47:04.125808747,BATCH-G-20230101
REV-00012274,SKU-0001148,user_9026073,Noah Decker,5,Highly recommend this product. 💯😍,2023-03-19,False,POSITIVE,0,SOURCE_G_REVIEWS,reviews_2023.csv,2023-03-19T20:14:19.876952478,BATCH-G-20230319
REV-00012278,SKU-0007070,user_64066,Justin Edwards,5,Will definitely buy again.,2023-11-30,True,POSITIVE,4,SOURCE_G_REVIEWS,reviews_2023.csv,2023-11-30T23:06:41.189150589,BATCH-G-20231130
REV-00012291,SKU-0010985,user_9012494,Nathan Manning,1,Very disappointed with the quality. 😢,2023-03-20,True,NEGATIVE,0,SOURCE_G_REVIEWS,reviews_2023.csv,2023-03-20T16:16:22.989010723,BATCH-G-20230320
REV-00012295,SKU-0017767,user_9016468,Tim,4,Exceeded my expectations.,2023-10-27,False,POSITIVE,0,SOURCE_G_REVIEWS,reviews_2023.csv,2023-10-27T12:37:23.896482620,BATCH-G-20231027
REV-00012307,SKU-0015705,user_9015979,Aaron Marshall,2,"Waste of money, do not buy.",2023-12-21,True,NEGATIVE,14,SOURCE_G_REVIEWS,reviews_2023.csv,2023-12-21T09:47:14.528989300,BATCH-G-20231221
REV-00012310,SKU-0004463,user_22408,Chase Marks,1,Exceeded my expectations.,2023-08-26,True,POSITIVE,0,SOURCE_G_REVIEWS,reviews_2023.csv,2023-08-26T20:45:21.302037600,BATCH-G-20230826
REV-00012312,SKU-0015702,user_28504,Sara Woodard,2,Arrived damaged and support was unhelpful.,2023-05-09,False,NEGATIVE,6,SOURCE_G_REVIEWS,reviews_2023.csv,2023-05-09T13:11:11.940796283,BATCH-G-20230509
REV-00012351,SKU-0012345,user_9033421,Vincent Davis,5,Better than I expected for the price.,2023-03-28,False,POSITIVE,0,SOURCE_G_REVIEWS,reviews_2023.csv,2023-03-28T19:27:23.368619287,BATCH-G-20230328
REV-00012353,SKU-0012158,user_9031992,Amanda,5,"गुणवत्ता ठीक नहीं थी। Exactly as described, very happy.",2023-11-17,True,POSITIVE,1,SOURCE_G_REVIEWS,reviews_2023.csv,2023-11-17T06:49:35.411490091,BATCH-G-20231117
REV-00012369,SKU-0005531,user_3757,Andrea,5,"Perfect gift, they loved it!",2023-01-11,True,POSITIVE,2,SOURCE_G_REVIEWS,reviews_2023.csv,2023-01-11T21:20:10.705309278,BATCH-G-20230111
REV-00012372,SKU-9957446,user_9021046,Brenda,-1,Decent but overpriced a bit.,2023-07-09,True,NEUTRAL,3,SOURCE_G_REVIEWS,reviews_2023.csv,2023-07-09T19:34:36.310687431,BATCH-G-20230709
REV-00012376,SKU-0006505,user_9011363,Brittney Sharp,1,"Absolutely love it, works perfectly!",2023-12-26,True,POSITIVE,7,SOURCE_G_REVIEWS,reviews_2023.csv,2023-12-27T00:37:07.717984057,BATCH-G-20231226
REV-00012380,SKU-9943636,user_9000969,Megan Morris,0,</p>Excellent rapport qualité-prix.<p>,2023-09-13,True,POSITIVE,5,SOURCE_G_REVIEWS,reviews_2023.csv,2023-09-14T02:45:50.468393021,BATCH-G-20230913
REV-00012386,SKU-0017258,user_30690,Steven,4,Exceeded my expectations.,2023-11-16,True,POSITIVE,3,SOURCE_G_REVIEWS,reviews_2023.csv,2023-11-16T22:54:10.430031057,BATCH-G-20231116
REV-00012394,SKU-9985180,user_25234,Alexander Black,5,,2023-08-11,True,POSITIVE,5,SOURCE_G_REVIEWS,reviews_2023.csv,2023-08-11T18:46:24.365109257,BATCH-G-20230811
REV-00012409,SKU-0013915,,Anonymous,4,   Stopped  working  after  a  week.   ,2023-11-09,True,NEGATIVE,1,SOURCE_G_REVIEWS,reviews_2023.csv,2023-11-09T23:47:45.913104349,BATCH-G-20231109
REV-00012415,SKU-0017778,user_42492,Sylvia Leon,5,Fast delivery and great quality.,2023-11-30,True,POSITIVE,0,SOURCE_G_REVIEWS,reviews_2023.csv,2023-11-30T12:47:48.296183616,BATCH-G-20231130
REV-00012424,SKU-0006282,user_16508,Kathleen Ibarra,4,"Not bad, not great either. 👍",2023-11-06,True,NEUTRAL,4,SOURCE_G_REVIEWS,reviews_2023.csv,2023-11-06T12:51:08.123045700,BATCH-G-20231106
REV-00012430,SKU-0007321,user_34625,Crystal Garcia,4,"   Perfect  gift,  they  loved  it!   ",2023-11-24,True,POSITIVE,9,SOURCE_G_REVIEWS,reviews_2023.csv,2023-11-25T01:26:13.040898632,BATCH-G-20231124
REV-00012441,SKU-0003809,user_4951,Jennifer Patel,4,   Great  value  for  money.   ,2023-12-24,False,POSITIVE,0,SOURCE_G_REVIEWS,reviews_2023.csv,2023-12-24T17:28:41.810372597,BATCH-G-20231224
REV-00012444,SKU-0010909,user_9017281,Keith Jimenez,5,"Perfect gift, they loved it!",2023-03-21,True,POSITIVE,1,SOURCE_G_REVIEWS,reviews_2023.csv,2023-04-01T17:00:00,BATCH-G-20230321
REV-00012449,SKU-0008673,,Anonymous,5,"Muy buen producto, lo recomiendo. Highly recommend this product.",2023-11-08,True,POSITIVE,1,SOURCE_G_REVIEWS,reviews_2023.csv,2023-11-08T03:52:18.226310928,BATCH-G-20231108
REV-00012454,SKU-0010978,user_9032609,Sue Palmer,5,"Solid build quality, no complaints.",2023-12-07,True,POSITIVE,1,SOURCE_G_REVIEWS,reviews_2023.csv,2023-12-07T23:29:16.053887017,BATCH-G-20231207
REV-00012455,SKU-0008488,user_9003894,Mrs. Katrina Paul,4,"Absolutely love it, works perfectly!",2023-10-13,True,POSITIVE,0,SOURCE_G_REVIEWS,reviews_2023.csv,2023-10-13T06:59:13.263788161,BATCH-G-20231013
REV-00012467,SKU-0017961,user_48619,Andrew,5,"Perfect gift, they loved it!",2023-12-04,True,POSITIVE,3,SOURCE_G_REVIEWS,reviews_2023.csv,2023-12-05T01:05:36.841912590,BATCH-G-20231204
REV-00012475,SKU-0018548,user_31760,Ashley,5,Fast delivery and great quality.,2023-04-07,False,POSITIVE,7,SOURCE_G_REVIEWS,reviews_2023.csv,2023-04-07T15:01:37.110695145,BATCH-G-20230407
REV-00012477,SKU-9954017,user_28797,Michael Bailey,5,"बहुत अच्छा उत्पाद है, पैसा वसूल!",2023-10-20,True,NEGATIVE,0,SOURCE_G_REVIEWS,reviews_2023.csv,2023-10-21T04:55:52.323352568,BATCH-G-20231020
REV-00012478,SKU-0007925,user_9005451,Dana Duffy,5,"Perfect gift, they loved it!",2023-02-27,False,POSITIVE,1,SOURCE_G_REVIEWS,reviews_2023.csv,2023-02-27T10:36:11.064769996,BATCH-G-20230227
REV-00012486,SKU-0019689,user_1600,Andrew Miller,-,"Solid build quality, no complaints.",2023-09-27,False,POSITIVE,0,SOURCE_G_REVIEWS,reviews_2023.csv,2023-09-27T22:53:25.026548340,BATCH-G-20230927
REV-00012497,SKU-0005525,user_9018722,Donna Brooks,4,Fast delivery and great quality.,2023-06-21,True,POSITIVE,1,SOURCE_G_REVIEWS,reviews_2023.csv,2023-06-21T01:06:47.348211756,BATCH-G-20230621
REV-00012519,SKU-0007245,user_14223,Lori Garcia,1,Arrived damaged and support was unhelpful.,2023-07-09,True,NEGATIVE,5,SOURCE_G_REVIEWS,reviews_2023.csv,2023-07-09T20:42:50.194846975,BATCH-G-20230709
REV-00012524,SKU-0010631,user_36410,Sarah Reynolds,4,Exceeded my expectations.,2023-01-23,True,POSITIVE,8,SOURCE_G_REVIEWS,reviews_2023.csv,2023-01-23T00:34:36.340873802,BATCH-G-20230123
REV-00012531,SKU-0015554,user_63933,Robert Harris,4,Fast delivery and great quality.,2023-03-11,False,POSITIVE,1,SOURCE_G_REVIEWS,reviews_2023.csv,2023-03-12T00:17:48.280970762,BATCH-G-20230311
REV-00012535,SKU-0007899,user_2414,Manuel Smith,5,"It's okay, does the job.",2023-11-20,False,NEUTRAL,3,SOURCE_G_REVIEWS,reviews_2023.csv,2023-11-21T05:14:10.632001040,BATCH-G-20231120
REV-00012539,SKU-0008326,user_45399,Karen Gomez,4,Highly recommend this product.,2023-09-11,True,POSITIVE,5,SOURCE_G_REVIEWS,reviews_2023.csv,2023-09-11T10:41:13.560237512,BATCH-G-20230911
REV-00012544,SKU-0003547,user_9034320,Jacob Sanford,4,"Perfect gift, they loved it! 😀🔥",2023-05-02,False,POSITIVE,2,SOURCE_G_REVIEWS,reviews_2023.csv,2023-05-03T04:18:47.751637581,BATCH-G-20230502
REV-00012547,SKU-0000782,user_23066,Daisy Harris,3,"Matches the description, no issues.",2023-11-13,False,NEUTRAL,6,SOURCE_G_REVIEWS,reviews_2023.csv,2023-11-13T14:47:23.840799492,BATCH-G-20231113
REV-00012559,SKU-0014623,user_9009578,Jonathan Gates,4,Great value for money.,2023-07-14,False,POSITIVE,3,SOURCE_G_REVIEWS,reviews_2023.csv,2023-07-14T02:27:17.388700532,BATCH-G-20230714
REV-00012568,SKU-0017481,,Anonymous,2,Excellent rapport qualité-prix.,2023-12-12,True,NEGATIVE,2,SOURCE_G_REVIEWS,reviews_2023.csv,2023-12-12T11:33:47.759832155,BATCH-G-20231212
REV-00012579,SKU-0017765,user_52397,Gabriel Jones,1,Very disappointed with the quality.,2023-09-19,True,NEGATIVE,0,SOURCE_G_REVIEWS,reviews_2023.csv,2023-09-20T00:29:51.601682861,BATCH-G-20230919
REV-00012580,SKU-0014705,user_53384,Thomas Mccarty,5,"Perfect gift, they loved it!",2023-12-28,True,POSITIVE,0,SOURCE_G_REVIEWS,reviews_2023.csv,2023-12-28T16:13:28.883525449,BATCH-G-20231228
REV-00012596,SKU-0007140,user_53041,Michael,5,गुणवत्ता ठीक नहीं थी।,2023-12-10,False,POSITIVE,0,SOURCE_G_REVIEWS,reviews_2023.csv,2023-12-10T17:58:05.539585300,BATCH-G-20231210
REV-00012596-DUP,SKU-0007140,user_53041,Michael,5,गुणवत्ता ठीक नहीं थी।,2023-12-10,False,POSITIVE,0,SOURCE_G_REVIEWS,reviews_2023.csv,2023-12-10T18:30:05.539585300,BATCH-G-20231210
REV-00012600,SKU-0014564,user_9013263,Veronica Hernandez,4,"Perfect gift, they loved it!",2023-08-29,False,POSITIVE,3,SOURCE_G_REVIEWS,reviews_2023.csv,2023-08-30T04:07:12.627267854,BATCH-G-20230829
REV-00012616,SKU-0007771,user_12551,Michael Bennett,NULL,"Muy buen producto, lo recomiendo.",2023-04-07,False,POSITIVE,0,SOURCE_G_REVIEWS,reviews_2023.csv,2023-04-07T22:49:23.305341277,BATCH-G-20230407
REV-00012618,SKU-0003913,user_9030185,Tiffany Hicks,3,"It's okay, does the job.",2023-12-20,True,NEUTRAL,4,SOURCE_G_REVIEWS,reviews_2023.csv,2023-12-20T00:37:52.727912899,BATCH-G-20231220
REV-00012619,SKU-0014246,user_9008656,Stephanie Flores,5,Will definitely buy again.,2023-02-07,True,POSITIVE,0,SOURCE_G_REVIEWS,reviews_2023.csv,2023-02-07T13:55:12.752146893,BATCH-G-20230207
REV-00012619-DUP,SKU-0014246,user_9008656,Stephanie Flores,5,Will definitely buy again.,2023-02-07,True,POSITIVE,0,SOURCE_G_REVIEWS,reviews_2023.csv,2023-02-07T14:18:12.752146893,BATCH-G-20230207
REV-00012626,SKU-0000964,user_9011483,Jill Patel,5,Fast delivery and great quality.,2023-02-22,False,POSITIVE,2,SOURCE_G_REVIEWS,reviews_2023.csv,2023-02-22T18:29:48.834769907,BATCH-G-20230222
REV-00012639,SKU-0003383,user_28298,Nicole Griffin,3,"Muy buen producto, lo recomiendo.",2023-03-24,True,NEUTRAL,3,SOURCE_G_REVIEWS,reviews_2023.csv,2023-03-24T20:53:11.438245209,BATCH-G-20230324
REV-00012663,SKU-0001189,user_9027897,John Edwards,3,"Average quality, nothing special.",2023-04-12,True,NEUTRAL,1,SOURCE_G_REVIEWS,reviews_2023.csv,2023-04-12T05:28:13.919441203,BATCH-G-20230412
REV-00012667,SKU-0004245,,Anonymous,4,Better than I expected for the price.,2023-02-02,True,POSITIVE,1,SOURCE_G_REVIEWS,reviews_2023.csv,2023-02-02T11:56:40.241206556,BATCH-G-20230202
REV-00012679,SKU-0018690,user_9031908,Carla,4,"   Perfect  gift,  they  loved  it!  💯   ",2023-12-12,True,POSITIVE,0,SOURCE_G_REVIEWS,reviews_2023.csv,2023-12-12T12:37:34.027417389,BATCH-G-20231212
REV-00012681,SKU-0004582,user_37182,Mr.,1,Arrived damaged and support was unhelpful.,2023-01-12,False,NEGATIVE,0,SOURCE_G_REVIEWS,reviews_2023.csv,2023-01-12T06:46:48.273765317,BATCH-G-20230112
REV-00012684,SKU-9935476,,Anonymous,4,   Highly  recommend  this  product.   ,2023-03-17,False,POSITIVE,2,SOURCE_G_REVIEWS,reviews_2023.csv,2023-03-17T02:17:54.547499969,BATCH-G-20230317
REV-00012696,SKU-0019713,user_9014001,Lori,5,Will definitely buy again.,2023-03-08,False,POSITIVE,3,SOURCE_G_REVIEWS,reviews_2023.csv,2023-03-08T16:50:13.272359882,BATCH-G-20230308
REV-00012700,SKU-0011903,user_9022386,Adam,3,Works fine but delivery was slow.,2023-04-21,True,NEUTRAL,0,SOURCE_G_REVIEWS,reviews_2023.csv,2023-04-22T00:29:48.570428672,BATCH-G-20230421
REV-00012727,SKU-0000243,user_9031987,Mary Sanchez,5,"Exactly as described, very happy.",2023-10-01,True,POSITIVE,2,SOURCE_G_REVIEWS,reviews_2023.csv,2023-10-01T15:19:51.738908212,BATCH-G-20231001
REV-00012753,SKU-0017235,,Anonymous,4,Fast delivery and great quality.,2023-08-08,True,POSITIVE,1,SOURCE_G_REVIEWS,reviews_2023.csv,2023-08-08T15:25:24.839569741,BATCH-G-20230808
REV-00012765,SKU-0006948,,Anonymous,3,No cumplió mis expectativas.,2023-01-21,True,NEUTRAL,0,SOURCE_G_REVIEWS,reviews_2023.csv,2023-01-22T00:49:53.702915887,BATCH-G-20230121
REV-00012770,SKU-0018857,user_27215,Helen Frazier,4,Will definitely buy again.,2023-01-16,True,POSITIVE,3,SOURCE_G_REVIEWS,reviews_2023.csv,2023-01-17T03:01:14.017898634,BATCH-G-20230116
REV-00012780,SKU-0001405,user_9021754,Erin Rodriguez,5,"Absolutely love it, works perfectly!",2023-05-07,True,POSITIVE,0,SOURCE_G_REVIEWS,reviews_2023.csv,2023-05-07T15:31:00.436532798,BATCH-G-20230507
REV-00012783,SKU-0001479,user_9033728,Brian,5,Very disappointed with the quality.,2023-03-18,False,NEGATIVE,0,SOURCE_G_REVIEWS,reviews_2023.csv,2023-03-18T10:17:53.083875322,BATCH-G-20230318
REV-00012795,SKU-9947745,user_17402,Christopher Mitchell,5,Better than I expected for the price. 😀,2023-08-17,False,POSITIVE,0,SOURCE_G_REVIEWS,reviews_2023.csv,2023-08-17T10:05:53.650095927,BATCH-G-20230817
REV-00012800,SKU-9916811,,Anonymous,5,"Absolutely love it, works perfectly!",2023-09-24,False,POSITIVE,0,SOURCE_G_REVIEWS,reviews_2023.csv,2023-09-24T03:48:09.074770028,BATCH-G-20230924
REV-00012803,SKU-0012713,user_18830,Jenna Quinn,1,Arrived damaged and support was unhelpful.,2023-08-15,False,NEGATIVE,1,SOURCE_G_REVIEWS,reviews_2023.csv,2023-08-16T03:28:26.141980633,BATCH-G-20230815
REV-00012813,SKU-0019953,user_55981,Austin,4,Highly recommend this product.,2023-06-23,True,POSITIVE,3,SOURCE_G_REVIEWS,reviews_2023.csv,2023-06-23T20:55:15.135172695,BATCH-G-20230623
REV-00012817,SKU-0015887,,Anonymous,4,Will definitely buy again.,2023-04-11,True,POSITIVE,0,SOURCE_G_REVIEWS,reviews_2023.csv,2023-04-12T01:57:21.973944286,BATCH-G-20230411
REV-00012828,SKU-0003833,,Anonymous,4,Exceeded my expectations.,2023-11-28,False,POSITIVE,7,SOURCE_G_REVIEWS,reviews_2023.csv,2023-11-28T20:11:46.905310802,BATCH-G-20231128
REV-00012860,SKU-0006559,user_9005593,Joseph Hernandez,2,"बहुत अच्छा उत्पाद है, पैसा वसूल!",2023-02-06,True,NEGATIVE,4,SOURCE_G_REVIEWS,reviews_2023.csv,2023-02-06T02:53:17.345328874,BATCH-G-20230206
REV-00012865,SKU-0000045,user_9023457,Jerry Baldwin,5,Fast delivery and great quality.,2023-02-11,True,POSITIVE,5,SOURCE_G_REVIEWS,reviews_2023.csv,2023-02-11T21:09:01.450369445,BATCH-G-20230211
REV-00012878,SKU-0016566,user_11919,Suzanne Sheppard MD,5,Highly recommend this product.,2023-04-03,False,POSITIVE,0,SOURCE_G_REVIEWS,reviews_2023.csv,2023-04-04T00:15:52.541321610,BATCH-G-20230403
REV-00012880,SKU-0005918,user_9000218,Luis,5,   Great  value  for  money.   ,2023-07-06,False,POSITIVE,2,SOURCE_G_REVIEWS,reviews_2023.csv,2023-07-06T08:49:16.607525382,BATCH-G-20230706
REV-00012882,SKU-0001969,,Anonymous,5,Will definitely buy again.,2023-01-09,True,POSITIVE,2,SOURCE_G_REVIEWS,reviews_2023.csv,2023-01-09T16:01:18.799313163,BATCH-G-20230109
REV-00012882-DUP,SKU-0001969,,Anonymous,5,Will definitely buy again.,2023-01-09,True,POSITIVE,2,SOURCE_G_REVIEWS,reviews_2023.csv,2023-01-09T16:35:18.799313163,BATCH-G-20230109
REV-00012888,SKU-0003695,user_9019832,Cameron Williams,4,Great value for money.,2023-12-05,False,POSITIVE,6,SOURCE_G_REVIEWS,reviews_2023.csv,2023-12-05T18:39:33.663064528,BATCH-G-20231205
REV-00012890,SKU-0000884,user_31465,Danielle Leblanc,5,"Livraison très lente, déçu. Solid build quality, no complaints.",2023-04-01,False,POSITIVE,1,SOURCE_G_REVIEWS,reviews_2023.csv,2023-04-01T03:40:18.124019880,BATCH-G-20230401
REV-00012891,SKU-0001003,user_28023,Melissa,3,"It's okay, does the job.",2023-09-29,True,NEUTRAL,5,SOURCE_G_REVIEWS,reviews_2023.csv,2023-09-29T22:47:22.702659969,BATCH-G-20230929
REV-00012895,SKU-0009545,user_5650,Samantha,5,"Muy buen producto, lo recomiendo.",2023-05-12,True,POSITIVE,4,SOURCE_G_REVIEWS,reviews_2023.csv,2023-05-13T01:47:43.379146979,BATCH-G-20230512
REV-00012934,SKU-0011258,user_42888,Rhonda Martinez,2,Wrong item was shipped to me.,2023-03-08,True,NEGATIVE,0,SOURCE_G_REVIEWS,reviews_2023.csv,2023-03-08T04:28:14.340122861,BATCH-G-20230308
REV-00012955,SKU-0013135,user_9002497,Elizabeth,5,Great value for money.,2023-10-22,False,POSITIVE,2,SOURCE_G_REVIEWS,reviews_2023.csv,2023-10-22T06:24:39.005591538,BATCH-G-20231022
REV-00012956,SKU-0005872,user_9026463,Victoria,5,"बहुत अच्छा उत्पाद है, पैसा वसूल! Cheaply made, broke immediately.",2023-01-27,True,NEGATIVE,1,SOURCE_G_REVIEWS,reviews_2023.csv,2023-01-27T16:28:29.220795048,BATCH-G-20230127
REV-00012963,SKU-0002526,user_63701,Tina Smith,1,"Cheaply made, broke immediately.",2023-12-20,True,NEGATIVE,1,SOURCE_G_REVIEWS,reviews_2023.csv,2023-12-21T00:29:01.559314826,BATCH-G-20231220
REV-00012967,SKU-0010057,user_66390,David Garcia,3,Will definitely buy again.,2023-11-08,False,POSITIVE,8,SOURCE_G_REVIEWS,reviews_2023.csv,2023-11-09T01:51:16.430801774,BATCH-G-20231108
REV-00012974,SKU-0017968,user_9001013,Leslie Stephens,3,"Not bad, not great either.",2023-04-16,False,NEUTRAL,1,SOURCE_G_REVIEWS,reviews_2023.csv,2023-04-16T05:41:54.118769549,BATCH-G-20230416
REV-00012982,SKU-0008454,user_9004859,Jennifer Harrison,3,Works fine but delivery was slow.,2023-11-13,False,NEUTRAL,2,SOURCE_G_REVIEWS,reviews_2023.csv,2023-11-14T02:32:15.298329349,BATCH-G-20231113
REV-00012987,SKU-0011473,user_9000346,Carrie,,"Absolutely love it, works perfectly!",2023-04-24,False,POSITIVE,3,SOURCE_G_REVIEWS,reviews_2023.csv,2023-04-24T02:57:17.594749869,BATCH-G-20230424
REV-00012993,SKU-0010440,user_59752,Terry Mcmahon,5,Great value for money.,2023-07-09,False,POSITIVE,4,SOURCE_G_REVIEWS,reviews_2023.csv,2023-07-09T13:44:59.332862658,BATCH-G-20230709
REV-00012995,SKU-9959080,user_22390,Stephanie Wade,3,Works fine but delivery was slow.,2023-10-09,False,NEUTRAL,3,SOURCE_G_REVIEWS,reviews_2023.csv,2023-10-09T09:45:04.063289728,BATCH-G-20231009
REV-00013003,SKU-0012962,user_9019960,Michael Snow,5,Exceeded my expectations.,2023-09-18,True,POSITIVE,2,SOURCE_G_REVIEWS,reviews_2023.csv,2023-09-18T12:27:13.781276629,BATCH-G-20230918
REV-00013012,SKU-0001679,user_9029595,Cynthia,3,Decent but overpriced a bit.,2023-01-25,False,NEUTRAL,6,SOURCE_G_REVIEWS,reviews_2023.csv,2023-01-25T17:03:07.159525061,BATCH-G-20230125
REV-00013016,SKU-0005217,user_4100,Lisa,5,Great value for money.,2023-03-12,True,POSITIVE,7,SOURCE_G_REVIEWS,reviews_2023.csv,2023-03-12T10:54:55.716207718,BATCH-G-20230312
REV-00013048,SKU-0012668,user_25380,Ryan Holmes,4,"Absolutely love it, works perfectly!",2023-03-21,True,POSITIVE,1,SOURCE_G_REVIEWS,reviews_2023.csv,2023-03-21T19:16:33.574818562,BATCH-G-20230321
REV-00013050,SKU-0003555,user_9009037,Devin Glass,5,"Exactly as described, very happy.",2023-07-22,True,POSITIVE,10,SOURCE_G_REVIEWS,reviews_2023.csv,2023-07-23T01:50:07.880678474,BATCH-G-20230722
REV-00013058,SKU-0018884,user_9015711,Holly Allen,4,Better than I expected for the price.,2023-09-20,True,POSITIVE,0,SOURCE_G_REVIEWS,reviews_2023.csv,2023-09-20T14:55:19.580366280,BATCH-G-20230920
REV-00013062,SKU-0010662,user_52592,Dustin,4,"बहुत अच्छा उत्पाद है, पैसा वसूल!",2023-12-25,True,POSITIVE,1,SOURCE_G_REVIEWS,reviews_2023.csv,2023-12-25T08:44:21.624695822,BATCH-G-20231225
REV-00013067,SKU-0010493,user_9019372,Laurie Walker,3,"   It's  okay,  does  the  job.   ",2023-05-10,False,NEUTRAL,1,SOURCE_G_REVIEWS,reviews_2023.csv,2023-05-10T01:32:08.609708034,BATCH-G-20230510
REV-00013071,SKU-0014298,user_40141,Molly,3,"It's okay, does the job.",2023-01-10,True,NEUTRAL,0,SOURCE_G_REVIEWS,reviews_2023.csv,2023-01-10T03:51:31.171034521,BATCH-G-20230110
REV-00013080,SKU-9986209,user_52941,Matthew Henry,4,"Poor packaging, item was defective.",2023-10-27,True,NEGATIVE,1,SOURCE_G_REVIEWS,reviews_2023.csv,2023-10-27T15:36:39.928267407,BATCH-G-20231027
REV-00013087,SKU-0009745,user_9022425,Rodney Stewart,5,Exceeded my expectations.,2023-05-28,False,POSITIVE,3,SOURCE_G_REVIEWS,reviews_2023.csv,2023-05-28T15:00:51.546625259,BATCH-G-20230528
REV-00013095,SKU-0011160,user_9002208,Jennifer Lowe,1,"Poor packaging, item was defective.",2023-11-13,False,NEGATIVE,6,SOURCE_G_REVIEWS,reviews_2023.csv,2023-11-13T21:10:08.473386964,BATCH-G-20231113
REV-00013100,SKU-0017936,user_9018733,Glenn,3,"Average quality, nothing special.",2023-08-27,True,NEUTRAL,0,SOURCE_G_REVIEWS,reviews_2023.csv,2023-08-27T14:28:35.503886942,BATCH-G-20230827
REV-00013121,SKU-0019887,user_50290,Rebecca,5,Fast delivery and great quality.,2023-04-24,True,POSITIVE,5,SOURCE_G_REVIEWS,reviews_2023.csv,2023-04-24T01:58:15.324690897,BATCH-G-20230424
REV-00013130,SKU-0019050,user_48138,Chelsea Parks,3,"<i>edited</i>Not bad, not great either.&nbsp;",2023-08-13,True,NEUTRAL,3,SOURCE_G_REVIEWS,reviews_2023.csv,2023-08-13T23:03:10.418614320,BATCH-G-20230813
REV-00013136,SKU-9909247,user_9003998,David,5,Exceeded my expectations.,2023-09-14,True,POSITIVE,0,SOURCE_G_REVIEWS,reviews_2023.csv,2023-09-15T03:24:53.469335160,BATCH-G-20230914
REV-00013140,SKU-0002811,user_9017235,Michael Logan,2,Decent but overpriced a bit.,2023-01-27,False,NEUTRAL,4,SOURCE_G_REVIEWS,reviews_2023.csv,2023-01-27T21:15:06.973012076,BATCH-G-20230127
REV-00013177,SKU-9937038,user_68235,Nicole,4,"Exactly as described, very happy.",2023-05-12,False,POSITIVE,1,SOURCE_G_REVIEWS,reviews_2023.csv,2023-05-12T20:10:21.293414393,BATCH-G-20230512
REV-00013178,SKU-0016646,user_48550,William,5,Great value for money.,2023-09-26,True,POSITIVE,5,SOURCE_G_REVIEWS,reviews_2023.csv,2023-09-26T15:12:17.143284197,BATCH-G-20230926
REV-00013189,SKU-0005726,user_9028307,Joshua Gregory,4,Great value for money.,2023-09-05,False,POSITIVE,2,SOURCE_G_REVIEWS,reviews_2023.csv,2023-09-06T01:47:17.603719502,BATCH-G-20230905
REV-00013191,SKU-0012952,user_9027213,Erica Cruz,4,"Perfect gift, they loved it!",2023-01-12,False,POSITIVE,2,SOURCE_G_REVIEWS,reviews_2023.csv,2023-01-12T17:44:47.452443149,BATCH-G-20230112
REV-00013199,SKU-0011965,user_9009656,Zachary,4,Better than I expected for the price.,2023-01-17,False,POSITIVE,3,SOURCE_G_REVIEWS,reviews_2023.csv,2023-01-17T09:52:47.275951950,BATCH-G-20230117
REV-00013202,SKU-0018683,user_9034461,Margaret Miller,3,Decent but overpriced a bit.,2023-12-03,True,NEUTRAL,4,SOURCE_G_REVIEWS,reviews_2023.csv,2023-12-04T02:05:20.945105012,BATCH-G-20231203
REV-00013204,SKU-0002536,user_9001223,Amanda Gonzalez,1,   Arrived  damaged  and  support  was  unhelpful.   ,2023-07-04,False,NEGATIVE,0,SOURCE_G_REVIEWS,reviews_2023.csv,2023-07-05T02:34:50.106994234,BATCH-G-20230704
REV-00013205,SKU-0016952,user_46321,Tracy Campbell DVM,4,"Solid build quality, no complaints.",2023-07-11,False,POSITIVE,1,SOURCE_G_REVIEWS,reviews_2023.csv,2023-07-11T11:28:35.275534356,BATCH-G-20230711
REV-00013209,SKU-9966111,user_4465,Jacob,4,Better than I expected for the price. 😐,2023-05-14,False,POSITIVE,2,SOURCE_G_REVIEWS,reviews_2023.csv,2023-05-14T17:57:48.439823983,BATCH-G-20230514
REV-00013215,SKU-0017860,user_5741,Tyler Flores,5,Great value for money.,2023-07-28,False,POSITIVE,2,SOURCE_G_REVIEWS,reviews_2023.csv,2023-07-28T04:43:10.622362993,BATCH-G-20230728
REV-00013221,SKU-0004331,user_2772,Darren,5,Exceeded my expectations.,2023-03-13,False,POSITIVE,1,SOURCE_G_REVIEWS,reviews_2023.csv,2023-03-13T21:15:21.773905643,BATCH-G-20230313
REV-00013227,SKU-0000704,user_64687,Christopher,4,Highly recommend this product.,2023-03-25,True,POSITIVE,3,SOURCE_G_REVIEWS,reviews_2023.csv,2023-03-25T20:50:52.088285557,BATCH-G-20230325
REV-00013233,SKU-0017867,,Anonymous,3,"Matches the description, no issues.",2023-12-16,True,NEUTRAL,6,SOURCE_G_REVIEWS,reviews_2023.csv,2023-12-16T14:47:11.953305210,BATCH-G-20231216
REV-00013249,SKU-0018376,user_9006441,Monica Smith,5,"Perfect gift, they loved it!",2023-11-06,True,POSITIVE,17,SOURCE_G_REVIEWS,reviews_2023.csv,2023-11-06T15:59:23.498153530,BATCH-G-20231106
REV-00013253,SKU-0016688,,Anonymous,4,"Exactly as described, very happy.",2023-01-13,True,POSITIVE,2,SOURCE_G_REVIEWS,reviews_2023.csv,2023-01-13T01:18:43.764024745,BATCH-G-20230113
REV-00013280,SKU-9914643,user_9023682,Maria Williams,5,<p>Highly recommend this product.&nbsp;,2023-08-07,True,POSITIVE,6,SOURCE_G_REVIEWS,reviews_2023.csv,2023-08-07T07:48:51.698371703,BATCH-G-20230807
REV-00013295,SKU-0013421,user_9747,Megan Robinson,5,Will definitely buy again.,2023-09-12,True,POSITIVE,3,SOURCE_G_REVIEWS,reviews_2023.csv,2023-09-12T04:53:19.727544875,BATCH-G-20230912
REV-00013300,SKU-0008728,user_9027757,Cynthia Robinson,3,No cumplió mis expectativas.,2023-03-16,True,NEUTRAL,2,SOURCE_G_REVIEWS,reviews_2023.csv,2023-03-16T12:54:19.120218115,BATCH-G-20230316
REV-00013301,SKU-0014443,,Anonymous,3,"It's okay, does the job.",2023-12-06,False,NEUTRAL,0,SOURCE_G_REVIEWS,reviews_2023.csv,2023-12-06T15:57:10.123721576,BATCH-G-20231206
REV-00013305,SKU-0000661,,Anonymous,4,"Muy buen producto, lo recomiendo.",2023-09-22,False,POSITIVE,3,SOURCE_G_REVIEWS,reviews_2023.csv,2023-09-23T00:45:03.415483057,BATCH-G-20230922
REV-00013322,SKU-0012402,user_28316,Cheryl Parrish,5,"Perfect gift, they loved it!",2023-07-01,False,POSITIVE,3,SOURCE_G_REVIEWS,reviews_2023.csv,2023-07-01T05:58:00.439130132,BATCH-G-20230701
REV-00013332,SKU-0020129,user_9032856,Sandra Cox,3,"Matches the description, no issues.",2023-12-03,True,NEUTRAL,0,SOURCE_G_REVIEWS,reviews_2023.csv,2023-12-03T00:51:03.533264181,BATCH-G-20231203
REV-00013334,SKU-0001189,user_18163,Brent,3,   Works  fine  but  delivery  was  slow.   ,2023-07-02,True,NEUTRAL,10,SOURCE_G_REVIEWS,reviews_2023.csv,2023-07-03T02:35:24.166768764,BATCH-G-20230702
REV-00013352,SKU-0010327,user_49830,Dustin Ellis,5,<i>edited</i>Fast delivery and great quality.<p>,2023-01-16,False,POSITIVE,0,SOURCE_G_REVIEWS,reviews_2023.csv,2023-01-17T02:15:13.901772993,BATCH-G-20230116
REV-00013368,SKU-0000146,,Anonymous,5,"Solid build quality, no complaints.",2023-05-02,True,POSITIVE,4,SOURCE_G_REVIEWS,reviews_2023.csv,2023-05-02T17:27:32.366725487,BATCH-G-20230502
REV-00013374,SKU-0019193,user_9010498,Edgar,5,"Exactly as described, very happy.",2023-09-23,True,POSITIVE,3,SOURCE_G_REVIEWS,reviews_2023.csv,2023-09-24T04:22:26.844673190,BATCH-G-20230923
REV-00013398,SKU-0000262,user_9033150,Andrew,3,"Not bad, not great either.",2023-05-28,True,NEUTRAL,1,SOURCE_G_REVIEWS,reviews_2023.csv,2023-05-28T07:03:15.000479140,BATCH-G-20230528
REV-00013400,SKU-0009119,user_9025216,Eric,4,"Perfect gift, they loved it!",2023-09-08,False,POSITIVE,1,SOURCE_G_REVIEWS,reviews_2023.csv,2023-09-08T21:05:29.793574718,BATCH-G-20230908
REV-00013412,SKU-0001452,user_9028838,Angela Contreras,3,"It's okay, does the job.",2023-07-05,True,NEUTRAL,11,SOURCE_G_REVIEWS,reviews_2023.csv,2023-07-05T07:03:13.421754165,BATCH-G-20230705
REV-00013431,SKU-0002716,user_58600,Michelle Marquez,3,null,2023-06-17,True,NEUTRAL,4,SOURCE_G_REVIEWS,reviews_2023.csv,2023-06-17T10:36:42.999820513,BATCH-G-20230617
REV-00013437,SKU-0013576,,Anonymous,1,Not as described at all.,2023-06-07,True,NEGATIVE,0,SOURCE_G_REVIEWS,reviews_2023.csv,2023-06-07T10:52:39.385968549,BATCH-G-20230607
REV-00013459,SKU-0005438,user_9002136,Kathryn Sosa,1,"Cheaply made, broke immediately.",2023-09-20,True,NEGATIVE,2,SOURCE_G_REVIEWS,reviews_2023.csv,2023-09-20T12:57:21.289909995,BATCH-G-20230920
REV-00013479,SKU-0015878,,Anonymous,4,"बहुत अच्छा उत्पाद है, पैसा वसूल!",2023-12-28,True,POSITIVE,1,SOURCE_G_REVIEWS,reviews_2023.csv,2023-12-28T16:24:16.635456802,BATCH-G-20231228
REV-00013485,SKU-0017505,user_9005400,Jamie Anderson,5,Exceeded my expectations.,2023-05-07,True,POSITIVE,0,SOURCE_G_REVIEWS,reviews_2023.csv,2023-05-07T02:01:30.948658489,BATCH-G-20230507
REV-00013490,SKU-0006257,,Anonymous,5,Exceeded my expectations.,2023-04-01,False,POSITIVE,0,SOURCE_G_REVIEWS,reviews_2023.csv,2023-04-02T05:07:19.291668326,BATCH-G-20230401
REV-00013495,SKU-0006762,user_4488,Mrs. Melanie Baldwin,3,"Not bad, not great either.",2023-06-26,True,NEUTRAL,1,SOURCE_G_REVIEWS,reviews_2023.csv,2023-06-26T02:47:02.656801222,BATCH-G-20230626
REV-00013498,SKU-0009173,user_9028848,Wesley,2,"Cheaply made, broke immediately. 😢🔥",2023-04-04,True,NEGATIVE,0,SOURCE_G_REVIEWS,reviews_2023.csv,2023-04-04T12:50:27.430105994,BATCH-G-20230404
REV-00013504,SKU-0003108,user_9028047,Kevin Williams,5,Exceeded my expectations.,2023-12-20,False,POSITIVE,0,SOURCE_G_REVIEWS,reviews_2023.csv,2023-12-20T07:57:20.980990492,BATCH-G-20231220
REV-00013505,SKU-0008051,user_28882,Lori,3,Highly recommend this product.,2023-04-11,False,POSITIVE,1,SOURCE_G_REVIEWS,reviews_2023.csv,2023-04-12T01:21:46.120875086,BATCH-G-20230411
REV-00013522,SKU-0007165,user_9009285,Thomas,5,Better than I expected for the price.,2023-12-30,True,POSITIVE,1,SOURCE_G_REVIEWS,reviews_2023.csv,2023-12-30T22:35:58.378265079,BATCH-G-20231230
REV-00013530,SKU-0010891,user_9028306,Joshua,3,"Average quality, nothing special.",2023-10-10,True,NEUTRAL,5,SOURCE_G_REVIEWS,reviews_2023.csv,2023-10-10T04:38:36.220825604,BATCH-G-20231010
REV-00013534,SKU-0001854,user_9007256,Michael Knight,5,Highly recommend this product.,2023-09-08,True,POSITIVE,5,SOURCE_G_REVIEWS,reviews_2023.csv,2023-09-08T18:56:44.819650188,BATCH-G-20230908
REV-00013547,SKU-0006940,user_37567,Mr.,?,Highly recommend this product.,2023-10-21,False,POSITIVE,8,SOURCE_G_REVIEWS,reviews_2023.csv,2023-10-21T19:35:29.313175510,BATCH-G-20231021
REV-00013602,SKU-9923650,,Anonymous,4,"Exactly as described, very happy.",2023-09-26,False,POSITIVE,2,SOURCE_G_REVIEWS,reviews_2023.csv,2023-09-27T02:14:39.966121232,BATCH-G-20230926
REV-00013603,SKU-0007744,,Anonymous,5,"Exactly as described, very happy. 👍",2023-01-08,True,POSITIVE,2,SOURCE_G_REVIEWS,reviews_2023.csv,2023-01-08T04:35:14.653953763,BATCH-G-20230108
REV-00013607,SKU-0016199,,Anonymous,2,Stopped working after a week.,2023-06-19,False,NEGATIVE,7,SOURCE_G_REVIEWS,reviews_2023.csv,2023-06-19T00:52:25.507740238,BATCH-G-20230619
REV-00013611,SKU-0011854,user_18599,Dr. Elizabeth Hodges,5,Great value for money.,2023-07-29,False,POSITIVE,0,SOURCE_G_REVIEWS,reviews_2023.csv,2023-07-29T03:34:47.494547831,BATCH-G-20230729
REV-00013612,SKU-0002156,user_47616,Mitchell Nguyen,4,"Exactly as described, very happy.",2023-09-24,True,POSITIVE,0,SOURCE_G_REVIEWS,reviews_2023.csv,2023-09-24T02:21:09.790460206,BATCH-G-20230924
REV-00013613,SKU-0008460,,Anonymous,4,Great value for money.,2023-06-30,False,POSITIVE,4,SOURCE_G_REVIEWS,reviews_2023.csv,2023-06-30T22:04:09.551042518,BATCH-G-20230630
REV-00013614,SKU-0017082,user_19832,Brandy,5,गुणवत्ता ठीक नहीं थी।,2023-12-21,True,POSITIVE,4,SOURCE_G_REVIEWS,reviews_2023.csv,2023-12-22T00:14:22.134066391,BATCH-G-20231221
REV-00013621,SKU-0004881,user_9012696,Henry,4,Exceeded my expectations.,2023-12-29,True,POSITIVE,3,SOURCE_G_REVIEWS,reviews_2023.csv,2023-12-29T03:54:28.445866845,BATCH-G-20231229
REV-00013631,SKU-0013684,user_18994,Tonya,5,Exceeded my expectations.,2023-11-24,True,POSITIVE,0,SOURCE_G_REVIEWS,reviews_2023.csv,2023-11-24T19:07:30.314741516,BATCH-G-20231124
REV-00013635,SKU-0017110,user_9010539,Marissa Weber,4,Great value for money.,2023-02-24,False,POSITIVE,1,SOURCE_G_REVIEWS,reviews_2023.csv,2023-02-25T02:19:14.789661443,BATCH-G-20230224
REV-00013641,SKU-0000822,,Anonymous,1,"Cheaply made, broke immediately.",2023-04-08,True,NEGATIVE,3,SOURCE_G_REVIEWS,reviews_2023.csv,2023-04-08T04:41:48.656558138,BATCH-G-20230408
REV-00013642,SKU-0001575,,Anonymous,5,"Matches the description, no issues.",2023-06-14,False,NEUTRAL,0,SOURCE_G_REVIEWS,reviews_2023.csv,2023-06-14T05:31:10.687182552,BATCH-G-20230614
REV-00013649,SKU-0004470,user_9031777,Jennifer Crawford,5,Fast delivery and great quality.,2023-12-14,False,POSITIVE,0,SOURCE_G_REVIEWS,reviews_2023.csv,2023-12-14T20:27:45.321700205,BATCH-G-20231214
REV-00013656,SKU-0018653,user_9007739,Christian,3,Decent but overpriced a bit.,2023-05-26,True,NEUTRAL,8,SOURCE_G_REVIEWS,reviews_2023.csv,2023-05-26T07:46:17.239939200,BATCH-G-20230526
REV-00013661,SKU-0012254,user_21164,Nichole Wong,3,Works fine but delivery was slow.,2023-04-11,True,NEUTRAL,2,SOURCE_G_REVIEWS,reviews_2023.csv,2023-04-11T07:32:32.594368972,BATCH-G-20230411
REV-00013665,SKU-0001800,user_27132,Dawn,5,Fast delivery and great quality.,2023-09-08,True,POSITIVE,6,SOURCE_G_REVIEWS,reviews_2023.csv,2023-09-08T11:00:40.417766392,BATCH-G-20230908
REV-00013668,SKU-0016707,user_9017498,Eric Smith,4,"Exactly as described, very happy.",2023-10-28,True,POSITIVE,1,SOURCE_G_REVIEWS,reviews_2023.csv,2023-10-28T00:51:35.776062959,BATCH-G-20231028
REV-00013676,SKU-0002030,,Anonymous,4,Better than I expected for the price.,2023-07-05,True,POSITIVE,0,SOURCE_G_REVIEWS,reviews_2023.csv,2023-07-05T21:02:08.782921016,BATCH-G-20230705
REV-00013680,SKU-0015440,,Anonymous,5,Will definitely buy again.,2023-03-08,True,POSITIVE,2,SOURCE_G_REVIEWS,reviews_2023.csv,2023-03-08T16:02:23.528988843,BATCH-G-20230308
REV-00013684,SKU-0018272,user_9021880,James Davis,5,Highly recommend this product.,2023-10-22,False,POSITIVE,3,SOURCE_G_REVIEWS,reviews_2023.csv,2023-10-22T05:11:00.353557589,BATCH-G-20231022
REV-00013694,SKU-0016611,user_5633,Daniel Garcia,3,Excellent rapport qualité-prix. Decent but overpriced a bit.,2023-11-26,True,NEUTRAL,1,SOURCE_G_REVIEWS,reviews_2023.csv,2023-11-26T12:58:29.760658648,BATCH-G-20231126
REV-00013695,SKU-0003749,user_49174,James Beasley,4,"Perfect gift, they loved it!",2023-07-07,True,POSITIVE,4,SOURCE_G_REVIEWS,reviews_2023.csv,2023-07-07T13:45:46.385296562,BATCH-G-20230707
REV-00013717,SKU-0008182,user_43385,Mr. Michael Long,4,"Solid build quality, no complaints.",2023-12-10,True,POSITIVE,2,SOURCE_G_REVIEWS,reviews_2023.csv,2023-12-10T15:11:55.210633170,BATCH-G-20231210
REV-00013718,SKU-0010559,,Anonymous,2,Very disappointed with the quality.,2023-06-16,True,NEGATIVE,0,SOURCE_G_REVIEWS,reviews_2023.csv,2023-06-16T06:28:25.412361492,BATCH-G-20230616
REV-00013729,SKU-0004251,,Anonymous,1,"Cheaply made, broke immediately.",2023-12-05,True,NEGATIVE,0,SOURCE_G_REVIEWS,reviews_2023.csv,2023-12-05T14:06:41.264482756,BATCH-G-20231205
REV-00013739,SKU-0016742,user_9030400,Andrew,5,Wrong item was shipped to me.,2023-09-11,True,NEGATIVE,0,SOURCE_G_REVIEWS,reviews_2023.csv,2023-09-11T01:55:40.650887554,BATCH-G-20230911
REV-00013744,SKU-0016590,user_9014001,Lori,4,"Absolutely love it, works perfectly! 🙏😍",2023-03-02,True,POSITIVE,5,SOURCE_G_REVIEWS,reviews_2023.csv,2023-03-02T06:43:32.568446492,BATCH-G-20230302
REV-00013752,SKU-0018726,,Anonymous,NA,"Exactly as described, very happy.",2023-11-24,False,POSITIVE,2,SOURCE_G_REVIEWS,reviews_2023.csv,2023-11-24T23:59:55.397792346,BATCH-G-20231124
REV-00013757,SKU-0019413,user_20838,Teresa Sanders,4,   Fast  delivery  and  great  quality.   ,2023-10-30,True,POSITIVE,2,SOURCE_G_REVIEWS,reviews_2023.csv,2023-10-30T01:52:29.043542986,BATCH-G-20231030
REV-00013758,SKU-0004520,user_9002726,Kim Wagner,4,Better than I expected for the price.,2023-07-26,False,POSITIVE,4,SOURCE_G_REVIEWS,reviews_2023.csv,2023-07-26T22:20:46.761570312,BATCH-G-20230726
REV-00013766,SKU-0010526,user_9012281,Jeremiah Waters,3,"   Not  bad,  not  great  either.   ",2023-09-26,True,NEUTRAL,0,SOURCE_G_REVIEWS,reviews_2023.csv,2023-09-27T04:50:30.543959614,BATCH-G-20230926
REV-00013773,SKU-0000343,user_9001308,Julie Rivera,5,&nbsp;Will definitely buy again.<br>,2023-07-20,False,POSITIVE,1,SOURCE_G_REVIEWS,reviews_2023.csv,2023-07-20T05:15:41.915005700,BATCH-G-20230720
REV-00013783,SKU-0000386,,Anonymous,3,"Average quality, nothing special.",2023-01-03,True,NEUTRAL,2,SOURCE_G_REVIEWS,reviews_2023.csv,2023-01-03T04:39:09.583449486,BATCH-G-20230103
REV-00013810,SKU-0008611,user_10812,Michele Jordan,4,No cumplió mis expectativas.,2023-11-28,True,NEUTRAL,2,SOURCE_G_REVIEWS,reviews_2023.csv,2023-11-26T08:00:00,BATCH-G-20231128
REV-00013814,SKU-0007800,user_36034,Stephanie,3,Fast delivery and great quality.,2023-01-03,True,POSITIVE,1,SOURCE_G_REVIEWS,reviews_2023.csv,2023-01-03T06:56:16.305421449,BATCH-G-20230103
REV-00013818,SKU-0008225,user_9006062,Jonathan Ford,,Will definitely buy again. 😡,2023-04-15,True,POSITIVE,3,SOURCE_G_REVIEWS,reviews_2023.csv,2023-04-14T07:00:00,BATCH-G-20230415
REV-00013824,SKU-0010157,,Anonymous,5,"   Perfect  gift,  they  loved  it!   ",2023-06-10,True,POSITIVE,5,SOURCE_G_REVIEWS,reviews_2023.csv,2023-06-10T07:58:41.465563794,BATCH-G-20230610
REV-00013829,SKU-0012196,,Anonymous,2,Wrong item was shipped to me.,2023-05-11,True,NEGATIVE,1,SOURCE_G_REVIEWS,reviews_2023.csv,2023-05-12T05:26:39.272926274,BATCH-G-20230511
REV-00013831,SKU-0011180,user_8468,Gregory,4,   Will  definitely  buy  again.   ,2023-08-14,False,POSITIVE,0,SOURCE_G_REVIEWS,reviews_2023.csv,2023-08-14T09:03:33.504634220,BATCH-G-20230814
REV-00013838,SKU-0008767,user_9016331,Noah Phillips,4,"Solid build quality, no complaints.",2023-04-09,True,POSITIVE,1,SOURCE_G_REVIEWS,reviews_2023.csv,2023-04-09T17:19:24.194680506,BATCH-G-20230409
REV-00013843,SKU-9925447,,Anonymous,5,Unknown,2023-10-11,True,POSITIVE,1,SOURCE_G_REVIEWS,reviews_2023.csv,2023-10-11T15:27:25.871268200,BATCH-G-20231011
REV-00013847,SKU-0005292,,Anonymous,3,Works fine but delivery was slow.,2023-12-20,True,NEUTRAL,5,SOURCE_G_REVIEWS,reviews_2023.csv,2023-12-20T20:47:34.369011617,BATCH-G-20231220
REV-00013849,SKU-0003235,user_15588,Mr. Gregory Villanueva,5,गुणवत्ता ठीक नहीं थी।,2023-06-01,False,NEUTRAL,2,SOURCE_G_REVIEWS,reviews_2023.csv,2023-06-01T00:42:50.836104182,BATCH-G-20230601
REV-00013859,SKU-0016880,user_8235,Andrew Hoover,5,Great value for money.,2023-01-31,True,POSITIVE,1,SOURCE_G_REVIEWS,reviews_2023.csv,2023-02-01T01:06:28.472785277,BATCH-G-20230131
REV-00013870,SKU-9933563,user_9032051,Walter,1,Very disappointed with the quality.,2023-05-29,True,NEGATIVE,0,SOURCE_G_REVIEWS,reviews_2023.csv,2023-05-29T08:30:40.632220482,BATCH-G-20230529
REV-00013873,SKU-0012840,user_9008111,Kirk Williams,4,"Not bad, not great either.",2023-07-22,False,NEUTRAL,2,SOURCE_G_REVIEWS,reviews_2023.csv,2023-07-22T05:42:43.815784378,BATCH-G-20230722
REV-00013873-DUP,SKU-0012840,user_9008111,Kirk Williams,4,"Not bad, not great either.",2023-07-22,False,NEUTRAL,2,SOURCE_G_REVIEWS,reviews_2023.csv,2023-07-22T06:15:43.815784378,BATCH-G-20230722
REV-00013874,SKU-0014816,,Anonymous,4,Highly recommend this product.,2023-12-09,False,POSITIVE,1,SOURCE_G_REVIEWS,reviews_2023.csv,2023-12-09T06:12:12.762951498,BATCH-G-20231209
REV-00013875,SKU-9956291,user_9031159,Nicole Silva,2,Not as described at all.,2023-12-23,True,NEGATIVE,0,SOURCE_G_REVIEWS,reviews_2023.csv,2023-12-23T10:33:24.198584814,BATCH-G-20231223
REV-00013882,SKU-0011770,user_9013924,Mary,4,Fast delivery and great quality.,2023-03-23,True,POSITIVE,2,SOURCE_G_REVIEWS,reviews_2023.csv,2023-03-23T22:46:49.596048299,BATCH-G-20230323
REV-00013887,SKU-9981691,user_31337,Lisa,4,Stopped working after a week.,2023-10-29,False,NEGATIVE,0,SOURCE_G_REVIEWS,reviews_2023.csv,2023-10-30T01:31:28.899545696,BATCH-G-20231029
REV-00013912,SKU-9959491,,Anonymous,4,Great value for money.,2023-08-28,False,POSITIVE,1,SOURCE_G_REVIEWS,reviews_2023.csv,2023-08-29T01:38:14.302782125,BATCH-G-20230828
REV-00013931,SKU-0004108,user_29371,Jade Vasquez,5,"Absolutely love it, works perfectly!",2023-07-03,True,POSITIVE,3,SOURCE_G_REVIEWS,reviews_2023.csv,2023-07-04T05:47:03.557167997,BATCH-G-20230703
REV-00013936,SKU-0018466,user_1374,Vanessa Price,5,Great value for money.,2023-02-20,True,POSITIVE,4,SOURCE_G_REVIEWS,reviews_2023.csv,2023-02-20T12:15:14.468111096,BATCH-G-20230220
REV-00013938,SKU-0003235,user_13128,Edwin Steele,5,"Matches the description, no issues.",2023-10-13,True,NEUTRAL,2,SOURCE_G_REVIEWS,reviews_2023.csv,2023-10-13T09:32:38.256045719,BATCH-G-20231013
REV-00013942,SKU-0014291,user_9024331,Adam,4,"Absolutely love it, works perfectly!",2023-08-07,True,POSITIVE,0,SOURCE_G_REVIEWS,reviews_2023.csv,2023-08-07T08:03:20.493517985,BATCH-G-20230807
REV-00013947,SKU-0007997,user_20352,Michael Brown,5,NA,2023-12-05,False,POSITIVE,2,SOURCE_G_REVIEWS,reviews_2023.csv,2023-12-06T05:33:25.001204661,BATCH-G-20231205
REV-00013949,SKU-0005198,user_9000452,Tammy Monroe,5,Better than I expected for the price.,2023-01-09,True,POSITIVE,1,SOURCE_G_REVIEWS,reviews_2023.csv,2023-01-09T03:44:48.559282211,BATCH-G-20230109
REV-00013963,SKU-0007833,user_9024912,Lori Jackson,5,Fast delivery and great quality.,2023-10-23,True,POSITIVE,2,SOURCE_G_REVIEWS,reviews_2023.csv,2023-10-24T00:45:47.242944114,BATCH-G-20231023
REV-00013976,SKU-0018634,user_9030669,James Pierce,5,"Exactly as described, very happy.",2023-09-01,True,POSITIVE,3,SOURCE_G_REVIEWS,reviews_2023.csv,2023-09-01T19:38:22.553097854,BATCH-G-20230901
REV-00013980,SKU-0012389,user_51492,Gina,5,No cumplió mis expectativas.,2023-12-16,False,POSITIVE,2,SOURCE_G_REVIEWS,reviews_2023.csv,2023-12-16T01:02:01.676601670,BATCH-G-20231216
REV-00013981,SKU-0007642,user_9011381,Jacqueline Higgins,4,"Solid build quality, no complaints.",2023-11-03,True,POSITIVE,3,SOURCE_G_REVIEWS,reviews_2023.csv,2023-11-03T10:54:02.664941270,BATCH-G-20231103
REV-00013987,SKU-0007121,user_9018005,Jennifer,5,Will definitely buy again.,2023-03-11,False,POSITIVE,0,SOURCE_G_REVIEWS,reviews_2023.csv,2023-03-17T15:00:00,BATCH-G-20230311
REV-00013994,SKU-0019371,user_9000633,Sharon,4,Will definitely buy again.,2023-10-03,True,POSITIVE,4,SOURCE_G_REVIEWS,reviews_2023.csv,2023-10-03T07:44:05.119934816,BATCH-G-20231003
REV-00013997,SKU-0015253,user_9030220,Joanne,5,"Exactly as described, very happy.",2023-07-20,False,POSITIVE,1,SOURCE_G_REVIEWS,reviews_2023.csv,2023-07-20T02:17:50.503224272,BATCH-G-20230720
REV-00014002,SKU-0019335,user_45471,Robert Smith,1,Stopped working after a week.,2023-12-26,False,NEGATIVE,5,SOURCE_G_REVIEWS,reviews_2023.csv,2023-12-26T06:00:30.104411216,BATCH-G-20231226
REV-00014027,SKU-0002007,user_64712,Susan Foster,4,"Livraison très lente, déçu. Fast delivery and great quality.",2023-10-07,False,POSITIVE,2,SOURCE_G_REVIEWS,reviews_2023.csv,2023-10-07T03:03:56.050105267,BATCH-G-20231007
REV-00014029,SKU-0001447,user_9013673,David Howard DDS,4,<p>Better than I expected for the price.</p>,2023-04-27,True,POSITIVE,3,SOURCE_G_REVIEWS,reviews_2023.csv,2023-04-27T12:09:53.496360408,BATCH-G-20230427
REV-00014061,SKU-0010305,user_50984,Jeanette Moreno,3,"Average quality, nothing special.",2023-04-22,False,NEUTRAL,2,SOURCE_G_REVIEWS,reviews_2023.csv,2023-04-23T02:03:29.866513918,BATCH-G-20230422
REV-00014062,SKU-0019259,user_9013843,Derrick Green,5,Not as described at all.,2023-05-09,False,NEGATIVE,0,SOURCE_G_REVIEWS,reviews_2023.csv,2023-05-09T05:51:39.003410391,BATCH-G-20230509
REV-00014065,SKU-0014098,user_9006462,Curtis Gillespie,4,"Solid build quality, no complaints.",2023-04-16,True,POSITIVE,1,SOURCE_G_REVIEWS,reviews_2023.csv,2023-04-16T04:05:28.173054670,BATCH-G-20230416
REV-00014094,SKU-0012805,user_9034491,Eric Black,5,"Absolutely love it, works perfectly!",2023-01-13,True,POSITIVE,4,SOURCE_G_REVIEWS,reviews_2023.csv,2023-01-13T23:01:52.875050440,BATCH-G-20230113
REV-00014103,SKU-0002539,user_9010875,Erica Lawrence,5,"Solid build quality, no complaints.",2023-12-17,False,POSITIVE,3,SOURCE_G_REVIEWS,reviews_2023.csv,2023-12-17T02:52:16.262757762,BATCH-G-20231217
REV-00014114,SKU-0018048,user_9001208,Kristina Maxwell,5,Great value for money.,2023-02-01,True,POSITIVE,0,SOURCE_G_REVIEWS,reviews_2023.csv,2023-02-01T21:45:12.065614786,BATCH-G-20230201
REV-00014120,SKU-0019787,user_9015230,Bradley West,1,"Waste of money, do not buy. 😢⭐",2023-12-14,True,NEGATIVE,6,SOURCE_G_REVIEWS,reviews_2023.csv,2023-12-15T01:36:05.095554034,BATCH-G-20231214
REV-00014121,SKU-9965012,user_19450,Gregory Barajas,5,"Perfect gift, they loved it!",2023-12-03,True,POSITIVE,2,SOURCE_G_REVIEWS,reviews_2023.csv,2023-12-03T01:58:49.543379345,BATCH-G-20231203
REV-00014127,SKU-0006291,user_9002391,Shane Young,4,"Solid build quality, no complaints.",2023-06-27,True,POSITIVE,2,SOURCE_G_REVIEWS,reviews_2023.csv,2023-06-27T20:24:47.304655201,BATCH-G-20230627
REV-00014130,SKU-0017400,user_9018633,John Freeman,3,"Not bad, not great either.",2023-06-26,True,NEUTRAL,2,SOURCE_G_REVIEWS,reviews_2023.csv,2023-06-26T07:50:17.095767382,BATCH-G-20230626
REV-00014134,SKU-0008203,user_9015182,Mark,2,"Cheaply made, broke immediately.",2023-05-09,False,NEGATIVE,0,SOURCE_G_REVIEWS,reviews_2023.csv,2023-05-10T00:08:55.930767041,BATCH-G-20230509
REV-00014138,SKU-0004092,,Anonymous,5,Better than I expected for the price.,2023-01-23,False,POSITIVE,0,SOURCE_G_REVIEWS,reviews_2023.csv,2023-01-24T05:11:27.300952856,BATCH-G-20230123
REV-00014139,SKU-0002816,user_9029837,Danielle,3,Works fine but delivery was slow. 😀,2023-11-20,True,NEUTRAL,6,SOURCE_G_REVIEWS,reviews_2023.csv,2023-11-21T01:40:49.931664701,BATCH-G-20231120
REV-00014141,SKU-0018963,user_9026582,Ms. Laura Sweeney MD,4,"Absolutely love it, works perfectly!",2023-04-21,True,POSITIVE,1,SOURCE_G_REVIEWS,reviews_2023.csv,2023-04-22T00:45:28.322723891,BATCH-G-20230421
REV-00014143,SKU-0004884,user_1059,Peter,5,Exceeded my expectations. 😀,2023-02-22,True,POSITIVE,1,SOURCE_G_REVIEWS,reviews_2023.csv,2023-02-23T02:39:06.769790815,BATCH-G-20230222
REV-00014143-DUP,SKU-0004884,user_1059,Peter,5,Exceeded my expectations. 😀,2023-02-22,True,POSITIVE,1,SOURCE_G_REVIEWS,reviews_2023.csv,2023-02-23T03:21:06.769790815,BATCH-G-20230222
REV-00014154,SKU-0009026,user_9033535,Brenda,5,Highly recommend this product. 😢,2023-09-24,True,POSITIVE,2,SOURCE_G_REVIEWS,reviews_2023.csv,2023-09-24T11:38:24.919785259,BATCH-G-20230924
REV-00014167,SKU-0005127,user_9000077,Joseph Wheeler,1,Stopped working after a week.,2023-12-14,True,NEGATIVE,2,SOURCE_G_REVIEWS,reviews_2023.csv,2023-12-14T00:51:03.422061899,BATCH-G-20231214
REV-00014176,SKU-0006523,,Anonymous,1,"Waste of money, do not buy.",2023-11-19,True,NEGATIVE,10,SOURCE_G_REVIEWS,reviews_2023.csv,2023-11-19T03:36:40.993048387,BATCH-G-20231119
REV-00014179,SKU-0001770,,Anonymous,2,   Wrong  item  was  shipped  to  me.   ,2023-01-01,False,NEGATIVE,2,SOURCE_G_REVIEWS,reviews_2023.csv,2023-01-01T14:12:32.049828194,BATCH-G-20230101
REV-00014186,SKU-0013959,,Anonymous,2,Very disappointed with the quality.,2023-08-26,True,NEGATIVE,1,SOURCE_G_REVIEWS,reviews_2023.csv,2023-08-26T00:40:07.543572636,BATCH-G-20230826
REV-00014198,SKU-0001773,user_9016751,Daniel,5,Better than I expected for the price.,2023-07-11,False,POSITIVE,0,SOURCE_G_REVIEWS,reviews_2023.csv,2023-07-11T18:04:19.292911649,BATCH-G-20230711
REV-00014199,SKU-0018270,,Anonymous,N/A,"Perfect gift, they loved it!",2023-12-17,False,POSITIVE,1,SOURCE_G_REVIEWS,reviews_2023.csv,2023-12-17T05:56:14.267400465,BATCH-G-20231217
REV-00014204,SKU-0007827,user_38194,James,NULL,Arrived damaged and support was unhelpful.,2023-08-23,False,NEGATIVE,4,SOURCE_G_REVIEWS,reviews_2023.csv,2023-08-24T04:02:57.737272800,BATCH-G-20230823
REV-00014210,SKU-0004077,,Anonymous,4,Better than I expected for the price.,2023-09-12,True,POSITIVE,1,SOURCE_G_REVIEWS,reviews_2023.csv,2023-09-12T17:09:24.984619230,BATCH-G-20230912
REV-00014211,SKU-0002348,user_42682,Erica,4,"Matches the description, no issues.",2023-01-28,True,NEUTRAL,2,SOURCE_G_REVIEWS,reviews_2023.csv,2023-01-28T07:58:43.939138205,BATCH-G-20230128
REV-00014212,SKU-0008769,user_44433,Amy Burgess,5,Great value for money.,2023-01-12,True,POSITIVE,1,SOURCE_G_REVIEWS,reviews_2023.csv,2023-01-12T16:26:54.575104699,BATCH-G-20230112
REV-00014213,SKU-0019714,,Anonymous,5,Highly recommend this product. 😍,2023-09-22,False,POSITIVE,5,SOURCE_G_REVIEWS,reviews_2023.csv,2023-09-22T00:43:04.625600067,BATCH-G-20230922
REV-00014218,SKU-0013539,user_9019023,Mindy Carroll,5,"   Absolutely  love  it,  works  perfectly!   ",2023-01-17,True,POSITIVE,5,SOURCE_G_REVIEWS,reviews_2023.csv,2023-01-17T01:34:10.113396841,BATCH-G-20230117
REV-00014230,SKU-0010835,user_53436,Joshua Yang,5,Great value for money.,2023-07-04,True,POSITIVE,2,SOURCE_G_REVIEWS,reviews_2023.csv,2023-07-04T11:45:13.523931568,BATCH-G-20230704
REV-00014244,SKU-0000146,user_9005728,Guy,4,Great value for money.,2023-09-20,True,POSITIVE,13,SOURCE_G_REVIEWS,reviews_2023.csv,2023-09-20T09:52:57.079319261,BATCH-G-20230920
REV-00014252,SKU-0001260,user_55133,Katherine Johnson,4,Great value for money.,2023-03-31,True,POSITIVE,2,SOURCE_G_REVIEWS,reviews_2023.csv,2023-04-01T00:14:38.636632142,BATCH-G-20230331
REV-00014257,SKU-0018414,,Anonymous,4,"Livraison très lente, déçu.",2023-10-20,False,POSITIVE,3,SOURCE_G_REVIEWS,reviews_2023.csv,2023-10-20T14:17:46.365501306,BATCH-G-20231020
REV-00014266,SKU-0000872,user_36203,Sandra Cisneros,null,Decent but overpriced a bit.,2023-02-24,True,NEUTRAL,1,SOURCE_G_REVIEWS,reviews_2023.csv,2023-02-24T23:17:04.962553196,BATCH-G-20230224
REV-00014267,SKU-0016527,user_69102,Larry,5,"Perfect gift, they loved it!",2023-06-29,True,POSITIVE,2,SOURCE_G_REVIEWS,reviews_2023.csv,2023-06-29T03:18:10.586394726,BATCH-G-20230629
REV-00014272,SKU-0000192,user_9030327,Isabel Barron,5,"Solid build quality, no complaints. 👍😀",2023-07-22,False,POSITIVE,-2,SOURCE_G_REVIEWS,reviews_2023.csv,2023-07-23T03:29:28.847284563,BATCH-G-20230722
REV-00014284,SKU-0016683,user_28081,Timothy,4,Fast delivery and great quality.,2023-05-28,False,POSITIVE,2,SOURCE_G_REVIEWS,reviews_2023.csv,2023-05-28T17:10:05.272073099,BATCH-G-20230528
REV-00014288,SKU-0019543,user_9026404,Nicholas Baldwin,2,Wrong item was shipped to me.,2023-02-25,False,NEGATIVE,0,SOURCE_G_REVIEWS,reviews_2023.csv,2023-02-25T03:15:10.990058837,BATCH-G-20230225
REV-00014299,SKU-0017198,user_9001869,Joshua Young,4,"Perfect gift, they loved it!",2023-07-30,False,POSITIVE,2,SOURCE_G_REVIEWS,reviews_2023.csv,2023-07-30T16:13:16.396763573,BATCH-G-20230730
REV-00014324,SKU-0019158,user_53041,Michael,5,Will definitely buy again.,2023-09-02,True,POSITIVE,0,SOURCE_G_REVIEWS,reviews_2023.csv,2023-09-02T19:06:22.141710886,BATCH-G-20230902
REV-00014332,SKU-0013355,user_61502,Brandon Tucker,4,"Exactly as described, very happy.",2023-02-22,True,POSITIVE,1,SOURCE_G_REVIEWS,reviews_2023.csv,2023-02-22T12:14:39.030072610,BATCH-G-20230222
REV-00014337,SKU-0002302,user_9010141,Kelly,4,"   Perfect  gift,  they  loved  it!   ",2023-03-02,True,POSITIVE,0,SOURCE_G_REVIEWS,reviews_2023.csv,2023-03-02T09:02:19.292818961,BATCH-G-20230302
REV-00014341,SKU-0005471,user_13683,Ashlee Hardy,1,"Cheaply made, broke immediately.",2023-12-31,True,NEGATIVE,1,SOURCE_G_REVIEWS,reviews_2023.csv,2023-12-31T00:45:44.442351003,BATCH-G-20231231
REV-00014343,SKU-0011226,user_66791,Alicia Deleon,4,"Absolutely love it, works perfectly!",2023-12-19,False,POSITIVE,1,SOURCE_G_REVIEWS,reviews_2023.csv,2023-12-20T00:41:03.044897077,BATCH-G-20231219
REV-00014350,SKU-0003859,user_48611,Monica Ho,5,"Exactly as described, very happy.",2023-11-12,False,POSITIVE,5,SOURCE_G_REVIEWS,reviews_2023.csv,2023-11-13T03:36:23.118316719,BATCH-G-20231112
REV-00014354,SKU-0002601,user_42371,Douglas Gomez,2,Arrived damaged and support was unhelpful.,2023-01-06,True,NEGATIVE,2,SOURCE_G_REVIEWS,reviews_2023.csv,2023-01-06T15:25:55.925549509,BATCH-G-20230106
REV-00014356,SKU-0000483,,Anonymous,5,Fast delivery and great quality.,2023-07-31,True,POSITIVE,5,SOURCE_G_REVIEWS,reviews_2023.csv,2023-07-31T09:54:15.567618946,BATCH-G-20230731
REV-00014361,SKU-0012663,,Anonymous,4,"Perfect gift, they loved it!",2023-11-05,True,POSITIVE,0,SOURCE_G_REVIEWS,reviews_2023.csv,2023-11-05T22:46:18.292292585,BATCH-G-20231105
REV-00014362,SKU-0004923,user_44837,Rhonda Perkins,5,"बहुत अच्छा उत्पाद है, पैसा वसूल!",2023-10-06,True,POSITIVE,0,SOURCE_G_REVIEWS,reviews_2023.csv,2023-10-06T14:01:43.993161196,BATCH-G-20231006
REV-00014386,SKU-0008446,user_9013908,Charles Lynn,1,   Wrong  item  was  shipped  to  me.   ,2023-02-25,True,NEGATIVE,2,SOURCE_G_REVIEWS,reviews_2023.csv,2023-02-25T11:35:09.503761300,BATCH-G-20230225
REV-00014392,SKU-0002314,,Anonymous,2,"Cheaply made, broke immediately. 😍😀",2023-01-04,False,NEGATIVE,2,SOURCE_G_REVIEWS,reviews_2023.csv,2023-01-04T11:46:39.365786350,BATCH-G-20230104
REV-00014413,SKU-9931369,user_9025404,Teresa Garcia,-,"Matches the description, no issues.",2023-04-17,False,NEUTRAL,6,SOURCE_G_REVIEWS,reviews_2023.csv,2023-04-18T00:52:16.677530744,BATCH-G-20230417
REV-00014424,SKU-0002905,user_9009156,Cesar,4,Will definitely buy again.,2023-05-02,True,POSITIVE,0,SOURCE_G_REVIEWS,reviews_2023.csv,2023-05-02T19:48:01.182322173,BATCH-G-20230502
REV-00014442,SKU-0010233,user_26741,Angela,5,Better than I expected for the price.,2023-11-03,False,POSITIVE,0,SOURCE_G_REVIEWS,reviews_2023.csv,2023-11-03T11:03:22.025301456,BATCH-G-20231103
REV-00014443,SKU-9921441,user_38017,Jennifer Guzman,5,Better than I expected for the price.,2023-12-15,False,POSITIVE,1,SOURCE_G_REVIEWS,reviews_2023.csv,2023-12-16T00:28:36.180193913,BATCH-G-20231215
REV-00014445,SKU-0008138,user_895,William,4,"Perfect gift, they loved it!",2023-12-01,False,POSITIVE,3,SOURCE_G_REVIEWS,reviews_2023.csv,2023-12-01T01:54:23.251218633,BATCH-G-20231201
REV-00014446,SKU-9959877,user_9010056,William Cameron,5,Will definitely buy again.,2023-10-18,True,POSITIVE,1,SOURCE_G_REVIEWS,reviews_2023.csv,2023-10-19T03:33:19.192053454,BATCH-G-20231018
REV-00014451,SKU-0014772,,Anonymous,4,"Waste of money, do not buy.",2023-08-01,True,NEGATIVE,6,SOURCE_G_REVIEWS,reviews_2023.csv,2023-08-01T05:23:00.721508292,BATCH-G-20230801
REV-00014459,SKU-0019816,user_9014085,Ryan Bowen,5,Better than I expected for the price.,2023-11-12,False,POSITIVE,10,SOURCE_G_REVIEWS,reviews_2023.csv,2023-11-12T04:10:52.196834159,BATCH-G-20231112
REV-00014462,SKU-0017118,,Anonymous,5,Highly recommend this product.,2023-06-10,False,POSITIVE,2,SOURCE_G_REVIEWS,reviews_2023.csv,2023-06-10T04:42:50.679758733,BATCH-G-20230610
REV-00014468,SKU-0017376,user_46199,Virginia Aguilar,4,Highly recommend this product.,2023-12-20,False,POSITIVE,1,SOURCE_G_REVIEWS,reviews_2023.csv,2023-12-21T01:24:03.057163246,BATCH-G-20231220
REV-00014471,SKU-0007674,user_26576,Louis,5,"Absolutely love it, works perfectly!",2023-10-26,True,POSITIVE,1,SOURCE_G_REVIEWS,reviews_2023.csv,2023-10-31T15:00:00,BATCH-G-20231026
REV-00014478,SKU-0018814,,Anonymous,2,"Waste of money, do not buy.",2023-09-07,True,NEGATIVE,9,SOURCE_G_REVIEWS,reviews_2023.csv,2023-09-07T12:41:43.203910105,BATCH-G-20230907
REV-00014479,SKU-0004403,,Anonymous,6,"Perfect gift, they loved it!",2023-10-15,True,POSITIVE,11,SOURCE_G_REVIEWS,reviews_2023.csv,2023-10-15T16:15:47.489519551,BATCH-G-20231015
REV-00014484,SKU-0013004,user_9005359,Patrick Jones,2,Arrived damaged and support was unhelpful.,2023-11-02,False,NEGATIVE,6,SOURCE_G_REVIEWS,reviews_2023.csv,2023-11-02T21:44:46.684482919,BATCH-G-20231102
REV-00014488,SKU-0008488,user_32986,Michael James,3,"Solid build quality, no complaints.",2023-12-17,True,POSITIVE,2,SOURCE_G_REVIEWS,reviews_2023.csv,2023-12-18T03:02:17.051205416,BATCH-G-20231217
REV-00014497,SKU-0001650,user_9010430,Danielle Osborne,2,Decent but overpriced a bit.,2023-09-15,True,NEUTRAL,1,SOURCE_G_REVIEWS,reviews_2023.csv,2023-09-15T02:40:45.595751894,BATCH-G-20230915
REV-00014514,SKU-0005906,user_30519,Alexandria,5,Fast delivery and great quality.,2023-01-15,False,POSITIVE,7,SOURCE_G_REVIEWS,reviews_2023.csv,2023-01-16T04:36:19.267474494,BATCH-G-20230115
REV-00014523,SKU-0007144,user_66863,Joseph Thornton,4,Will definitely buy again.,2023-09-11,False,POSITIVE,1,SOURCE_G_REVIEWS,reviews_2023.csv,2023-09-11T04:01:48.110618811,BATCH-G-20230911
REV-00014529,SKU-0010034,,Anonymous,2,"Poor packaging, item was defective.",2023-12-18,True,NEGATIVE,2,SOURCE_G_REVIEWS,reviews_2023.csv,2023-12-19T04:17:16.878686951,BATCH-G-20231218
REV-00014531,SKU-0001133,user_65639,Samuel,2,"Waste of money, do not buy.",2023-05-16,False,NEGATIVE,0,SOURCE_G_REVIEWS,reviews_2023.csv,2023-05-16T03:26:29.145155950,BATCH-G-20230516
REV-00014541,SKU-0010404,user_9001041,Jennifer Flores,5,Will definitely buy again.,2023-07-26,False,POSITIVE,0,SOURCE_G_REVIEWS,reviews_2023.csv,2023-07-26T13:09:36.291417759,BATCH-G-20230726
REV-00014543,SKU-0005858,user_5949,Theresa Miller,4,Better than I expected for the price.,2023-02-05,False,POSITIVE,3,SOURCE_G_REVIEWS,reviews_2023.csv,2023-02-05T23:15:19.306818831,BATCH-G-20230205
REV-00014545,SKU-0010522,user_32240,Gregory Davis,2,"   Waste  of  money,  do  not  buy.   ",2023-08-19,True,NEGATIVE,4,SOURCE_G_REVIEWS,reviews_2023.csv,2023-08-19T10:01:45.799729717,BATCH-G-20230819
REV-00014546,SKU-0014145,,Anonymous,5,Great value for money. 💯,2023-07-29,False,POSITIVE,6,SOURCE_G_REVIEWS,reviews_2023.csv,2023-07-29T04:13:47.057168575,BATCH-G-20230729
REV-00014550,SKU-9912240,,Anonymous,2,Stopped working after a week.,2023-08-15,True,NEGATIVE,0,SOURCE_G_REVIEWS,reviews_2023.csv,2023-08-16T05:35:34.591841550,BATCH-G-20230815
REV-00014554,SKU-0012173,user_25396,James Rivas,1,Wrong item was shipped to me.,2023-04-06,True,NEGATIVE,2,SOURCE_G_REVIEWS,reviews_2023.csv,2023-04-06T14:08:46.053218567,BATCH-G-20230406
REV-00014555,SKU-0013711,user_9010643,Crystal Ramirez,5,"   Exactly  as  described,  very  happy.   ",2023-07-23,False,POSITIVE,1,SOURCE_G_REVIEWS,reviews_2023.csv,2023-07-23T01:06:42.018157971,BATCH-G-20230723
REV-00014563,SKU-0005224,user_23469,David,5,"Exactly as described, very happy.",2023-09-24,True,POSITIVE,1,SOURCE_G_REVIEWS,reviews_2023.csv,2023-09-24T22:30:35.024777315,BATCH-G-20230924
REV-00014563-DUP,SKU-0005224,user_23469,David,5,"Exactly as described, very happy.",2023-09-24,True,POSITIVE,1,SOURCE_G_REVIEWS,reviews_2023.csv,2023-09-24T22:31:35.024777315,BATCH-G-20230924
REV-00014564,SKU-9966009,user_9013956,Marilyn Fleming,1,"Cheaply made, broke immediately.",2023-06-08,False,NEGATIVE,4,SOURCE_G_REVIEWS,reviews_2023.csv,2023-06-08T02:10:43.762313762,BATCH-G-20230608
REV-00014566,SKU-0007174,user_43215,Ryan Meadows,5,"Solid build quality, no complaints.",2023-05-31,True,POSITIVE,4,SOURCE_G_REVIEWS,reviews_2023.csv,2023-06-01T02:37:59.921966494,BATCH-G-20230531
REV-00014566-DUP,SKU-0007174,user_43215,Ryan Meadows,5,"Solid build quality, no complaints.",2023-05-31,True,POSITIVE,4,SOURCE_G_REVIEWS,reviews_2023.csv,2023-06-01T03:03:59.921966494,BATCH-G-20230531
REV-00014567,SKU-0008677,user_15912,Michael Allen,5,"Absolutely love it, works perfectly!",2023-10-29,False,POSITIVE,5,SOURCE_G_REVIEWS,reviews_2023.csv,2023-10-29T13:57:00.210172427,BATCH-G-20231029
REV-00014581,SKU-0014456,user_9016406,Brian Hurley,5,"Exactly as described, very happy.",2023-02-03,True,POSITIVE,3,SOURCE_G_REVIEWS,reviews_2023.csv,2023-02-03T22:27:53.904449646,BATCH-G-20230203
REV-00014592,SKU-0010819,user_11243,Dwayne,?,Exceeded my expectations.,2023-05-16,False,POSITIVE,5,SOURCE_G_REVIEWS,reviews_2023.csv,2023-06-01T08:00:00,BATCH-G-20230516
REV-00014601,SKU-0018383,user_9029185,Justin Alvarez,4,"Absolutely love it, works perfectly!",2023-12-16,False,POSITIVE,0,SOURCE_G_REVIEWS,reviews_2023.csv,2023-12-16T05:47:00.033092023,BATCH-G-20231216
REV-00014604,SKU-9931769,,Anonymous,1,Very disappointed with the quality.,2023-07-05,True,NEGATIVE,2,SOURCE_G_REVIEWS,reviews_2023.csv,2023-07-05T17:15:21.862666908,BATCH-G-20230705
REV-00014605,SKU-0019774,user_60362,Anthony Ross,4,No cumplió mis expectativas.,2023-02-23,True,POSITIVE,1,SOURCE_G_REVIEWS,reviews_2023.csv,2023-02-23T14:20:59.287194594,BATCH-G-20230223
REV-00014618,SKU-0006253,user_12532,Brian,5,Works fine but delivery was slow.,2023-05-31,False,NEUTRAL,0,SOURCE_G_REVIEWS,reviews_2023.csv,2023-05-31T07:14:51.961177706,BATCH-G-20230531
REV-00014632,SKU-0001587,user_14681,Mark Washington,5,   Better  than  I  expected  for  the  price.   ,2023-07-12,False,POSITIVE,4,SOURCE_G_REVIEWS,reviews_2023.csv,2023-07-12T02:12:30.274099062,BATCH-G-20230712
REV-00014635,SKU-0014246,user_9023042,Tara Potter,5,"Average quality, nothing special. 😀🙏",2023-12-03,True,NEUTRAL,0,SOURCE_G_REVIEWS,reviews_2023.csv,2023-12-03T12:20:32.676398386,BATCH-G-20231203
REV-00014635-DUP,SKU-0014246,user_9023042,Tara Potter,5,"Average quality, nothing special. 😀🙏",2023-12-03,True,NEUTRAL,0,SOURCE_G_REVIEWS,reviews_2023.csv,2023-12-03T12:56:32.676398386,BATCH-G-20231203
REV-00014638,SKU-0011328,user_9034138,Jennifer Mcintosh,2,Arrived damaged and support was unhelpful.,2023-11-18,True,NEGATIVE,2,SOURCE_G_REVIEWS,reviews_2023.csv,2023-11-18T10:30:32.727150857,BATCH-G-20231118
REV-00014639,SKU-0012695,user_57448,Terri,5,Will definitely buy again.,2023-06-28,False,POSITIVE,0,SOURCE_G_REVIEWS,reviews_2023.csv,2023-06-29T05:45:11.878247249,BATCH-G-20230628
REV-00014651,SKU-0014085,user_35770,Linda,3,"It's okay, does the job. 😡👍",2023-01-12,True,NEUTRAL,2,SOURCE_G_REVIEWS,reviews_2023.csv,2023-01-13T02:51:36.105604419,BATCH-G-20230112
REV-00014659,SKU-0018159,user_42469,Kristen Yu,5,Highly recommend this product.,2023-06-23,True,POSITIVE,0,SOURCE_G_REVIEWS,reviews_2023.csv,2023-06-23T05:31:51.178069758,BATCH-G-20230623
REV-00014660,SKU-0017553,user_61459,Stacey Jenkins,4,"Solid build quality, no complaints.",2023-12-18,True,POSITIVE,13,SOURCE_G_REVIEWS,reviews_2023.csv,2023-12-18T10:21:59.689065197,BATCH-G-20231218
REV-00014666,SKU-0017820,,Anonymous,5,Highly recommend this product.,2023-10-16,False,POSITIVE,0,SOURCE_G_REVIEWS,reviews_2023.csv,2023-10-17T01:28:32.131819613,BATCH-G-20231016
REV-00014673,SKU-0010959,user_42525,Joshua Marsh,4,"Solid build quality, no complaints.",2023-06-22,False,POSITIVE,8,SOURCE_G_REVIEWS,reviews_2023.csv,2023-06-23T04:25:14.307059113,BATCH-G-20230622
REV-00014677,SKU-0006886,user_34651,Cheryl Bell, ,Wrong item was shipped to me.,2023-08-02,True,NEGATIVE,2,SOURCE_G_REVIEWS,reviews_2023.csv,2023-08-02T15:01:03.276348189,BATCH-G-20230802
REV-00014679,SKU-0005985,user_9034317,Jordan Thornton,4,Better than I expected for the price.,2023-03-24,True,POSITIVE,0,SOURCE_G_REVIEWS,reviews_2023.csv,2023-03-24T03:25:40.577365418,BATCH-G-20230324
REV-00014684,SKU-0004290,user_28797,Michael Bailey,4,"Exactly as described, very happy.",2023-06-05,True,POSITIVE,3,SOURCE_G_REVIEWS,reviews_2023.csv,2023-06-06T01:11:26.025360655,BATCH-G-20230605
REV-00014686,SKU-0004513,user_21136,Jane Lawson,5,"Exactly as described, very happy.",2023-12-18,False,POSITIVE,0,SOURCE_G_REVIEWS,reviews_2023.csv,2023-12-18T05:54:29.980122142,BATCH-G-20231218
REV-00014706,SKU-0017271,user_9014115,John Edwards,3,"It's okay, does the job.",2023-06-02,True,NEUTRAL,2,SOURCE_G_REVIEWS,reviews_2023.csv,2023-06-02T11:18:37.090081377,BATCH-G-20230602
REV-00014707,SKU-0013801,,Anonymous,4,Great value for money.,2023-06-25,True,POSITIVE,2,SOURCE_G_REVIEWS,reviews_2023.csv,2023-06-25T12:59:34.364329300,BATCH-G-20230625
REV-00014713,SKU-0013473,user_9015562,James Rodriguez,5,No cumplió mis expectativas. Great value for money.,2023-12-31,False,POSITIVE,0,SOURCE_G_REVIEWS,reviews_2023.csv,2023-12-31T12:39:09.017480156,BATCH-G-20231231
REV-00014716,SKU-0000399,user_18993,Michael,5,Highly recommend this product.,2023-05-26,True,POSITIVE,0,SOURCE_G_REVIEWS,reviews_2023.csv,2023-05-26T11:01:35.021199104,BATCH-G-20230526
REV-00014726,SKU-0013843,,Anonymous,5,"Cheaply made, broke immediately.",2023-04-12,False,NEGATIVE,3,SOURCE_G_REVIEWS,reviews_2023.csv,2023-04-12T19:02:58.593839291,BATCH-G-20230412
REV-00014743,SKU-0008733,user_9013927,Michael Martin,5,"Absolutely love it, works perfectly!",2023-05-12,True,POSITIVE,1,SOURCE_G_REVIEWS,reviews_2023.csv,2023-05-12T20:32:52.034460225,BATCH-G-20230512
REV-00014745,SKU-0018570,,Anonymous,5,"Absolutely love it, works perfectly!",2023-06-30,False,POSITIVE,8,SOURCE_G_REVIEWS,reviews_2023.csv,2023-07-01T03:06:41.108984152,BATCH-G-20230630
REV-00014746,SKU-0005408,,Anonymous,3,"Cheaply made, broke immediately.",2023-12-17,True,NEGATIVE,0,SOURCE_G_REVIEWS,reviews_2023.csv,2023-12-18T01:21:50.867308307,BATCH-G-20231217
REV-00014754,SKU-0019648,user_16986,Kayla,5,Highly recommend this product.,2023-05-11,True,POSITIVE,0,SOURCE_G_REVIEWS,reviews_2023.csv,2023-05-11T22:57:12.256567875,BATCH-G-20230511
REV-00014754-DUP,SKU-0019648,user_16986,Kayla,5,Highly recommend this product.,2023-05-11,True,POSITIVE,0,SOURCE_G_REVIEWS,reviews_2023.csv,2023-05-11T23:33:12.256567875,BATCH-G-20230511
REV-00014756,SKU-9924124,user_9019212,Krista Rodriguez,5,"Absolutely love it, works perfectly! 😍😍",2023-01-08,False,POSITIVE,3,SOURCE_G_REVIEWS,reviews_2023.csv,2023-01-09T00:50:07.233925184,BATCH-G-20230108
REV-00014768,SKU-0015704,user_9009459,Joseph Bell,2,Arrived damaged and support was unhelpful.,2023-11-24,False,NEGATIVE,6,SOURCE_G_REVIEWS,reviews_2023.csv,2023-11-25T02:55:50.621236953,BATCH-G-20231124
REV-00014778,SKU-0009345,user_9034097,Kristy Castillo,4,Will definitely buy again.,2023-01-01,True,POSITIVE,3,SOURCE_G_REVIEWS,reviews_2023.csv,2023-01-01T06:02:40.271222575,BATCH-G-20230101
REV-00014780,SKU-0004026,user_21774,Chelsea Johnson,5,"Solid build quality, no complaints.",2023-01-15,True,POSITIVE,2,SOURCE_G_REVIEWS,reviews_2023.csv,2023-01-15T10:06:32.728068797,BATCH-G-20230115
REV-00014790,SKU-0018235,user_14155,Jamie Phillips,4,"Perfect gift, they loved it!",2023-02-17,False,POSITIVE,2,SOURCE_G_REVIEWS,reviews_2023.csv,2023-02-17T00:42:03.444637955,BATCH-G-20230217
REV-00014793,SKU-0018072,user_49782,Autumn Garza,5,Better than I expected for the price.,2023-05-04,True,POSITIVE,2,SOURCE_G_REVIEWS,reviews_2023.csv,2023-05-04T10:20:15.499292711,BATCH-G-20230504
REV-00014807,SKU-0012087,user_40396,Jane Griffith,1,"<br>Muy buen producto, lo recomiendo. 🙏&nbsp;",2023-09-19,True,NEGATIVE,2,SOURCE_G_REVIEWS,reviews_2023.csv,2023-09-19T23:49:58.587316095,BATCH-G-20230919
REV-00014812,SKU-0011947,user_9004847,Lindsey Benjamin,4,"Perfect gift, they loved it!",2023-01-06,True,POSITIVE,0,SOURCE_G_REVIEWS,reviews_2023.csv,2023-01-06T09:57:54.510017189,BATCH-G-20230106
REV-00014818,SKU-0014745,user_35432,Jennifer,3,   Decent  but  overpriced  a  bit.   ,2023-02-08,True,NEUTRAL,-2,SOURCE_G_REVIEWS,reviews_2023.csv,2023-02-08T08:23:18.796355965,BATCH-G-20230208
REV-00014822,SKU-9996686,,Anonymous,4,"It's okay, does the job.",2023-07-15,True,NEUTRAL,0,SOURCE_G_REVIEWS,reviews_2023.csv,2023-07-15T18:15:06.288689262,BATCH-G-20230715
REV-00014822-DUP,SKU-9996686,,Anonymous,4,"It's okay, does the job.",2023-07-15,True,NEUTRAL,0,SOURCE_G_REVIEWS,reviews_2023.csv,2023-07-15T18:16:06.288689262,BATCH-G-20230715
REV-00014823,SKU-9931369,user_9015345,Ashley,4,"Perfect gift, they loved it!",2023-07-13,True,POSITIVE,8,SOURCE_G_REVIEWS,reviews_2023.csv,2023-07-13T12:37:23.945452611,BATCH-G-20230713
REV-00014829,SKU-0012087,user_29118,Crystal Jones DDS,5,Exceeded my expectations.,2023-03-30,True,POSITIVE,0,SOURCE_G_REVIEWS,reviews_2023.csv,2023-03-30T18:02:06.285342266,BATCH-G-20230330
REV-00014848,SKU-9905680,user_36835,Frank Drake,4,Fast delivery and great quality.,2023-07-14,False,POSITIVE,0,SOURCE_G_REVIEWS,reviews_2023.csv,2023-07-14T18:00:30.493197759,BATCH-G-20230714
REV-00014850,SKU-0015539,user_9022368,Kyle Wilson,4,Fast delivery and great quality.,2023-07-20,False,POSITIVE,0,SOURCE_G_REVIEWS,reviews_2023.csv,2023-07-20T06:39:33.475402456,BATCH-G-20230720
REV-00014850-DUP,SKU-0015539,user_9022368,Kyle Wilson,4,Fast delivery and great quality.,2023-07-20,False,POSITIVE,0,SOURCE_G_REVIEWS,reviews_2023.csv,2023-07-20T07:19:33.475402456,BATCH-G-20230720
REV-00014865,SKU-0012848,user_66310,Wanda Ortiz,4,Great value for money.,2023-07-04,True,POSITIVE,2,SOURCE_G_REVIEWS,reviews_2023.csv,2023-07-04T03:47:56.807137209,BATCH-G-20230704
REV-00014875,SKU-0000050,,Anonymous,2,Stopped working after a week. 👍👍,2023-11-13,True,NEGATIVE,-2,SOURCE_G_REVIEWS,reviews_2023.csv,2023-11-14T02:15:08.526932376,BATCH-G-20231113
REV-00014878,SKU-0005989,user_9009078,William Diaz,5,Highly recommend this product.,2023-07-31,True,POSITIVE,0,SOURCE_G_REVIEWS,reviews_2023.csv,2023-07-31T14:58:28.650173832,BATCH-G-20230731
REV-00014884,SKU-0008054,,Anonymous,1,"Poor packaging, item was defective.",2023-06-23,False,NEGATIVE,0,SOURCE_G_REVIEWS,reviews_2023.csv,2023-06-23T03:17:39.658547633,BATCH-G-20230623
REV-00014887,SKU-0013476,user_33517,Brenda,1,Stopped working after a week.,2023-11-09,True,NEGATIVE,0,SOURCE_G_REVIEWS,reviews_2023.csv,2023-11-10T03:03:32.423954209,BATCH-G-20231109
REV-00014890,SKU-0018907,user_9023341,Nicholas Osborne,4,"   Solid  build  quality,  no  complaints.   ",2023-03-24,True,POSITIVE,5,SOURCE_G_REVIEWS,reviews_2023.csv,2023-03-24T08:35:28.550645284,BATCH-G-20230324
REV-00014899,SKU-0018524,user_9016878,Ryan Sanchez,4,Exceeded my expectations.,2023-05-06,True,POSITIVE,1,SOURCE_G_REVIEWS,reviews_2023.csv,2023-05-06T14:52:39.372376413,BATCH-G-20230506
REV-00014907,SKU-0015259,user_25419,Jessica Floyd,5,"Solid build quality, no complaints.",2023-06-25,False,POSITIVE,4,SOURCE_G_REVIEWS,reviews_2023.csv,2023-06-25T09:45:27.216986440,BATCH-G-20230625
REV-00014912,SKU-0011449,user_65374,Kyle Walters,5,Great value for money.,2023-09-27,True,POSITIVE,6,SOURCE_G_REVIEWS,reviews_2023.csv,2023-09-27T11:08:36.190363856,BATCH-G-20230927
REV-00014916,SKU-0008194,,Anonymous,5,"Perfect gift, they loved it!",2023-03-10,True,POSITIVE,3,SOURCE_G_REVIEWS,reviews_2023.csv,2023-03-10T01:56:42.684249687,BATCH-G-20230310
REV-00014924,SKU-0003677,user_9032858,Nicole,4,"Absolutely love it, works perfectly! 😍😢",2023-12-21,False,POSITIVE,14,SOURCE_G_REVIEWS,reviews_2023.csv,2023-12-21T20:58:18.520873971,BATCH-G-20231221
REV-00014926,SKU-0000677,,Anonymous,4,Will definitely buy again.,2023-06-27,False,POSITIVE,0,SOURCE_G_REVIEWS,reviews_2023.csv,2023-06-27T17:13:04.331599114,BATCH-G-20230627
REV-00014937,SKU-0000733,user_44451,Scott Juarez,5,"Absolutely love it, works perfectly!",2023-01-20,False,POSITIVE,1,SOURCE_G_REVIEWS,reviews_2023.csv,2023-01-21T05:58:41.123955037,BATCH-G-20230120
REV-00014946,SKU-9946161,user_9027484,Daniel,4,Exceeded my expectations.,2023-07-04,False,POSITIVE,1,SOURCE_G_REVIEWS,reviews_2023.csv,2023-07-05T02:38:32.140815393,BATCH-G-20230704
REV-00014955,SKU-0004962,user_9025310,Ian,5,Better than I expected for the price.,2023-11-13,True,POSITIVE,0,SOURCE_G_REVIEWS,reviews_2023.csv,2023-11-13T21:30:35.014340294,BATCH-G-20231113
REV-00014967,SKU-0010657,user_33560,Margaret Vaughn,1,Very disappointed with the quality.,2023-11-21,True,NEGATIVE,3,SOURCE_G_REVIEWS,reviews_2023.csv,2023-11-22T00:18:24.073371830,BATCH-G-20231121
REV-00014969,SKU-0014626,user_43479,Noah Miller,5,Highly recommend this product.,2023-06-30,True,POSITIVE,2,SOURCE_G_REVIEWS,reviews_2023.csv,2023-06-30T21:41:31.126990406,BATCH-G-20230630
REV-00014971,SKU-0000338,user_18024,Brian Herrera,5,"Muy buen producto, lo recomiendo. Better than I expected for the price.",2023-01-24,False,POSITIVE,1,SOURCE_G_REVIEWS,reviews_2023.csv,2023-01-24T22:03:22.997629278,BATCH-G-20230124
REV-00014971-BOT,SKU-0000338,user_1532,Stephen Contreras,5,"Muy buen producto, lo recomiendo. Better than I expected for the price.",2023-01-24,False,POSITIVE,0,SOURCE_G_REVIEWS,reviews_2023.csv,2023-01-24T22:03:22.997629278,BATCH-G-20230124
REV-00014976,SKU-0017354,,Anonymous,5,"Perfect gift, they loved it!",2023-09-22,False,POSITIVE,1,SOURCE_G_REVIEWS,reviews_2023.csv,2023-09-22T06:08:05.838467399,BATCH-G-20230922
REV-00014979,SKU-0016988,user_12071,Edward Mcdonald,1,   Arrived  damaged  and  support  was  unhelpful.   ,2023-02-16,True,NEGATIVE,2,SOURCE_G_REVIEWS,reviews_2023.csv,2023-02-16T12:27:48.084174479,BATCH-G-20230216
REV-00014982,SKU-0017428,user_47536,Taylor Camacho,4,Great value for money.,2023-01-26,True,POSITIVE,1,SOURCE_G_REVIEWS,reviews_2023.csv,2023-01-26T07:48:37.362741101,BATCH-G-20230126
REV-00014990,SKU-0016530,user_17773,William Smith,4,Better than I expected for the price.,2023-07-04,False,POSITIVE,0,SOURCE_G_REVIEWS,reviews_2023.csv,2023-07-04T03:13:47.767946818,BATCH-G-20230704
REV-00014993,SKU-0004275,,Anonymous,5,"Perfect gift, they loved it!",2023-09-23,True,POSITIVE,1,SOURCE_G_REVIEWS,reviews_2023.csv,2023-09-23T21:59:43.155129794,BATCH-G-20230923
REV-00015002,SKU-0014544,,Anonymous,4,"Muy buen producto, lo recomiendo.",2023-01-14,True,POSITIVE,1,SOURCE_G_REVIEWS,reviews_2023.csv,2023-01-17T15:00:00,BATCH-G-20230114
REV-00015004,SKU-0004042,user_9021144,Bryan Burns,5,"Solid build quality, no complaints.",2023-09-27,True,POSITIVE,2,SOURCE_G_REVIEWS,reviews_2023.csv,2023-09-28T03:57:48.585354726,BATCH-G-20230927
REV-00015006,SKU-0005382,user_9012102,Karl Martinez,4,"Perfect gift, they loved it!",2023-06-04,False,POSITIVE,1,SOURCE_G_REVIEWS,reviews_2023.csv,2023-06-04T10:28:59.798242781,BATCH-G-20230604
REV-00015011,SKU-0001674,user_9008131,David Clark,4,"Exactly as described, very happy.",2023-05-27,False,POSITIVE,5,SOURCE_G_REVIEWS,reviews_2023.csv,2023-05-27T17:41:23.376766386,BATCH-G-20230527
REV-00015011-BOT,SKU-0001674,user_7324,Dr.,4,"Exactly as described, very happy.",2023-05-27,False,POSITIVE,0,SOURCE_G_REVIEWS,reviews_2023.csv,2023-05-27T17:41:23.376766386,BATCH-G-20230527
REV-00015013,SKU-0009765,user_12506,Melinda Bowen,N/A,Exceeded my expectations.,2023-09-30,True,POSITIVE,3,SOURCE_G_REVIEWS,reviews_2023.csv,2023-09-30T21:36:22.224629113,BATCH-G-20230930
REV-00015016,SKU-0004357,,Anonymous,5,"बहुत अच्छा उत्पाद है, पैसा वसूल!",2023-01-15,True,POSITIVE,2,SOURCE_G_REVIEWS,reviews_2023.csv,2023-01-15T16:01:55.817609513,BATCH-G-20230115
REV-00015018,SKU-0008605,,Anonymous,4,"Livraison très lente, déçu.",2023-06-05,True,POSITIVE,1,SOURCE_G_REVIEWS,reviews_2023.csv,2023-06-05T19:51:05.454189722,BATCH-G-20230605
REV-00015020,SKU-0001914,user_9015515,Whitney,,Better than I expected for the price.,2023-05-02,True,POSITIVE,7,SOURCE_G_REVIEWS,reviews_2023.csv,2023-05-02T05:35:59.386029197,BATCH-G-20230502
REV-00015021,SKU-0010081,,Anonymous,-,Fast delivery and great quality.,2023-04-16,True,POSITIVE,11,SOURCE_G_REVIEWS,reviews_2023.csv,2023-04-17T04:38:14.890763764,BATCH-G-20230416
REV-00015027,SKU-0016107,user_9014022,Vanessa Sanchez,3,"It's okay, does the job.",2023-02-12,False,NEUTRAL,0,SOURCE_G_REVIEWS,reviews_2023.csv,2023-02-12T19:09:02.738637160,BATCH-G-20230212
REV-00015038,SKU-0000441,user_9017313,Patrick Vaughn,4,"Exactly as described, very happy.",2023-09-11,True,POSITIVE,2,SOURCE_G_REVIEWS,reviews_2023.csv,2023-09-11T20:58:03.996569865,BATCH-G-20230911
REV-00015051,SKU-0011442,user_9030636,Joshua,0,"Perfect gift, they loved it!",2023-03-12,True,POSITIVE,1,SOURCE_G_REVIEWS,reviews_2023.csv,2023-03-12T20:47:03.857090727,BATCH-G-20230312
REV-00015052,SKU-0019890,user_41456,Brandon,4,"बहुत अच्छा उत्पाद है, पैसा वसूल!",2023-07-04,True,NEGATIVE,0,SOURCE_G_REVIEWS,reviews_2023.csv,2023-07-04T18:13:42.438776052,BATCH-G-20230704
REV-00015053,SKU-0001128,user_9013146,Heather Cameron,3,"Matches the description, no issues.",2023-11-28,False,NEUTRAL,0,SOURCE_G_REVIEWS,reviews_2023.csv,2023-11-28T01:26:09.471101489,BATCH-G-20231128
REV-00015059,SKU-0003369,user_9017914,Sherri Howard,5,Highly recommend this product.,2023-09-16,True,POSITIVE,1,SOURCE_G_REVIEWS,reviews_2023.csv,2023-09-16T03:19:28.084337259,BATCH-G-20230916
REV-00015060,SKU-0003276,user_57974,Andrew Rogers,4,NA,2023-10-22,True,POSITIVE,0,SOURCE_G_REVIEWS,reviews_2023.csv,2023-10-22T05:36:52.105210518,BATCH-G-20231022
REV-00015065,SKU-0006111,user_9026632,Scott Lewis,4,"Solid build quality, no complaints.",2023-11-18,True,POSITIVE,4,SOURCE_G_REVIEWS,reviews_2023.csv,2023-11-18T18:15:46.623023180,BATCH-G-20231118
REV-00015070,SKU-0008244,,Anonymous,5,"Perfect gift, they loved it!",2023-03-15,True,POSITIVE,0,SOURCE_G_REVIEWS,reviews_2023.csv,2023-03-15T06:03:05.187673459,BATCH-G-20230315
REV-00015080,SKU-0012014,user_39156,Matthew Bryant,5,Highly recommend this product. 🔥🙏,2023-11-17,True,POSITIVE,0,SOURCE_G_REVIEWS,reviews_2023.csv,2023-11-17T12:20:58.784416453,BATCH-G-20231117
REV-00015089,SKU-0005645,,Anonymous,3,"It's okay, does the job.",2023-11-24,True,NEUTRAL,0,SOURCE_G_REVIEWS,reviews_2023.csv,2023-11-24T14:18:51.755304210,BATCH-G-20231124
REV-00015096,SKU-0005287,user_37976,Stacy,5,Great value for money.,2023-11-04,False,POSITIVE,5,SOURCE_G_REVIEWS,reviews_2023.csv,2023-11-04T06:57:11.760827420,BATCH-G-20231104
REV-00015097,SKU-0014694,user_9013431,Ralph Johnson,4,Will definitely buy again.,2023-05-07,False,POSITIVE,0,SOURCE_G_REVIEWS,reviews_2023.csv,2023-05-08T04:59:09.440569165,BATCH-G-20230507
REV-00015117,SKU-0012142,user_9024831,Tiffany Robertson,5,"Exactly as described, very happy.",2023-05-04,True,POSITIVE,1,SOURCE_G_REVIEWS,reviews_2023.csv,2023-05-04T02:49:54.564896573,BATCH-G-20230504
REV-00015128,SKU-0010770,user_46869,Bryan Morris,2,Wrong item was shipped to me.,2023-01-23,True,NEGATIVE,5,SOURCE_G_REVIEWS,reviews_2023.csv,2023-01-23T19:12:18.881084948,BATCH-G-20230123
REV-00015134,SKU-0001091,user_66824,Melinda,2,Wrong item was shipped to me. 🙏,2023-12-17,False,NEGATIVE,2,SOURCE_G_REVIEWS,reviews_2023.csv,2023-12-17T23:36:12.235510011,BATCH-G-20231217
REV-00015137,SKU-0003198,,Anonymous,1,Wrong item was shipped to me.,2023-04-07,False,NEGATIVE,7,SOURCE_G_REVIEWS,reviews_2023.csv,2023-04-08T00:08:14.654818731,BATCH-G-20230407
REV-00015139,SKU-0013652,user_9018149,Denise,3,"Matches the description, no issues.",2023-01-14,True,NEUTRAL,4,SOURCE_G_REVIEWS,reviews_2023.csv,2023-01-14T21:13:52.152318864,BATCH-G-20230114
REV-00015156,SKU-0004061,user_9014833,Anthony Nguyen,2,"Poor packaging, item was defective.",2023-02-21,False,NEGATIVE,2,SOURCE_G_REVIEWS,reviews_2023.csv,2023-02-21T01:50:49.183570789,BATCH-G-20230221
REV-00015163,SKU-0001716,,Anonymous,2,Not as described at all.,2023-02-27,False,NEGATIVE,3,SOURCE_G_REVIEWS,reviews_2023.csv,2023-02-27T01:10:29.215314460,BATCH-G-20230227
REV-00015166,SKU-0006999,user_9026904,Brian Meyer,4,Highly recommend this product. 😡,2023-09-20,False,POSITIVE,9,SOURCE_G_REVIEWS,reviews_2023.csv,2023-09-20T16:31:08.456037305,BATCH-G-20230920
REV-00015172,SKU-0008681,user_622,Jennifer,3,Works fine but delivery was slow.,2023-01-26,True,NEUTRAL,10,SOURCE_G_REVIEWS,reviews_2023.csv,2023-01-27T02:55:18.203209212,BATCH-G-20230126
REV-00015173,SKU-0006137,user_44257,Valerie Davis,4,"Exactly as described, very happy. 👍⭐",2023-12-17,True,POSITIVE,4,SOURCE_G_REVIEWS,reviews_2023.csv,2023-12-17T16:25:12.697164717,BATCH-G-20231217
REV-00015175,SKU-0002626,user_9028736,April Wilson,,"It's okay, does the job.",2023-06-27,True,NEUTRAL,0,SOURCE_G_REVIEWS,reviews_2023.csv,2023-06-27T04:15:53.873445097,BATCH-G-20230627
REV-00015192,SKU-9965490,user_63777,Ronald,5,No cumplió mis expectativas.,2023-02-02,True,POSITIVE,3,SOURCE_G_REVIEWS,reviews_2023.csv,2023-02-03T02:46:44.489972529,BATCH-G-20230202
REV-00015196,SKU-0004531,user_9014882,Sue Miller,5,Great value for money.,2023-08-04,True,POSITIVE,5,SOURCE_G_REVIEWS,reviews_2023.csv,2023-08-04T07:18:34.315904272,BATCH-G-20230804
REV-00015199,SKU-0002604,user_5966,Michael,5,"Muy buen producto, lo recomiendo.",2023-12-21,False,POSITIVE,4,SOURCE_G_REVIEWS,reviews_2023.csv,2023-12-21T02:22:08.482876277,BATCH-G-20231221
REV-00015213,SKU-0009819,user_9034891,Jennifer Anderson,4,"Muy buen producto, lo recomiendo.",2023-04-22,True,NEGATIVE,5,SOURCE_G_REVIEWS,reviews_2023.csv,2023-04-22T06:54:00.282989360,BATCH-G-20230422
REV-00015223,SKU-0019066,user_9024118,Stacie,4,Great value for money.,2023-09-26,True,POSITIVE,1,SOURCE_G_REVIEWS,reviews_2023.csv,2023-09-26T04:14:54.821738913,BATCH-G-20230926
REV-00015225,SKU-0007564,user_47425,Jacob,4,"Exactly as described, very happy.",2023-08-06,False,POSITIVE,5,SOURCE_G_REVIEWS,reviews_2023.csv,2023-08-06T21:22:02.532649262,BATCH-G-20230806
REV-00015282,SKU-0005705,user_9036,Jerry Rodgers,5,"Exactly as described, very happy.",2023-10-16,True,POSITIVE,2,SOURCE_G_REVIEWS,reviews_2023.csv,2023-10-17T03:34:03.401074368,BATCH-G-20231016
REV-00015284,SKU-0002452,user_63231,Michael Thomas,5,Better than I expected for the price.,2023-08-04,False,POSITIVE,2,SOURCE_G_REVIEWS,reviews_2023.csv,2023-08-04T07:34:46.116364584,BATCH-G-20230804
REV-00015284-DUP,SKU-0002452,user_63231,Michael Thomas,5,Better than I expected for the price.,2023-08-04,False,POSITIVE,2,SOURCE_G_REVIEWS,reviews_2023.csv,2023-08-04T08:27:46.116364584,BATCH-G-20230804
REV-00015285,SKU-0014825,user_9015418,Adam Phillips,5,Great value for money.,2023-05-04,False,POSITIVE,3,SOURCE_G_REVIEWS,reviews_2023.csv,2023-05-04T06:47:26.567442930,BATCH-G-20230504
REV-00015291,SKU-0002240,user_9025708,John Collins,4,Fast delivery and great quality.,2023-03-20,True,POSITIVE,4,SOURCE_G_REVIEWS,reviews_2023.csv,2023-03-21T03:03:37.597613535,BATCH-G-20230320
REV-00015295,SKU-9910054,user_9021966,Sarah,5,"Perfect gift, they loved it!",2023-08-13,True,POSITIVE,1,SOURCE_G_REVIEWS,reviews_2023.csv,2023-08-13T03:43:04.747171056,BATCH-G-20230813
REV-00015298,SKU-0002041,,Anonymous,0,"बहुत अच्छा उत्पाद है, पैसा वसूल!",2023-09-14,False,POSITIVE,4,SOURCE_G_REVIEWS,reviews_2023.csv,2023-09-14T18:38:13.030905232,BATCH-G-20230914
REV-00015308,SKU-0013633,user_37550,Daniel Edwards,5,Highly recommend this product.,2023-04-28,True,POSITIVE,1,SOURCE_G_REVIEWS,reviews_2023.csv,2023-04-28T04:53:10.216041079,BATCH-G-20230428
REV-00015314,SKU-0004585,user_37749,James Leach,4,Great value for money.,2023-05-28,True,POSITIVE,3,SOURCE_G_REVIEWS,reviews_2023.csv,2023-05-29T00:25:42.365538951,BATCH-G-20230528
REV-00015324,SKU-9908268,user_9028696,Catherine Jones,3,"It's okay, does the job.",2023-09-30,True,NEUTRAL,1,SOURCE_G_REVIEWS,reviews_2023.csv,2023-09-30T20:13:20.631623249,BATCH-G-20230930
REV-00015326,SKU-0016485,,Anonymous,1,"Cheaply made, broke immediately.",2023-06-14,False,NEGATIVE,3,SOURCE_G_REVIEWS,reviews_2023.csv,2023-06-14T13:03:01.680675986,BATCH-G-20230614
REV-00015327,SKU-0019115,user_16448,Jacob,5,Highly recommend this product.,2023-01-15,True,POSITIVE,4,SOURCE_G_REVIEWS,reviews_2023.csv,2023-01-15T13:36:28.308139295,BATCH-G-20230115
REV-00015331,SKU-0003501,user_9023077,Betty Hines,2,Stopped working after a week.,2023-10-20,True,NEGATIVE,0,SOURCE_G_REVIEWS,reviews_2023.csv,2023-10-20T18:43:15.041657157,BATCH-G-20231020
REV-00015334,SKU-0016318,user_9031497,Spencer Wong,5,"Exactly as described, very happy. ⭐",2023-01-16,True,POSITIVE,0,SOURCE_G_REVIEWS,reviews_2023.csv,2023-01-16T01:02:27.637210348,BATCH-G-20230116
REV-00015340,SKU-0014982,,Anonymous,5,"Absolutely love it, works perfectly!",2023-03-09,True,POSITIVE,0,SOURCE_G_REVIEWS,reviews_2023.csv,2023-03-09T23:38:05.692293130,BATCH-G-20230309
REV-00015357,SKU-0017304,user_32793,Donna,4,"Perfect gift, they loved it!",2023-11-28,True,POSITIVE,0,SOURCE_G_REVIEWS,reviews_2023.csv,2023-11-28T06:30:11.424709144,BATCH-G-20231128
REV-00015372,SKU-0007814,user_14491,Jackson Watkins,4,Excellent rapport qualité-prix. Will definitely buy again.,2023-12-27,False,POSITIVE,1,SOURCE_G_REVIEWS,reviews_2023.csv,2023-12-27T20:57:00.310637540,BATCH-G-20231227
REV-00015393,SKU-0002570,,Anonymous,5,"&nbsp;It's okay, does the job.<br>",2023-09-23,False,NEUTRAL,1,SOURCE_G_REVIEWS,reviews_2023.csv,2023-09-23T03:13:27.467248423,BATCH-G-20230923
REV-00015406,SKU-0018523,user_9028770,Melissa Gonzales,5,"Exactly as described, very happy.",2023-02-20,True,POSITIVE,3,SOURCE_G_REVIEWS,reviews_2023.csv,2023-02-20T06:08:59.750447841,BATCH-G-20230220
REV-00015408,SKU-0000128,user_9007459,Kevin Reyes,5,Exceeded my expectations.,2023-01-30,True,POSITIVE,2,SOURCE_G_REVIEWS,reviews_2023.csv,2023-01-30T13:55:17.454702904,BATCH-G-20230130
REV-00015419,SKU-0005591,user_9010552,Kelly,1,Wrong item was shipped to me.,2023-10-31,False,NEGATIVE,7,SOURCE_G_REVIEWS,reviews_2023.csv,2023-10-31T04:45:21.880737119,BATCH-G-20231031
REV-00015430,SKU-9910204,user_13529,Michael Horn,4,"Perfect gift, they loved it! 😀😢",2023-08-28,False,POSITIVE,11,SOURCE_G_REVIEWS,reviews_2023.csv,2023-08-28T14:25:49.019983117,BATCH-G-20230828
REV-00015435,SKU-0005845,user_9022076,Monique Shelton,5,No cumplió mis expectativas. Better than I expected for the price.,2023-08-14,False,POSITIVE,1,SOURCE_G_REVIEWS,reviews_2023.csv,2023-08-14T22:55:08.938025967,BATCH-G-20230814
REV-00015453,SKU-0010739,user_9030549,Heather Nelson,2,"Waste of money, do not buy.",2023-08-23,False,NEGATIVE,1,SOURCE_G_REVIEWS,reviews_2023.csv,2023-08-23T15:59:20.038900881,BATCH-G-20230823
REV-00015453-DUP,SKU-0010739,user_9030549,Heather Nelson,2,"Waste of money, do not buy.",2023-08-23,False,NEGATIVE,1,SOURCE_G_REVIEWS,reviews_2023.csv,2023-08-23T16:38:20.038900881,BATCH-G-20230823
REV-00015458,SKU-0005016,,Anonymous,4,Excellent rapport qualité-prix.,2023-10-25,True,POSITIVE,4,SOURCE_G_REVIEWS,reviews_2023.csv,2023-10-26T03:23:07.287960460,BATCH-G-20231025
REV-00015463,SKU-0008944,user_9019750,Natalie Cantrell,1,Very disappointed with the quality.,2023-11-12,False,NEGATIVE,9,SOURCE_G_REVIEWS,reviews_2023.csv,2023-11-12T16:24:24.589212352,BATCH-G-20231112
REV-00015467,SKU-0014119,user_9028221,Edward Ortiz,5,-,2023-05-12,False,POSITIVE,1,SOURCE_G_REVIEWS,reviews_2023.csv,2023-05-12T05:37:29.402369543,BATCH-G-20230512
REV-00015471,SKU-0001901,user_65106,Christina,4,Will definitely buy again.,2023-12-26,True,POSITIVE,3,SOURCE_G_REVIEWS,reviews_2023.csv,2023-12-27T05:11:37.951651746,BATCH-G-20231226
REV-00015483,SKU-0015592,,Anonymous,4,"<i>edited</i>Absolutely love it, works perfectly!</p>",2023-03-19,True,POSITIVE,9,SOURCE_G_REVIEWS,reviews_2023.csv,2023-03-19T05:59:22.292556502,BATCH-G-20230319
REV-00015484,SKU-0006664,user_9009174,Kathleen,3,"It's okay, does the job.",2023-01-13,True,NEUTRAL,0,SOURCE_G_REVIEWS,reviews_2023.csv,2023-01-13T03:11:42.666742006,BATCH-G-20230113
REV-00015491,SKU-0018514,user_45471,Robert Smith,-1,Works fine but delivery was slow.,2023-12-31,True,NEUTRAL,0,SOURCE_G_REVIEWS,reviews_2023.csv,2023-12-31T02:33:01.623409013,BATCH-G-20231231
REV-00015512,SKU-0013755,user_51571,Steven Mccoy,4,"   Perfect  gift,  they  loved  it!   ",2023-11-16,False,POSITIVE,6,SOURCE_G_REVIEWS,reviews_2023.csv,2023-11-16T19:59:16.720790311,BATCH-G-20231116
REV-00015515,SKU-0001635,user_9016273,Mario Hill,3,Decent but overpriced a bit.,2023-09-28,False,NEUTRAL,2,SOURCE_G_REVIEWS,reviews_2023.csv,2023-09-28T23:28:08.601984807,BATCH-G-20230928
REV-00015520,SKU-0001895,user_2523,Lauren Lewis,2,Wrong item was shipped to me.,2023-03-03,True,NEGATIVE,0,SOURCE_G_REVIEWS,reviews_2023.csv,2023-03-03T04:33:22.344652393,BATCH-G-20230303
REV-00015526,SKU-0011444,user_9023030,Nathan Cain,2,"Waste of money, do not buy.",2023-06-10,True,NEGATIVE,3,SOURCE_G_REVIEWS,reviews_2023.csv,2023-06-10T06:27:59.263443365,BATCH-G-20230610
REV-00015530,SKU-0007777,user_29962,John Schmidt,2,Arrived damaged and support was unhelpful.,2023-10-16,False,NEGATIVE,0,SOURCE_G_REVIEWS,reviews_2023.csv,2023-10-16T08:13:07.442265501,BATCH-G-20231016
REV-00015538,SKU-9977547,user_23398,Sean Williams,5,"Muy buen producto, lo recomiendo. Solid build quality, no complaints.",2023-09-10,True,POSITIVE,0,SOURCE_G_REVIEWS,reviews_2023.csv,2023-09-10T18:54:38.092619151,BATCH-G-20230910
REV-00015541,SKU-0001180,user_9010119,Jason,4,"Solid build quality, no complaints.",2023-03-12,True,POSITIVE,0,SOURCE_G_REVIEWS,reviews_2023.csv,2023-03-13T04:12:18.616755088,BATCH-G-20230312
REV-00015548,SKU-0003989,,Anonymous,5,?,2023-07-15,False,POSITIVE,0,SOURCE_G_REVIEWS,reviews_2023.csv,2023-07-15T17:16:39.985577484,BATCH-G-20230715
REV-00015549,SKU-0018929,user_9024444,Caitlin Mendoza,5,Will definitely buy again.,2023-08-19,False,POSITIVE,0,SOURCE_G_REVIEWS,reviews_2023.csv,2023-08-19T14:16:36.302286408,BATCH-G-20230819
REV-00015562,SKU-0002313,user_9013953,Jordan Evans,4,Exceeded my expectations.,2023-12-23,False,POSITIVE,2,SOURCE_G_REVIEWS,reviews_2023.csv,2023-12-23T08:31:17.896863944,BATCH-G-20231223
REV-00015566,SKU-0008963,user_7618,Candice Collins,4,Exceeded my expectations.,2023-05-30,True,POSITIVE,1,SOURCE_G_REVIEWS,reviews_2023.csv,2023-05-30T16:28:27.767725658,BATCH-G-20230530
REV-00015572,SKU-0008022,user_6636,Mrs.,4,No cumplió mis expectativas.,2023-01-13,False,POSITIVE,9,SOURCE_G_REVIEWS,reviews_2023.csv,2023-01-13T01:22:58.544397655,BATCH-G-20230113
REV-00015574,SKU-0012067,,Anonymous,5,Works fine but delivery was slow.,2023-06-15,False,NEUTRAL,0,SOURCE_G_REVIEWS,reviews_2023.csv,2023-06-16T04:10:16.542568586,BATCH-G-20230615
REV-00015586,SKU-0017094,user_9008400,Lance Martin,4,Will definitely buy again.,2023-12-30,False,POSITIVE,4,SOURCE_G_REVIEWS,reviews_2023.csv,2023-12-30T18:54:18.260247014,BATCH-G-20231230
REV-00015601,SKU-0004539,user_57171,Shirley,5,Will definitely buy again.,2023-06-22,False,POSITIVE,2,SOURCE_G_REVIEWS,reviews_2023.csv,2023-06-22T12:58:25.299313992,BATCH-G-20230622
REV-00015606,SKU-0017179,,Anonymous,3,Works fine but delivery was slow.,2023-09-27,True,NEUTRAL,0,SOURCE_G_REVIEWS,reviews_2023.csv,2023-09-27T21:16:38.321223872,BATCH-G-20230927
REV-00015615,SKU-0013325,,Anonymous,5,No cumplió mis expectativas.,2023-01-31,True,POSITIVE,1,SOURCE_G_REVIEWS,reviews_2023.csv,2023-01-31T11:14:36.897898745,BATCH-G-20230131
REV-00015625,SKU-0011080,user_9030683,Anne Mcconnell,4,Great value for money.,2023-07-30,False,POSITIVE,0,SOURCE_G_REVIEWS,reviews_2023.csv,2023-07-30T16:55:11.729454307,BATCH-G-20230730
REV-00015626,SKU-0012189,,Anonymous,5,"Perfect gift, they loved it!",2023-07-05,True,POSITIVE,3,SOURCE_G_REVIEWS,reviews_2023.csv,2023-07-06T03:10:41.887800415,BATCH-G-20230705
REV-00015628,SKU-0019140,user_56377,Cory,5,Great value for money.,2023-12-02,True,POSITIVE,3,SOURCE_G_REVIEWS,reviews_2023.csv,2023-12-03T02:46:06.322986507,BATCH-G-20231202
REV-00015638,SKU-9905809,user_15558,Jamie,4,Highly recommend this product.,2023-12-25,True,POSITIVE,8,SOURCE_G_REVIEWS,reviews_2023.csv,2023-12-31T13:00:00,BATCH-G-20231225
REV-00015643,SKU-0007910,,Anonymous,5,"Absolutely love it, works perfectly!",2023-10-18,False,POSITIVE,5,SOURCE_G_REVIEWS,reviews_2023.csv,2023-10-18T11:56:37.958209703,BATCH-G-20231018
REV-00015644,SKU-0006060,user_9013444,Adam,4,"Absolutely love it, works perfectly!",2023-07-17,True,POSITIVE,1,SOURCE_G_REVIEWS,reviews_2023.csv,2023-07-17T10:18:52.782851804,BATCH-G-20230717
REV-00015647,SKU-0011982,user_1110,Stephanie Burke,4,"Exactly as described, very happy.",2023-05-28,False,POSITIVE,4,SOURCE_G_REVIEWS,reviews_2023.csv,2023-05-29T01:32:23.668036867,BATCH-G-20230528
REV-00015653,SKU-0007328,,Anonymous,5,"Absolutely love it, works perfectly!",2023-12-13,True,POSITIVE,0,SOURCE_G_REVIEWS,reviews_2023.csv,2023-12-13T09:23:57.491804381,BATCH-G-20231213
REV-00015656,SKU-0013789,,Anonymous,4,"Perfect gift, they loved it!",2023-11-25,False,POSITIVE,3,SOURCE_G_REVIEWS,reviews_2023.csv,2023-11-25T12:08:49.175338821,BATCH-G-20231125
REV-00015661,SKU-0001165,user_12809,Brian Stewart,3,"Matches the description, no issues.",2023-08-20,True,NEUTRAL,3,SOURCE_G_REVIEWS,reviews_2023.csv,2023-08-20T00:54:27.956492040,BATCH-G-20230820
REV-00015662,SKU-0015916,user_9006595,Jennifer Morris,5,"Perfect gift, they loved it!",2023-11-21,True,POSITIVE,3,SOURCE_G_REVIEWS,reviews_2023.csv,2023-11-21T01:34:55.575108888,BATCH-G-20231121
REV-00015664,SKU-0010806,user_7841,Shannon Levy,1,Stopped working after a week.,2023-07-09,True,NEGATIVE,0,SOURCE_G_REVIEWS,reviews_2023.csv,2023-07-10T00:29:13.006616367,BATCH-G-20230709
REV-00015669,SKU-0017895,user_44856,Stephanie Chaney,4,Exceeded my expectations.,2023-11-08,False,POSITIVE,0,SOURCE_G_REVIEWS,reviews_2023.csv,2023-11-09T02:58:32.552638743,BATCH-G-20231108
REV-00015690,SKU-0007190,user_9032731,Andrew Nash,3,Works fine but delivery was slow.,2023-12-02,True,NEUTRAL,0,SOURCE_G_REVIEWS,reviews_2023.csv,2023-12-02T07:56:36.185179337,BATCH-G-20231202
REV-00015691,SKU-0012504,user_27482,Courtney,4,Great value for money. ⭐,2023-04-15,True,POSITIVE,1,SOURCE_G_REVIEWS,reviews_2023.csv,2023-04-15T06:10:54.746679557,BATCH-G-20230415
REV-00015692,SKU-0009593,user_9020145,Jamie Tyler,5,Better than I expected for the price.,2023-02-01,False,POSITIVE,1,SOURCE_G_REVIEWS,reviews_2023.csv,2023-02-02T00:24:39.285920214,BATCH-G-20230201
REV-00015701,SKU-0012808,user_40938,John Price,4,"Absolutely love it, works perfectly!",2023-03-08,True,POSITIVE,3,SOURCE_G_REVIEWS,reviews_2023.csv,2023-03-08T21:03:22.520349737,BATCH-G-20230308
REV-00015715,SKU-0009073,user_65370,Christopher Leonard,4,"Perfect gift, they loved it! 😀",2023-01-11,True,POSITIVE,0,SOURCE_G_REVIEWS,reviews_2023.csv,2023-01-11T09:29:34.518459676,BATCH-G-20230111
REV-00015740,SKU-0007191,user_9034189,Mary Fuller,5,"Perfect gift, they loved it!",2023-09-12,True,POSITIVE,7,SOURCE_G_REVIEWS,reviews_2023.csv,2023-09-12T16:13:31.398269582,BATCH-G-20230912
REV-00015742,SKU-0007072,user_9020703,Derrick,5,Highly recommend this product.,2023-11-21,False,POSITIVE,4,SOURCE_G_REVIEWS,reviews_2023.csv,2023-11-21T03:42:28.394758613,BATCH-G-20231121
REV-00015743,SKU-0012310,user_9001316,Jennifer Baker,4,Better than I expected for the price.,2023-01-20,True,POSITIVE,5,SOURCE_G_REVIEWS,reviews_2023.csv,2023-01-21T03:57:42.513859325,BATCH-G-20230120
REV-00015746,SKU-0003942,user_9007499,Anna Greer,7,"It's okay, does the job.",2023-09-05,False,NEUTRAL,1,SOURCE_G_REVIEWS,reviews_2023.csv,2023-09-05T11:06:00.026925241,BATCH-G-20230905
REV-00015754,SKU-0008691,,Anonymous,3,"Average quality, nothing special.",2023-09-01,True,NEUTRAL,2,SOURCE_G_REVIEWS,reviews_2023.csv,2023-09-01T11:22:24.699353406,BATCH-G-20230901
REV-00015768,SKU-0015147,user_65795,Jessica White,4,Will definitely buy again.,2023-03-12,True,POSITIVE,1,SOURCE_G_REVIEWS,reviews_2023.csv,2023-03-13T05:12:21.671631616,BATCH-G-20230312
REV-00015773,SKU-0006998,user_9018206,Ashley Woods,4,"Solid build quality, no complaints.",2023-05-14,False,POSITIVE,1,SOURCE_G_REVIEWS,reviews_2023.csv,2023-05-13T10:00:00,BATCH-G-20230514
REV-00015774,SKU-0018081,user_9009785,Jason,4,Great value for money.,2023-05-01,True,POSITIVE,0,SOURCE_G_REVIEWS,reviews_2023.csv,2023-05-01T23:46:30.457559476,BATCH-G-20230501
REV-00015781,SKU-0004681,user_9034156,Carrie Gonzalez,4,"Perfect gift, they loved it!",2023-11-25,False,POSITIVE,1,SOURCE_G_REVIEWS,reviews_2023.csv,2023-11-25T21:15:04.469998582,BATCH-G-20231125
REV-00015782,SKU-0017599,user_62393,Timothy Robertson,5,Highly recommend this product.,2023-01-29,True,POSITIVE,0,SOURCE_G_REVIEWS,reviews_2023.csv,2023-01-29T06:49:45.181148071,BATCH-G-20230129
REV-00015788,SKU-0006507,user_9001354,Keith Gray,4,Exceeded my expectations.,2023-02-06,True,POSITIVE,1,SOURCE_G_REVIEWS,reviews_2023.csv,2023-02-06T23:22:14.358226329,BATCH-G-20230206
REV-00015802,SKU-0015470,,Anonymous,4,Highly recommend this product.,2023-02-19,False,POSITIVE,0,SOURCE_G_REVIEWS,reviews_2023.csv,2023-02-20T03:23:11.890591796,BATCH-G-20230219
REV-00015804,SKU-0005106,user_9032621,Sarah,2,NULL,2023-11-24,True,NEGATIVE,0,SOURCE_G_REVIEWS,reviews_2023.csv,2023-11-24T16:59:10.409493708,BATCH-G-20231124
REV-00015810,SKU-9932333,user_9012773,Ryan Hunter,4,Will definitely buy again.,2023-06-26,False,POSITIVE,1,SOURCE_G_REVIEWS,reviews_2023.csv,2023-06-26T14:54:28.479543711,BATCH-G-20230626
REV-00015824,SKU-0019788,user_9033409,Ronald,4,Better than I expected for the price.,2023-04-20,True,POSITIVE,7,SOURCE_G_REVIEWS,reviews_2023.csv,2023-04-20T21:31:40.734633510,BATCH-G-20230420
REV-00015835,SKU-0004256,user_25791,Michele Martin,2,"Cheaply made, broke immediately.",2023-08-21,False,NEGATIVE,8,SOURCE_G_REVIEWS,reviews_2023.csv,2023-08-21T09:33:07.937659967,BATCH-G-20230821
REV-00015840,SKU-0011538,user_9031314,Philip Chapman,4,"Exactly as described, very happy. 😍🙏",2023-02-26,True,POSITIVE,5,SOURCE_G_REVIEWS,reviews_2023.csv,2023-02-26T23:10:36.296339957,BATCH-G-20230226
REV-00015844,SKU-0011913,user_28088,Joshua Walker,4,Highly recommend this product.,2023-02-12,True,POSITIVE,1,SOURCE_G_REVIEWS,reviews_2023.csv,2023-02-13T04:54:48.553601300,BATCH-G-20230212
REV-00015852,SKU-0003001,user_31322,Shawn Hinton,0,Very disappointed with the quality.,2023-07-05,True,NEGATIVE,0,SOURCE_G_REVIEWS,reviews_2023.csv,2023-07-05T23:00:42.444521830,BATCH-G-20230705
REV-00015862,SKU-0017221,user_9028046,Dylan Gilbert,4,"   बहुत  अच्छा  उत्पाद  है,  पैसा  वसूल!   ",2023-12-17,True,POSITIVE,0,SOURCE_G_REVIEWS,reviews_2023.csv,2023-12-17T18:00:18.768431691,BATCH-G-20231217
REV-00015866,SKU-0020134,,Anonymous,5,No cumplió mis expectativas.,2023-10-19,False,POSITIVE,0,SOURCE_G_REVIEWS,reviews_2023.csv,2023-10-19T03:40:36.839440915,BATCH-G-20231019
REV-00015872,SKU-0012171,user_9032610,Michael Riley,5,Highly recommend this product.,2023-04-18,True,POSITIVE,5,SOURCE_G_REVIEWS,reviews_2023.csv,2023-04-18T21:11:10.064166010,BATCH-G-20230418
REV-00015896,SKU-0005871,user_9030016,Julia Scott,3,"It's okay, does the job.",2023-12-29,False,NEUTRAL,2,SOURCE_G_REVIEWS,reviews_2023.csv,2023-12-30T04:04:45.197477836,BATCH-G-20231229
REV-00015913,SKU-0009987,user_65938,Shannon Farmer,3,"Matches the description, no issues.",2023-06-19,True,NEUTRAL,4,SOURCE_G_REVIEWS,reviews_2023.csv,2023-06-19T01:13:28.985096979,BATCH-G-20230619
REV-00015926,SKU-0000183,user_9005452,Jessica Garcia,5,"Solid build quality, no complaints.",2023-12-15,True,POSITIVE,5,SOURCE_G_REVIEWS,reviews_2023.csv,2023-12-15T16:08:10.908963168,BATCH-G-20231215
REV-00015944,SKU-0009644,user_9007102,Kristie Martin,5,Highly recommend this product. 🙏,2023-01-06,True,POSITIVE,11,SOURCE_G_REVIEWS,reviews_2023.csv,2023-01-06T02:40:16.814536872,BATCH-G-20230106
REV-00015979,SKU-0016157,user_9021583,Jim Miller,5,Great value for money.,2023-05-24,True,POSITIVE,1,SOURCE_G_REVIEWS,reviews_2023.csv,2023-05-24T21:51:37.026031698,BATCH-G-20230524
REV-00015986,SKU-0016210,,Anonymous,4,Exceeded my expectations.,2023-10-21,True,POSITIVE,4,SOURCE_G_REVIEWS,reviews_2023.csv,2023-10-21T22:47:31.463840697,BATCH-G-20231021
REV-00015995,SKU-0007013,user_57885,Mr. Jeremy Bailey,5,"Perfect gift, they loved it!",2023-06-20,True,POSITIVE,3,SOURCE_G_REVIEWS,reviews_2023.csv,2023-06-20T00:34:45.234042422,BATCH-G-20230620
REV-00016011,SKU-0007685,user_9010767,Pamela Harmon,1,"Poor packaging, item was defective.",2023-05-08,False,NEGATIVE,2,SOURCE_G_REVIEWS,reviews_2023.csv,2023-05-08T14:30:01.267603351,BATCH-G-20230508
REV-00016013,SKU-0012949,user_54360,Vanessa Morrison,6,No cumplió mis expectativas. Exceeded my expectations.,2023-01-13,True,POSITIVE,2,SOURCE_G_REVIEWS,reviews_2023.csv,2023-01-13T13:32:22.022377541,BATCH-G-20230113
REV-00016024,SKU-0016372,user_66433,Pamela Taylor,4,Fast delivery and great quality.,2023-06-23,False,POSITIVE,8,SOURCE_G_REVIEWS,reviews_2023.csv,2023-06-23T01:13:49.080085712,BATCH-G-20230623
REV-00016035,SKU-0011225,,Anonymous,5,"Solid build quality, no complaints.",2023-02-25,True,POSITIVE,0,SOURCE_G_REVIEWS,reviews_2023.csv,2023-02-25T07:43:30.367426718,BATCH-G-20230225
REV-00016055,SKU-0005425,,Anonymous,1,"Poor packaging, item was defective.",2023-11-18,False,NEGATIVE,1,SOURCE_G_REVIEWS,reviews_2023.csv,2023-11-18T20:54:12.922734733,BATCH-G-20231118
REV-00016068,SKU-0003310,user_38132,Crystal Banks,5,"Exactly as described, very happy.",2023-07-04,True,POSITIVE,2,SOURCE_G_REVIEWS,reviews_2023.csv,2023-07-04T15:25:53.924384098,BATCH-G-20230704
REV-00016084,SKU-0011924,user_9027676,Jessica Rodriguez,4,Will definitely buy again.,2023-01-02,False,POSITIVE,1,SOURCE_G_REVIEWS,reviews_2023.csv,2023-01-02T17:54:05.863037273,BATCH-G-20230102
REV-00016093,SKU-0004862,user_9003271,Kyle Chase,1,"Cheaply made, broke immediately.",2023-01-21,True,NEGATIVE,0,SOURCE_G_REVIEWS,reviews_2023.csv,2023-01-21T04:23:04.986369439,BATCH-G-20230121
REV-00016096,SKU-0015067,user_9025143,Nicole Oneill,1,Stopped working after a week. 💯,2023-04-01,True,NEGATIVE,0,SOURCE_G_REVIEWS,reviews_2023.csv,2023-04-02T01:09:49.217647207,BATCH-G-20230401
REV-00016097,SKU-0008180,user_9012128,Kimberly Jones,5,"Perfect gift, they loved it!",2023-05-20,True,POSITIVE,2,SOURCE_G_REVIEWS,reviews_2023.csv,2023-05-20T16:33:50.295162890,BATCH-G-20230520
REV-00016102,SKU-0008714,user_9031389,Dan Spencer,5,"<br>It's okay, does the job.&nbsp;",2023-08-20,False,NEUTRAL,0,SOURCE_G_REVIEWS,reviews_2023.csv,2023-08-20T08:59:14.962173807,BATCH-G-20230820
REV-00016105,SKU-0007898,user_57698,Ronald Bryant,5,"Exactly as described, very happy.",2023-02-17,False,POSITIVE,2,SOURCE_G_REVIEWS,reviews_2023.csv,2023-02-18T00:18:18.972888063,BATCH-G-20230217
REV-00016110,SKU-0000644,user_69420,Carrie Hall,3,Decent but overpriced a bit.,2023-04-29,False,NEUTRAL,2,SOURCE_G_REVIEWS,reviews_2023.csv,2023-04-29T11:40:49.197715499,BATCH-G-20230429
REV-00016116,SKU-0008618,user_38307,Casey Conrad,4,"Absolutely love it, works perfectly!",2023-09-06,False,POSITIVE,0,SOURCE_G_REVIEWS,reviews_2023.csv,2023-09-07T03:39:20.654271196,BATCH-G-20230906
REV-00016119,SKU-0003568,user_29958,Joyce,3,"Matches the description, no issues.",2023-09-09,True,NEUTRAL,0,SOURCE_G_REVIEWS,reviews_2023.csv,2023-09-09T01:51:57.293699478,BATCH-G-20230909
REV-00016122,SKU-0005731,user_2189,Benjamin,5,"Solid build quality, no complaints.",2023-02-28,True,POSITIVE,4,SOURCE_G_REVIEWS,reviews_2023.csv,2023-02-28T09:32:31.004281469,BATCH-G-20230228
REV-00016138,SKU-0009783,user_9003261,James Roberts,5,"Solid build quality, no complaints.",2023-02-01,True,POSITIVE,6,SOURCE_G_REVIEWS,reviews_2023.csv,2023-02-01T02:50:05.104977171,BATCH-G-20230201
REV-00016138-BOT,SKU-0009783,user_31862,Ian,5,"Solid build quality, no complaints.",2023-02-01,False,POSITIVE,0,SOURCE_G_REVIEWS,reviews_2023.csv,2023-02-01T02:50:05.104977171,BATCH-G-20230201
REV-00016148,SKU-0011907,,Anonymous,5,Better than I expected for the price. 😢,2023-09-24,False,POSITIVE,2,SOURCE_G_REVIEWS,reviews_2023.csv,2023-09-24T14:23:08.181864242,BATCH-G-20230924
REV-00016155,SKU-0012615,,Anonymous,5,"Perfect gift, they loved it!",2023-09-17,False,POSITIVE,4,SOURCE_G_REVIEWS,reviews_2023.csv,2023-09-18T02:25:22.472289276,BATCH-G-20230917
REV-00016164,SKU-0008802,,Anonymous,5,Highly recommend this product.,2023-07-09,True,POSITIVE,1,SOURCE_G_REVIEWS,reviews_2023.csv,2023-07-09T20:32:24.301283445,BATCH-G-20230709
REV-00016168,SKU-0003025,user_18706,Dennis,5,Fast delivery and great quality.,2023-12-31,False,POSITIVE,4,SOURCE_G_REVIEWS,reviews_2023.csv,2023-12-31T04:33:31.968981379,BATCH-G-20231231
REV-00016172,SKU-0010531,user_41087,Stephanie Hardin MD,5,"Perfect gift, they loved it!",2023-10-21,False,POSITIVE,5,SOURCE_G_REVIEWS,reviews_2023.csv,2023-10-21T09:04:52.878712986,BATCH-G-20231021
REV-00016176,SKU-0004230,user_48766,Dr. Alexander Adams,5,"Absolutely love it, works perfectly!",2023-12-10,False,POSITIVE,2,SOURCE_G_REVIEWS,reviews_2023.csv,2023-12-10T04:48:52.822409033,BATCH-G-20231210
REV-00016185,SKU-0010728,user_9001868,Sarah Long,4,Exceeded my expectations.,2023-04-02,True,POSITIVE,1,SOURCE_G_REVIEWS,reviews_2023.csv,2023-04-02T09:06:54.772678219,BATCH-G-20230402
REV-00016186,SKU-9988685,user_60332,Joshua Kelly,3,"Average quality, nothing special.",2023-11-18,True,NEUTRAL,0,SOURCE_G_REVIEWS,reviews_2023.csv,2023-11-18T16:34:00.935530243,BATCH-G-20231118
REV-00016204,SKU-0007871,user_16289,Michael Webster,3,"Average quality, nothing special.",2023-08-29,False,NEUTRAL,-5,SOURCE_G_REVIEWS,reviews_2023.csv,2023-08-29T10:56:00.307727707,BATCH-G-20230829
REV-00016214,SKU-0016655,,Anonymous,5,"Perfect gift, they loved it! 😀",2023-12-01,True,POSITIVE,2,SOURCE_G_REVIEWS,reviews_2023.csv,2023-12-02T03:30:06.658764776,BATCH-G-20231201
REV-00016231,SKU-0018072,user_9023944,Michael Cherry,4,"Exactly as described, very happy. 😀😡",2023-02-23,True,POSITIVE,1,SOURCE_G_REVIEWS,reviews_2023.csv,2023-02-23T21:10:55.636697629,BATCH-G-20230223
REV-00016232,SKU-0003185,user_9009688,Justin,4,Exceeded my expectations.,2023-07-14,False,POSITIVE,0,SOURCE_G_REVIEWS,reviews_2023.csv,2023-07-14T03:31:03.741083105,BATCH-G-20230714
REV-00016233,SKU-0012794,user_9009750,Timothy Ellis,4,"Exactly as described, very happy.",2023-03-08,False,POSITIVE,0,SOURCE_G_REVIEWS,reviews_2023.csv,2023-03-08T16:09:20.703099338,BATCH-G-20230308
REV-00016239,SKU-0016763,user_48989,Sherry Ramsey,4,Great value for money.,2023-11-11,False,POSITIVE,2,SOURCE_G_REVIEWS,reviews_2023.csv,2023-11-11T21:02:00.113151944,BATCH-G-20231111
REV-00016249,SKU-0012810,,Anonymous,3,"Not bad, not great either.",2023-11-08,False,NEUTRAL,0,SOURCE_G_REVIEWS,reviews_2023.csv,2023-11-08T01:19:42.465988874,BATCH-G-20231108
REV-00016261,SKU-0011061,user_41912,Thomas Murphy,5,Fast delivery and great quality.,2023-01-16,False,POSITIVE,0,SOURCE_G_REVIEWS,reviews_2023.csv,2023-01-16T03:14:25.314752894,BATCH-G-20230116
REV-00016263,SKU-0000206,user_61514,Manuel Vaughn,5,"Absolutely love it, works perfectly!",2023-11-14,False,POSITIVE,13,SOURCE_G_REVIEWS,reviews_2023.csv,2023-11-14T18:45:05.464354897,BATCH-G-20231114
REV-00016265,SKU-0011270,user_9013742,Tanner,3,"Average quality, nothing special.",2023-05-04,True,NEUTRAL,0,SOURCE_G_REVIEWS,reviews_2023.csv,2023-05-04T13:45:41.296760331,BATCH-G-20230504
REV-00016271,SKU-0010043,user_9029017,Stephanie Barnes,5,"Cheaply made, broke immediately.",2023-07-19,True,NEGATIVE,0,SOURCE_G_REVIEWS,reviews_2023.csv,2023-07-19T01:34:37.724588447,BATCH-G-20230719
REV-00016276,SKU-0003003,user_9022263,Brian Rodriguez,-,"   It's  okay,  does  the  job.   ",2023-02-11,True,NEUTRAL,6,SOURCE_G_REVIEWS,reviews_2023.csv,2023-02-11T12:13:14.221367176,BATCH-G-20230211
REV-00016277,SKU-0000806,user_9009475,Gregory Duffy,5,Fast delivery and great quality.,2023-12-05,True,POSITIVE,0,SOURCE_G_REVIEWS,reviews_2023.csv,2023-12-05T23:31:45.825164847,BATCH-G-20231205
REV-00016284,SKU-9976005,user_46679,Tina Pruitt,3,"Not bad, not great either.",2023-08-12,True,NEUTRAL,2,SOURCE_G_REVIEWS,reviews_2023.csv,2023-08-12T23:58:54.481938365,BATCH-G-20230812
REV-00016289,SKU-0015987,user_5516,Gary Estrada,3,"Livraison très lente, déçu.",2023-07-08,False,NEUTRAL,2,SOURCE_G_REVIEWS,reviews_2023.csv,2023-07-08T09:50:28.082675208,BATCH-G-20230708
REV-00016298,SKU-0013253,user_9025782,Gregory Pruitt,3,"Matches the description, no issues.",2023-04-10,False,NEUTRAL,0,SOURCE_G_REVIEWS,reviews_2023.csv,2023-04-10T07:49:22.993301842,BATCH-G-20230410
REV-00016304,SKU-0015530,user_63561,David Garcia,2,"Poor packaging, item was defective.",2023-10-31,False,NEGATIVE,3,SOURCE_G_REVIEWS,reviews_2023.csv,2023-10-31T07:09:37.507936104,BATCH-G-20231031
REV-00016317,SKU-0001551,user_60807,Steven Rodriguez,4,Highly recommend this product.,2023-05-11,True,POSITIVE,4,SOURCE_G_REVIEWS,reviews_2023.csv,2023-05-11T20:08:58.524130546,BATCH-G-20230511
REV-00016318,SKU-0018432,user_9003948,Amy Leonard,4,"Solid build quality, no complaints.",2023-09-22,True,POSITIVE,4,SOURCE_G_REVIEWS,reviews_2023.csv,2023-09-22T03:52:45.765750836,BATCH-G-20230922
REV-00016319,SKU-0015177,user_9003668,Mr.,5,Fast delivery and great quality.,2023-02-16,False,POSITIVE,2,SOURCE_G_REVIEWS,reviews_2023.csv,2023-02-16T13:53:47.344148318,BATCH-G-20230216
REV-00016323,SKU-0004476,user_55018,Hannah Huang,4,Better than I expected for the price.,2023-11-17,True,POSITIVE,4,SOURCE_G_REVIEWS,reviews_2023.csv,2023-11-17T07:30:35.938976546,BATCH-G-20231117
REV-00016325,SKU-0016803,,Anonymous,3,"गुणवत्ता ठीक नहीं थी। Not bad, not great either.",2023-01-25,True,NEUTRAL,3,SOURCE_G_REVIEWS,reviews_2023.csv,2023-01-26T02:36:38.463540008,BATCH-G-20230125
REV-00016327,SKU-0017128,user_9032813,Craig,1,Very disappointed with the quality. 😡,2023-10-01,False,NEGATIVE,4,SOURCE_G_REVIEWS,reviews_2023.csv,2023-10-01T02:27:53.617800136,BATCH-G-20231001
REV-00016344,SKU-0005231,,Anonymous,4,"बहुत अच्छा उत्पाद है, पैसा वसूल!",2023-10-07,True,POSITIVE,0,SOURCE_G_REVIEWS,reviews_2023.csv,2023-10-07T15:58:48.444801999,BATCH-G-20231007
REV-00016348,SKU-0005733,,Anonymous,4,Highly recommend this product.,2023-09-05,False,POSITIVE,0,SOURCE_G_REVIEWS,reviews_2023.csv,2023-09-05T04:41:35.935584965,BATCH-G-20230905
REV-00016350,SKU-0017287,user_47351,Theresa Ferguson,4,Great value for money.,2023-05-10,False,POSITIVE,5,SOURCE_G_REVIEWS,reviews_2023.csv,2023-05-10T14:45:56.844737551,BATCH-G-20230510
REV-00016353,SKU-0002727,user_14878,Andrea,3,"Average quality, nothing special.",2023-01-17,True,NEUTRAL,2,SOURCE_G_REVIEWS,reviews_2023.csv,2023-01-17T03:54:00.103984602,BATCH-G-20230117
REV-00016358,SKU-0012064,user_9028771,Tiffany Wall,3,"Perfect gift, they loved it!",2023-06-29,True,POSITIVE,4,SOURCE_G_REVIEWS,reviews_2023.csv,2023-06-29T04:39:13.791558626,BATCH-G-20230629
REV-00016383,SKU-0013402,user_9006008,Traci Rodriguez MD,5,"बहुत अच्छा उत्पाद है, पैसा वसूल!",2023-04-08,True,POSITIVE,10,SOURCE_G_REVIEWS,reviews_2023.csv,2023-04-08T03:00:31.484950917,BATCH-G-20230408
REV-00016385,SKU-0001291,user_5239,Cassidy Hill,5,   Great  value  for  money.   ,2023-07-01,False,POSITIVE,3,SOURCE_G_REVIEWS,reviews_2023.csv,2023-07-01T11:12:58.159180621,BATCH-G-20230701
REV-00016389,SKU-0019636,user_13575,Aimee Ramirez,4,Excellent rapport qualité-prix.,2023-08-13,False,POSITIVE,0,SOURCE_G_REVIEWS,reviews_2023.csv,2023-08-13T21:47:50.188964393,BATCH-G-20230813
REV-00016398,SKU-9919237,,Anonymous,5,Exceeded my expectations.,2023-01-01,True,POSITIVE,1,SOURCE_G_REVIEWS,reviews_2023.csv,2023-01-01T11:28:12.870862896,BATCH-G-20230101
REV-00016401,SKU-0001913,user_9015378,Scott,4,Exceeded my expectations.,2023-04-30,True,POSITIVE,5,SOURCE_G_REVIEWS,reviews_2023.csv,2023-05-01T00:03:22.502648249,BATCH-G-20230430
REV-00016402,SKU-0018991,,Anonymous,2,"Poor packaging, item was defective.",2023-03-11,True,NEGATIVE,1,SOURCE_G_REVIEWS,reviews_2023.csv,2023-03-11T01:08:07.563338853,BATCH-G-20230311
REV-00016413,SKU-0015613,user_9021556,Christopher Smith,5,Great value for money.,2023-10-16,False,POSITIVE,4,SOURCE_G_REVIEWS,reviews_2023.csv,2023-10-15T01:00:00,BATCH-G-20231016
REV-00016419,SKU-0001181,user_9016354,Carol,5,   Fast  delivery  and  great  quality.   ,2023-08-01,True,POSITIVE,6,SOURCE_G_REVIEWS,reviews_2023.csv,2023-08-01T14:50:14.245893952,BATCH-G-20230801
REV-00016422,SKU-0015041,,Anonymous,2,Arrived damaged and support was unhelpful.,2023-01-01,False,NEGATIVE,5,SOURCE_G_REVIEWS,reviews_2023.csv,2023-01-01T22:32:46.390089920,BATCH-G-20230101
REV-00016423,SKU-0005586,user_9023074,Sarah Archer,5,   Will  definitely  buy  again.   ,2023-04-05,True,POSITIVE,0,SOURCE_G_REVIEWS,reviews_2023.csv,2023-04-05T21:49:05.382566401,BATCH-G-20230405
REV-00016443,SKU-0003488,user_54598,Scott,1,Arrived damaged and support was unhelpful.,2023-04-16,False,NEGATIVE,3,SOURCE_G_REVIEWS,reviews_2023.csv,2023-04-19T02:00:00,BATCH-G-20230416
REV-00016459,SKU-0009461,user_48923,Ashley,1,Excellent rapport qualité-prix. Works fine but delivery was slow.,2023-08-28,True,NEUTRAL,5,SOURCE_G_REVIEWS,reviews_2023.csv,2023-08-29T01:07:41.554652656,BATCH-G-20230828
REV-00016461,SKU-0000185,,Anonymous,5,Better than I expected for the price.,2023-05-12,True,POSITIVE,0,SOURCE_G_REVIEWS,reviews_2023.csv,2023-05-12T20:09:36.144242147,BATCH-G-20230512
REV-00016462,SKU-0018899,user_33260,Peter,5,"Solid build quality, no complaints.",2023-06-18,True,POSITIVE,0,SOURCE_G_REVIEWS,reviews_2023.csv,2023-06-18T08:18:42.588028890,BATCH-G-20230618
REV-00016468,SKU-0005216,user_9005023,Vincent Glenn,5,"Exactly as described, very happy.",2023-09-27,True,POSITIVE,3,SOURCE_G_REVIEWS,reviews_2023.csv,2023-09-27T08:06:46.684616619,BATCH-G-20230927
REV-00016474,SKU-0019131,user_9026051,Roy Richards,5,"Exactly as described, very happy.",2023-07-31,True,POSITIVE,0,SOURCE_G_REVIEWS,reviews_2023.csv,2023-07-31T05:42:38.812467598,BATCH-G-20230731
REV-00016480,SKU-0012033,user_9030721,Leonard Rodgers,5,Better than I expected for the price.,2023-12-06,True,POSITIVE,3,SOURCE_G_REVIEWS,reviews_2023.csv,2023-12-06T17:19:38.937567942,BATCH-G-20231206
REV-00016481,SKU-0015597,user_9001355,Thomas Davis,4,"Perfect gift, they loved it!",2023-07-07,True,POSITIVE,2,SOURCE_G_REVIEWS,reviews_2023.csv,2023-07-07T22:43:58.715142864,BATCH-G-20230707
REV-00016505,SKU-0013133,user_60566,Brenda Hernandez,3,"It's okay, does the job.",2023-01-05,False,NEUTRAL,0,SOURCE_G_REVIEWS,reviews_2023.csv,2023-01-05T22:18:02.943242782,BATCH-G-20230105
REV-00016508,SKU-0005372,user_9022826,Craig Rodriguez,5,Great value for money.,2023-08-11,False,POSITIVE,0,SOURCE_G_REVIEWS,reviews_2023.csv,2023-08-11T13:27:51.212633897,BATCH-G-20230811
REV-00016510,SKU-0000282,user_9006846,Douglas,3,"<b>Update:</b>It's okay, does the job.&nbsp;",2023-07-17,True,NEUTRAL,1,SOURCE_G_REVIEWS,reviews_2023.csv,2023-07-17T07:35:31.549739600,BATCH-G-20230717
REV-00016532,SKU-0012707,,Anonymous,5,"Exactly as described, very happy.",2023-07-27,False,POSITIVE,3,SOURCE_G_REVIEWS,reviews_2023.csv,2023-07-27T12:59:36.972770431,BATCH-G-20230727
REV-00016535,SKU-0001223,user_9014994,Dylan Johnson,3,Works fine but delivery was slow.,2023-10-30,True,NEUTRAL,4,SOURCE_G_REVIEWS,reviews_2023.csv,2023-10-30T16:47:06.473655688,BATCH-G-20231030
REV-00016544,SKU-0017280,user_9020806,Kathy Hull,1,Not as described at all.,2023-04-25,True,NEGATIVE,1,SOURCE_G_REVIEWS,reviews_2023.csv,2023-04-25T20:14:09.235840396,BATCH-G-20230425
REV-00016545,SKU-0007127,user_9030805,Kathleen Solis,2,"Muy buen producto, lo recomiendo.",2023-08-02,True,NEGATIVE,4,SOURCE_G_REVIEWS,reviews_2023.csv,2023-08-02T05:28:13.570439601,BATCH-G-20230802
REV-00016553,SKU-0007601,,Anonymous,1,Arrived damaged and support was unhelpful.,2023-11-28,False,NEGATIVE,1,SOURCE_G_REVIEWS,reviews_2023.csv,2023-11-28T01:31:46.247688552,BATCH-G-20231128
REV-00016554,SKU-0018803,user_4279,Richard,5,Great value for money.,2023-04-19,True,POSITIVE,0,SOURCE_G_REVIEWS,reviews_2023.csv,2023-04-20T02:39:08.915729333,BATCH-G-20230419
REV-00016560,SKU-0003433,user_9011001,Cynthia Mahoney,5,Works fine but delivery was slow.,2023-09-07,False,NEUTRAL,1,SOURCE_G_REVIEWS,reviews_2023.csv,2023-09-07T15:54:01.385542794,BATCH-G-20230907
REV-00016568,SKU-0016308,user_54282,Donald Cordova,5,Great value for money.,2023-03-27,False,POSITIVE,3,SOURCE_G_REVIEWS,reviews_2023.csv,2023-03-27T13:04:40.215925007,BATCH-G-20230327
REV-00016594,SKU-0003891,user_9016148,Julie King,4,"<p>Perfect gift, they loved it!<br>",2023-08-15,False,POSITIVE,3,SOURCE_G_REVIEWS,reviews_2023.csv,2023-08-15T14:34:22.110568589,BATCH-G-20230815
REV-00016598,SKU-9953233,user_45191,Emily,5,Fast delivery and great quality.,2023-05-18,True,POSITIVE,1,SOURCE_G_REVIEWS,reviews_2023.csv,2023-05-18T13:02:04.051111996,BATCH-G-20230518
REV-00016600,SKU-0011430,user_189,Sandra,5,Exceeded my expectations.,2023-12-07,True,POSITIVE,1,SOURCE_G_REVIEWS,reviews_2023.csv,2023-12-07T12:52:46.988157704,BATCH-G-20231207
REV-00016603,SKU-0019239,,Anonymous,5,गुणवत्ता ठीक नहीं थी।,2023-08-23,True,POSITIVE,3,SOURCE_G_REVIEWS,reviews_2023.csv,2023-08-23T00:34:58.851694057,BATCH-G-20230823
REV-00016641,SKU-0008486,user_27180,Brian Gibson,5,Very disappointed with the quality.,2023-09-23,True,NEGATIVE,4,SOURCE_G_REVIEWS,reviews_2023.csv,2023-09-23T21:00:22.621394009,BATCH-G-20230923
REV-00016647,SKU-9938911,user_9025567,Rachel Gallegos,5,Highly recommend this product.,2023-01-13,True,POSITIVE,0,SOURCE_G_REVIEWS,reviews_2023.csv,2023-01-14T01:12:09.947436,BATCH-G-20230113
REV-00016648,SKU-9941009,user_20831,Jason,5,"Waste of money, do not buy.",2023-11-12,False,NEGATIVE,0,SOURCE_G_REVIEWS,reviews_2023.csv,2023-11-12T20:11:01.587062691,BATCH-G-20231112
REV-00016650,SKU-0010102,user_9918,Kyle Sharp,5,"Solid build quality, no complaints.",2023-11-23,True,POSITIVE,0,SOURCE_G_REVIEWS,reviews_2023.csv,2023-11-23T11:44:31.439811621,BATCH-G-20231123
REV-00016675,SKU-0008030,user_9028701,Jay Giles,4,"Perfect gift, they loved it!",2023-03-17,False,POSITIVE,0,SOURCE_G_REVIEWS,reviews_2023.csv,2023-03-17T20:56:53.192681097,BATCH-G-20230317
REV-00016680,SKU-0018205,user_58992,Raymond Perez,4,"Exactly as described, very happy.",2023-03-31,True,POSITIVE,7,SOURCE_G_REVIEWS,reviews_2023.csv,2023-03-31T17:25:32.218675606,BATCH-G-20230331
REV-00016683,SKU-0001910,,Anonymous,2,"Poor packaging, item was defective.",2023-11-05,True,NEGATIVE,11,SOURCE_G_REVIEWS,reviews_2023.csv,2023-11-06T02:44:08.151921521,BATCH-G-20231105
REV-00016687,SKU-0002352,user_57939,Mathew Abbott,3,"It's okay, does the job.",2023-09-08,False,NEUTRAL,1,SOURCE_G_REVIEWS,reviews_2023.csv,2023-09-08T20:32:30.210692677,BATCH-G-20230908
REV-00016687-DUP,SKU-0002352,user_57939,Mathew Abbott,3,"It's okay, does the job.",2023-09-08,False,NEUTRAL,1,SOURCE_G_REVIEWS,reviews_2023.csv,2023-09-08T21:10:30.210692677,BATCH-G-20230908
REV-00016689,SKU-0010310,,Anonymous,1,"Poor packaging, item was defective.",2023-05-16,True,NEGATIVE,2,SOURCE_G_REVIEWS,reviews_2023.csv,2023-05-16T08:08:25.049147692,BATCH-G-20230516
REV-00016695,SKU-0011421,,Anonymous,5,Will definitely buy again.,2023-06-23,False,POSITIVE,1,SOURCE_G_REVIEWS,reviews_2023.csv,2023-06-23T10:31:13.593294735,BATCH-G-20230623
REV-00016710,SKU-0012640,user_9013371,Ian Morgan,1,Very disappointed with the quality.,2023-11-28,False,NEGATIVE,0,SOURCE_G_REVIEWS,reviews_2023.csv,2023-11-28T21:10:06.378527103,BATCH-G-20231128
REV-00016718,SKU-0006257,user_9029117,Susan,1,Arrived damaged and support was unhelpful.,2023-10-20,False,NEGATIVE,0,SOURCE_G_REVIEWS,reviews_2023.csv,2023-10-20T06:52:14.331487393,BATCH-G-20231020
REV-00016721,SKU-0005492,user_20610,Shane Scott,5,Highly recommend this product.,2023-07-15,True,POSITIVE,7,SOURCE_G_REVIEWS,reviews_2023.csv,2023-07-15T01:43:26.381797771,BATCH-G-20230715
REV-00016723,SKU-0014481,user_9028507,Dawn,5,Will definitely buy again.,2023-12-30,True,POSITIVE,3,SOURCE_G_REVIEWS,reviews_2023.csv,2023-12-30T03:20:22.823069164,BATCH-G-20231230
REV-00016738,SKU-0008134,user_9028303,Roy Zimmerman,-,"   <b>Update:</b>Not  bad,  not  great  either.</p>   ",2023-02-27,True,NEUTRAL,10,SOURCE_G_REVIEWS,reviews_2023.csv,2023-02-27T01:12:49.121069772,BATCH-G-20230227
REV-00016740,SKU-0006120,,Anonymous,3,"It's okay, does the job.",2023-05-12,True,NEUTRAL,8,SOURCE_G_REVIEWS,reviews_2023.csv,2023-05-12T18:03:06.532060544,BATCH-G-20230512
REV-00016753,SKU-9995698,user_32986,Michael James,3,Works fine but delivery was slow.,2023-11-14,False,NEUTRAL,5,SOURCE_G_REVIEWS,reviews_2023.csv,2023-11-14T16:14:03.265314330,BATCH-G-20231114
REV-00016755,SKU-0014727,user_9030860,Christopher,4,Very disappointed with the quality.,2023-02-10,True,NEGATIVE,3,SOURCE_G_REVIEWS,reviews_2023.csv,2023-02-10T06:56:17.602200010,BATCH-G-20230210
REV-00016760,SKU-0011344,user_51993,Deanna Padilla,NULL,"बहुत अच्छा उत्पाद है, पैसा वसूल!",2023-01-25,True,NEGATIVE,0,SOURCE_G_REVIEWS,reviews_2023.csv,2023-01-25T03:51:42.230883224,BATCH-G-20230125
REV-00016762,SKU-0001742,user_2367,Angela Griffith,5,Will definitely buy again. 😀,2023-08-10,False,POSITIVE,7,SOURCE_G_REVIEWS,reviews_2023.csv,2023-08-10T22:46:30.492709325,BATCH-G-20230810
REV-00016768,SKU-0000219,user_12300,Ernest Barrera,5,Will definitely buy again.,2023-03-23,False,POSITIVE,0,SOURCE_G_REVIEWS,reviews_2023.csv,2023-03-23T02:36:33.567764102,BATCH-G-20230323
REV-00016771,SKU-0016904,user_17469,Robin,4,"Absolutely love it, works perfectly!",2023-12-31,False,POSITIVE,5,SOURCE_G_REVIEWS,reviews_2023.csv,2023-12-31T08:33:04.858779467,BATCH-G-20231231
REV-00016776,SKU-0008242,user_9031340,Jennifer Cruz,4,Great value for money.,2023-10-29,False,POSITIVE,-2,SOURCE_G_REVIEWS,reviews_2023.csv,2023-10-29T05:26:39.258364556,BATCH-G-20231029
REV-00016781,SKU-0015540,user_9029738,Susan,4,Better than I expected for the price.,2023-07-05,False,POSITIVE,1,SOURCE_G_REVIEWS,reviews_2023.csv,2023-07-05T15:11:39.365311908,BATCH-G-20230705
REV-00016807,SKU-0005361,user_9020178,Scott,1,"Waste of money, do not buy.",2023-02-08,True,NEGATIVE,6,SOURCE_G_REVIEWS,reviews_2023.csv,2023-02-08T17:34:57.610280282,BATCH-G-20230208
REV-00016810,SKU-9991258,user_9023197,Colleen Doyle,5,Great value for money.,2023-06-25,True,POSITIVE,1,SOURCE_G_REVIEWS,reviews_2023.csv,2023-06-23T13:00:00,BATCH-G-20230625
REV-00016821,SKU-0008496,user_9001745,Aaron,4,Highly recommend this product.,2023-09-17,False,POSITIVE,7,SOURCE_G_REVIEWS,reviews_2023.csv,2023-09-17T08:40:36.901824536,BATCH-G-20230917
REV-00016869,SKU-0012962,user_44096,Brian,5,Wrong item was shipped to me.,2023-01-02,True,NEGATIVE,1,SOURCE_G_REVIEWS,reviews_2023.csv,2023-01-03T05:35:48.054397998,BATCH-G-20230102
REV-00016872,SKU-0015499,,Anonymous,5,"Exactly as described, very happy.",2023-02-05,False,POSITIVE,0,SOURCE_G_REVIEWS,reviews_2023.csv,2023-02-05T17:22:59.151574786,BATCH-G-20230205
REV-00016890,SKU-0014884,user_9008131,David Clark,4,"Absolutely love it, works perfectly!",2023-01-15,True,POSITIVE,10,SOURCE_G_REVIEWS,reviews_2023.csv,2023-01-15T23:45:57.405296137,BATCH-G-20230115
REV-00016891,SKU-0003176,user_9007845,Barbara,5,Fast delivery and great quality.,2023-06-15,True,POSITIVE,2,SOURCE_G_REVIEWS,reviews_2023.csv,2023-06-15T09:46:50.460662120,BATCH-G-20230615
REV-00016896,SKU-0000764,user_9015790,James,5,"Solid build quality, no complaints.",2023-11-06,False,POSITIVE,4,SOURCE_G_REVIEWS,reviews_2023.csv,2023-11-06T13:12:11.432795826,BATCH-G-20231106
REV-00016905,SKU-0002611,user_9006505,Christine Ramirez,5,Fast delivery and great quality.,2023-11-12,True,POSITIVE,4,SOURCE_G_REVIEWS,reviews_2023.csv,2023-11-12T08:03:22.935124934,BATCH-G-20231112
REV-00016907,SKU-0016233,user_68557,Bruce,1,"Average quality, nothing special.",2023-08-12,True,NEUTRAL,5,SOURCE_G_REVIEWS,reviews_2023.csv,2023-08-12T16:10:00.819443981,BATCH-G-20230812
REV-00016913,SKU-0007752,user_13939,Mark,5,Highly recommend this product.,2023-12-28,False,POSITIVE,3,SOURCE_G_REVIEWS,reviews_2023.csv,2023-12-28T17:48:05.355183322,BATCH-G-20231228
REV-00016921,SKU-0004913,,Anonymous,4,   Highly  recommend  this  product.   ,2023-08-28,False,POSITIVE,1,SOURCE_G_REVIEWS,reviews_2023.csv,2023-08-28T06:01:07.468920123,BATCH-G-20230828
REV-00016925,SKU-0018371,,Anonymous,3,Decent but overpriced a bit.,2023-01-10,True,NEUTRAL,1,SOURCE_G_REVIEWS,reviews_2023.csv,2023-01-10T06:42:56.654413757,BATCH-G-20230110
REV-00016928,SKU-0013961,user_50916,Stephen,1,Wrong item was shipped to me.,2023-09-17,False,NEGATIVE,4,SOURCE_G_REVIEWS,reviews_2023.csv,2023-09-17T09:21:48.644586239,BATCH-G-20230917
REV-00016933,SKU-0003385,user_9006211,Charles,4,Exceeded my expectations. 👍😢,2023-11-06,True,POSITIVE,7,SOURCE_G_REVIEWS,reviews_2023.csv,2023-11-06T17:19:39.966853040,BATCH-G-20231106
REV-00016938,SKU-0018695,user_24238,William Smith,5,गुणवत्ता ठीक नहीं थी।,2023-02-14,False,POSITIVE,5,SOURCE_G_REVIEWS,reviews_2023.csv,2023-02-14T09:27:00.624185176,BATCH-G-20230214
REV-00016939,SKU-0015818,user_9011261,Sara Pugh,4,Exceeded my expectations.,2023-05-30,True,POSITIVE,0,SOURCE_G_REVIEWS,reviews_2023.csv,2023-05-30T02:13:56.392322244,BATCH-G-20230530
REV-00016943,SKU-0002793,,Anonymous,4,"Absolutely love it, works perfectly!",2023-03-27,True,POSITIVE,0,SOURCE_G_REVIEWS,reviews_2023.csv,2023-03-27T22:22:52.678413343,BATCH-G-20230327
REV-00016947,SKU-0009391,user_16936,Jason Mack,4,Exceeded my expectations.,2023-03-16,True,POSITIVE,5,SOURCE_G_REVIEWS,reviews_2023.csv,2023-03-16T21:09:10.456630885,BATCH-G-20230316
REV-00016959,SKU-9991804,user_57404,Samantha Graves,1,"Poor packaging, item was defective.",2023-12-11,True,NEGATIVE,2,SOURCE_G_REVIEWS,reviews_2023.csv,2023-12-12T02:47:04.859392923,BATCH-G-20231211
REV-00016974,SKU-0016693,user_9014392,Pamela Lawson,3,Works fine but delivery was slow.,2023-09-30,True,NEUTRAL,7,SOURCE_G_REVIEWS,reviews_2023.csv,2023-09-30T06:08:15.262477965,BATCH-G-20230930
REV-00016981,SKU-0013763,,Anonymous,1,"Waste of money, do not buy.",2023-03-08,True,NEGATIVE,0,SOURCE_G_REVIEWS,reviews_2023.csv,2023-03-08T17:48:15.982843771,BATCH-G-20230308
REV-00016989,SKU-0013494,user_51857,Alexander Bennett,4,Exceeded my expectations.,2023-11-18,True,POSITIVE,2,SOURCE_G_REVIEWS,reviews_2023.csv,2023-11-18T03:45:39.399200793,BATCH-G-20231118
REV-00016990,SKU-0001033,user_9012448,Sara Anderson,5,Better than I expected for the price. 😍,2023-03-10,True,POSITIVE,5,SOURCE_G_REVIEWS,reviews_2023.csv,2023-03-10T22:50:44.267424833,BATCH-G-20230310
REV-00016992,SKU-9925447,user_9031425,Erik,4,Great value for money.,2023-09-10,True,POSITIVE,0,SOURCE_G_REVIEWS,reviews_2023.csv,2023-09-10T13:51:28.270444727,BATCH-G-20230910
REV-00016999,SKU-0006685,user_48611,Monica Ho,4,Fast delivery and great quality.,2023-01-14,True,POSITIVE,2,SOURCE_G_REVIEWS,reviews_2023.csv,2023-01-14T12:23:29.330601626,BATCH-G-20230114
REV-00017011,SKU-0008084,user_9027183,Meagan Friedman,0,"Cheaply made, broke immediately.",2023-03-04,True,NEGATIVE,0,SOURCE_G_REVIEWS,reviews_2023.csv,2023-03-04T14:56:03.367320135,BATCH-G-20230304
REV-00017027,SKU-0018054,,Anonymous,4,Will definitely buy again.,2023-05-16,False,POSITIVE,1,SOURCE_G_REVIEWS,reviews_2023.csv,2023-05-16T23:25:04.319353043,BATCH-G-20230516
REV-00017034,SKU-9991258,user_65177,Crystal Paul,4,"Cheaply made, broke immediately.",2023-07-18,True,NEGATIVE,3,SOURCE_G_REVIEWS,reviews_2023.csv,2023-07-18T12:45:03.658402258,BATCH-G-20230718
REV-00017043,SKU-9923563,user_5493,Sheila Murphy,5,"Exactly as described, very happy.",2023-12-17,False,POSITIVE,0,SOURCE_G_REVIEWS,reviews_2023.csv,2023-12-17T19:26:28.393193551,BATCH-G-20231217
REV-00017053,SKU-0011594,user_9020721,Jesus Rowe,4,Great value for money.,2023-08-31,False,POSITIVE,5,SOURCE_G_REVIEWS,reviews_2023.csv,2023-08-31T10:04:42.926802651,BATCH-G-20230831
REV-00017054,SKU-0012826,,Anonymous,4,Exceeded my expectations.,2023-06-13,True,POSITIVE,5,SOURCE_G_REVIEWS,reviews_2023.csv,2023-06-14T00:14:25.887601509,BATCH-G-20230613
REV-00017058,SKU-0000562,user_9000469,Kiara Dickerson,5,"Exactly as described, very happy.",2023-03-07,True,POSITIVE,0,SOURCE_G_REVIEWS,reviews_2023.csv,2023-03-07T02:57:42.296521679,BATCH-G-20230307
REV-00017061,SKU-0018553,user_18296,Shirley Hernandez,5,"Perfect gift, they loved it!",2023-08-22,False,POSITIVE,1,SOURCE_G_REVIEWS,reviews_2023.csv,2023-08-22T02:40:54.684043346,BATCH-G-20230822
REV-00017073,SKU-0000142,user_9002099,Matthew Fry,3,"Not bad, not great either.",2023-12-18,True,NEUTRAL,1,SOURCE_G_REVIEWS,reviews_2023.csv,2023-12-18T03:28:09.536424211,BATCH-G-20231218
REV-00017080,SKU-0007751,user_9011220,George Fowler,4,"Exactly as described, very happy.",2023-03-10,True,POSITIVE,0,SOURCE_G_REVIEWS,reviews_2023.csv,2023-03-11T00:58:55.409195181,BATCH-G-20230310
REV-00017084,SKU-0016828,user_9001464,Robin Parks,5,"Livraison très lente, déçu. Highly recommend this product.",2023-08-17,False,POSITIVE,2,SOURCE_G_REVIEWS,reviews_2023.csv,2023-08-17T20:30:09.361178844,BATCH-G-20230817
REV-00017111,SKU-0018396,user_19116,Erica,3,"Average quality, nothing special.",2023-12-30,False,NEUTRAL,0,SOURCE_G_REVIEWS,reviews_2023.csv,2023-12-31T03:42:12.088664560,BATCH-G-20231230
REV-00017112,SKU-0004403,user_17007,Kristen Francis,5,"Absolutely love it, works perfectly!",2023-02-19,True,POSITIVE,5,SOURCE_G_REVIEWS,reviews_2023.csv,2023-02-19T02:31:36.490336560,BATCH-G-20230219
REV-00017138,SKU-0006990,user_9031262,Christina Collins,1,Very disappointed with the quality.,2023-10-06,True,NEGATIVE,1,SOURCE_G_REVIEWS,reviews_2023.csv,2023-10-06T15:32:23.292356452,BATCH-G-20231006
REV-00017143,SKU-0013715,,Anonymous,3,"No cumplió mis expectativas. Not bad, not great either.",2023-09-28,True,NEUTRAL,6,SOURCE_G_REVIEWS,reviews_2023.csv,2023-09-28T11:13:44.083255960,BATCH-G-20230928
REV-00017151,SKU-0007493,user_26169,Douglas,5,"Absolutely love it, works perfectly!",2023-12-30,True,POSITIVE,7,SOURCE_G_REVIEWS,reviews_2023.csv,2023-12-30T10:27:46.389410976,BATCH-G-20231230
REV-00017152,SKU-0018903,user_9022512,Michael,5,Fast delivery and great quality.,2023-01-28,False,POSITIVE,1,SOURCE_G_REVIEWS,reviews_2023.csv,2023-01-28T14:37:32.095850761,BATCH-G-20230128
REV-00017157,SKU-0001441,user_9021328,Brendan Knight,4,Stopped working after a week.,2023-06-26,True,NEGATIVE,3,SOURCE_G_REVIEWS,reviews_2023.csv,2023-06-26T02:04:12.429227348,BATCH-G-20230626
REV-00017163,SKU-0008592,user_9025334,Samantha Avery,3,"Average quality, nothing special.",2023-01-02,True,NEUTRAL,1,SOURCE_G_REVIEWS,reviews_2023.csv,2023-01-02T07:34:31.722061576,BATCH-G-20230102
REV-00017172,SKU-0017632,user_9019216,David Allen,null,"Absolutely love it, works perfectly!",2023-02-10,True,POSITIVE,5,SOURCE_G_REVIEWS,reviews_2023.csv,2023-02-10T10:22:50.596325747,BATCH-G-20230210
REV-00017179,SKU-0001701,,Anonymous,5,"Absolutely love it, works perfectly!",2023-03-29,True,POSITIVE,4,SOURCE_G_REVIEWS,reviews_2023.csv,2023-03-29T01:43:05.885514261,BATCH-G-20230329
REV-00017187,SKU-0000410,user_9021768,Ashley Miller DDS,5,Fast delivery and great quality.,2023-12-01,True,POSITIVE,4,SOURCE_G_REVIEWS,reviews_2023.csv,2023-12-01T16:14:58.430277393,BATCH-G-20231201
REV-00017188,SKU-0019454,user_63152,Lori Love,4,"<i>edited</i>Perfect gift, they loved it!<i>edited</i>",2023-11-12,True,POSITIVE,9,SOURCE_G_REVIEWS,reviews_2023.csv,2023-11-13T01:52:36.793587649,BATCH-G-20231112
REV-00017190,SKU-0020218,user_9005525,Gabriel Gonzales,NULL,Highly recommend this product. 💯,2023-10-09,False,POSITIVE,0,SOURCE_G_REVIEWS,reviews_2023.csv,2023-10-09T10:01:54.998802646,BATCH-G-20231009
REV-00017191,SKU-0018688,user_6713,Michael Spencer,3,"Average quality, nothing special.",2023-11-09,False,NEUTRAL,0,SOURCE_G_REVIEWS,reviews_2023.csv,2023-11-09T15:49:32.280857319,BATCH-G-20231109
REV-00017196,SKU-0012552,user_53396,John Hernandez,5,Fast delivery and great quality.,2023-04-01,True,POSITIVE,4,SOURCE_G_REVIEWS,reviews_2023.csv,2023-04-02T00:50:28.380001536,BATCH-G-20230401
REV-00017199,SKU-0015939,user_9021643,Anthony,5,Not as described at all.,2023-10-20,True,NEGATIVE,3,SOURCE_G_REVIEWS,reviews_2023.csv,2023-10-20T20:25:54.550770597,BATCH-G-20231020
REV-00017213,SKU-0019260,user_65448,Dr.,4,Highly recommend this product.,2023-06-03,False,POSITIVE,4,SOURCE_G_REVIEWS,reviews_2023.csv,2023-06-03T04:03:08.181545108,BATCH-G-20230603
REV-00017223,SKU-0013174,user_9014217,Catherine Davis,5,Highly recommend this product.,2023-03-09,True,POSITIVE,2,SOURCE_G_REVIEWS,reviews_2023.csv,2023-03-09T05:30:31.303358316,BATCH-G-20230309
REV-00017235,SKU-0004822,user_1866,Derrick Bell,3,"It's okay, does the job.",2023-02-28,True,NEUTRAL,0,SOURCE_G_REVIEWS,reviews_2023.csv,2023-02-28T01:35:35.823069399,BATCH-G-20230228
REV-00017241,SKU-0003423,user_35482,Diane Andrews,4,"Absolutely love it, works perfectly!",2023-01-01,True,POSITIVE,2,SOURCE_G_REVIEWS,reviews_2023.csv,2023-01-01T02:39:52.242652131,BATCH-G-20230101
REV-00017250,SKU-0009984,,Anonymous,4,Highly recommend this product. 😀,2023-10-07,False,POSITIVE,0,SOURCE_G_REVIEWS,reviews_2023.csv,2023-10-07T03:50:08.522720569,BATCH-G-20231007
REV-00017251,SKU-0003569,user_28337,Martha,4,</p>Will definitely buy again.<i>edited</i>,2023-11-17,True,POSITIVE,1,SOURCE_G_REVIEWS,reviews_2023.csv,2023-11-17T13:06:18.986617095,BATCH-G-20231117
REV-00017263,SKU-0020243,user_29375,Charles Graham,4,"Perfect gift, they loved it!",2023-06-20,False,POSITIVE,1,SOURCE_G_REVIEWS,reviews_2023.csv,2023-06-20T19:29:51.667142581,BATCH-G-20230620
REV-00017269,SKU-0016983,user_9017298,Miranda Jordan,4,"Solid build quality, no complaints.",2023-01-09,True,POSITIVE,-1,SOURCE_G_REVIEWS,reviews_2023.csv,2023-01-09T01:59:50.542514403,BATCH-G-20230109
REV-00017273,SKU-0012636,user_57639,Anthony Hogan,3,Very disappointed with the quality.,2023-05-29,False,NEGATIVE,5,SOURCE_G_REVIEWS,reviews_2023.csv,2023-05-29T18:20:54.068641808,BATCH-G-20230529
REV-00017279,SKU-0005983,,Anonymous,4,"Muy buen producto, lo recomiendo.",2023-04-06,False,POSITIVE,1,SOURCE_G_REVIEWS,reviews_2023.csv,2023-04-06T09:51:48.100847243,BATCH-G-20230406
REV-00017283,SKU-0014685,user_9033410,Kayla,5,Great value for money.,2023-01-14,False,POSITIVE,1,SOURCE_G_REVIEWS,reviews_2023.csv,2023-01-14T18:08:03.242535744,BATCH-G-20230114
REV-00017284,SKU-0013389,user_14100,Daniel Duffy,1,"Waste of money, do not buy.",2023-12-28,True,NEGATIVE,4,SOURCE_G_REVIEWS,reviews_2023.csv,2023-12-28T09:19:40.991056590,BATCH-G-20231228
REV-00017304,SKU-0016152,user_69450,Kathryn,4,"Livraison très lente, déçu.",2023-12-12,False,POSITIVE,0,SOURCE_G_REVIEWS,reviews_2023.csv,2023-12-13T01:20:34.196946892,BATCH-G-20231212
REV-00017308,SKU-0009850,user_47029,Cassandra,4,"Absolutely love it, works perfectly!",2023-09-11,True,POSITIVE,1,SOURCE_G_REVIEWS,reviews_2023.csv,2023-09-11T23:54:23.403209165,BATCH-G-20230911
REV-00017312,SKU-0013076,,Anonymous,4,"बहुत अच्छा उत्पाद है, पैसा वसूल!",2023-02-12,False,POSITIVE,2,SOURCE_G_REVIEWS,reviews_2023.csv,2023-02-12T16:19:18.640149439,BATCH-G-20230212
REV-00017319,SKU-9914106,user_24276,Danielle Velazquez,5,गुणवत्ता ठीक नहीं थी।,2023-09-06,True,POSITIVE,1,SOURCE_G_REVIEWS,reviews_2023.csv,2023-09-06T13:25:11.611896939,BATCH-G-20230906
REV-00017331,SKU-0008715,user_25704,Emily Jackson,3,"It's okay, does the job.",2023-01-18,False,NEUTRAL,4,SOURCE_G_REVIEWS,reviews_2023.csv,2023-01-19T05:55:33.954457285,BATCH-G-20230118
REV-00017339,SKU-0014647,user_9001231,Heather,3,"Matches the description, no issues.",2023-12-06,True,NEUTRAL,3,SOURCE_G_REVIEWS,reviews_2023.csv,2023-12-06T04:57:37.223946272,BATCH-G-20231206
REV-00017342,SKU-0003896,,Anonymous,5,Great value for money.,2023-07-05,False,POSITIVE,6,SOURCE_G_REVIEWS,reviews_2023.csv,2023-07-05T14:12:44.706033756,BATCH-G-20230705
REV-00017344,SKU-0003386,user_9022376,Kristina,5,"Muy buen producto, lo recomiendo. Highly recommend this product.",2023-12-12,False,POSITIVE,20,SOURCE_G_REVIEWS,reviews_2023.csv,2023-12-12T20:34:46.318878674,BATCH-G-20231212
REV-00017345,SKU-0003750,,Anonymous,2,"Poor packaging, item was defective.",2023-11-06,True,NEGATIVE,0,SOURCE_G_REVIEWS,reviews_2023.csv,2023-11-06T10:16:30.067991065,BATCH-G-20231106
REV-00017348,SKU-0015578,user_59335,Joseph,Unknown,Exceeded my expectations.,2023-08-23,True,POSITIVE,5,SOURCE_G_REVIEWS,reviews_2023.csv,2023-08-23T16:02:00.026644729,BATCH-G-20230823
REV-00017350,SKU-0020178,user_9001184,Mr.,5,"Perfect gift, they loved it!",2023-11-04,True,POSITIVE,5,SOURCE_G_REVIEWS,reviews_2023.csv,2023-11-04T20:36:23.653550850,BATCH-G-20231104
REV-00017358,SKU-0013178,user_9003574,Danny Schneider,5,Will definitely buy again.,2023-07-26,True,POSITIVE,0,SOURCE_G_REVIEWS,reviews_2023.csv,2023-07-26T01:56:02.884080880,BATCH-G-20230726
REV-00017360,SKU-0013427,,Anonymous,5,"Absolutely love it, works perfectly!",2023-07-14,True,POSITIVE,1,SOURCE_G_REVIEWS,reviews_2023.csv,2023-07-14T13:11:38.410505936,BATCH-G-20230714
REV-00017364,SKU-0020167,,Anonymous,4,Better than I expected for the price.,2023-11-12,False,POSITIVE,1,SOURCE_G_REVIEWS,reviews_2023.csv,2023-11-19T08:00:00,BATCH-G-20231112
REV-00017376,SKU-0005584,user_9033818,James,1,Very disappointed with the quality.,2023-07-29,True,NEGATIVE,2,SOURCE_G_REVIEWS,reviews_2023.csv,2023-07-29T12:56:27.201600097,BATCH-G-20230729
REV-00017385,SKU-0000691,user_18861,Melissa Wilson,1,Decent but overpriced a bit.,2023-05-22,True,NEUTRAL,7,SOURCE_G_REVIEWS,reviews_2023.csv,2023-05-22T17:10:31.692082857,BATCH-G-20230522
REV-00017402,SKU-0008582,user_9012411,Michael Williams MD,5,"Solid build quality, no complaints.",2023-03-04,True,POSITIVE,1,SOURCE_G_REVIEWS,reviews_2023.csv,2023-03-04T17:42:05.149867521,BATCH-G-20230304
REV-00017405,SKU-0017707,user_22790,Shane,3,"   Matches  the  description,  no  issues.   ",2023-12-04,True,NEUTRAL,0,SOURCE_G_REVIEWS,reviews_2023.csv,2023-12-04T07:47:25.740897326,BATCH-G-20231204
REV-00017408,SKU-0016560,,Anonymous,4,"बहुत अच्छा उत्पाद है, पैसा वसूल!",2023-01-18,True,POSITIVE,13,SOURCE_G_REVIEWS,reviews_2023.csv,2023-01-18T06:59:28.128642265,BATCH-G-20230118
REV-00017419,SKU-0003256,user_16087,Ashley Duarte,5,Not as described at all.,2023-04-03,False,NEGATIVE,1,SOURCE_G_REVIEWS,reviews_2023.csv,2023-04-04T04:05:28.236852402,BATCH-G-20230403
REV-00017420,SKU-0001681,user_17836,Patricia Smith,5,"Poor packaging, item was defective.",2023-01-16,False,NEGATIVE,0,SOURCE_G_REVIEWS,reviews_2023.csv,2023-01-16T03:20:52.941542636,BATCH-G-20230116
REV-00017425,SKU-0016195,,Anonymous,5,Fast delivery and great quality.,2023-06-27,False,POSITIVE,0,SOURCE_G_REVIEWS,reviews_2023.csv,2023-06-27T09:30:00.272065655,BATCH-G-20230627
REV-00017432,SKU-0004459,,Anonymous,5,NA,2023-08-10,True,POSITIVE,0,SOURCE_G_REVIEWS,reviews_2023.csv,2023-08-11T03:01:00.017453471,BATCH-G-20230810
REV-00017449,SKU-0016075,user_9010835,Michelle Harris,2,Not as described at all.,2023-10-09,True,NEGATIVE,2,SOURCE_G_REVIEWS,reviews_2023.csv,2023-10-09T23:11:13.471802755,BATCH-G-20231009
REV-00017451,SKU-0012895,user_9007878,Kimberly Gentry,4,"बहुत अच्छा उत्पाद है, पैसा वसूल! Solid build quality, no complaints.",2023-05-06,True,POSITIVE,3,SOURCE_G_REVIEWS,reviews_2023.csv,2023-05-06T17:20:14.729307096,BATCH-G-20230506
REV-00017454,SKU-0014472,,Anonymous,5,   Highly  recommend  this  product.   ,2023-06-10,True,POSITIVE,3,SOURCE_G_REVIEWS,reviews_2023.csv,2023-06-10T03:02:35.982576488,BATCH-G-20230610
REV-00017456,SKU-0008185,,Anonymous,2,"Waste of money, do not buy.",2023-04-28,True,NEGATIVE,1,SOURCE_G_REVIEWS,reviews_2023.csv,2023-04-28T01:43:29.894292790,BATCH-G-20230428
REV-00017461,SKU-0001309,user_11412,Justin,5,Great value for money.,2023-01-10,False,POSITIVE,0,SOURCE_G_REVIEWS,reviews_2023.csv,2023-01-10T15:01:02.893386516,BATCH-G-20230110
REV-00017464,SKU-0010614,user_9027896,Richard Snyder,5,"Solid build quality, no complaints.",2023-02-16,False,POSITIVE,5,SOURCE_G_REVIEWS,reviews_2023.csv,2023-02-16T22:22:32.906145184,BATCH-G-20230216
REV-00017467,SKU-0014467,,Anonymous,5,"Absolutely love it, works perfectly!",2023-04-01,False,POSITIVE,3,SOURCE_G_REVIEWS,reviews_2023.csv,2023-04-02T04:17:46.811589242,BATCH-G-20230401
REV-00017485,SKU-0014230,user_56488,Kaylee,5,"Solid build quality, no complaints.",2023-08-08,False,POSITIVE,4,SOURCE_G_REVIEWS,reviews_2023.csv,2023-08-08T05:55:01.375235475,BATCH-G-20230808
REV-00017486,SKU-0014076,user_9020318,Daniel,4,"Solid build quality, no complaints.",2023-11-27,True,POSITIVE,0,SOURCE_G_REVIEWS,reviews_2023.csv,2023-11-27T16:39:45.182233568,BATCH-G-20231127
REV-00017504,SKU-0018687,user_3982,Stephanie Mills,4,"Solid build quality, no complaints.",2023-04-24,True,POSITIVE,0,SOURCE_G_REVIEWS,reviews_2023.csv,2023-04-24T10:18:36.855289744,BATCH-G-20230424
REV-00017507,SKU-0000252,user_425,Erin Harrington,4,"Muy buen producto, lo recomiendo.",2023-09-10,True,POSITIVE,7,SOURCE_G_REVIEWS,reviews_2023.csv,2023-09-10T20:53:26.840453363,BATCH-G-20230910
REV-00017508,SKU-0004255,user_9017584,Jason Gonzalez,3,Decent but overpriced a bit.,2023-09-27,False,NEUTRAL,1,SOURCE_G_REVIEWS,reviews_2023.csv,2023-09-28T00:29:33.393404057,BATCH-G-20230927
REV-00017533,SKU-0003533,user_9021254,Terry Bradley,5,Better than I expected for the price.,2023-11-06,True,POSITIVE,2,SOURCE_G_REVIEWS,reviews_2023.csv,2023-11-06T11:27:11.785376717,BATCH-G-20231106
REV-00017540,SKU-0013477,user_9007444,Robert,4,"Exactly as described, very happy.",2023-10-24,True,POSITIVE,2,SOURCE_G_REVIEWS,reviews_2023.csv,2023-10-25T05:14:56.803034457,BATCH-G-20231024
REV-00017541,SKU-0014479,user_9008382,Jeremy,5,Better than I expected for the price.,2023-02-10,True,POSITIVE,3,SOURCE_G_REVIEWS,reviews_2023.csv,2023-02-11T03:36:26.272309472,BATCH-G-20230210
REV-00017559,SKU-0014060,,Anonymous,4,"Absolutely love it, works perfectly!",2023-07-29,True,POSITIVE,0,SOURCE_G_REVIEWS,reviews_2023.csv,2023-07-29T20:06:55.990975577,BATCH-G-20230729
REV-00017568,SKU-0004327,,Anonymous,-,"Exactly as described, very happy.",2023-11-25,True,POSITIVE,1,SOURCE_G_REVIEWS,reviews_2023.csv,2023-11-25T13:35:08.895728637,BATCH-G-20231125
REV-00017573,SKU-0000843,user_9028415,Brian,5,<br>Exceeded my expectations.</p>,2023-02-02,True,POSITIVE,2,SOURCE_G_REVIEWS,reviews_2023.csv,2023-02-02T21:27:40.615047922,BATCH-G-20230202
REV-00017580,SKU-0006520,user_12197,Brenda Vasquez PhD,4,"Absolutely love it, works perfectly!",2023-11-23,False,POSITIVE,0,SOURCE_G_REVIEWS,reviews_2023.csv,2023-11-23T07:55:04.358659710,BATCH-G-20231123
REV-00017584,SKU-0019382,user_9032206,Edward Johnson,2,Very disappointed with the quality.,2023-11-15,False,NEGATIVE,2,SOURCE_G_REVIEWS,reviews_2023.csv,2023-11-15T07:26:00.497247604,BATCH-G-20231115
REV-00017600,SKU-9900049,user_17703,Carlos,4,"Solid build quality, no complaints. 😡",2023-12-04,True,POSITIVE,4,SOURCE_G_REVIEWS,reviews_2023.csv,2023-12-04T19:26:29.973333253,BATCH-G-20231204
REV-00017605,SKU-0003840,user_9034027,Charles Adams,4,Better than I expected for the price.,2023-06-20,False,POSITIVE,6,SOURCE_G_REVIEWS,reviews_2023.csv,2023-06-21T01:54:12.120003863,BATCH-G-20230620
REV-00017607,SKU-0005098,user_4120,Alex,5,"Solid build quality, no complaints.",2023-09-29,True,POSITIVE,2,SOURCE_G_REVIEWS,reviews_2023.csv,2023-09-29T05:31:59.008535367,BATCH-G-20230929
REV-00017615,SKU-0003012,user_44420,Mrs. Andrea King,5,Great value for money.,2023-12-14,True,POSITIVE,17,SOURCE_G_REVIEWS,reviews_2023.csv,2023-12-14T20:16:51.192738352,BATCH-G-20231214
REV-00017633,SKU-0005914,user_12530,Michael Marquez,5,Fast delivery and great quality.,2023-04-02,True,POSITIVE,1,SOURCE_G_REVIEWS,reviews_2023.csv,2023-04-02T23:34:44.904161731,BATCH-G-20230402
REV-00017636,SKU-0011093,user_9010205,David Lang,5,Better than I expected for the price.,2023-09-17,True,POSITIVE,0,SOURCE_G_REVIEWS,reviews_2023.csv,2023-09-17T22:27:43.972451768,BATCH-G-20230917
REV-00017644,SKU-0015172,,Anonymous,4,No cumplió mis expectativas.,2023-12-22,False,POSITIVE,2,SOURCE_G_REVIEWS,reviews_2023.csv,2023-12-22T14:04:15.848657251,BATCH-G-20231222
REV-00017659,SKU-0011783,,Anonymous,-,Great value for money.,2023-04-24,False,POSITIVE,2,SOURCE_G_REVIEWS,reviews_2023.csv,2023-04-24T17:08:58.053992614,BATCH-G-20230424
REV-00017664,SKU-0010826,user_9020222,Nancy,4,"Livraison très lente, déçu.",2023-05-17,False,POSITIVE,1,SOURCE_G_REVIEWS,reviews_2023.csv,2023-05-17T01:25:19.290161912,BATCH-G-20230517
REV-00017706,SKU-0002303,user_19730,Cathy Oliver,5,"Solid build quality, no complaints.",2023-03-11,True,POSITIVE,1,SOURCE_G_REVIEWS,reviews_2023.csv,2023-03-11T10:50:23.670695841,BATCH-G-20230311
REV-00017707,SKU-0002656,,Anonymous,5,"Solid build quality, no complaints.",2023-07-14,False,POSITIVE,4,SOURCE_G_REVIEWS,reviews_2023.csv,2023-07-14T18:36:24.668255156,BATCH-G-20230714
REV-00017722,SKU-0016395,user_9034460,Vickie,5,Will definitely buy again.,2023-04-30,False,POSITIVE,2,SOURCE_G_REVIEWS,reviews_2023.csv,2023-05-01T03:13:11.119407905,BATCH-G-20230430
REV-00017731,SKU-0006940,user_60951,Jennifer,3,Decent but overpriced a bit.,2023-07-28,False,NEUTRAL,1,SOURCE_G_REVIEWS,reviews_2023.csv,2023-07-28T12:02:07.432853788,BATCH-G-20230728
REV-00017742,SKU-0014835,user_9005643,Fernando Chang,5,"Solid build quality, no complaints.",2023-05-29,False,POSITIVE,6,SOURCE_G_REVIEWS,reviews_2023.csv,2023-05-30T00:19:08.302204668,BATCH-G-20230529
REV-00017753,SKU-0007845,user_34601,Janice,5,Fast delivery and great quality.,2023-12-14,True,POSITIVE,2,SOURCE_G_REVIEWS,reviews_2023.csv,2023-12-15T01:14:55.094515859,BATCH-G-20231214
REV-00017760,SKU-0010432,user_27658,John,5,"Exactly as described, very happy.",2023-03-02,True,POSITIVE,1,SOURCE_G_REVIEWS,reviews_2023.csv,2023-03-02T16:16:21.048332484,BATCH-G-20230302
REV-00017763,SKU-0002063,user_18741,Nichole Smith,5,Highly recommend this product.,2023-04-15,False,POSITIVE,3,SOURCE_G_REVIEWS,reviews_2023.csv,2023-04-15T01:43:19.037979933,BATCH-G-20230415
REV-00017777,SKU-0015133,user_47662,Philip Simmons,5,"Absolutely love it, works perfectly!",2023-11-14,False,POSITIVE,0,SOURCE_G_REVIEWS,reviews_2023.csv,2023-11-15T02:34:47.601833951,BATCH-G-20231114
REV-00017779,SKU-0018326,user_9004461,Nicole,5,"Exactly as described, very happy.",2023-07-07,False,POSITIVE,0,SOURCE_G_REVIEWS,reviews_2023.csv,2023-07-08T02:24:53.614681004,BATCH-G-20230707
REV-00017785,SKU-0016656,,Anonymous,4,Will definitely buy again.,2023-03-21,True,POSITIVE,4,SOURCE_G_REVIEWS,reviews_2023.csv,2023-03-21T04:20:04.710306040,BATCH-G-20230321
REV-00017787,SKU-0000880,user_9013689,Tabitha,5,Highly recommend this product.,2023-01-25,True,POSITIVE,4,SOURCE_G_REVIEWS,reviews_2023.csv,2023-01-25T15:41:22.739416756,BATCH-G-20230125
REV-00017792,SKU-0015287,user_1596,Joseph Harris,4,"बहुत अच्छा उत्पाद है, पैसा वसूल!",2023-06-16,True,POSITIVE,4,SOURCE_G_REVIEWS,reviews_2023.csv,2023-06-16T18:31:29.876121277,BATCH-G-20230616
REV-00017793,SKU-0000228,user_59203,Shawn Crawford,4,"Exactly as described, very happy.",2023-07-25,True,POSITIVE,1,SOURCE_G_REVIEWS,reviews_2023.csv,2023-07-26T01:22:14.650285353,BATCH-G-20230725
REV-00017795,SKU-0006837,user_47439,Christian,5,Highly recommend this product.,2023-10-17,True,POSITIVE,7,SOURCE_G_REVIEWS,reviews_2023.csv,2023-10-17T13:49:17.582416274,BATCH-G-20231017
REV-00017800,SKU-0016916,,Anonymous,4,"Average quality, nothing special.",2023-09-30,False,NEUTRAL,3,SOURCE_G_REVIEWS,reviews_2023.csv,2023-10-01T02:06:00.301532115,BATCH-G-20230930
REV-00017804,SKU-0000765,user_30437,Susan Hayes,4,Better than I expected for the price.,2023-07-12,False,POSITIVE,6,SOURCE_G_REVIEWS,reviews_2023.csv,2023-07-12T19:15:24.250353827,BATCH-G-20230712
REV-00017807,SKU-0016230,user_12911,John,5,"Perfect gift, they loved it!",2023-04-20,False,POSITIVE,6,SOURCE_G_REVIEWS,reviews_2023.csv,2023-04-20T02:25:43.735735381,BATCH-G-20230420
REV-00017819,SKU-0011911,user_45889,Nicole,5,Better than I expected for the price.,2023-06-10,True,POSITIVE,1,SOURCE_G_REVIEWS,reviews_2023.csv,2023-06-11T01:20:31.651198264,BATCH-G-20230610
REV-00017822,SKU-0005032,,Anonymous,5,"   बहुत  अच्छा  उत्पाद  है,  पैसा  वसूल!   ",2023-08-22,False,POSITIVE,7,SOURCE_G_REVIEWS,reviews_2023.csv,2023-08-23T04:38:37.643884222,BATCH-G-20230822
REV-00017823,SKU-0009793,user_9006464,Jim,1,Unknown,2023-07-02,False,NEGATIVE,0,SOURCE_G_REVIEWS,reviews_2023.csv,2023-07-02T12:24:43.577633603,BATCH-G-20230702
REV-00017824,SKU-0013981,user_9026936,Corey,5,Fast delivery and great quality.,2023-04-28,True,POSITIVE,9,SOURCE_G_REVIEWS,reviews_2023.csv,2023-04-28T18:02:50.859411510,BATCH-G-20230428
REV-00017834,SKU-0012030,user_9001334,Kari Reyes,5,"Exactly as described, very happy.",2023-08-05,True,POSITIVE,5,SOURCE_G_REVIEWS,reviews_2023.csv,2023-08-06T02:09:42.699599494,BATCH-G-20230805
REV-00017842,SKU-0000881,,Anonymous,5,Will definitely buy again.,2023-09-30,True,POSITIVE,0,SOURCE_G_REVIEWS,reviews_2023.csv,2023-10-01T03:59:39.579862843,BATCH-G-20230930
REV-00017859,SKU-0016642,,Anonymous,1,Stopped working after a week.,2023-12-14,True,NEGATIVE,1,SOURCE_G_REVIEWS,reviews_2023.csv,2023-12-14T09:12:19.408102785,BATCH-G-20231214
REV-00017864,SKU-0015254,user_68423,Andrew,4,Fast delivery and great quality.,2023-03-04,True,POSITIVE,0,SOURCE_G_REVIEWS,reviews_2023.csv,2023-03-04T13:44:49.419917218,BATCH-G-20230304
REV-00017869,SKU-0019523,user_10645,Shane Brooks,5,"Absolutely love it, works perfectly!",2023-06-16,False,POSITIVE,2,SOURCE_G_REVIEWS,reviews_2023.csv,2023-06-17T00:21:44.161192148,BATCH-G-20230616
REV-00017879,SKU-0005755,user_9003344,Michael,4,Excellent rapport qualité-prix.,2023-11-22,True,POSITIVE,0,SOURCE_G_REVIEWS,reviews_2023.csv,2023-11-22T18:20:14.034974826,BATCH-G-20231122
REV-00017881,SKU-0008557,user_9006045,Richard Williams,2,Very disappointed with the quality.,2023-05-02,False,NEGATIVE,0,SOURCE_G_REVIEWS,reviews_2023.csv,2023-05-02T20:58:04.983848525,BATCH-G-20230502
REV-00017889,SKU-0010444,user_9028237,Kenneth,1,Very disappointed with the quality.,2023-12-26,True,NEGATIVE,2,SOURCE_G_REVIEWS,reviews_2023.csv,2023-12-26T15:57:07.400962034,BATCH-G-20231226
REV-00017890,SKU-0014094,user_9004548,Cynthia Robinson,4,"Exactly as described, very happy.",2023-02-01,False,POSITIVE,1,SOURCE_G_REVIEWS,reviews_2023.csv,2023-02-01T00:55:00.469972338,BATCH-G-20230201
REV-00017896,SKU-0000339,,Anonymous,3,"Matches the description, no issues.",2023-03-18,True,NEUTRAL,3,SOURCE_G_REVIEWS,reviews_2023.csv,2023-03-18T20:38:27.948768227,BATCH-G-20230318
REV-00017909,SKU-0012925,user_9018265,Michael Cummings,1,NA,2023-01-29,True,NEGATIVE,2,SOURCE_G_REVIEWS,reviews_2023.csv,2023-01-29T12:32:11.034955175,BATCH-G-20230129
REV-00017913,SKU-0010679,,Anonymous,,Exceeded my expectations.,2023-04-29,False,POSITIVE,0,SOURCE_G_REVIEWS,reviews_2023.csv,2023-04-29T16:10:59.198533460,BATCH-G-20230429
REV-00017916,SKU-0003958,user_9000595,Michelle Payne,4,"बहुत अच्छा उत्पाद है, पैसा वसूल!",2023-11-16,False,POSITIVE,3,SOURCE_G_REVIEWS,reviews_2023.csv,2023-11-16T01:30:08.210970317,BATCH-G-20231116
REV-00017919,SKU-0019040,user_9019829,Bradley Armstrong,4,"Absolutely love it, works perfectly!",2023-03-01,False,POSITIVE,4,SOURCE_G_REVIEWS,reviews_2023.csv,2023-03-01T06:22:12.060451863,BATCH-G-20230301
REV-00017923,SKU-0003920,user_8367,Katelyn,4,"Solid build quality, no complaints.",2023-09-10,False,POSITIVE,-1,SOURCE_G_REVIEWS,reviews_2023.csv,2023-09-10T08:11:01.989642396,BATCH-G-20230910
REV-00017939,SKU-9960760,user_24721,Michael Miller,5,"Not bad, not great either.",2023-01-01,False,NEUTRAL,0,SOURCE_G_REVIEWS,reviews_2023.csv,2023-01-01T21:19:12.625728985,BATCH-G-20230101
REV-00017946,SKU-0008812,user_23388,Jessica,5,Fast delivery and great quality.,2023-01-14,False,POSITIVE,9,SOURCE_G_REVIEWS,reviews_2023.csv,2023-01-14T23:10:03.786630686,BATCH-G-20230114
REV-00017957,SKU-0016260,user_9014528,Kenneth Hamilton,5,Will definitely buy again.,2023-11-24,False,POSITIVE,0,SOURCE_G_REVIEWS,reviews_2023.csv,2023-11-25T05:14:23.221455606,BATCH-G-20231124
REV-00017959,SKU-0005469,user_15616,Douglas Rodriguez,3,"Poor packaging, item was defective.",2023-08-02,False,NEGATIVE,1,SOURCE_G_REVIEWS,reviews_2023.csv,2023-08-02T20:47:27.237909254,BATCH-G-20230802
REV-00017968,SKU-0000816,user_9021121,Michael Fitzgerald,5,"बहुत अच्छा उत्पाद है, पैसा वसूल!",2023-11-15,False,POSITIVE,1,SOURCE_G_REVIEWS,reviews_2023.csv,2023-11-15T15:11:43.339112610,BATCH-G-20231115
REV-00017972,SKU-0010116,user_9025342,Patrick Ryan,5,Exceeded my expectations.,2023-07-13,True,POSITIVE,4,SOURCE_G_REVIEWS,reviews_2023.csv,2023-07-13T12:00:41.374743885,BATCH-G-20230713
REV-00017985,SKU-0019941,user_9031899,Oscar Rogers,5,Exceeded my expectations.,2023-06-02,True,POSITIVE,0,SOURCE_G_REVIEWS,reviews_2023.csv,2023-06-02T22:42:56.304614445,BATCH-G-20230602
REV-00017986,SKU-0006386,user_9001545,Tim,4,"Solid build quality, no complaints. 😐😐",2023-01-12,True,POSITIVE,3,SOURCE_G_REVIEWS,reviews_2023.csv,2023-01-13T03:02:35.936545374,BATCH-G-20230112
REV-00017991,SKU-0010149,,Anonymous,4,Better than I expected for the price.,2023-08-25,True,POSITIVE,0,SOURCE_G_REVIEWS,reviews_2023.csv,2023-08-25T20:12:39.362731117,BATCH-G-20230825
REV-00017993,SKU-0006704,user_20054,Matthew Nichols,4,"Absolutely love it, works perfectly!",2023-02-22,True,POSITIVE,1,SOURCE_G_REVIEWS,reviews_2023.csv,2023-02-22T11:58:03.922767790,BATCH-G-20230222
REV-00017994,SKU-0005881,,Anonymous,5,"Solid build quality, no complaints.",2023-09-10,False,POSITIVE,2,SOURCE_G_REVIEWS,reviews_2023.csv,2023-09-11T04:39:14.872215593,BATCH-G-20230910
REV-00017997,SKU-0001180,user_64635,Veronica Morton,null,Great value for money.,2023-03-03,True,POSITIVE,0,SOURCE_G_REVIEWS,reviews_2023.csv,2023-03-03T00:38:28.598914544,BATCH-G-20230303
REV-00018036,SKU-0018304,user_9030344,Robert Miller,5,Highly recommend this product.,2023-05-09,False,POSITIVE,1,SOURCE_G_REVIEWS,reviews_2023.csv,2023-05-13T07:00:00,BATCH-G-20230509
REV-00018049,SKU-0003307,user_42380,Taylor,1,Wrong item was shipped to me.,2023-03-03,False,NEGATIVE,4,SOURCE_G_REVIEWS,reviews_2023.csv,2023-03-03T22:07:14.701369424,BATCH-G-20230303
REV-00018064,SKU-0000873,user_9000131,Andrew,5,"<i>edited</i>Absolutely love it, works perfectly!<b>Update:</b>",2023-02-13,True,POSITIVE,3,SOURCE_G_REVIEWS,reviews_2023.csv,2023-02-13T19:02:53.238053678,BATCH-G-20230213
REV-00018072,SKU-0014288,user_16927,Richard Joseph,4,Great value for money.,2023-01-29,False,POSITIVE,12,SOURCE_G_REVIEWS,reviews_2023.csv,2023-01-29T01:17:26.830980947,BATCH-G-20230129
REV-00018101,SKU-0006082,user_35690,Kimberly Ramos,3,Works fine but delivery was slow.,2023-11-25,True,NEUTRAL,1,SOURCE_G_REVIEWS,reviews_2023.csv,2023-11-26T02:50:56.901984481,BATCH-G-20231125
REV-00018102,SKU-9949903,,Anonymous,5,   Exceeded  my  expectations.   ,2023-09-06,False,POSITIVE,10,SOURCE_G_REVIEWS,reviews_2023.csv,2023-09-06T17:20:01.799312189,BATCH-G-20230906
REV-00018108,SKU-0003233,user_9026555,Patricia,5,"बहुत अच्छा उत्पाद है, पैसा वसूल!",2023-03-27,True,POSITIVE,2,SOURCE_G_REVIEWS,reviews_2023.csv,2023-03-28T02:47:54.012286628,BATCH-G-20230327
REV-00018111,SKU-0010114,,Anonymous,5,Great value for money.,2023-12-09,False,POSITIVE,0,SOURCE_G_REVIEWS,reviews_2023.csv,2023-12-10T05:46:44.221938422,BATCH-G-20231209
REV-00018118,SKU-0006082,user_9032271,Brian Davis,4,"Exactly as described, very happy.",2023-12-08,True,POSITIVE,1,SOURCE_G_REVIEWS,reviews_2023.csv,2023-12-08T23:35:04.623861909,BATCH-G-20231208
REV-00018125,SKU-9965260,user_9014398,Amanda Cameron,4,"बहुत अच्छा उत्पाद है, पैसा वसूल!",2023-02-16,True,POSITIVE,1,SOURCE_G_REVIEWS,reviews_2023.csv,2023-02-17T05:07:38.600608643,BATCH-G-20230216
REV-00018126,SKU-0006850,,Anonymous,5,"Exactly as described, very happy.",2023-12-24,False,POSITIVE,0,SOURCE_G_REVIEWS,reviews_2023.csv,2023-12-24T10:21:55.667618024,BATCH-G-20231224
REV-00018129,SKU-0010038,user_9025757,Bruce,3,"   <b>Update:</b>Matches  the  description,  no  issues.<br>   ",2023-03-11,False,NEUTRAL,0,SOURCE_G_REVIEWS,reviews_2023.csv,2023-03-12T03:44:33.967523168,BATCH-G-20230311
REV-00018129-DUP,SKU-0010038,user_9025757,Bruce,3,"   <b>Update:</b>Matches  the  description,  no  issues.<br>   ",2023-03-11,False,NEUTRAL,0,SOURCE_G_REVIEWS,reviews_2023.csv,2023-03-12T04:09:33.967523168,BATCH-G-20230311
REV-00018130,SKU-0013821,,Anonymous,5,?,2023-01-06,True,POSITIVE,13,SOURCE_G_REVIEWS,reviews_2023.csv,2023-01-06T21:20:28.701991817,BATCH-G-20230106
REV-00018137,SKU-0005526,,Anonymous,,"Absolutely love it, works perfectly!",2023-05-21,False,POSITIVE,0,SOURCE_G_REVIEWS,reviews_2023.csv,2023-05-21T10:34:16.166027412,BATCH-G-20230521
REV-00018147,SKU-0014324,,Anonymous,5,"Exactly as described, very happy.",2023-04-08,True,POSITIVE,5,SOURCE_G_REVIEWS,reviews_2023.csv,2023-04-08T10:01:32.504866696,BATCH-G-20230408
REV-00018152,SKU-0012809,,Anonymous,5,"गुणवत्ता ठीक नहीं थी। Waste of money, do not buy.",2023-10-18,True,NEGATIVE,6,SOURCE_G_REVIEWS,reviews_2023.csv,2023-10-18T15:27:24.953705278,BATCH-G-20231018
REV-00018161,SKU-0017422,,Anonymous,5,Will definitely buy again.,2023-12-28,True,POSITIVE,2,SOURCE_G_REVIEWS,reviews_2023.csv,2023-12-28T13:12:55.116503874,BATCH-G-20231228
REV-00018170,SKU-0014039,user_9028514,Carrie,3,"It's okay, does the job.",2023-07-12,True,NEUTRAL,4,SOURCE_G_REVIEWS,reviews_2023.csv,2023-07-12T10:37:45.330609048,BATCH-G-20230712
REV-00018173,SKU-0019553,,Anonymous,5,Unknown,2023-02-11,False,POSITIVE,2,SOURCE_G_REVIEWS,reviews_2023.csv,2023-02-12T04:40:58.073152643,BATCH-G-20230211
REV-00018205,SKU-0010541,user_9002325,Dawn Rodriguez,4,"Solid build quality, no complaints.",2023-03-30,True,POSITIVE,2,SOURCE_G_REVIEWS,reviews_2023.csv,2023-03-30T05:23:08.571326421,BATCH-G-20230330
REV-00018214,SKU-0005461,user_40450,Henry Smith,5,"Solid build quality, no complaints.",2023-07-21,True,POSITIVE,1,SOURCE_G_REVIEWS,reviews_2023.csv,2023-07-21T18:34:08.855716596,BATCH-G-20230721
REV-00018217,SKU-0007759,user_37711,Julia Rose,3,"It's okay, does the job.",2023-10-12,True,NEUTRAL,0,SOURCE_G_REVIEWS,reviews_2023.csv,2023-10-12T09:18:57.246590113,BATCH-G-20231012
REV-00018222,SKU-0002520,user_6556,Alexander,3,"Matches the description, no issues.",2023-12-21,True,NEUTRAL,4,SOURCE_G_REVIEWS,reviews_2023.csv,2023-12-21T08:53:27.274994736,BATCH-G-20231221
REV-00018253,SKU-9975140,,Anonymous,5,Highly recommend this product.,2023-01-09,True,POSITIVE,4,SOURCE_G_REVIEWS,reviews_2023.csv,2023-01-09T08:28:03.845247091,BATCH-G-20230109
REV-00018253-DUP,SKU-9975140,,Anonymous,5,Highly recommend this product.,2023-01-09,True,POSITIVE,4,SOURCE_G_REVIEWS,reviews_2023.csv,2023-01-09T08:39:03.845247091,BATCH-G-20230109
REV-00018256,SKU-0004611,,Anonymous,0,Will definitely buy again.,2023-10-13,True,POSITIVE,2,SOURCE_G_REVIEWS,reviews_2023.csv,2023-10-26T05:00:00,BATCH-G-20231013
REV-00018261,SKU-0019990,,Anonymous,6,"Livraison très lente, déçu. 😢😢",2023-03-21,True,POSITIVE,0,SOURCE_G_REVIEWS,reviews_2023.csv,2023-03-21T14:34:36.316949134,BATCH-G-20230321
REV-00018263,SKU-0013456,user_9031935,Corey,5,Highly recommend this product.,2023-12-30,True,POSITIVE,1,SOURCE_G_REVIEWS,reviews_2023.csv,2023-12-31T04:02:38.335552136,BATCH-G-20231230
REV-00018265,SKU-0017475,user_45804,Jonathan,5,"Perfect gift, they loved it! 😐",2023-06-07,False,POSITIVE,1,SOURCE_G_REVIEWS,reviews_2023.csv,2023-06-07T23:14:43.675726809,BATCH-G-20230607
REV-00018290,SKU-0006124,user_2590,Austin,4,"Livraison très lente, déçu. 😡",2023-01-05,False,POSITIVE,4,SOURCE_G_REVIEWS,reviews_2023.csv,2023-01-06T04:52:50.376857530,BATCH-G-20230105
REV-00018298,SKU-0005532,user_58052,Bonnie Mason,5,Highly recommend this product.,2023-08-04,False,POSITIVE,0,SOURCE_G_REVIEWS,reviews_2023.csv,2023-08-05T02:26:51.892801681,BATCH-G-20230804
REV-00018311,SKU-0005209,user_4766,Alexandria Barron,1,Arrived damaged and support was unhelpful.,2023-07-09,False,NEGATIVE,3,SOURCE_G_REVIEWS,reviews_2023.csv,2023-07-09T09:42:18.360241606,BATCH-G-20230709
REV-00018317,SKU-0015865,user_44084,Kathleen Thomas,5,"Absolutely love it, works perfectly!",2023-07-14,True,POSITIVE,3,SOURCE_G_REVIEWS,reviews_2023.csv,2023-08-02T05:00:00,BATCH-G-20230714
REV-00018320,SKU-0018187,user_28509,Donald Roy,4,Highly recommend this product.,2023-04-03,True,POSITIVE,0,SOURCE_G_REVIEWS,reviews_2023.csv,2023-04-04T03:06:32.990454630,BATCH-G-20230403
REV-00018321,SKU-0009052,user_13385,Shawn Cannon,1,"Waste of money, do not buy.",2023-08-26,True,NEGATIVE,3,SOURCE_G_REVIEWS,reviews_2023.csv,2023-08-26T22:04:05.527002356,BATCH-G-20230826
REV-00018325,SKU-9976482,,Anonymous,,"बहुत अच्छा उत्पाद है, पैसा वसूल! ⭐😀",2023-04-28,False,POSITIVE,6,SOURCE_G_REVIEWS,reviews_2023.csv,2023-05-09T07:00:00,BATCH-G-20230428
REV-00018330,SKU-0010114,user_9023206,David Garcia,5,Fast delivery and great quality.,2023-06-16,False,POSITIVE,0,SOURCE_G_REVIEWS,reviews_2023.csv,2023-06-16T16:42:53.716925158,BATCH-G-20230616
REV-00018331,SKU-9968789,,Anonymous,2,Wrong item was shipped to me.,2023-04-26,False,NEGATIVE,2,SOURCE_G_REVIEWS,reviews_2023.csv,2023-04-26T04:56:49.105545548,BATCH-G-20230426
REV-00018334,SKU-0013725,user_9019030,Mr. Nathan Ellis,3,"Average quality, nothing special. 😢",2023-01-16,True,NEUTRAL,3,SOURCE_G_REVIEWS,reviews_2023.csv,2023-01-16T01:08:16.556101805,BATCH-G-20230116
REV-00018338,SKU-0007994,,Anonymous,3,"Matches the description, no issues.",2023-03-04,False,NEUTRAL,3,SOURCE_G_REVIEWS,reviews_2023.csv,2023-03-04T02:01:21.150419394,BATCH-G-20230304
REV-00018340,SKU-0013712,user_9015837,Christopher Smith,4,Will definitely buy again.,2023-09-06,True,POSITIVE,2,SOURCE_G_REVIEWS,reviews_2023.csv,2023-09-07T05:41:41.772381210,BATCH-G-20230906
REV-00018347,SKU-9933610,,Anonymous,5,   Better  than  I  expected  for  the  price.   ,2023-02-18,True,POSITIVE,3,SOURCE_G_REVIEWS,reviews_2023.csv,2023-02-18T17:55:01.986265322,BATCH-G-20230218
REV-00018356,SKU-0007929,,Anonymous,4,Better than I expected for the price.,2023-01-15,False,POSITIVE,1,SOURCE_G_REVIEWS,reviews_2023.csv,2023-01-15T13:35:55.608103022,BATCH-G-20230115
REV-00018360,SKU-0007205,user_9025917,Michele Rodriguez,4,Exceeded my expectations.,2023-11-12,False,POSITIVE,1,SOURCE_G_REVIEWS,reviews_2023.csv,2023-11-12T06:09:13.058258626,BATCH-G-20231112
REV-00018375,SKU-0006426,user_7865,Gabriel Butler,3,"It's okay, does the job.",2023-06-29,False,NEUTRAL,11,SOURCE_G_REVIEWS,reviews_2023.csv,2023-06-29T16:52:44.317869115,BATCH-G-20230629
REV-00018387,SKU-0007891,,Anonymous,4,<i>edited</i>Better than I expected for the price.<br>,2023-11-08,False,POSITIVE,0,SOURCE_G_REVIEWS,reviews_2023.csv,2023-11-08T08:10:50.470864304,BATCH-G-20231108
REV-00018402,SKU-0015774,,Anonymous,5,Wrong item was shipped to me.,2023-09-11,False,NEGATIVE,2,SOURCE_G_REVIEWS,reviews_2023.csv,2023-09-11T10:49:32.932579119,BATCH-G-20230911
REV-00018407,SKU-0003711,,Anonymous,3,"Livraison très lente, déçu.",2023-01-02,True,NEUTRAL,0,SOURCE_G_REVIEWS,reviews_2023.csv,2023-01-03T04:25:59.052782757,BATCH-G-20230102
REV-00018417,SKU-0007470,user_9019814,Joshua Humphrey,1,Very disappointed with the quality.,2023-08-10,False,NEGATIVE,0,SOURCE_G_REVIEWS,reviews_2023.csv,2023-08-10T10:26:02.792099118,BATCH-G-20230810
REV-00018427,SKU-0016976,,Anonymous,3,"Average quality, nothing special.",2023-11-28,False,NEUTRAL,6,SOURCE_G_REVIEWS,reviews_2023.csv,2023-11-28T13:10:45.153321531,BATCH-G-20231128
REV-00018434,SKU-0008943,user_9031302,Brian Perez,2,Not as described at all.,2023-09-10,True,NEGATIVE,4,SOURCE_G_REVIEWS,reviews_2023.csv,2023-09-10T16:21:08.903696104,BATCH-G-20230910
REV-00018436,SKU-0018254,user_69764,John Mullins,5,Great value for money.,2023-02-12,False,POSITIVE,10,SOURCE_G_REVIEWS,reviews_2023.csv,2023-02-12T18:33:17.365278492,BATCH-G-20230212
REV-00018472,SKU-0011198,,Anonymous,1,Stopped working after a week.,2023-01-28,False,NEGATIVE,7,SOURCE_G_REVIEWS,reviews_2023.csv,2023-01-29T04:43:14.964185510,BATCH-G-20230128
REV-00018473,SKU-0016423,user_40333,Jamie,1,Stopped working after a week.,2023-01-23,True,NEGATIVE,0,SOURCE_G_REVIEWS,reviews_2023.csv,2023-01-23T13:59:50.255852557,BATCH-G-20230123
REV-00018485,SKU-0005529,user_9000742,Thomas,1,Arrived damaged and support was unhelpful. 😍😐,2023-02-07,False,NEGATIVE,2,SOURCE_G_REVIEWS,reviews_2023.csv,2023-02-08T00:48:40.072644706,BATCH-G-20230207
REV-00018490,SKU-0004432,user_9015376,Jason Salazar,3,Decent but overpriced a bit.,2023-12-23,True,NEUTRAL,2,SOURCE_G_REVIEWS,reviews_2023.csv,2023-12-23T03:02:02.958622097,BATCH-G-20231223
REV-00018491,SKU-0010032,user_9009100,Sarah,5,No cumplió mis expectativas. Exceeded my expectations.,2023-07-11,False,POSITIVE,10,SOURCE_G_REVIEWS,reviews_2023.csv,2023-07-11T06:17:12.768701052,BATCH-G-20230711
REV-00018494,SKU-0004633,,Anonymous,5,"Not bad, not great either. 🙏",2023-05-04,True,NEUTRAL,1,SOURCE_G_REVIEWS,reviews_2023.csv,2023-05-05T05:30:34.279750597,BATCH-G-20230504
REV-00018517,SKU-9933888,,Anonymous,5,"Perfect gift, they loved it!",2023-05-16,False,POSITIVE,11,SOURCE_G_REVIEWS,reviews_2023.csv,2023-05-16T12:35:24.171333965,BATCH-G-20230516
REV-00018520,SKU-0004918,user_42270,Beverly Mcdonald,4,Highly recommend this product.,2023-12-14,True,POSITIVE,0,SOURCE_G_REVIEWS,reviews_2023.csv,2023-12-15T01:12:50.334939107,BATCH-G-20231214
REV-00018522,SKU-0002990,,Anonymous,3,"Matches the description, no issues.",2023-12-12,True,NEUTRAL,1,SOURCE_G_REVIEWS,reviews_2023.csv,2023-12-12T12:43:18.540939016,BATCH-G-20231212
REV-00018525,SKU-0013607,user_9024984,Bernard Walton,5,"बहुत अच्छा उत्पाद है, पैसा वसूल!",2023-01-31,True,POSITIVE,3,SOURCE_G_REVIEWS,reviews_2023.csv,2023-01-31T14:45:11.363074903,BATCH-G-20230131
REV-00018533,SKU-0016699,user_9009358,Mr. Edward Garrett Jr.,4,Better than I expected for the price.,2023-11-25,True,POSITIVE,1,SOURCE_G_REVIEWS,reviews_2023.csv,2023-11-25T22:38:49.747790750,BATCH-G-20231125
REV-00018534,SKU-0019739,user_9019767,Jennifer Lyons,2,"   Cheaply  made,  broke  immediately.  🔥   ",2023-04-04,True,NEGATIVE,0,SOURCE_G_REVIEWS,reviews_2023.csv,2023-04-04T11:50:51.234033854,BATCH-G-20230404
REV-00018538,SKU-0007332,user_9032779,Michael Mcdowell,5,Better than I expected for the price. 😡😡,2023-12-22,True,POSITIVE,2,SOURCE_G_REVIEWS,reviews_2023.csv,2023-12-22T21:29:20.788826463,BATCH-G-20231222
REV-00018559,SKU-0014050,user_9620,Kathryn,NA,Highly recommend this product.,2023-05-16,False,POSITIVE,3,SOURCE_G_REVIEWS,reviews_2023.csv,2023-05-16T07:04:15.208910213,BATCH-G-20230516
REV-00018561,SKU-0001438,,Anonymous,5,"Absolutely love it, works perfectly!",2023-08-08,False,POSITIVE,3,SOURCE_G_REVIEWS,reviews_2023.csv,2023-08-08T17:25:35.361418218,BATCH-G-20230808
REV-00018568,SKU-0017298,user_63239,Tina Ferguson,2,"Waste of money, do not buy.",2023-07-06,False,NEGATIVE,3,SOURCE_G_REVIEWS,reviews_2023.csv,2023-07-06T02:19:45.102261791,BATCH-G-20230706
REV-00018569,SKU-0005088,user_9014330,Angela Hodge,4,"It's okay, does the job.",2023-03-11,False,NEUTRAL,1,SOURCE_G_REVIEWS,reviews_2023.csv,2023-03-11T17:12:54.557700153,BATCH-G-20230311
REV-00018570,SKU-0015856,,Anonymous,5,"Absolutely love it, works perfectly!",2023-12-25,True,POSITIVE,3,SOURCE_G_REVIEWS,reviews_2023.csv,2023-12-25T04:51:37.677237177,BATCH-G-20231225
REV-00018570-DUP,SKU-0015856,,Anonymous,5,"Absolutely love it, works perfectly!",2023-12-25,True,POSITIVE,3,SOURCE_G_REVIEWS,reviews_2023.csv,2023-12-25T05:11:37.677237177,BATCH-G-20231225
REV-00018571,SKU-0003914,user_9015726,Priscilla Campbell,4,Highly recommend this product. 🔥👍,2023-05-14,False,POSITIVE,0,SOURCE_G_REVIEWS,reviews_2023.csv,2023-05-14T03:39:47.304324364,BATCH-G-20230514
REV-00018574,SKU-0004245,user_9013913,Jasmine,5,Exceeded my expectations.,2023-06-21,True,POSITIVE,1,SOURCE_G_REVIEWS,reviews_2023.csv,2023-06-21T18:44:11.762420129,BATCH-G-20230621
REV-00018588,SKU-0005209,user_42025,Donald Stanley,4,Will definitely buy again.,2023-02-11,True,POSITIVE,2,SOURCE_G_REVIEWS,reviews_2023.csv,2023-02-11T14:39:05.200065455,BATCH-G-20230211
REV-00018593,SKU-0000922,user_23176,Julie,3,"Average quality, nothing special.",2023-01-10,True,NEUTRAL,4,SOURCE_G_REVIEWS,reviews_2023.csv,2023-01-10T19:12:30.491741811,BATCH-G-20230110
REV-00018611,SKU-0002086,user_9024523,Steve Perez,4,Will definitely buy again.,2023-12-20,False,POSITIVE,7,SOURCE_G_REVIEWS,reviews_2023.csv,2023-12-20T01:16:02.841941921,BATCH-G-20231220
REV-00018611-DUP,SKU-0002086,user_9024523,Steve Perez,4,Will definitely buy again.,2023-12-20,False,POSITIVE,7,SOURCE_G_REVIEWS,reviews_2023.csv,2023-12-20T01:29:02.841941921,BATCH-G-20231220
REV-00018612,SKU-9939740,user_24442,Robert Torres,5,Very disappointed with the quality.,2023-07-03,True,NEGATIVE,5,SOURCE_G_REVIEWS,reviews_2023.csv,2023-07-03T01:40:59.606748204,BATCH-G-20230703
REV-00018622,SKU-0000728,,Anonymous,3,"It's okay, does the job.",2023-12-27,False,NEUTRAL,14,SOURCE_G_REVIEWS,reviews_2023.csv,2023-12-28T02:18:37.155415247,BATCH-G-20231227
REV-00018629,SKU-0019993,,Anonymous,1,"Cheaply made, broke immediately.",2023-05-13,True,NEGATIVE,2,SOURCE_G_REVIEWS,reviews_2023.csv,2023-05-13T05:56:22.143040204,BATCH-G-20230513
REV-00018649,SKU-0004306,,Anonymous,3,"It's okay, does the job.",2023-09-22,True,NEUTRAL,6,SOURCE_G_REVIEWS,reviews_2023.csv,2023-09-22T04:50:36.064696830,BATCH-G-20230922
REV-00018664,SKU-0006499,user_9030910,Jessica Norman,2,"<br>Poor packaging, item was defective.<br>",2023-01-17,True,NEGATIVE,3,SOURCE_G_REVIEWS,reviews_2023.csv,2023-01-17T08:27:01.063161492,BATCH-G-20230117
REV-00018693,SKU-0014613,user_53491,Amber Stone,3,"Not bad, not great either.",2023-03-02,True,NEUTRAL,2,SOURCE_G_REVIEWS,reviews_2023.csv,2023-03-02T09:29:14.286051871,BATCH-G-20230302
REV-00018719,SKU-9983362,user_9025299,David,5,   Highly  recommend  this  product.  🔥   ,2023-11-30,True,POSITIVE,0,SOURCE_G_REVIEWS,reviews_2023.csv,2023-12-01T04:12:32.412365380,BATCH-G-20231130
REV-00018732,SKU-9945318,,Anonymous,6,Exceeded my expectations.,2023-12-28,True,POSITIVE,1,SOURCE_G_REVIEWS,reviews_2023.csv,2023-12-28T04:05:00.906882378,BATCH-G-20231228
REV-00018736,SKU-0017708,user_9010609,Tonya Williams,4,"Cheaply made, broke immediately.",2023-07-24,True,NEGATIVE,0,SOURCE_G_REVIEWS,reviews_2023.csv,2023-07-24T05:40:37.211588374,BATCH-G-20230724
REV-00018737,SKU-0008366,,Anonymous,4,Better than I expected for the price.,2023-03-04,False,POSITIVE,3,SOURCE_G_REVIEWS,reviews_2023.csv,2023-03-04T09:29:53.185430826,BATCH-G-20230304
REV-00018770,SKU-0007311,user_34236,John Bailey,1,"Waste of money, do not buy.",2023-12-05,True,NEGATIVE,1,SOURCE_G_REVIEWS,reviews_2023.csv,2023-12-06T00:54:07.853643735,BATCH-G-20231205
REV-00018778,SKU-0001092,user_9016120,Gregory Hicks,5,"Perfect gift, they loved it!",2023-06-17,True,POSITIVE,4,SOURCE_G_REVIEWS,reviews_2023.csv,2023-06-17T08:36:16.341077101,BATCH-G-20230617
REV-00018796,SKU-0003219,user_9014315,Lauren Montes,4,Exceeded my expectations.,2023-07-24,False,POSITIVE,0,SOURCE_G_REVIEWS,reviews_2023.csv,2023-07-24T19:28:59.146432326,BATCH-G-20230724
REV-00018799,SKU-0018195,user_9033702,Kathryn,5,"Perfect gift, they loved it!",2023-09-01,True,POSITIVE,0,SOURCE_G_REVIEWS,reviews_2023.csv,2023-09-01T15:28:52.360700751,BATCH-G-20230901
REV-00018800,SKU-0010080,,Anonymous,3,"It's okay, does the job.",2023-10-07,False,NEUTRAL,0,SOURCE_G_REVIEWS,reviews_2023.csv,2023-10-07T07:06:50.406862289,BATCH-G-20231007
REV-00018828,SKU-0015157,user_9009037,Devin Glass,5,"Muy buen producto, lo recomiendo. ⭐",2023-08-31,True,POSITIVE,17,SOURCE_G_REVIEWS,reviews_2023.csv,2023-08-31T12:43:37.141721345,BATCH-G-20230831
REV-00018829,SKU-0013747,user_4245,Robert Diaz,3,"Average quality, nothing special.",2023-10-25,True,NEUTRAL,1,SOURCE_G_REVIEWS,reviews_2023.csv,2023-10-25T14:56:39.689737475,BATCH-G-20231025
REV-00018836,SKU-0012019,user_26169,Douglas,4,Highly recommend this product. 😍,2023-04-15,False,POSITIVE,8,SOURCE_G_REVIEWS,reviews_2023.csv,2023-04-15T09:29:49.157619179,BATCH-G-20230415
REV-00018837,SKU-0004866,user_52463,Courtney,4,"Perfect gift, they loved it!",2023-10-21,False,POSITIVE,6,SOURCE_G_REVIEWS,reviews_2023.csv,2023-10-21T00:47:30.090757967,BATCH-G-20231021
REV-00018838,SKU-0007337,user_68403,Kyle Benton,3,"Matches the description, no issues.",2023-12-13,False,NEUTRAL,8,SOURCE_G_REVIEWS,reviews_2023.csv,2023-12-13T10:34:11.238178523,BATCH-G-20231213
REV-00018845,SKU-0013457,,Anonymous,5,Exceeded my expectations.,2023-10-21,True,POSITIVE,9,SOURCE_G_REVIEWS,reviews_2023.csv,2023-10-21T16:28:12.416478344,BATCH-G-20231021
REV-00018849,SKU-0012759,user_9011401,Tammy Holden,2,   Wrong  item  was  shipped  to  me.   ,2023-01-13,True,NEGATIVE,0,SOURCE_G_REVIEWS,reviews_2023.csv,2023-01-13T01:23:43.731153048,BATCH-G-20230113
REV-00018850,SKU-9944069,user_28806,Tracey Herman,5,"Perfect gift, they loved it!",2023-11-17,True,POSITIVE,2,SOURCE_G_REVIEWS,reviews_2023.csv,2023-11-17T15:23:59.172885845,BATCH-G-20231117
REV-00018859,SKU-0008598,user_9009260,Thomas Morales,1,"Cheaply made, broke immediately.",2023-07-08,False,NEGATIVE,0,SOURCE_G_REVIEWS,reviews_2023.csv,2023-07-08T14:15:39.598774395,BATCH-G-20230708
REV-00018863,SKU-0011786,user_9014596,Michelle Rodriguez,4,"Muy buen producto, lo recomiendo.",2023-01-02,False,POSITIVE,0,SOURCE_G_REVIEWS,reviews_2023.csv,2023-01-03T00:38:22.961189211,BATCH-G-20230102
REV-00018865,SKU-0003043,user_16846,Christopher Brown,2,Stopped working after a week.,2023-05-09,False,NEGATIVE,10,SOURCE_G_REVIEWS,reviews_2023.csv,2023-05-09T04:49:11.872816552,BATCH-G-20230509
REV-00018865-DUP,SKU-0003043,user_16846,Christopher Brown,2,Stopped working after a week.,2023-05-09,False,NEGATIVE,10,SOURCE_G_REVIEWS,reviews_2023.csv,2023-05-09T05:27:11.872816552,BATCH-G-20230509
REV-00018871,SKU-0007235,,Anonymous,4,Better than I expected for the price.,2023-06-13,False,POSITIVE,1,SOURCE_G_REVIEWS,reviews_2023.csv,2023-06-13T04:07:43.880765617,BATCH-G-20230613
REV-00018881,SKU-9938911,user_21612,Michael,1,Excellent rapport qualité-prix.,2023-03-03,True,NEGATIVE,1,SOURCE_G_REVIEWS,reviews_2023.csv,2023-03-03T14:39:54.149538556,BATCH-G-20230303
REV-00018886,SKU-0010467,,Anonymous,4,"Solid build quality, no complaints.",2023-02-06,True,POSITIVE,4,SOURCE_G_REVIEWS,reviews_2023.csv,2023-02-06T08:58:54.989171367,BATCH-G-20230206
REV-00018894,SKU-0001497,user_9013299,Amber,null,"Perfect gift, they loved it!",2023-12-17,False,POSITIVE,6,SOURCE_G_REVIEWS,reviews_2023.csv,2023-12-17T05:18:22.056179339,BATCH-G-20231217
REV-00018896,SKU-0005020,user_50549,Tina Phelps,5,Great value for money.,2023-02-01,False,POSITIVE,1,SOURCE_G_REVIEWS,reviews_2023.csv,2023-02-02T01:28:25.973363651,BATCH-G-20230201
REV-00018897,SKU-0015144,,Anonymous,3,Works fine but delivery was slow.,2023-03-09,True,NEUTRAL,1,SOURCE_G_REVIEWS,reviews_2023.csv,2023-03-10T03:06:49.408085234,BATCH-G-20230309
REV-00018900,SKU-0014491,user_9022513,Omar Berger,5,Great value for money.,2023-09-22,True,POSITIVE,4,SOURCE_G_REVIEWS,reviews_2023.csv,2023-09-22T06:27:08.220974634,BATCH-G-20230922
REV-00018906,SKU-0002655,,Anonymous,3,Decent but overpriced a bit.,2023-07-24,False,NEUTRAL,13,SOURCE_G_REVIEWS,reviews_2023.csv,2023-07-24T16:03:28.842057911,BATCH-G-20230724
REV-00018923,SKU-9912463,user_33667,Eric,4,"Waste of money, do not buy.",2023-03-28,False,NEGATIVE,3,SOURCE_G_REVIEWS,reviews_2023.csv,2023-03-28T12:50:25.531331862,BATCH-G-20230328
REV-00018925,SKU-0006323,user_9028488,Kayla Haynes,4,Fast delivery and great quality.,2023-03-23,True,POSITIVE,0,SOURCE_G_REVIEWS,reviews_2023.csv,2023-03-23T07:02:58.923600925,BATCH-G-20230323
REV-00018928,SKU-0008741,user_29787,Michelle,3,Works fine but delivery was slow.,2023-05-02,False,NEUTRAL,8,SOURCE_G_REVIEWS,reviews_2023.csv,2023-05-02T20:40:25.158151095,BATCH-G-20230502
REV-00018956,SKU-0006381,user_9004308,Micheal,5,Highly recommend this product.,2023-09-12,True,POSITIVE,2,SOURCE_G_REVIEWS,reviews_2023.csv,2023-09-12T05:37:12.497187569,BATCH-G-20230912
REV-00018966,SKU-0000999,user_52449,Gregg Acevedo,4,"Excellent rapport qualité-prix. Average quality, nothing special. 😐",2023-05-10,True,NEUTRAL,0,SOURCE_G_REVIEWS,reviews_2023.csv,2023-05-10T16:37:37.432142905,BATCH-G-20230510
REV-00018976,SKU-0012471,user_9017027,Carmen,3,Works fine but delivery was slow.,2023-06-08,True,NEUTRAL,6,SOURCE_G_REVIEWS,reviews_2023.csv,2023-06-08T23:36:39.508360237,BATCH-G-20230608
REV-00018995,SKU-0011444,,Anonymous,4,"बहुत अच्छा उत्पाद है, पैसा वसूल!",2023-08-10,True,POSITIVE,0,SOURCE_G_REVIEWS,reviews_2023.csv,2023-08-10T18:05:01.454681747,BATCH-G-20230810
REV-00018998,SKU-0000506,user_10498,Julian Thomas,2,गुणवत्ता ठीक नहीं थी। Not as described at all.,2023-10-23,True,NEGATIVE,5,SOURCE_G_REVIEWS,reviews_2023.csv,2023-10-23T21:14:39.845035863,BATCH-G-20231023
REV-00019011,SKU-0018548,user_9033970,Julie,5,"Perfect gift, they loved it!",2023-08-16,True,POSITIVE,0,SOURCE_G_REVIEWS,reviews_2023.csv,2023-08-16T12:14:24.476511745,BATCH-G-20230816
REV-00019012,SKU-0013443,user_9033383,Tiffany Smith,4,"   Solid  build  quality,  no  complaints.   ",2023-04-07,False,POSITIVE,0,SOURCE_G_REVIEWS,reviews_2023.csv,2023-04-07T13:11:06.923164371,BATCH-G-20230407
REV-00019017,SKU-0010949,user_9003043,Louis Patterson,4,"Absolutely love it, works perfectly!",2023-10-29,True,POSITIVE,1,SOURCE_G_REVIEWS,reviews_2023.csv,2023-10-29T23:08:47.903573018,BATCH-G-20231029
REV-00019049,SKU-0000440,user_9020272,Sheila Watts,5,Will definitely buy again.,2023-08-26,False,POSITIVE,0,SOURCE_G_REVIEWS,reviews_2023.csv,2023-08-26T11:54:02.090797380,BATCH-G-20230826
REV-00019051,SKU-0000220,user_8609,Sharon Lawrence,4,"Exactly as described, very happy.",2023-09-13,False,POSITIVE,2,SOURCE_G_REVIEWS,reviews_2023.csv,2023-09-13T01:18:39.364371268,BATCH-G-20230913
REV-00019052,SKU-0013067,user_9002965,Christina,5,Highly recommend this product.,2023-05-08,False,POSITIVE,1,SOURCE_G_REVIEWS,reviews_2023.csv,2023-05-08T12:48:58.092692278,BATCH-G-20230508
REV-00019054,SKU-0001380,user_9033315,Sheila Dunn,5,Exceeded my expectations.,2023-11-19,True,POSITIVE,17,SOURCE_G_REVIEWS,reviews_2023.csv,2023-11-19T13:44:30.661390266,BATCH-G-20231119
REV-00019084,SKU-0012750,user_9016483,Shelby Thompson,4,"Exactly as described, very happy.",2023-06-06,True,POSITIVE,4,SOURCE_G_REVIEWS,reviews_2023.csv,2023-06-06T18:50:35.880149214,BATCH-G-20230606
REV-00019093,SKU-0010413,user_9021572,Ethan,4,Stopped working after a week.,2023-12-14,True,NEGATIVE,1,SOURCE_G_REVIEWS,reviews_2023.csv,2023-12-14T12:32:50.071296355,BATCH-G-20231214
REV-00019104,SKU-0006736,user_32886,James Campbell,5,Will definitely buy again.,2023-07-26,False,POSITIVE,0,SOURCE_G_REVIEWS,reviews_2023.csv,2023-07-25T20:00:00,BATCH-G-20230726
REV-00019115,SKU-0008500,user_9002065,Steven Schneider,3,"Not bad, not great either.",2023-04-28,True,NEUTRAL,0,SOURCE_G_REVIEWS,reviews_2023.csv,2023-04-29T04:24:54.102693830,BATCH-G-20230428
REV-00019125,SKU-0016405,user_9014233,Derek Bonilla,5,Exceeded my expectations.,2023-11-30,False,POSITIVE,2,SOURCE_G_REVIEWS,reviews_2023.csv,2023-11-30T17:15:39.888226986,BATCH-G-20231130
REV-00019127,SKU-0015464,user_47859,Blake Meyer,3,Will definitely buy again.,2023-12-28,True,POSITIVE,10,SOURCE_G_REVIEWS,reviews_2023.csv,2023-12-28T05:30:30.598425583,BATCH-G-20231228
REV-00019128,SKU-0001715,user_9000040,Hannah Willis,1,Very disappointed with the quality. 😡👍,2023-11-08,False,NEGATIVE,3,SOURCE_G_REVIEWS,reviews_2023.csv,2023-11-08T12:31:23.198966922,BATCH-G-20231108
REV-00019130,SKU-0016803,user_9014572,John,4,"Absolutely love it, works perfectly!",2023-07-29,False,POSITIVE,7,SOURCE_G_REVIEWS,reviews_2023.csv,2023-07-30T01:11:46.186068285,BATCH-G-20230729
REV-00019132,SKU-0007178,,Anonymous,4,Great value for money.,2023-01-23,False,POSITIVE,1,SOURCE_G_REVIEWS,reviews_2023.csv,2023-01-23T12:07:27.229229467,BATCH-G-20230123
REV-00019140,SKU-0016579,user_7288,Stephen Snow,4,"Perfect gift, they loved it!",2023-11-02,True,POSITIVE,0,SOURCE_G_REVIEWS,reviews_2023.csv,2023-11-03T00:26:53.291115665,BATCH-G-20231102
REV-00019151,SKU-0016862,,Anonymous,1,Stopped working after a week.,2023-01-11,True,NEGATIVE,0,SOURCE_G_REVIEWS,reviews_2023.csv,2023-01-09T00:00:00,BATCH-G-20230111
REV-00019152,SKU-0002543,,Anonymous,4,Great value for money.,2023-12-24,False,POSITIVE,0,SOURCE_G_REVIEWS,reviews_2023.csv,2023-12-24T15:55:08.609085060,BATCH-G-20231224
REV-00019154,SKU-0003229,,Anonymous,3,"Not bad, not great either.",2023-12-24,True,NEUTRAL,4,SOURCE_G_REVIEWS,reviews_2023.csv,2023-12-24T22:04:20.223613523,BATCH-G-20231224
REV-00019165,SKU-0002002,,Anonymous,5,"   Solid  build  quality,  no  complaints.   ",2023-05-14,False,POSITIVE,0,SOURCE_G_REVIEWS,reviews_2023.csv,2023-05-15T03:30:49.415193825,BATCH-G-20230514
REV-00019172,SKU-0006400,user_9029757,John Rodriguez,4,Fast delivery and great quality.,2023-10-10,False,POSITIVE,1,SOURCE_G_REVIEWS,reviews_2023.csv,2023-10-10T14:55:11.446409385,BATCH-G-20231010
REV-00019176,SKU-0006934,user_9001204,Amanda,5,Fast delivery and great quality.,2023-09-09,True,POSITIVE,1,SOURCE_G_REVIEWS,reviews_2023.csv,2023-09-09T04:27:29.416520624,BATCH-G-20230909
REV-00019178,SKU-0008352,user_9016048,Kelly Johnson,2,"Poor packaging, item was defective.",2023-06-27,False,NEGATIVE,0,SOURCE_G_REVIEWS,reviews_2023.csv,2023-06-27T06:41:40.142857620,BATCH-G-20230627
REV-00019188,SKU-0002319,user_9022376,Kristina,5,"Solid build quality, no complaints.",2023-10-07,False,POSITIVE,0,SOURCE_G_REVIEWS,reviews_2023.csv,2023-10-07T16:28:08.026124939,BATCH-G-20231007
REV-00019192,SKU-0008952,,Anonymous,1,"Waste of money, do not buy.",2023-12-10,True,NEGATIVE,9,SOURCE_G_REVIEWS,reviews_2023.csv,2023-12-10T01:46:25.558049004,BATCH-G-20231210
REV-00019194,SKU-0010383,user_18907,Christy Martin,4,"Solid build quality, no complaints. 😍",2023-12-30,False,POSITIVE,2,SOURCE_G_REVIEWS,reviews_2023.csv,2023-12-30T09:32:01.082299886,BATCH-G-20231230
REV-00019198,SKU-0008732,user_14482,Kenneth,4,No cumplió mis expectativas.,2023-02-03,True,POSITIVE,5,SOURCE_G_REVIEWS,reviews_2023.csv,2023-02-03T06:44:14.121212509,BATCH-G-20230203
REV-00019226,SKU-0015600,user_62800,Justin Watson,1,गुणवत्ता ठीक नहीं थी।,2023-06-04,True,NEGATIVE,0,SOURCE_G_REVIEWS,reviews_2023.csv,2023-06-04T01:26:46.209282077,BATCH-G-20230604
REV-00019243,SKU-0007850,user_9032342,Jonathan Davis,5,Better than I expected for the price.,2023-06-28,True,POSITIVE,0,SOURCE_G_REVIEWS,reviews_2023.csv,2023-06-28T14:07:54.033752347,BATCH-G-20230628
REV-00019244,SKU-0016162,user_9006957,Sharon Smith,4,Fast delivery and great quality.,2023-01-05,True,POSITIVE,0,SOURCE_G_REVIEWS,reviews_2023.csv,2023-01-05T04:04:22.813083137,BATCH-G-20230105
REV-00019249,SKU-0010659,user_41347,Patricia Holland,5,"Exactly as described, very happy.",2023-06-02,True,POSITIVE,0,SOURCE_G_REVIEWS,reviews_2023.csv,2023-06-02T12:49:07.061411558,BATCH-G-20230602
REV-00019250,SKU-0005461,,Anonymous,4,Better than I expected for the price.,2023-07-24,True,POSITIVE,1,SOURCE_G_REVIEWS,reviews_2023.csv,2023-07-24T16:07:10.485696753,BATCH-G-20230724
REV-00019265,SKU-0007285,user_9684,Renee,3,Decent but overpriced a bit.,2023-01-29,False,NEUTRAL,0,SOURCE_G_REVIEWS,reviews_2023.csv,2023-01-30T01:10:15.335140350,BATCH-G-20230129
REV-00019266,SKU-0005713,user_790,Heather Miller,5,Fast delivery and great quality.,2023-02-16,False,POSITIVE,11,SOURCE_G_REVIEWS,reviews_2023.csv,2023-02-16T03:15:20.629402579,BATCH-G-20230216
REV-00019271,SKU-0006139,user_42962,Brian Sharp,5,Exceeded my expectations.,2023-01-03,True,POSITIVE,1,SOURCE_G_REVIEWS,reviews_2023.csv,2023-01-03T11:42:49.798313295,BATCH-G-20230103
REV-00019279,SKU-0011625,user_7729,Stephanie White,7,Decent but overpriced a bit.,2023-01-31,True,NEUTRAL,3,SOURCE_G_REVIEWS,reviews_2023.csv,2023-01-31T10:45:16.491121202,BATCH-G-20230131
REV-00019300,SKU-0003430,user_9016135,Kimberly Hall,3,"Average quality, nothing special.",2023-05-23,True,NEUTRAL,4,SOURCE_G_REVIEWS,reviews_2023.csv,2023-05-23T15:57:39.670351375,BATCH-G-20230523
REV-00019313,SKU-0012173,user_9026288,Ryan Williams,4,"Solid build quality, no complaints. 👍",2023-11-21,True,POSITIVE,4,SOURCE_G_REVIEWS,reviews_2023.csv,2023-11-21T14:04:40.974457721,BATCH-G-20231121
REV-00019314,SKU-0016079,user_9019209,Thomas Perez,4,"Absolutely love it, works perfectly!",2023-08-19,True,POSITIVE,1,SOURCE_G_REVIEWS,reviews_2023.csv,2023-08-19T11:16:45.825971220,BATCH-G-20230819
REV-00019327,SKU-0015115,user_12606,Grant Glass,3,"Average quality, nothing special. 😐",2023-12-17,True,NEUTRAL,2,SOURCE_G_REVIEWS,reviews_2023.csv,2023-12-17T15:19:23.562064099,BATCH-G-20231217
REV-00019332,SKU-0008153,user_3824,Dana Mathis,3,<b>Update:</b>Works fine but delivery was slow.<p>,2023-12-27,True,NEUTRAL,2,SOURCE_G_REVIEWS,reviews_2023.csv,2023-12-27T19:37:01.003717098,BATCH-G-20231227
REV-00019333,SKU-0005257,,Anonymous,5,"Solid build quality, no complaints.",2023-01-27,True,POSITIVE,2,SOURCE_G_REVIEWS,reviews_2023.csv,2023-01-27T03:02:19.415953902,BATCH-G-20230127
REV-00019339,SKU-0010907,user_9010250,Katie Arnold,1,"Poor packaging, item was defective.",2023-09-29,False,NEGATIVE,4,SOURCE_G_REVIEWS,reviews_2023.csv,2023-09-29T09:56:50.544915527,BATCH-G-20230929
REV-00019340,SKU-0002454,user_9008359,Mackenzie,3,"Matches the description, no issues.",2023-11-08,False,NEUTRAL,1,SOURCE_G_REVIEWS,reviews_2023.csv,2023-11-08T18:22:57.111703339,BATCH-G-20231108
REV-00019340-DUP,SKU-0002454,user_9008359,Mackenzie,3,"Matches the description, no issues.",2023-11-08,False,NEUTRAL,1,SOURCE_G_REVIEWS,reviews_2023.csv,2023-11-08T18:56:57.111703339,BATCH-G-20231108
REV-00019354,SKU-0003824,,Anonymous,4,Will definitely buy again.,2023-12-10,False,POSITIVE,3,SOURCE_G_REVIEWS,reviews_2023.csv,2023-12-08T06:00:00,BATCH-G-20231210
REV-00019372,SKU-0008928,,Anonymous,2,"Waste of money, do not buy.",2023-07-27,True,NEGATIVE,0,SOURCE_G_REVIEWS,reviews_2023.csv,2023-07-27T00:55:08.785598251,BATCH-G-20230727
REV-00019387,SKU-0018596,user_9024613,Mark Taylor DVM,4,"गुणवत्ता ठीक नहीं थी। Solid build quality, no complaints.",2023-12-06,True,POSITIVE,0,SOURCE_G_REVIEWS,reviews_2023.csv,2023-12-07T01:43:19.057649536,BATCH-G-20231206
REV-00019392,SKU-0001826,user_9025907,Ashley,4,Great value for money.,2023-03-24,False,POSITIVE,1,SOURCE_G_REVIEWS,reviews_2023.csv,2023-03-24T03:43:54.985808957,BATCH-G-20230324
REV-00019393,SKU-0000215,user_9005127,Emily Young,3,"बहुत अच्छा उत्पाद है, पैसा वसूल!",2023-11-09,False,NEUTRAL,0,SOURCE_G_REVIEWS,reviews_2023.csv,2023-11-10T04:51:30.658294583,BATCH-G-20231109
REV-00019396,SKU-0019984,,Anonymous,5,"Absolutely love it, works perfectly!",2023-01-02,True,POSITIVE,5,SOURCE_G_REVIEWS,reviews_2023.csv,2023-01-02T05:08:43.406044625,BATCH-G-20230102
REV-00019418,SKU-9937172,user_31187,Samantha,5,Will definitely buy again.,2023-09-09,True,POSITIVE,1,SOURCE_G_REVIEWS,reviews_2023.csv,2023-09-10T00:49:57.474327352,BATCH-G-20230909
REV-00019419,SKU-0014290,user_56589,Kristen,5,"Exactly as described, very happy.",2023-12-27,True,POSITIVE,1,SOURCE_G_REVIEWS,reviews_2023.csv,2023-12-27T09:24:39.778490812,BATCH-G-20231227
REV-00019424,SKU-9992232,user_16375,Jennifer Dunn,2,Not as described at all.,2023-04-25,False,NEGATIVE,1,SOURCE_G_REVIEWS,reviews_2023.csv,2023-04-25T04:37:33.401996849,BATCH-G-20230425
REV-00019455,SKU-0016476,user_9012668,Mrs.,2,Arrived damaged and support was unhelpful.,2023-11-07,True,NEGATIVE,11,SOURCE_G_REVIEWS,reviews_2023.csv,2023-11-07T13:17:45.002269863,BATCH-G-20231107
REV-00019464,SKU-0004115,user_3661,Timothy Atkins,3,"It's okay, does the job.",2023-02-01,False,NEUTRAL,2,SOURCE_G_REVIEWS,reviews_2023.csv,2023-02-15T10:00:00,BATCH-G-20230201
REV-00019471,SKU-0013011,user_16303,Thomas,4,"Exactly as described, very happy.",2023-07-16,True,POSITIVE,2,SOURCE_G_REVIEWS,reviews_2023.csv,2023-07-17T03:31:53.407457602,BATCH-G-20230716
REV-00019475,SKU-0018919,user_23708,Dr.,4,"Absolutely love it, works perfectly!",2023-11-14,False,POSITIVE,0,SOURCE_G_REVIEWS,reviews_2023.csv,2023-11-14T23:47:47.276423770,BATCH-G-20231114
REV-00019480,SKU-0019206,user_38666,Zachary,4,Will definitely buy again. ⭐,2023-05-24,False,POSITIVE,4,SOURCE_G_REVIEWS,reviews_2023.csv,2023-05-24T02:14:34.833272543,BATCH-G-20230524
REV-00019481,SKU-0012233,user_43400,Joseph Taylor,2,Wrong item was shipped to me.,2023-05-26,False,NEGATIVE,1,SOURCE_G_REVIEWS,reviews_2023.csv,2023-05-26T17:51:30.177086692,BATCH-G-20230526
REV-00019492,SKU-0011717,user_9000902,Bryan Mcdaniel,6,Stopped working after a week.,2023-05-11,True,NEGATIVE,0,SOURCE_G_REVIEWS,reviews_2023.csv,2023-05-11T19:36:56.130821846,BATCH-G-20230511
REV-00019493,SKU-0010167,,Anonymous,2,"Absolutely love it, works perfectly!",2023-01-11,False,POSITIVE,0,SOURCE_G_REVIEWS,reviews_2023.csv,2023-01-11T19:28:10.445377638,BATCH-G-20230111
REV-00019498,SKU-0005743,user_9003131,Joshua,4,Will definitely buy again.,2023-12-15,True,POSITIVE,13,SOURCE_G_REVIEWS,reviews_2023.csv,2023-12-16T01:12:27.904287040,BATCH-G-20231215
REV-00019505,SKU-0019119,,Anonymous,4,Great value for money.,2023-02-09,True,POSITIVE,5,SOURCE_G_REVIEWS,reviews_2023.csv,2023-02-09T05:06:30.105017619,BATCH-G-20230209
REV-00019514,SKU-0013692,user_9008702,David Mendoza,4,"Solid build quality, no complaints.",2023-01-15,True,POSITIVE,0,SOURCE_G_REVIEWS,reviews_2023.csv,2023-01-15T09:15:07.241360191,BATCH-G-20230115
REV-00019520,SKU-0010519,user_9011169,Megan,3,"   No  cumplió  mis  expectativas.  Not  bad,  not  great  either.   ",2023-04-05,False,NEUTRAL,2,SOURCE_G_REVIEWS,reviews_2023.csv,2023-04-05T20:00:49.081025316,BATCH-G-20230405
REV-00019522,SKU-0000767,user_45129,Amanda Shannon,1,Very disappointed with the quality.,2023-02-06,False,NEGATIVE,1,SOURCE_G_REVIEWS,reviews_2023.csv,2023-02-06T09:20:01.249796100,BATCH-G-20230206
REV-00019524,SKU-0004371,user_9032458,Alicia Cortez,1,"Cheaply made, broke immediately.",2023-05-10,False,NEGATIVE,1,SOURCE_G_REVIEWS,reviews_2023.csv,2023-05-11T05:43:52.201388880,BATCH-G-20230510
REV-00019533,SKU-0015390,user_9000061,Jason Donaldson,4,Better than I expected for the price.,2023-02-08,False,POSITIVE,0,SOURCE_G_REVIEWS,reviews_2023.csv,2023-02-09T02:35:19.234250568,BATCH-G-20230208
REV-00019535,SKU-0017783,user_9030856,Ronald Johnson,5,Decent but overpriced a bit.,2023-12-11,False,NEUTRAL,0,SOURCE_G_REVIEWS,reviews_2023.csv,2023-12-12T01:42:57.189907470,BATCH-G-20231211
REV-00019536,SKU-0003603,user_49581,Kayla Miller,5,Great value for money.,2023-07-29,True,POSITIVE,6,SOURCE_G_REVIEWS,reviews_2023.csv,2023-07-30T01:46:28.409427535,BATCH-G-20230729
REV-00019537,SKU-0015156,user_45133,Jason,5,गुणवत्ता ठीक नहीं थी। Fast delivery and great quality.,2023-12-05,True,POSITIVE,4,SOURCE_G_REVIEWS,reviews_2023.csv,2023-12-05T06:43:57.493599243,BATCH-G-20231205
REV-00019541,SKU-0001694,user_25461,Stephanie,4,Highly recommend this product.,2023-01-16,True,POSITIVE,1,SOURCE_G_REVIEWS,reviews_2023.csv,2023-01-17T00:18:52.358813359,BATCH-G-20230116
REV-00019546,SKU-0014469,user_14777,Rachel Kelley,3,"Average quality, nothing special.",2023-05-27,False,NEUTRAL,1,SOURCE_G_REVIEWS,reviews_2023.csv,2023-05-27T19:43:53.656659273,BATCH-G-20230527
REV-00019553,SKU-0016136,user_9014656,Earl,2,Stopped working after a week.,2023-12-19,True,NEGATIVE,0,SOURCE_G_REVIEWS,reviews_2023.csv,2023-12-19T02:22:52.910303167,BATCH-G-20231219
REV-00019555,SKU-9991198,user_10787,Mario Campbell,1,Not as described at all.,2023-03-23,False,NEGATIVE,0,SOURCE_G_REVIEWS,reviews_2023.csv,2023-03-23T05:26:15.347146224,BATCH-G-20230323
REV-00019564,SKU-0001551,user_8191,Rachel Wise,1,Very disappointed with the quality.,2023-11-01,False,NEGATIVE,2,SOURCE_G_REVIEWS,reviews_2023.csv,2023-11-01T22:22:00.427007193,BATCH-G-20231101
REV-00019573,SKU-0016173,user_9002644,Nicole Cruz,0,Great value for money.,2023-03-31,True,POSITIVE,3,SOURCE_G_REVIEWS,reviews_2023.csv,2023-04-01T01:38:21.641888017,BATCH-G-20230331
REV-00019585,SKU-0003248,user_58615,Jerry Bauer,1,"Poor packaging, item was defective.",2023-09-02,True,NEGATIVE,6,SOURCE_G_REVIEWS,reviews_2023.csv,2023-09-03T00:32:33.478784531,BATCH-G-20230902
REV-00019587,SKU-0006362,user_9034227,Marilyn Jefferson,4,"Absolutely love it, works perfectly!",2023-12-14,True,POSITIVE,16,SOURCE_G_REVIEWS,reviews_2023.csv,2023-12-14T20:47:35.489881861,BATCH-G-20231214
REV-00019593,SKU-0014402,user_30126,Anthony Turner,4,"Muy buen producto, lo recomiendo.",2023-09-15,True,POSITIVE,1,SOURCE_G_REVIEWS,reviews_2023.csv,2023-09-15T14:10:02.501682526,BATCH-G-20230915
REV-00019599,SKU-9979687,user_3957,James,5,Better than I expected for the price.,2023-12-08,True,POSITIVE,5,SOURCE_G_REVIEWS,reviews_2023.csv,2023-12-09T00:16:27.629939127,BATCH-G-20231208
REV-00019600,SKU-0019273,user_9004069,Jennifer Martin,5,"Perfect gift, they loved it!",2023-09-10,True,POSITIVE,3,SOURCE_G_REVIEWS,reviews_2023.csv,2023-09-11T02:49:14.124158804,BATCH-G-20230910
REV-00019610,SKU-0015781,user_65514,Jacqueline,4,?,2023-04-04,True,POSITIVE,0,SOURCE_G_REVIEWS,reviews_2023.csv,2023-04-04T14:21:08.222307667,BATCH-G-20230404
REV-00019611,SKU-0001008,user_3614,David Garcia,1,"Cheaply made, broke immediately.",2023-12-08,True,NEGATIVE,2,SOURCE_G_REVIEWS,reviews_2023.csv,2023-12-09T02:47:37.383098872,BATCH-G-20231208
REV-00019616,SKU-0018529,user_16821,Tiffany Haynes,Unknown,Highly recommend this product.,2023-02-02,True,POSITIVE,1,SOURCE_G_REVIEWS,reviews_2023.csv,2023-02-02T20:46:35.401228220,BATCH-G-20230202
REV-00019621,SKU-0011966,user_29699,Emily Wagner,4,Will definitely buy again.,2023-02-21,True,POSITIVE,1,SOURCE_G_REVIEWS,reviews_2023.csv,2023-02-21T04:14:57.710474193,BATCH-G-20230221
REV-00019621-BOT,SKU-0011966,user_9007261,Tasha,4,Will definitely buy again.,2023-02-21,False,POSITIVE,0,SOURCE_G_REVIEWS,reviews_2023.csv,2023-02-21T04:14:57.710474193,BATCH-G-20230221
REV-00019622,SKU-0016765,user_9017436,Justin Haynes,1,Arrived damaged and support was unhelpful.,2023-04-01,True,NEGATIVE,2,SOURCE_G_REVIEWS,reviews_2023.csv,2023-04-02T04:12:37.788737987,BATCH-G-20230401
REV-00019624,SKU-0000016,user_1092,Lisa Clements, ,"Exactly as described, very happy.",2023-11-25,False,POSITIVE,5,SOURCE_G_REVIEWS,reviews_2023.csv,2023-11-25T18:25:45.645697648,BATCH-G-20231125
REV-00019625,SKU-0017751,user_9018267,Kimberly Walker,4,"Absolutely love it, works perfectly!",2023-12-16,True,POSITIVE,0,SOURCE_G_REVIEWS,reviews_2023.csv,2023-12-16T16:20:19.897649789,BATCH-G-20231216
REV-00019625-DUP,SKU-0017751,user_9018267,Kimberly Walker,4,"Absolutely love it, works perfectly!",2023-12-16,True,POSITIVE,0,SOURCE_G_REVIEWS,reviews_2023.csv,2023-12-16T16:30:19.897649789,BATCH-G-20231216
REV-00019631,SKU-0001530,user_8052,John,5,   Fast  delivery  and  great  quality.   ,2023-12-25,False,POSITIVE,7,SOURCE_G_REVIEWS,reviews_2023.csv,2023-12-25T07:03:49.249255741,BATCH-G-20231225
REV-00019634,SKU-0008849,user_9031864,Chelsea Huffman,5,Exceeded my expectations.,2023-10-21,False,POSITIVE,0,SOURCE_G_REVIEWS,reviews_2023.csv,2023-10-21T22:26:49.408748193,BATCH-G-20231021
REV-00019643,SKU-9941396,,Anonymous,4,"<br>Solid build quality, no complaints.<b>Update:</b>",2023-09-23,False,POSITIVE,1,SOURCE_G_REVIEWS,reviews_2023.csv,2023-09-23T18:47:31.208276504,BATCH-G-20230923
REV-00019646,SKU-0005499,,Anonymous,4,Will definitely buy again.,2023-07-06,True,POSITIVE,2,SOURCE_G_REVIEWS,reviews_2023.csv,2023-07-07T01:18:14.912770530,BATCH-G-20230706
REV-00019669,SKU-0009148,user_9004776,Marilyn Chavez,4,   Fast  delivery  and  great  quality.   ,2023-10-14,False,POSITIVE,1,SOURCE_G_REVIEWS,reviews_2023.csv,2023-10-14T12:04:07.161405966,BATCH-G-20231014
REV-00019673,SKU-0009110,user_9027272,Nicole,2,Very disappointed with the quality.,2023-07-10,True,NEGATIVE,0,SOURCE_G_REVIEWS,reviews_2023.csv,2023-07-10T23:27:12.497420162,BATCH-G-20230710
REV-00019679,SKU-0006016,user_9027358,Kenneth Garcia,4,Exceeded my expectations.,2023-02-01,True,POSITIVE,1,SOURCE_G_REVIEWS,reviews_2023.csv,2023-02-02T05:12:16.146897513,BATCH-G-20230201
REV-00019681,SKU-0011041,user_2291,Dana Soto,5,"   Absolutely  love  it,  works  perfectly!   ",2023-08-05,False,POSITIVE,8,SOURCE_G_REVIEWS,reviews_2023.csv,2023-08-05T12:01:56.025354991,BATCH-G-20230805
REV-00019688,SKU-0008955,user_9030440,Daniel,5,"Muy buen producto, lo recomiendo.",2023-02-14,True,POSITIVE,1,SOURCE_G_REVIEWS,reviews_2023.csv,2023-02-14T14:16:50.166555234,BATCH-G-20230214
REV-00019697,SKU-0002835,,Anonymous,4,"Exactly as described, very happy.",2023-10-25,False,POSITIVE,0,SOURCE_G_REVIEWS,reviews_2023.csv,2023-10-25T21:58:38.396888446,BATCH-G-20231025
REV-00019698,SKU-0013624,,Anonymous,4,No cumplió mis expectativas.,2023-09-26,True,POSITIVE,2,SOURCE_G_REVIEWS,reviews_2023.csv,2023-09-26T11:46:00.624688162,BATCH-G-20230926
REV-00019721,SKU-0019485,user_9021113,Timothy,2,Stopped working after a week.,2023-01-08,False,NEGATIVE,0,SOURCE_G_REVIEWS,reviews_2023.csv,2023-01-08T06:10:43.693480176,BATCH-G-20230108
REV-00019749,SKU-0014019,user_9029256,Thomas Johnson,4,Fast delivery and great quality.,2023-07-07,False,POSITIVE,5,SOURCE_G_REVIEWS,reviews_2023.csv,2023-07-07T18:59:56.069426501,BATCH-G-20230707
REV-00019756,SKU-0004931,user_9006804,Susan Thompson,4,Exceeded my expectations.,2023-11-16,False,POSITIVE,3,SOURCE_G_REVIEWS,reviews_2023.csv,2023-11-16T03:04:50.785665008,BATCH-G-20231116
REV-00019766,SKU-0003134,user_57167,Nathan,3,Works fine but delivery was slow.,2023-09-19,False,NEUTRAL,3,SOURCE_G_REVIEWS,reviews_2023.csv,2023-09-19T03:07:06.167352987,BATCH-G-20230919
REV-00019768,SKU-0017270,user_9133,Kevin Boone,3,"Not bad, not great either.",2023-12-09,True,NEUTRAL,6,SOURCE_G_REVIEWS,reviews_2023.csv,2023-12-09T07:30:18.192774711,BATCH-G-20231209
REV-00019769,SKU-0006688,user_9031034,Theodore Carter,1,"Cheaply made, broke immediately.",2023-02-07,True,NEGATIVE,6,SOURCE_G_REVIEWS,reviews_2023.csv,2023-02-07T08:52:49.592272744,BATCH-G-20230207
REV-00019785,SKU-0012164,user_9016657,Joshua Pacheco,4,"Absolutely love it, works perfectly!",2023-12-17,True,POSITIVE,0,SOURCE_G_REVIEWS,reviews_2023.csv,2023-12-17T14:51:53.377279907,BATCH-G-20231217
REV-00019789,SKU-0013591,user_9029329,Jennifer Hicks,5,Exceeded my expectations. 😢,2023-12-20,True,POSITIVE,0,SOURCE_G_REVIEWS,reviews_2023.csv,2023-12-20T18:52:50.561457720,BATCH-G-20231220
REV-00019793,SKU-0015412,,Anonymous,4,"Absolutely love it, works perfectly!",2023-02-28,True,POSITIVE,0,SOURCE_G_REVIEWS,reviews_2023.csv,2023-02-28T21:50:00.354510436,BATCH-G-20230228
REV-00019799,SKU-0010846,user_9020289,Natasha Moon,5,Will definitely buy again.,2023-06-28,False,POSITIVE,0,SOURCE_G_REVIEWS,reviews_2023.csv,2023-06-28T08:49:26.823808622,BATCH-G-20230628
REV-00019813,SKU-0005244,user_9005590,Susan Frank,5,Fast delivery and great quality.,2023-07-25,True,POSITIVE,7,SOURCE_G_REVIEWS,reviews_2023.csv,2023-07-26T00:14:30.821883333,BATCH-G-20230725
REV-00019821,SKU-0004978,user_9030734,Brandi Davis,4,"Exactly as described, very happy.",2023-01-16,True,POSITIVE,2,SOURCE_G_REVIEWS,reviews_2023.csv,2023-01-17T01:31:44.717684540,BATCH-G-20230116
REV-00019837,SKU-0003742,user_9034835,Nicholas Robertson,4,गुणवत्ता ठीक नहीं थी।,2023-02-18,False,POSITIVE,0,SOURCE_G_REVIEWS,reviews_2023.csv,2023-02-18T05:46:31.981416962,BATCH-G-20230218
REV-00019846,SKU-0014793,user_9034236,Anthony Bates,3,"Not bad, not great either.",2023-10-21,False,NEUTRAL,1,SOURCE_G_REVIEWS,reviews_2023.csv,2023-10-21T05:08:11.175708302,BATCH-G-20231021
REV-00019854,SKU-0009690,,Anonymous,4,Fast delivery and great quality.,2023-03-09,True,POSITIVE,0,SOURCE_G_REVIEWS,reviews_2023.csv,2023-03-09T22:22:50.957022358,BATCH-G-20230309
REV-00019856,SKU-0011214,user_17510,Robert Ramirez,4,"Perfect gift, they loved it!",2023-11-16,False,POSITIVE,0,SOURCE_G_REVIEWS,reviews_2023.csv,2023-11-16T11:48:25.650527254,BATCH-G-20231116
REV-00019858,SKU-0018616,,Anonymous,2,"Waste of money, do not buy.",2023-12-03,True,NEGATIVE,4,SOURCE_G_REVIEWS,reviews_2023.csv,2023-12-04T03:15:51.220396090,BATCH-G-20231203
REV-00019859,SKU-0015158,user_9009227,Thomas Walls,4,"Absolutely love it, works perfectly!",2023-08-22,False,POSITIVE,3,SOURCE_G_REVIEWS,reviews_2023.csv,2023-08-22T06:25:21.181778672,BATCH-G-20230822
REV-00019870,SKU-0001473,user_4412,Katherine Rivera,4,"   <p>Exactly  as  described,  very  happy.<i>edited</i>   ",2023-07-15,True,POSITIVE,0,SOURCE_G_REVIEWS,reviews_2023.csv,2023-07-16T05:56:13.541206915,BATCH-G-20230715
REV-00019873,SKU-0015729,,Anonymous,5,Great value for money.,2023-02-23,False,POSITIVE,0,SOURCE_G_REVIEWS,reviews_2023.csv,2023-02-24T00:05:22.854829952,BATCH-G-20230223
REV-00019874,SKU-0001202,user_21504,Eric Palmer,4,Exceeded my expectations.,2023-06-22,False,POSITIVE,0,SOURCE_G_REVIEWS,reviews_2023.csv,2023-06-22T10:38:54.298877070,BATCH-G-20230622
REV-00019875,SKU-0006157,user_9032546,Stephanie Bradshaw,4,Will definitely buy again.,2023-12-30,False,POSITIVE,4,SOURCE_G_REVIEWS,reviews_2023.csv,2023-12-30T21:18:54.450027971,BATCH-G-20231230
REV-00019879,SKU-0003013,user_9018404,Jennifer Whitney,5,Fast delivery and great quality.,2023-09-09,False,POSITIVE,4,SOURCE_G_REVIEWS,reviews_2023.csv,2023-09-09T21:59:04.041109080,BATCH-G-20230909
REV-00019881,SKU-0014666,,Anonymous,5,"Exactly as described, very happy.",2023-09-25,False,POSITIVE,2,SOURCE_G_REVIEWS,reviews_2023.csv,2023-09-25T17:22:48.489558145,BATCH-G-20230925
REV-00019889,SKU-0014508,user_47253,Daniel Barry,4,&nbsp;No cumplió mis expectativas.<br>,2023-11-07,True,POSITIVE,4,SOURCE_G_REVIEWS,reviews_2023.csv,2023-11-07T07:33:11.899996589,BATCH-G-20231107
REV-00019889-DUP,SKU-0014508,user_47253,Daniel Barry,4,&nbsp;No cumplió mis expectativas.<br>,2023-11-07,True,POSITIVE,4,SOURCE_G_REVIEWS,reviews_2023.csv,2023-11-07T07:44:11.899996589,BATCH-G-20231107
REV-00019907,SKU-9911055,user_9008259,Nathaniel Galloway,4,Fast delivery and great quality.,2023-01-05,False,POSITIVE,0,SOURCE_G_REVIEWS,reviews_2023.csv,2023-01-06T02:11:17.161020348,BATCH-G-20230105
REV-00019914,SKU-0016794,user_9031061,Daniel,5,Exceeded my expectations.,2023-12-30,True,POSITIVE,5,SOURCE_G_REVIEWS,reviews_2023.csv,2023-12-30T08:55:45.774185887,BATCH-G-20231230
REV-00019923,SKU-0017733,user_9001619,Jessica Green,5,Great value for money.,2023-05-02,False,POSITIVE,9,SOURCE_G_REVIEWS,reviews_2023.csv,2023-05-02T03:48:23.947410191,BATCH-G-20230502
REV-00019931,SKU-0008874,user_4710,Gregg Duncan,4,"Perfect gift, they loved it!",2023-10-16,True,POSITIVE,0,SOURCE_G_REVIEWS,reviews_2023.csv,2023-10-17T05:02:10.855674545,BATCH-G-20231016
REV-00019960,SKU-0013992,user_9006594,Christina Kirby,2,Not as described at all.,2023-10-04,False,NEGATIVE,4,SOURCE_G_REVIEWS,reviews_2023.csv,2023-10-04T12:44:21.035015345,BATCH-G-20231004
REV-00019964,SKU-0013276,user_54203,Kathryn Lopez,5,"Absolutely love it, works perfectly!",2023-12-31,True,POSITIVE,4,SOURCE_G_REVIEWS,reviews_2023.csv,2024-01-01T03:32:40.774751910,BATCH-G-20231231
REV-00019967,SKU-0018011,user_9013902,Alexandra Kaiser,4,Fast delivery and great quality.,2023-11-13,False,POSITIVE,-3,SOURCE_G_REVIEWS,reviews_2023.csv,2023-11-13T21:44:20.796835257,BATCH-G-20231113
REV-00019974,SKU-0005346,user_40092,Stephanie Newton,4,Will definitely buy again.,2023-02-12,True,POSITIVE,8,SOURCE_G_REVIEWS,reviews_2023.csv,2023-02-13T02:47:27.315964444,BATCH-G-20230212
REV-00019979,SKU-0017718,user_9032420,Deborah Avila,4,Wrong item was shipped to me.,2023-05-08,True,NEGATIVE,0,SOURCE_G_REVIEWS,reviews_2023.csv,2023-05-08T15:38:13.419148571,BATCH-G-20230508
REV-00020000,SKU-9929865,user_32895,Joseph Jacobs,1,Arrived damaged and support was unhelpful.,2023-11-14,True,NEGATIVE,0,SOURCE_G_REVIEWS,reviews_2023.csv,2023-11-14T09:20:35.487666336,BATCH-G-20231114
REV-00020004,SKU-0007552,,Anonymous,4,"Absolutely love it, works perfectly!",2023-09-28,True,POSITIVE,5,SOURCE_G_REVIEWS,reviews_2023.csv,2023-09-29T01:42:26.950817494,BATCH-G-20230928
REV-00020008,SKU-0008188,user_9011491,Justin,2,Wrong item was shipped to me. 💯,2023-02-01,False,NEGATIVE,1,SOURCE_G_REVIEWS,reviews_2023.csv,2023-02-01T02:36:30.269643876,BATCH-G-20230201
REV-00020026,SKU-0019516,,Anonymous,5,Highly recommend this product. 👍,2023-09-30,False,POSITIVE,2,SOURCE_G_REVIEWS,reviews_2023.csv,2023-09-30T11:15:27.268307143,BATCH-G-20230930
REV-00020027,SKU-0015433,,Anonymous,4,Better than I expected for the price.,2023-04-04,True,POSITIVE,0,SOURCE_G_REVIEWS,reviews_2023.csv,2023-04-04T12:40:23.872789624,BATCH-G-20230404
REV-00020031,SKU-0001283,user_9026830,Connie Gardner,4,Fast delivery and great quality.,2023-01-07,False,POSITIVE,3,SOURCE_G_REVIEWS,reviews_2023.csv,2023-01-07T01:31:18.209855431,BATCH-G-20230107
REV-00020042,SKU-0001781,,Anonymous,4,"Solid build quality, no complaints.",2023-09-02,True,POSITIVE,0,SOURCE_G_REVIEWS,reviews_2023.csv,2023-09-02T11:56:18.428755580,BATCH-G-20230902
REV-00020045,SKU-0012996,user_9002476,Logan Davis,4,Will definitely buy again.,2023-04-01,False,POSITIVE,2,SOURCE_G_REVIEWS,reviews_2023.csv,2023-04-01T12:35:20.515900966,BATCH-G-20230401
REV-00020055,SKU-0004581,,Anonymous,4,No cumplió mis expectativas. Will definitely buy again.,2023-01-02,True,POSITIVE,0,SOURCE_G_REVIEWS,reviews_2023.csv,2023-01-02T13:02:43.014431271,BATCH-G-20230102
REV-00020072,SKU-0014992,user_26436,Billy Gaines,5,Fast delivery and great quality.,2023-01-22,True,POSITIVE,0,SOURCE_G_REVIEWS,reviews_2023.csv,2023-01-22T18:25:31.976642312,BATCH-G-20230122
REV-00020073,SKU-0005393,,Anonymous,3,"Average quality, nothing special.",2023-05-27,True,NEUTRAL,1,SOURCE_G_REVIEWS,reviews_2023.csv,2023-05-27T16:25:00.912472913,BATCH-G-20230527
REV-00020091,SKU-9926682,user_24797,David Stark,3,"Not bad, not great either.",2023-05-22,True,NEUTRAL,4,SOURCE_G_REVIEWS,reviews_2023.csv,2023-05-22T07:18:30.503987382,BATCH-G-20230522
REV-00020099,SKU-0015697,user_43523,Jamie Cohen,4,"बहुत अच्छा उत्पाद है, पैसा वसूल!",2023-04-13,False,POSITIVE,2,SOURCE_G_REVIEWS,reviews_2023.csv,2023-04-14T04:11:39.156505069,BATCH-G-20230413
REV-00020105,SKU-9994290,,Anonymous,4,Will definitely buy again.,2023-06-10,True,POSITIVE,2,SOURCE_G_REVIEWS,reviews_2023.csv,2023-06-10T04:23:13.712840462,BATCH-G-20230610
REV-00020110,SKU-0004599,user_22815,Tammy,5,No cumplió mis expectativas.,2023-10-07,False,POSITIVE,8,SOURCE_G_REVIEWS,reviews_2023.csv,2023-10-08T03:21:31.769445042,BATCH-G-20231007
REV-00020113,SKU-0015851,,Anonymous,5,Will definitely buy again.,2023-04-18,True,POSITIVE,6,SOURCE_G_REVIEWS,reviews_2023.csv,2023-04-19T03:24:46.761383367,BATCH-G-20230418
REV-00020125,SKU-0009108,user_9015178,Ryan,5,Exceeded my expectations.,2023-01-05,True,POSITIVE,0,SOURCE_G_REVIEWS,reviews_2023.csv,2023-01-19T12:00:00,BATCH-G-20230105
REV-00020126,SKU-0018786,user_45454,Kristen,4,"Perfect gift, they loved it!",2023-06-07,False,POSITIVE,5,SOURCE_G_REVIEWS,reviews_2023.csv,2023-06-08T05:20:54.505395841,BATCH-G-20230607
REV-00020129,SKU-0018297,user_50730,Brian,5,"Absolutely love it, works perfectly!",2023-03-05,True,POSITIVE,1,SOURCE_G_REVIEWS,reviews_2023.csv,2023-03-05T17:10:28.067845090,BATCH-G-20230305
REV-00020133,SKU-0014554,user_9034660,Carol Hoffman,4,   Great  value  for  money.   ,2023-07-19,False,POSITIVE,6,SOURCE_G_REVIEWS,reviews_2023.csv,2023-07-19T11:35:04.030122381,BATCH-G-20230719
REV-00020142,SKU-0005466,,Anonymous,5,"Exactly as described, very happy.",2023-05-22,True,POSITIVE,1,SOURCE_G_REVIEWS,reviews_2023.csv,2023-05-22T06:58:15.843792490,BATCH-G-20230522
REV-00020152,SKU-0011997,user_37056,Heather Washington,1,Very disappointed with the quality.,2023-08-30,True,NEGATIVE,1,SOURCE_G_REVIEWS,reviews_2023.csv,2023-08-30T01:08:22.184808040,BATCH-G-20230830
REV-00020167,SKU-0015366,user_9033616,Andrea Woods,5,"Solid build quality, no complaints.",2023-06-13,True,POSITIVE,1,SOURCE_G_REVIEWS,reviews_2023.csv,2023-06-14T02:19:07.720291496,BATCH-G-20230613
REV-00020180,SKU-0014060,user_66718,Deborah Stephenson,5,Better than I expected for the price.,2023-11-07,False,POSITIVE,1,SOURCE_G_REVIEWS,reviews_2023.csv,2023-11-08T03:50:39.061351328,BATCH-G-20231107
REV-00020192,SKU-0018957,user_30580,Michael Thomas,3,"Average quality, nothing special. 🔥",2023-04-03,True,NEUTRAL,1,SOURCE_G_REVIEWS,reviews_2023.csv,2023-04-03T21:35:12.159473523,BATCH-G-20230403
REV-00020194,SKU-0010554,user_51991,Brian,5,"Solid build quality, no complaints.",2023-02-16,True,POSITIVE,3,SOURCE_G_REVIEWS,reviews_2023.csv,2023-02-16T13:12:14.657487648,BATCH-G-20230216
REV-00020196,SKU-0006475,user_9030971,Michelle Blanchard,4,Wrong item was shipped to me.,2023-03-04,False,NEGATIVE,0,SOURCE_G_REVIEWS,reviews_2023.csv,2023-03-04T08:42:14.744480147,BATCH-G-20230304
REV-00020209,SKU-9953087,,Anonymous,5,"Solid build quality, no complaints.",2023-12-18,False,POSITIVE,3,SOURCE_G_REVIEWS,reviews_2023.csv,2023-12-18T13:22:03.011894417,BATCH-G-20231218
REV-00020225,SKU-9958894,,Anonymous,5,"Perfect gift, they loved it!",2023-10-11,True,POSITIVE,2,SOURCE_G_REVIEWS,reviews_2023.csv,2023-10-11T23:52:27.554734538,BATCH-G-20231011
REV-00020239,SKU-0009866,user_9467,Charles,2,"Cheaply made, broke immediately.",2023-04-11,True,NEGATIVE,6,SOURCE_G_REVIEWS,reviews_2023.csv,2023-04-11T04:56:54.083436834,BATCH-G-20230411
REV-00020250,SKU-0008769,user_9012960,Kyle Cummings,5,Exceeded my expectations.,2023-08-19,False,POSITIVE,0,SOURCE_G_REVIEWS,reviews_2023.csv,2023-08-19T20:38:58.433355648,BATCH-G-20230819
REV-00020259,SKU-0016654,user_7691,Dr.,5,Highly recommend this product.,2023-08-03,True,POSITIVE,5,SOURCE_G_REVIEWS,reviews_2023.csv,2023-08-04T04:22:51.900786957,BATCH-G-20230803
REV-00020263,SKU-0018506,,Anonymous,4,Exceeded my expectations.,2023-12-18,False,POSITIVE,0,SOURCE_G_REVIEWS,reviews_2023.csv,2023-12-18T21:41:34.795696002,BATCH-G-20231218
REV-00020267,SKU-0002180,user_9011082,Katherine King,1,"Waste of money, do not buy.",2023-11-25,True,NEGATIVE,3,SOURCE_G_REVIEWS,reviews_2023.csv,2023-11-25T12:48:11.770346174,BATCH-G-20231125
REV-00020275,SKU-0013150,user_9003719,Monique Williams,3,"It's okay, does the job.",2023-10-10,True,NEUTRAL,1,SOURCE_G_REVIEWS,reviews_2023.csv,2023-10-10T23:28:29.554128444,BATCH-G-20231010
REV-00020317,SKU-0017970,user_9010742,Cameron,3,"Livraison très lente, déçu.",2023-09-18,True,NEUTRAL,0,SOURCE_G_REVIEWS,reviews_2023.csv,2023-09-18T12:43:46.562520340,BATCH-G-20230918
REV-00020320,SKU-0006670,user_9034327,Sierra Ross,5,"Not bad, not great either.",2023-10-28,False,NEUTRAL,4,SOURCE_G_REVIEWS,reviews_2023.csv,2023-10-29T02:36:02.479499458,BATCH-G-20231028
REV-00020329,SKU-0001531,user_55910,Douglas Campbell,5,Exceeded my expectations.,2023-12-10,False,POSITIVE,0,SOURCE_G_REVIEWS,reviews_2023.csv,2023-12-11T03:59:34.094503090,BATCH-G-20231210
REV-00020333,SKU-0012188,,Anonymous,1,Arrived damaged and support was unhelpful.,2023-04-15,False,NEGATIVE,10,SOURCE_G_REVIEWS,reviews_2023.csv,2023-04-15T06:50:18.102517253,BATCH-G-20230415
REV-00020336,SKU-0019988,user_38188,Dylan,3,Decent but overpriced a bit.,2023-09-10,False,NEUTRAL,2,SOURCE_G_REVIEWS,reviews_2023.csv,2023-09-10T16:01:28.535766560,BATCH-G-20230910
REV-00020347,SKU-0003814,user_63228,Amy Scott,6,Stopped working after a week.,2023-12-06,True,NEGATIVE,1,SOURCE_G_REVIEWS,reviews_2023.csv,2023-12-07T04:24:25.054848866,BATCH-G-20231206
REV-00020352,SKU-0009460,user_15848,Jennifer Hunter,6,Works fine but delivery was slow.,2023-10-21,False,NEUTRAL,2,SOURCE_G_REVIEWS,reviews_2023.csv,2023-10-21T03:46:04.854235097,BATCH-G-20231021
REV-00020363,SKU-0006712,user_9024370,Emily Morgan,5,"Solid build quality, no complaints.",2023-03-01,False,POSITIVE,2,SOURCE_G_REVIEWS,reviews_2023.csv,2023-03-01T22:11:22.599405179,BATCH-G-20230301
REV-00020363-DUP,SKU-0006712,user_9024370,Emily Morgan,5,"Solid build quality, no complaints.",2023-03-01,False,POSITIVE,2,SOURCE_G_REVIEWS,reviews_2023.csv,2023-03-01T22:21:22.599405179,BATCH-G-20230301
REV-00020368,SKU-0002653,user_9023873,Jason Gaines,1,Very disappointed with the quality.,2023-11-02,False,NEGATIVE,6,SOURCE_G_REVIEWS,reviews_2023.csv,2023-11-02T08:42:54.729550833,BATCH-G-20231102
REV-00020371,SKU-0000391,user_9030858,Jordan Khan,5,Fast delivery and great quality.,2023-08-26,True,POSITIVE,5,SOURCE_G_REVIEWS,reviews_2023.csv,2023-08-26T13:31:39.250596147,BATCH-G-20230826
REV-00020375,SKU-0016843,user_65078,Timothy,4,"Exactly as described, very happy.",2023-12-17,True,POSITIVE,2,SOURCE_G_REVIEWS,reviews_2023.csv,2023-12-17T10:52:38.410635707,BATCH-G-20231217
REV-00020383,SKU-0000522,user_46055,Mitchell Johnson,4,Fast delivery and great quality.,2023-05-12,True,POSITIVE,2,SOURCE_G_REVIEWS,reviews_2023.csv,2023-05-13T04:49:02.036649750,BATCH-G-20230512
REV-00020385,SKU-0007156,user_38986,Melissa,4,   Fast  delivery  and  great  quality.   ,2023-05-14,True,POSITIVE,0,SOURCE_G_REVIEWS,reviews_2023.csv,2023-05-14T13:38:23.195079454,BATCH-G-20230514
REV-00020402,SKU-0010485,user_23042,John Gray,4,Great value for money.,2023-06-30,False,POSITIVE,0,SOURCE_G_REVIEWS,reviews_2023.csv,2023-06-30T12:12:03.688486203,BATCH-G-20230630
REV-00020416,SKU-0017651,user_9016155,Jacob,5,Exceeded my expectations.,2023-03-08,False,POSITIVE,5,SOURCE_G_REVIEWS,reviews_2023.csv,2023-03-08T21:34:22.975575106,BATCH-G-20230308
REV-00020422,SKU-0000954,user_9020933,Angela Reyes,5,Exceeded my expectations.,2023-07-04,True,POSITIVE,0,SOURCE_G_REVIEWS,reviews_2023.csv,2023-07-04T11:54:51.526653740,BATCH-G-20230704
REV-00020430,SKU-0014284,user_54446,Edward Charles,4,"Solid build quality, no complaints.",2023-02-19,False,POSITIVE,6,SOURCE_G_REVIEWS,reviews_2023.csv,2023-02-19T05:41:56.133117034,BATCH-G-20230219
REV-00020432,SKU-0014131,user_9006455,Andrew Fields,4,Will definitely buy again.,2023-07-08,False,POSITIVE,10,SOURCE_G_REVIEWS,reviews_2023.csv,2023-07-16T23:00:00,BATCH-G-20230708
REV-00020451,SKU-0016663,,Anonymous,5,"Absolutely love it, works perfectly!",2023-01-05,True,POSITIVE,2,SOURCE_G_REVIEWS,reviews_2023.csv,2023-01-06T00:52:06.055121102,BATCH-G-20230105
REV-00020462,SKU-9931867,,Anonymous,3,Wrong item was shipped to me.,2023-05-19,False,NEGATIVE,3,SOURCE_G_REVIEWS,reviews_2023.csv,2023-05-19T06:11:00.996082671,BATCH-G-20230519
REV-00020486,SKU-9985005,user_9004671,Kimberly,4,"Exactly as described, very happy.",2023-08-21,True,POSITIVE,1,SOURCE_G_REVIEWS,reviews_2023.csv,2023-08-21T15:32:39.400150105,BATCH-G-20230821
REV-00020507,SKU-0015609,user_9013149,Mr. Dylan Oliver,3,"Muy buen producto, lo recomiendo.",2023-11-20,False,NEUTRAL,5,SOURCE_G_REVIEWS,reviews_2023.csv,2023-11-20T01:22:42.611258847,BATCH-G-20231120
REV-00020510,SKU-9914956,user_7229,Mark Garner,2,"Livraison très lente, déçu. Not as described at all.",2023-11-20,True,NEGATIVE,0,SOURCE_G_REVIEWS,reviews_2023.csv,2023-11-20T10:41:40.566011470,BATCH-G-20231120
REV-00020510-DUP,SKU-9914956,user_7229,Mark Garner,2,"Livraison très lente, déçu. Not as described at all.",2023-11-20,True,NEGATIVE,0,SOURCE_G_REVIEWS,reviews_2023.csv,2023-11-20T11:32:40.566011470,BATCH-G-20231120
REV-00020512,SKU-9954981,user_59746,Nathan Mcbride,4,Highly recommend this product. 😡,2023-12-07,False,POSITIVE,0,SOURCE_G_REVIEWS,reviews_2023.csv,2023-12-07T11:37:08.823543618,BATCH-G-20231207
REV-00020514,SKU-0000012,user_61943,Mr. Jose Webster,null,Works fine but delivery was slow.,2023-06-01,True,NEUTRAL,9,SOURCE_G_REVIEWS,reviews_2023.csv,2023-06-01T16:15:49.449357589,BATCH-G-20230601
REV-00020518,SKU-0009198,user_9020957,Jackson Ryan,1,Stopped working after a week.,2023-04-09,False,NEGATIVE,5,SOURCE_G_REVIEWS,reviews_2023.csv,2023-04-09T14:04:48.737251908,BATCH-G-20230409
REV-00020519,SKU-0015280,user_9030351,Mary Miller,2,Not as described at all.,2023-11-08,True,NEGATIVE,1,SOURCE_G_REVIEWS,reviews_2023.csv,2023-11-09T05:18:26.789286443,BATCH-G-20231108
REV-00020523,SKU-0010128,user_33536,Tamara Brown,4,"Muy buen producto, lo recomiendo.",2023-05-16,True,POSITIVE,9,SOURCE_G_REVIEWS,reviews_2023.csv,2023-05-16T21:52:50.137304363,BATCH-G-20230516
REV-00020526,SKU-0014796,user_9033907,Lynn Garcia,3,Decent but overpriced a bit.,2023-06-28,True,NEUTRAL,2,SOURCE_G_REVIEWS,reviews_2023.csv,2023-06-28T03:42:30.516429027,BATCH-G-20230628
REV-00020529,SKU-0002205,,Anonymous,N/A,"Solid build quality, no complaints.",2023-03-31,False,POSITIVE,8,SOURCE_G_REVIEWS,reviews_2023.csv,2023-03-31T03:17:33.052271624,BATCH-G-20230331
REV-00020536,SKU-0002661,user_12304,Erin,5,Exceeded my expectations. 💯,2023-06-17,True,POSITIVE,1,SOURCE_G_REVIEWS,reviews_2023.csv,2023-06-17T09:43:50.326329999,BATCH-G-20230617
REV-00020552,SKU-0012970,user_4221,Melanie Hamilton,5,"बहुत अच्छा उत्पाद है, पैसा वसूल!",2023-03-04,True,POSITIVE,4,SOURCE_G_REVIEWS,reviews_2023.csv,2023-03-04T11:25:18.059207841,BATCH-G-20230304
REV-00020554,SKU-0018320,user_9030313,Jeffery Conrad,3,"Matches the description, no issues.",2023-03-17,False,NEUTRAL,0,SOURCE_G_REVIEWS,reviews_2023.csv,2023-03-18T02:48:38.683625296,BATCH-G-20230317
REV-00020560,SKU-0019965,user_11387,Natalie,5,Great value for money.,2023-05-01,False,POSITIVE,0,SOURCE_G_REVIEWS,reviews_2023.csv,2023-05-01T12:26:56.132615645,BATCH-G-20230501
REV-00020574,SKU-0001733,user_9000838,Karen Allen,4,Fast delivery and great quality.,2023-06-24,True,POSITIVE,1,SOURCE_G_REVIEWS,reviews_2023.csv,2023-06-24T13:19:57.714372241,BATCH-G-20230624
REV-00020575,SKU-0015245,,Anonymous,4,गुणवत्ता ठीक नहीं थी। Exceeded my expectations.,2023-06-17,True,POSITIVE,0,SOURCE_G_REVIEWS,reviews_2023.csv,2023-06-18T00:41:14.075765815,BATCH-G-20230617
REV-00020579,SKU-0003397,,Anonymous,3,"</p>It's okay, does the job.<i>edited</i>",2023-01-28,True,NEUTRAL,5,SOURCE_G_REVIEWS,reviews_2023.csv,2023-01-28T15:14:55.816447198,BATCH-G-20230128
REV-00020588,SKU-0000146,user_35466,Patrick Cruz,5,Great value for money.,2023-09-30,False,POSITIVE,1,SOURCE_G_REVIEWS,reviews_2023.csv,2023-09-30T02:08:22.419762503,BATCH-G-20230930
REV-00020599,SKU-0009176,,Anonymous,4,"Perfect gift, they loved it!",2023-02-26,False,POSITIVE,0,SOURCE_G_REVIEWS,reviews_2023.csv,2023-02-27T04:53:16.657998268,BATCH-G-20230226
REV-00020602,SKU-0018610,user_9017003,Hayden,4,"Exactly as described, very happy.",2023-03-22,True,POSITIVE,1,SOURCE_G_REVIEWS,reviews_2023.csv,2023-03-23T04:02:40.110568743,BATCH-G-20230322
REV-00020607,SKU-0017579,user_9023301,Ian,4,Exceeded my expectations.,2023-12-09,True,POSITIVE,0,SOURCE_G_REVIEWS,reviews_2023.csv,2023-12-09T14:57:50.378993265,BATCH-G-20231209
REV-00020610,SKU-0014526,,Anonymous,5,"Not bad, not great either.",2023-12-27,True,NEUTRAL,5,SOURCE_G_REVIEWS,reviews_2023.csv,2023-12-27T15:36:41.266854885,BATCH-G-20231227
REV-00020614,SKU-0018400,user_9013414,Mary Schmidt,4,Highly recommend this product.,2023-12-14,False,POSITIVE,5,SOURCE_G_REVIEWS,reviews_2023.csv,2023-12-14T14:25:33.661360692,BATCH-G-20231214
REV-00020615,SKU-0011445,user_30243,Scott Clark,3,Works fine but delivery was slow.,2023-12-06,True,NEUTRAL,2,SOURCE_G_REVIEWS,reviews_2023.csv,2023-12-07T01:16:08.081629099,BATCH-G-20231206
REV-00020616,SKU-0011941,user_9004316,Jamie Hall,4,Fast delivery and great quality.,2023-12-25,True,POSITIVE,1,SOURCE_G_REVIEWS,reviews_2023.csv,2023-12-25T14:41:37.084775670,BATCH-G-20231225
REV-00020625,SKU-0006869,,Anonymous,1,Arrived damaged and support was unhelpful.,2023-09-15,True,NEGATIVE,1,SOURCE_G_REVIEWS,reviews_2023.csv,2023-09-15T12:14:43.094820935,BATCH-G-20230915
REV-00020653,SKU-0009878,,Anonymous,2,Arrived damaged and support was unhelpful.,2023-01-19,True,NEGATIVE,1,SOURCE_G_REVIEWS,reviews_2023.csv,2023-01-19T01:24:53.013355625,BATCH-G-20230119
REV-00020662,SKU-0010713,user_9015589,Amanda Bowman,3,"It's okay, does the job.",2023-02-03,True,NEUTRAL,0,SOURCE_G_REVIEWS,reviews_2023.csv,2023-02-03T22:04:03.632409597,BATCH-G-20230203
REV-00020663,SKU-9930295,user_9007058,Cynthia Jackson,5,Fast delivery and great quality.,2023-05-09,True,POSITIVE,1,SOURCE_G_REVIEWS,reviews_2023.csv,2023-05-09T06:38:10.542968920,BATCH-G-20230509
REV-00020665,SKU-0006887,user_2712,Victoria,3,Works fine but delivery was slow.,2023-04-07,True,NEUTRAL,5,SOURCE_G_REVIEWS,reviews_2023.csv,2023-04-08T03:01:59.681941528,BATCH-G-20230407
REV-00020680,SKU-0006038,user_65611,Wanda,4,Highly recommend this product.,2023-10-29,True,POSITIVE,4,SOURCE_G_REVIEWS,reviews_2023.csv,2023-10-29T19:38:46.392995367,BATCH-G-20231029
REV-00020682,SKU-0017719,user_9000759,Michelle Howard,5,Will definitely buy again.,2023-11-02,False,POSITIVE,1,SOURCE_G_REVIEWS,reviews_2023.csv,2023-11-02T09:03:27.908441930,BATCH-G-20231102
REV-00020684,SKU-0011279,user_8582,Daniel Keith,,"Perfect gift, they loved it!",2023-03-01,True,POSITIVE,7,SOURCE_G_REVIEWS,reviews_2023.csv,2023-03-01T13:01:20.778541663,BATCH-G-20230301
REV-00020701,SKU-0008322,user_41480,Troy,4,"Exactly as described, very happy.",2023-02-18,False,POSITIVE,1,SOURCE_G_REVIEWS,reviews_2023.csv,2023-02-19T04:20:53.809468603,BATCH-G-20230218
REV-00020719,SKU-0014734,user_9021402,Gregory Nelson DDS,5,"   Exactly  as  described,  very  happy.   ",2023-09-20,False,POSITIVE,0,SOURCE_G_REVIEWS,reviews_2023.csv,2023-09-20T23:40:49.066471037,BATCH-G-20230920
REV-00020725,SKU-0004345,,Anonymous,5,Great value for money.,2023-06-29,True,POSITIVE,2,SOURCE_G_REVIEWS,reviews_2023.csv,2023-06-29T20:38:14.899273453,BATCH-G-20230629
REV-00020731,SKU-0003180,user_9011102,Bethany Andersen,5,"It's okay, does the job.",2023-09-18,True,NEUTRAL,0,SOURCE_G_REVIEWS,reviews_2023.csv,2023-09-18T15:33:56.344876609,BATCH-G-20230918
REV-00020735,SKU-0012775,,Anonymous,4,Exceeded my expectations.,2023-03-18,False,POSITIVE,3,SOURCE_G_REVIEWS,reviews_2023.csv,2023-03-18T20:05:18.007235079,BATCH-G-20230318
REV-00020749,SKU-0010438,user_4951,Jennifer Patel,4,<b>Update:</b>Decent but overpriced a bit.&nbsp;,2023-01-11,False,NEUTRAL,4,SOURCE_G_REVIEWS,reviews_2023.csv,2023-01-11T16:15:52.204408739,BATCH-G-20230111
REV-00020752,SKU-0011602,user_9002062,Daniel Coleman,2,Works fine but delivery was slow.,2023-05-25,True,NEUTRAL,10,SOURCE_G_REVIEWS,reviews_2023.csv,2023-05-25T08:09:59.445543110,BATCH-G-20230525
REV-00020754,SKU-0011430,user_51148,Ann Butler,1,Not as described at all.,2023-03-20,True,NEGATIVE,8,SOURCE_G_REVIEWS,reviews_2023.csv,2023-03-21T04:04:03.167661343,BATCH-G-20230320
REV-00020757,SKU-0000575,user_65448,Dr.,5,"Absolutely love it, works perfectly!",2023-04-08,True,POSITIVE,0,SOURCE_G_REVIEWS,reviews_2023.csv,2023-04-08T09:00:31.120000529,BATCH-G-20230408
REV-00020761,SKU-0013124,user_41802,Kimberly Mccormick,5,"Absolutely love it, works perfectly! 🔥😐",2023-01-06,True,POSITIVE,4,SOURCE_G_REVIEWS,reviews_2023.csv,2023-01-06T03:20:29.231096261,BATCH-G-20230106
REV-00020764,SKU-0014214,,Anonymous,4,Fast delivery and great quality.,2023-01-17,False,POSITIVE,0,SOURCE_G_REVIEWS,reviews_2023.csv,2023-01-17T23:24:37.399875619,BATCH-G-20230117
REV-00020767,SKU-0013890,,Anonymous,3,"Average quality, nothing special.",2023-03-08,True,NEUTRAL,6,SOURCE_G_REVIEWS,reviews_2023.csv,2023-03-08T16:13:38.899955183,BATCH-G-20230308
REV-00020770,SKU-0019169,user_9016751,Daniel,3,Decent but overpriced a bit.,2023-02-09,False,NEUTRAL,4,SOURCE_G_REVIEWS,reviews_2023.csv,2023-02-09T08:29:11.723657864,BATCH-G-20230209
REV-00020773,SKU-0006011,user_50306,Renee Morton,3,"Matches the description, no issues.",2023-12-18,True,NEUTRAL,4,SOURCE_G_REVIEWS,reviews_2023.csv,2023-12-18T19:42:18.896918169,BATCH-G-20231218
REV-00020779,SKU-0016498,user_9003089,Vanessa,4,"Solid build quality, no complaints.",2023-12-24,False,POSITIVE,3,SOURCE_G_REVIEWS,reviews_2023.csv,2023-12-24T16:10:37.041274800,BATCH-G-20231224
REV-00020784,SKU-0018643,,Anonymous,4,Better than I expected for the price.,2023-02-13,True,POSITIVE,1,SOURCE_G_REVIEWS,reviews_2023.csv,2023-02-13T23:40:51.078762582,BATCH-G-20230213
REV-00020803,SKU-0015662,user_11640,Jeremy,5,Excellent rapport qualité-prix. Will definitely buy again.,2023-04-10,True,POSITIVE,2,SOURCE_G_REVIEWS,reviews_2023.csv,2023-04-10T11:31:44.289731182,BATCH-G-20230410
REV-00020811,SKU-0013888,user_37132,Keith Bailey,3,Works fine but delivery was slow.,2023-12-19,False,NEUTRAL,3,SOURCE_G_REVIEWS,reviews_2023.csv,2023-12-19T09:55:11.983514084,BATCH-G-20231219
REV-00020812,SKU-0019987,user_59769,Mr. Joseph Blake,5,"</p>Perfect gift, they loved it!<i>edited</i>",2023-07-18,True,POSITIVE,4,SOURCE_G_REVIEWS,reviews_2023.csv,2023-07-18T23:49:16.518824854,BATCH-G-20230718
REV-00020813,SKU-0000945,user_20475,Scott Morris,4,<i>edited</i>Exceeded my expectations.<i>edited</i>,2023-08-19,False,POSITIVE,1,SOURCE_G_REVIEWS,reviews_2023.csv,2023-08-19T07:10:25.999691853,BATCH-G-20230819
REV-00020817,SKU-0008817,user_9705,Margaret Vargas,4,"Matches the description, no issues.",2023-11-30,False,NEUTRAL,1,SOURCE_G_REVIEWS,reviews_2023.csv,2023-11-30T18:59:29.640779807,BATCH-G-20231130
REV-00020821,SKU-0007608,user_9023636,Jessica Singh,5,   Exceeded  my  expectations.  👍   ,2023-02-14,True,POSITIVE,4,SOURCE_G_REVIEWS,reviews_2023.csv,2023-02-15T03:22:00.502777559,BATCH-G-20230214
REV-00020824,SKU-0007523,user_9019415,Jason Hebert,3,Decent but overpriced a bit.,2023-06-21,False,NEUTRAL,0,SOURCE_G_REVIEWS,reviews_2023.csv,2023-06-21T04:43:30.570325930,BATCH-G-20230621
REV-00020828,SKU-0001080,user_61977,Stephen Fields,5,"Perfect gift, they loved it!",2023-09-18,True,POSITIVE,0,SOURCE_G_REVIEWS,reviews_2023.csv,2023-09-19T05:53:11.594201733,BATCH-G-20230918
REV-00020855,SKU-0009418,user_9001955,Justin Paul,5,"Solid build quality, no complaints.",2023-08-24,False,POSITIVE,1,SOURCE_G_REVIEWS,reviews_2023.csv,2023-08-24T19:47:13.581548589,BATCH-G-20230824
REV-00020869,SKU-0003503,user_58259,Brian Martinez,4,Highly recommend this product.,2023-10-08,True,POSITIVE,6,SOURCE_G_REVIEWS,reviews_2023.csv,2023-10-09T01:53:48.609255330,BATCH-G-20231008
REV-00020882,SKU-0003103,user_9013428,Patrick Rich,4,"Absolutely love it, works perfectly!",2023-04-09,True,POSITIVE,9,SOURCE_G_REVIEWS,reviews_2023.csv,2023-04-09T22:16:38.414815787,BATCH-G-20230409
REV-00020886,SKU-0013064,user_31398,Wendy Kennedy,4,Better than I expected for the price. 💯,2023-08-11,False,POSITIVE,8,SOURCE_G_REVIEWS,reviews_2023.csv,2023-08-11T01:54:57.512347819,BATCH-G-20230811
REV-00020888,SKU-0000917,user_307,Jennifer,4,Will definitely buy again.,2023-01-08,True,POSITIVE,2,SOURCE_G_REVIEWS,reviews_2023.csv,2023-01-08T19:31:41.150480406,BATCH-G-20230108
REV-00020898,SKU-0014010,user_41777,Brian Hart,2,Wrong item was shipped to me.,2023-06-10,False,NEGATIVE,3,SOURCE_G_REVIEWS,reviews_2023.csv,2023-06-10T21:55:00.098946490,BATCH-G-20230610
REV-00020899,SKU-0003327,user_50233,Virginia Bautista,5,"Solid build quality, no complaints.",2023-09-21,True,POSITIVE,1,SOURCE_G_REVIEWS,reviews_2023.csv,2023-09-22T00:11:19.270767878,BATCH-G-20230921
REV-00020903,SKU-9912452,,Anonymous,4,Fast delivery and great quality.,2023-11-26,False,POSITIVE,0,SOURCE_G_REVIEWS,reviews_2023.csv,2023-11-26T21:06:27.143232436,BATCH-G-20231126
REV-00020912,SKU-0009824,user_9004722,Derrick Schmitt MD,3,"It's okay, does the job.",2023-11-11,True,NEUTRAL,9,SOURCE_G_REVIEWS,reviews_2023.csv,2023-11-11T19:34:11.847383345,BATCH-G-20231111
REV-00020924,SKU-9960997,user_38608,Michael Gallagher,4,Exceeded my expectations.,2023-02-04,False,POSITIVE,2,SOURCE_G_REVIEWS,reviews_2023.csv,2023-02-04T22:23:58.352221215,BATCH-G-20230204
REV-00020925,SKU-0003682,user_64575,Dana Weaver,4,Highly recommend this product.,2023-01-16,False,POSITIVE,2,SOURCE_G_REVIEWS,reviews_2023.csv,2023-01-16T12:59:39.833055487,BATCH-G-20230116
REV-00020948,SKU-0001853,user_38678,Mary Hardin,5,"Perfect gift, they loved it!",2023-04-02,False,POSITIVE,1,SOURCE_G_REVIEWS,reviews_2023.csv,2023-04-02T09:55:29.517675311,BATCH-G-20230402
REV-00020949,SKU-0011908,,Anonymous,2,Stopped working after a week.,2023-09-30,True,NEGATIVE,0,SOURCE_G_REVIEWS,reviews_2023.csv,2023-09-30T14:19:38.297938689,BATCH-G-20230930
REV-00020950,SKU-0011278,user_20831,Jason,4,Better than I expected for the price.,2023-07-31,False,POSITIVE,0,SOURCE_G_REVIEWS,reviews_2023.csv,2023-07-31T15:16:56.413364543,BATCH-G-20230731
REV-00020953,SKU-0014210,user_9031072,Chelsea Hogan,5,Exceeded my expectations.,2023-06-19,True,POSITIVE,1,SOURCE_G_REVIEWS,reviews_2023.csv,2023-06-19T09:26:43.758566176,BATCH-G-20230619
REV-00020955,SKU-0013586,user_66821,Mark,2,"Poor packaging, item was defective.",2023-08-10,True,NEGATIVE,0,SOURCE_G_REVIEWS,reviews_2023.csv,2023-08-10T18:01:02.905800560,BATCH-G-20230810
REV-00020957,SKU-0004021,user_69542,Holly Lewis,5,Will definitely buy again.,2023-12-07,True,POSITIVE,0,SOURCE_G_REVIEWS,reviews_2023.csv,2023-12-08T01:48:13.168601978,BATCH-G-20231207
REV-00020963,SKU-0003838,,Anonymous,4,"Livraison très lente, déçu. Fast delivery and great quality.",2023-04-19,False,POSITIVE,2,SOURCE_G_REVIEWS,reviews_2023.csv,2023-04-19T02:23:03.937133159,BATCH-G-20230419
REV-00020987,SKU-0002374,,Anonymous,5,Better than I expected for the price.,2023-12-13,True,POSITIVE,1,SOURCE_G_REVIEWS,reviews_2023.csv,2023-12-13T20:45:15.562417187,BATCH-G-20231213
REV-00020991,SKU-0002367,user_9010969,Scott Howell,4,Will definitely buy again.,2023-12-26,True,POSITIVE,2,SOURCE_G_REVIEWS,reviews_2023.csv,2023-12-26T08:00:38.334440530,BATCH-G-20231226
REV-00020994,SKU-0007447,user_58465,Laurie Savage,4,"गुणवत्ता ठीक नहीं थी। Exactly as described, very happy.",2023-04-29,True,POSITIVE,4,SOURCE_G_REVIEWS,reviews_2023.csv,2023-04-29T14:55:35.862318118,BATCH-G-20230429
REV-00021009,SKU-0018250,,Anonymous,2,"Waste of money, do not buy.",2023-03-09,True,NEGATIVE,2,SOURCE_G_REVIEWS,reviews_2023.csv,2023-03-09T17:42:38.475285680,BATCH-G-20230309
REV-00021019,SKU-0005394,user_9013128,George Montgomery,3,"Average quality, nothing special.",2023-10-24,True,NEUTRAL,2,SOURCE_G_REVIEWS,reviews_2023.csv,2023-10-24T15:09:03.973374419,BATCH-G-20231024
REV-00021030,SKU-0014039,user_9008737,Don Ramos,N/A,"Solid build quality, no complaints.",2023-02-08,True,POSITIVE,0,SOURCE_G_REVIEWS,reviews_2023.csv,2023-02-08T23:20:51.683239052,BATCH-G-20230208
REV-00021031,SKU-0007149,user_9011355,Jeffrey Brown,2,Arrived damaged and support was unhelpful.,2023-02-11,False,NEGATIVE,1,SOURCE_G_REVIEWS,reviews_2023.csv,2023-02-11T15:42:16.005743235,BATCH-G-20230211
REV-00021033,SKU-9977547,,Anonymous,5,"Absolutely love it, works perfectly!",2023-07-11,False,POSITIVE,4,SOURCE_G_REVIEWS,reviews_2023.csv,2023-07-11T21:31:19.010030807,BATCH-G-20230711
REV-00021044,SKU-0002155,user_4877,Kelly,1,Wrong item was shipped to me.,2023-01-23,False,NEGATIVE,2,SOURCE_G_REVIEWS,reviews_2023.csv,2023-01-23T20:36:01.906740325,BATCH-G-20230123
REV-00021046,SKU-0003693,,Anonymous,5,Great value for money.,2023-12-27,True,POSITIVE,1,SOURCE_G_REVIEWS,reviews_2023.csv,2023-12-27T10:17:13.913246162,BATCH-G-20231227
REV-00021050,SKU-0015961,user_62601,Julie Le,4,"Solid build quality, no complaints.",2023-09-12,False,POSITIVE,1,SOURCE_G_REVIEWS,reviews_2023.csv,2023-09-12T16:22:25.895876725,BATCH-G-20230912
REV-00021053,SKU-0010559,user_9007706,Tiffany Duncan,5,"Absolutely love it, works perfectly!",2023-06-10,True,POSITIVE,0,SOURCE_G_REVIEWS,reviews_2023.csv,2023-06-10T21:11:51.706332676,BATCH-G-20230610
REV-00021065,SKU-0010606,user_27516,Miss,5,Will definitely buy again.,2023-01-26,False,POSITIVE,2,SOURCE_G_REVIEWS,reviews_2023.csv,2023-01-26T11:48:48.381520540,BATCH-G-20230126
REV-00021069,SKU-0000933,user_9012625,Jessica French,5,Highly recommend this product.,2023-07-06,True,POSITIVE,7,SOURCE_G_REVIEWS,reviews_2023.csv,2023-07-06T23:13:01.943465003,BATCH-G-20230706
REV-00021073,SKU-0016244,user_51273,Denise Hill,5,Highly recommend this product.,2023-05-10,True,POSITIVE,1,SOURCE_G_REVIEWS,reviews_2023.csv,2023-05-10T02:37:12.519290986,BATCH-G-20230510
REV-00021076,SKU-9984153,user_20390,Alexis Huang,4,Decent but overpriced a bit.,2023-08-31,True,NEUTRAL,0,SOURCE_G_REVIEWS,reviews_2023.csv,2023-08-31T03:44:24.174265529,BATCH-G-20230831
REV-00021079,SKU-0004633,user_9007474,Julia Lamb,2,"Cheaply made, broke immediately.",2023-07-09,True,NEGATIVE,0,SOURCE_G_REVIEWS,reviews_2023.csv,2023-07-09T23:47:48.054770973,BATCH-G-20230709
REV-00021096,SKU-0009746,user_2848,Ashley Holmes,5,"Perfect gift, they loved it!",2023-01-06,False,POSITIVE,0,SOURCE_G_REVIEWS,reviews_2023.csv,2023-01-25T05:00:00,BATCH-G-20230106
REV-00021099,SKU-0013186,user_59247,Michael,5,"Exactly as described, very happy.",2023-10-12,False,POSITIVE,5,SOURCE_G_REVIEWS,reviews_2023.csv,2023-10-12T19:15:56.001557347,BATCH-G-20231012
REV-00021100,SKU-0013424,user_16654,Johnathan,3,Decent but overpriced a bit.,2023-05-10,True,NEUTRAL,8,SOURCE_G_REVIEWS,reviews_2023.csv,2023-05-10T21:49:31.161571330,BATCH-G-20230510
REV-00021102,SKU-9946080,user_9020644,Suzanne Swanson,4,Highly recommend this product.,2023-10-02,True,POSITIVE,1,SOURCE_G_REVIEWS,reviews_2023.csv,2023-10-02T00:57:47.511587588,BATCH-G-20231002
REV-00021108,SKU-9947798,user_51617,Karen Franklin,4,Will definitely buy again.,2023-08-06,True,POSITIVE,2,SOURCE_G_REVIEWS,reviews_2023.csv,2023-08-06T11:25:09.348802960,BATCH-G-20230806
REV-00021118,SKU-0015946,user_36398,Carolyn Smith,5,Better than I expected for the price.,2023-05-18,False,POSITIVE,3,SOURCE_G_REVIEWS,reviews_2023.csv,2023-05-18T10:16:54.370135757,BATCH-G-20230518
REV-00021119,SKU-0007011,user_52621,Nicholas Morgan,3,Decent but overpriced a bit. 😢,2023-10-18,False,NEUTRAL,0,SOURCE_G_REVIEWS,reviews_2023.csv,2023-10-19T03:58:57.171268930,BATCH-G-20231018
REV-00021123,SKU-0013688,user_766,Natalie Jefferson,4,Will definitely buy again.,2023-03-27,False,POSITIVE,3,SOURCE_G_REVIEWS,reviews_2023.csv,2023-03-27T03:47:32.978504320,BATCH-G-20230327
REV-00021125,SKU-0012962,user_9018339,Melinda Gibson,5,Exceeded my expectations.,2023-12-26,True,POSITIVE,2,SOURCE_G_REVIEWS,reviews_2023.csv,2023-12-26T22:23:04.351515293,BATCH-G-20231226
REV-00021126,SKU-0016462,user_9025064,Cody Mckinney,4,"Perfect gift, they loved it!",2023-12-13,True,POSITIVE,3,SOURCE_G_REVIEWS,reviews_2023.csv,2023-12-13T11:23:22.427825061,BATCH-G-20231213
REV-00021128,SKU-0010208,user_9032631,Gina Wise,3,Works fine but delivery was slow.,2023-12-23,False,NEUTRAL,3,SOURCE_G_REVIEWS,reviews_2023.csv,2023-12-23T02:19:21.173632214,BATCH-G-20231223
REV-00021129,SKU-0017698,user_9013661,Gregory Olson,2,Not as described at all.,2023-12-05,True,NEGATIVE,1,SOURCE_G_REVIEWS,reviews_2023.csv,2023-12-06T01:50:23.252503248,BATCH-G-20231205
REV-00021178,SKU-0005442,user_42132,Kristen Alexander MD,?,"Excellent rapport qualité-prix. Absolutely love it, works perfectly!",2023-12-26,True,POSITIVE,1,SOURCE_G_REVIEWS,reviews_2023.csv,2023-12-26T22:20:45.387924919,BATCH-G-20231226
REV-00021186,SKU-0000038,user_36371,Maria Brown,1,"Waste of money, do not buy.",2023-04-17,True,NEGATIVE,7,SOURCE_G_REVIEWS,reviews_2023.csv,2023-04-17T11:45:25.030454455,BATCH-G-20230417
REV-00021203,SKU-0013670,user_40467,Deborah,5,Exceeded my expectations. 😍,2023-01-13,False,POSITIVE,2,SOURCE_G_REVIEWS,reviews_2023.csv,2023-01-13T09:45:16.554906831,BATCH-G-20230113
REV-00021204,SKU-0018781,,Anonymous,4,"Solid build quality, no complaints.",2023-02-11,True,POSITIVE,1,SOURCE_G_REVIEWS,reviews_2023.csv,2023-02-11T17:19:12.583023196,BATCH-G-20230211
REV-00021223,SKU-0002256,user_49531,Lauren,4,Will definitely buy again.,2023-07-09,True,POSITIVE,4,SOURCE_G_REVIEWS,reviews_2023.csv,2023-07-09T01:49:25.321803079,BATCH-G-20230709
REV-00021226,SKU-0018325,user_9004131,Amanda Mcbride,1,Very disappointed with the quality.,2023-11-09,False,NEGATIVE,2,SOURCE_G_REVIEWS,reviews_2023.csv,2023-11-09T05:39:53.632576635,BATCH-G-20231109
REV-00021229,SKU-0000127,user_33750,Theresa Parker,4,"Solid build quality, no complaints.",2023-12-29,True,POSITIVE,4,SOURCE_G_REVIEWS,reviews_2023.csv,2023-12-29T08:20:00.671963977,BATCH-G-20231229
REV-00021230,SKU-0011205,user_9030514,Nathaniel Gomez,4,   Fast  delivery  and  great  quality.   ,2023-08-17,False,POSITIVE,0,SOURCE_G_REVIEWS,reviews_2023.csv,2023-08-17T21:46:52.617463850,BATCH-G-20230817
REV-00021231,SKU-0002981,user_5638,Raven Harris,3,Decent but overpriced a bit.,2023-07-07,False,NEUTRAL,0,SOURCE_G_REVIEWS,reviews_2023.csv,2023-07-25T05:00:00,BATCH-G-20230707
REV-00021235,SKU-0014337,user_11154,Michael Hardin,2,"Poor packaging, item was defective.",2023-05-31,True,NEGATIVE,3,SOURCE_G_REVIEWS,reviews_2023.csv,2023-05-31T03:03:21.065467410,BATCH-G-20230531
REV-00021239,SKU-0007264,user_9021168,Justin Peterson,1,Highly recommend this product.,2023-01-12,True,POSITIVE,5,SOURCE_G_REVIEWS,reviews_2023.csv,2023-01-12T12:27:23.827795554,BATCH-G-20230112
REV-00021241,SKU-0007433,user_9031610,Austin Spears,5,Great value for money.,2023-01-04,False,POSITIVE,2,SOURCE_G_REVIEWS,reviews_2023.csv,2023-01-04T21:07:33.443402796,BATCH-G-20230104
REV-00021252,SKU-0014499,user_61624,Phillip,2,"Muy buen producto, lo recomiendo.",2023-06-09,False,NEGATIVE,1,SOURCE_G_REVIEWS,reviews_2023.csv,2023-06-09T23:52:22.613609169,BATCH-G-20230609
REV-00021258,SKU-0011182,user_55261,Jessica Hayes,1,Stopped working after a week.,2023-12-12,False,NEGATIVE,1,SOURCE_G_REVIEWS,reviews_2023.csv,2023-12-12T07:07:09.490956367,BATCH-G-20231212
REV-00021276,SKU-0016336,user_10554,Leslie,4,"Matches the description, no issues.",2023-08-09,True,NEUTRAL,11,SOURCE_G_REVIEWS,reviews_2023.csv,2023-08-10T02:16:47.240446721,BATCH-G-20230809
REV-00021280,SKU-0014067,user_3878,Chad Riggs,5,Will definitely buy again.,2023-06-07,False,POSITIVE,1,SOURCE_G_REVIEWS,reviews_2023.csv,2023-06-07T12:54:33.020026366,BATCH-G-20230607
REV-00021288,SKU-0015675,user_9022023,Courtney,5,Exceeded my expectations. ⭐,2023-10-26,True,POSITIVE,0,SOURCE_G_REVIEWS,reviews_2023.csv,2023-10-27T02:00:30.006800293,BATCH-G-20231026
REV-00021326,SKU-0020135,user_11703,Andrew Gonzalez,4,"Perfect gift, they loved it!",2023-08-31,True,POSITIVE,5,SOURCE_G_REVIEWS,reviews_2023.csv,2023-08-31T20:36:55.633572951,BATCH-G-20230831
REV-00021328,SKU-0016717,user_9025371,Larry Stewart,3,"It's okay, does the job.",2023-02-21,True,NEUTRAL,9,SOURCE_G_REVIEWS,reviews_2023.csv,2023-02-21T06:40:01.779794139,BATCH-G-20230221
REV-00021332,SKU-0005222,user_54360,Vanessa Morrison,5,Fast delivery and great quality.,2023-11-16,True,POSITIVE,0,SOURCE_G_REVIEWS,reviews_2023.csv,2023-11-16T10:27:11.548907256,BATCH-G-20231116
REV-00021334,SKU-0007242,user_61053,Shawn,4,Works fine but delivery was slow.,2023-04-29,False,NEUTRAL,9,SOURCE_G_REVIEWS,reviews_2023.csv,2023-04-29T19:29:48.606338428,BATCH-G-20230429
REV-00021344,SKU-0011205,user_16945,Mark Graham,4,"Absolutely love it, works perfectly! 😡👍",2023-05-11,True,POSITIVE,10,SOURCE_G_REVIEWS,reviews_2023.csv,2023-05-11T09:24:45.804071899,BATCH-G-20230511
REV-00021347,SKU-0001713,user_15638,Michaela Barker,4,"Perfect gift, they loved it!",2023-05-06,True,POSITIVE,1,SOURCE_G_REVIEWS,reviews_2023.csv,2023-05-06T15:35:31.889287154,BATCH-G-20230506
REV-00021357,SKU-9985830,user_9001416,Catherine Davis,3,Works fine but delivery was slow. 🙏,2023-05-12,True,NEUTRAL,3,SOURCE_G_REVIEWS,reviews_2023.csv,2023-05-13T03:37:22.176603639,BATCH-G-20230512
REV-00021379,SKU-0003336,user_32987,Joe Garcia,5,Better than I expected for the price.,2023-01-08,False,POSITIVE,7,SOURCE_G_REVIEWS,reviews_2023.csv,2023-01-08T18:21:48.966847834,BATCH-G-20230108
REV-00021380,SKU-0005025,user_9026483,Jose,4,Excellent rapport qualité-prix.,2023-04-02,False,POSITIVE,4,SOURCE_G_REVIEWS,reviews_2023.csv,2023-04-03T04:10:16.747346074,BATCH-G-20230402
REV-00021392,SKU-0014836,user_9021070,Zachary Mosley,4,Will definitely buy again.,2023-12-31,False,POSITIVE,0,SOURCE_G_REVIEWS,reviews_2023.csv,2024-01-18T16:00:00,BATCH-G-20231231
REV-00021403,SKU-0011423,user_64896,Nancy,5,"Perfect gift, they loved it!",2023-12-21,True,POSITIVE,6,SOURCE_G_REVIEWS,reviews_2023.csv,2023-12-21T10:59:35.713670070,BATCH-G-20231221
REV-00021416,SKU-0001359,user_9023883,Virginia,unknown,"Solid build quality, no complaints.",2023-01-03,True,POSITIVE,0,SOURCE_G_REVIEWS,reviews_2023.csv,2023-01-03T23:40:02.873783560,BATCH-G-20230103
REV-00021420,SKU-0003667,user_31602,Johnathan,5,Fast delivery and great quality.,2023-07-08,True,POSITIVE,4,SOURCE_G_REVIEWS,reviews_2023.csv,2023-07-09T00:02:57.198960389,BATCH-G-20230708
REV-00021426,SKU-0013896,user_9029162,Erica,3,"Not bad, not great either.",2023-03-19,True,NEUTRAL,10,SOURCE_G_REVIEWS,reviews_2023.csv,2023-03-19T22:45:22.753085354,BATCH-G-20230319
REV-00021432,SKU-0012620,,Anonymous,5,Great value for money.,2023-04-08,True,POSITIVE,0,SOURCE_G_REVIEWS,reviews_2023.csv,2023-04-08T06:11:31.169573022,BATCH-G-20230408
REV-00021433,SKU-0013349,,Anonymous,4,Better than I expected for the price. 💯💯,2023-07-24,False,POSITIVE,1,SOURCE_G_REVIEWS,reviews_2023.csv,2023-07-24T17:53:22.941531858,BATCH-G-20230724
REV-00021436,SKU-0018981,user_9022159,Alyssa,1,Arrived damaged and support was unhelpful.,2023-11-12,True,NEGATIVE,11,SOURCE_G_REVIEWS,reviews_2023.csv,2023-11-12T12:35:45.887837955,BATCH-G-20231112
REV-00021439,SKU-0016153,user_61053,Shawn,5,Better than I expected for the price.,2023-01-09,True,POSITIVE,1,SOURCE_G_REVIEWS,reviews_2023.csv,2023-01-09T01:20:41.334935430,BATCH-G-20230109
REV-00021441,SKU-0003464,user_51558,Stacey Hicks,4,"Perfect gift, they loved it!",2023-12-25,False,POSITIVE,10,SOURCE_G_REVIEWS,reviews_2023.csv,2023-12-25T21:17:48.115246608,BATCH-G-20231225
REV-00021442,SKU-0002109,user_9015095,Jose,2,"Waste of money, do not buy.",2023-01-27,True,NEGATIVE,5,SOURCE_G_REVIEWS,reviews_2023.csv,2023-01-27T09:00:58.917493192,BATCH-G-20230127
REV-00021458,SKU-0017153,,Anonymous,5,गुणवत्ता ठीक नहीं थी।,2023-08-09,True,POSITIVE,1,SOURCE_G_REVIEWS,reviews_2023.csv,2023-08-09T14:36:19.338062349,BATCH-G-20230809
REV-00021465,SKU-0006977,user_30620,Donald Mcintyre,6,"Excellent rapport qualité-prix. Poor packaging, item was defective.",2023-02-03,True,NEGATIVE,0,SOURCE_G_REVIEWS,reviews_2023.csv,2023-02-03T04:08:44.588899551,BATCH-G-20230203
REV-00021480,SKU-0008333,user_9023534,Amanda,5,Highly recommend this product.,2023-08-29,True,POSITIVE,2,SOURCE_G_REVIEWS,reviews_2023.csv,2023-08-29T12:16:39.305527569,BATCH-G-20230829
REV-00021481,SKU-0012644,user_9022270,Robert Silva,3,"Not bad, not great either.",2023-01-12,True,NEUTRAL,0,SOURCE_G_REVIEWS,reviews_2023.csv,2023-01-12T04:53:12.642001803,BATCH-G-20230112
REV-00021484,SKU-0014178,user_9003299,Kimberly Peterson,3,Excellent rapport qualité-prix.,2023-03-19,False,NEUTRAL,2,SOURCE_G_REVIEWS,reviews_2023.csv,2023-03-19T21:31:45.424650276,BATCH-G-20230319
REV-00021499,SKU-0001996,user_9032942,Ian Francis,4,Better than I expected for the price.,2023-10-24,False,POSITIVE,0,SOURCE_G_REVIEWS,reviews_2023.csv,2023-10-25T00:39:07.913030527,BATCH-G-20231024
REV-00021504,SKU-0014487,user_64734,Christine Orr,4,"</p>Muy buen producto, lo recomiendo.<i>edited</i>",2023-12-09,True,POSITIVE,0,SOURCE_G_REVIEWS,reviews_2023.csv,2023-12-09T21:49:05.136806529,BATCH-G-20231209
REV-00021505,SKU-9969045,user_9033659,Amber Walton,5,"Solid build quality, no complaints.",2023-01-14,True,POSITIVE,5,SOURCE_G_REVIEWS,reviews_2023.csv,2023-01-14T12:11:56.488322348,BATCH-G-20230114
REV-00021514,SKU-0019491,user_50015,Mary Hartman,-,Fast delivery and great quality.,2023-11-10,True,POSITIVE,2,SOURCE_G_REVIEWS,reviews_2023.csv,2023-11-10T01:24:51.704919151,BATCH-G-20231110
REV-00021539,SKU-0013858,user_35310,Casey,5,"Exactly as described, very happy.",2023-06-06,True,POSITIVE,1,SOURCE_G_REVIEWS,reviews_2023.csv,2023-06-06T00:59:16.798621148,BATCH-G-20230606
REV-00021552,SKU-0016684,user_9022565,Jennifer Mueller,5,Excellent rapport qualité-prix.,2023-04-10,False,POSITIVE,1,SOURCE_G_REVIEWS,reviews_2023.csv,2023-04-11T00:29:39.504756622,BATCH-G-20230410
REV-00021558,SKU-0005514,user_9024251,Marc Harrison,5,Fast delivery and great quality.,2023-05-06,False,POSITIVE,1,SOURCE_G_REVIEWS,reviews_2023.csv,2023-05-06T23:15:13.831581848,BATCH-G-20230506
REV-00021561,SKU-0005739,user_19366,Mary Hicks,4,Better than I expected for the price.,2023-03-13,False,POSITIVE,2,SOURCE_G_REVIEWS,reviews_2023.csv,2023-03-13T07:36:53.960426289,BATCH-G-20230313
REV-00021565,SKU-9975652,user_62766,Brian Gordon,5,Will definitely buy again.,2023-07-18,True,POSITIVE,5,SOURCE_G_REVIEWS,reviews_2023.csv,2023-07-18T05:57:48.394399407,BATCH-G-20230718
REV-00021568,SKU-0014330,,Anonymous,3,"Average quality, nothing special.",2023-01-05,False,NEUTRAL,12,SOURCE_G_REVIEWS,reviews_2023.csv,2023-01-05T18:56:34.548316358,BATCH-G-20230105
REV-00021569,SKU-0018745,user_56223,Nathan,4,"Exactly as described, very happy.",2023-03-30,True,POSITIVE,0,SOURCE_G_REVIEWS,reviews_2023.csv,2023-03-30T11:04:25.553755199,BATCH-G-20230330
REV-00021582,SKU-0010194,user_8003,Jennifer Barber,1,"Not bad, not great either.",2023-08-27,True,NEUTRAL,5,SOURCE_G_REVIEWS,reviews_2023.csv,2023-08-27T00:41:36.536110399,BATCH-G-20230827
REV-00021607,SKU-0015150,user_43719,Samantha,2,Decent but overpriced a bit.,2023-12-05,False,NEUTRAL,0,SOURCE_G_REVIEWS,reviews_2023.csv,2023-12-05T08:49:42.347995758,BATCH-G-20231205
REV-00021613,SKU-9989355,user_9007424,Ryan,2,Arrived damaged and support was unhelpful.,2023-02-01,False,NEGATIVE,1,SOURCE_G_REVIEWS,reviews_2023.csv,2023-02-01T17:42:25.052509040,BATCH-G-20230201
REV-00021614,SKU-0005832,user_9010825,Anita Howard,4,"Solid build quality, no complaints.",2023-12-05,False,POSITIVE,2,SOURCE_G_REVIEWS,reviews_2023.csv,2023-12-05T10:14:29.006920991,BATCH-G-20231205
REV-00021624,SKU-0020127,user_9032593,Matthew,5,Exceeded my expectations.,2023-05-29,True,POSITIVE,2,SOURCE_G_REVIEWS,reviews_2023.csv,2023-05-29T02:04:39.579283482,BATCH-G-20230529
REV-00021628,SKU-0006310,user_9002572,Margaret Wilkinson,4,"Exactly as described, very happy.",2023-06-05,False,POSITIVE,2,SOURCE_G_REVIEWS,reviews_2023.csv,2023-06-05T03:49:43.010563608,BATCH-G-20230605
REV-00021629,SKU-9983362,,Anonymous,4,Will definitely buy again.,2023-10-23,True,POSITIVE,6,SOURCE_G_REVIEWS,reviews_2023.csv,2023-10-23T02:36:11.138915758,BATCH-G-20231023
REV-00021638,SKU-0013320,user_9013325,Danielle,5,"Solid build quality, no complaints.",2023-08-30,False,POSITIVE,1,SOURCE_G_REVIEWS,reviews_2023.csv,2023-08-30T11:57:33.060504970,BATCH-G-20230830
REV-00021642,SKU-0018911,user_3996,Nathaniel Patterson,4,Better than I expected for the price.,2023-12-12,False,POSITIVE,0,SOURCE_G_REVIEWS,reviews_2023.csv,2023-12-12T10:27:47.069904578,BATCH-G-20231212
REV-00021653,SKU-0004846,user_9004181,Calvin,4,Better than I expected for the price.,2023-08-31,True,POSITIVE,3,SOURCE_G_REVIEWS,reviews_2023.csv,2023-08-31T06:32:30.291136242,BATCH-G-20230831
REV-00021653-BOT,SKU-0004846,user_9010111,Thomas Cook,4,Better than I expected for the price.,2023-08-31,False,POSITIVE,0,SOURCE_G_REVIEWS,reviews_2023.csv,2023-08-31T06:32:30.291136242,BATCH-G-20230831
REV-00021658,SKU-0001122,user_9028419,Steven,4,"No cumplió mis expectativas. Perfect gift, they loved it!",2023-01-10,True,POSITIVE,6,SOURCE_G_REVIEWS,reviews_2023.csv,2023-01-10T03:06:28.923799100,BATCH-G-20230110
REV-00021673,SKU-0005916,user_50181,Dustin Rosales PhD,4,"Perfect gift, they loved it!",2023-04-01,True,POSITIVE,0,SOURCE_G_REVIEWS,reviews_2023.csv,2023-04-01T06:31:36.377667654,BATCH-G-20230401
REV-00021676,SKU-0010099,user_9011797,Kimberly Castillo,3,"Matches the description, no issues.",2023-10-13,False,NEUTRAL,2,SOURCE_G_REVIEWS,reviews_2023.csv,2023-10-13T19:59:08.929626247,BATCH-G-20231013
REV-00021681,SKU-0001928,,Anonymous,4,"Solid build quality, no complaints.",2023-07-31,False,POSITIVE,3,SOURCE_G_REVIEWS,reviews_2023.csv,2023-07-31T02:54:05.091512258,BATCH-G-20230731
REV-00021692,SKU-0011419,user_9023507,Christopher,4,Will definitely buy again.,2023-01-07,True,POSITIVE,0,SOURCE_G_REVIEWS,reviews_2023.csv,2023-01-07T18:30:34.799290868,BATCH-G-20230107
REV-00021694,SKU-0019631,,Anonymous,3,"Average quality, nothing special.",2023-09-09,True,NEUTRAL,0,SOURCE_G_REVIEWS,reviews_2023.csv,2023-09-09T01:55:29.567337848,BATCH-G-20230909
REV-00021701,SKU-0012024,user_9002183,Julia,5,Better than I expected for the price.,2023-05-22,True,POSITIVE,0,SOURCE_G_REVIEWS,reviews_2023.csv,2023-05-23T05:51:47.310415014,BATCH-G-20230522
REV-00021710,SKU-0005444,user_26533,Jennifer,3,Decent but overpriced a bit.,2023-09-28,False,NEUTRAL,1,SOURCE_G_REVIEWS,reviews_2023.csv,2023-09-28T19:07:52.270963033,BATCH-G-20230928
REV-00021710-DUP,SKU-0005444,user_26533,Jennifer,3,Decent but overpriced a bit.,2023-09-28,False,NEUTRAL,1,SOURCE_G_REVIEWS,reviews_2023.csv,2023-09-28T19:38:52.270963033,BATCH-G-20230928
REV-00021710-BOT,SKU-0005444,user_37308,Lisa Solis,3,Decent but overpriced a bit.,2023-09-28,False,NEUTRAL,0,SOURCE_G_REVIEWS,reviews_2023.csv,2023-09-28T19:38:52.270963033,BATCH-G-20230928
REV-00021715,SKU-0001038,,Anonymous,4,"Exactly as described, very happy.",2023-06-05,True,POSITIVE,2,SOURCE_G_REVIEWS,reviews_2023.csv,2023-06-05T06:21:41.419442701,BATCH-G-20230605
REV-00021718,SKU-0018228,user_9019886,Duane,1,"Poor packaging, item was defective.",2023-06-18,True,NEGATIVE,1,SOURCE_G_REVIEWS,reviews_2023.csv,2023-06-18T21:22:41.149816391,BATCH-G-20230618
REV-00021733,SKU-9986621,,Anonymous,5,"Matches the description, no issues.",2023-04-02,False,NEUTRAL,2,SOURCE_G_REVIEWS,reviews_2023.csv,2023-04-03T02:29:42.020452940,BATCH-G-20230402
REV-00021736,SKU-0013094,,Anonymous,2,"Cheaply made, broke immediately.",2023-03-21,True,NEGATIVE,3,SOURCE_G_REVIEWS,reviews_2023.csv,2023-03-21T07:47:58.109748438,BATCH-G-20230321
REV-00021756,SKU-0018237,user_9016275,Robin Aguilar,3,"Muy buen producto, lo recomiendo. Average quality, nothing special.",2023-12-22,True,NEUTRAL,2,SOURCE_G_REVIEWS,reviews_2023.csv,2023-12-22T17:46:03.394410066,BATCH-G-20231222
REV-00021760,SKU-0009983,user_52525,Peter,4,"Exactly as described, very happy.",2023-11-16,True,POSITIVE,0,SOURCE_G_REVIEWS,reviews_2023.csv,2023-11-16T06:45:08.957482799,BATCH-G-20231116
REV-00021783,SKU-0007155,user_9012361,Ernest,4,Better than I expected for the price.,2023-09-19,False,POSITIVE,5,SOURCE_G_REVIEWS,reviews_2023.csv,2023-09-19T02:40:40.739010673,BATCH-G-20230919
REV-00021790,SKU-0017216,,Anonymous,5,"Absolutely love it, works perfectly!",2023-09-03,True,POSITIVE,0,SOURCE_G_REVIEWS,reviews_2023.csv,2023-09-03T19:18:20.437469599,BATCH-G-20230903
REV-00021791,SKU-0017318,user_9021813,Jessica Martin MD,3,"Average quality, nothing special.",2023-01-31,True,NEUTRAL,3,SOURCE_G_REVIEWS,reviews_2023.csv,2023-02-01T01:12:57.643054787,BATCH-G-20230131
REV-00021799,SKU-0011562,user_9013522,Shawn Wells,5,Will definitely buy again.,2023-07-09,True,POSITIVE,1,SOURCE_G_REVIEWS,reviews_2023.csv,2023-07-09T18:59:18.064097605,BATCH-G-20230709
REV-00021800,SKU-0009772,user_9021391,Tony Martinez,5,Great value for money.,2023-11-23,False,POSITIVE,0,SOURCE_G_REVIEWS,reviews_2023.csv,2023-11-24T02:34:37.398383691,BATCH-G-20231123
REV-00021819,SKU-0007395,user_9004319,Christopher Meadows,5,"बहुत अच्छा उत्पाद है, पैसा वसूल! Will definitely buy again.",2023-07-17,True,POSITIVE,0,SOURCE_G_REVIEWS,reviews_2023.csv,2023-07-18T00:24:06.736296582,BATCH-G-20230717
REV-00021828,SKU-0011311,,Anonymous,3,"Average quality, nothing special.",2023-09-15,True,NEUTRAL,0,SOURCE_G_REVIEWS,reviews_2023.csv,2023-09-15T16:42:58.757679090,BATCH-G-20230915
REV-00021841,SKU-0005086,,Anonymous,5,"Waste of money, do not buy.",2023-04-27,False,NEGATIVE,2,SOURCE_G_REVIEWS,reviews_2023.csv,2023-04-27T19:01:22.993314451,BATCH-G-20230427
REV-00021841-DUP,SKU-0005086,,Anonymous,5,"Waste of money, do not buy.",2023-04-27,False,NEGATIVE,2,SOURCE_G_REVIEWS,reviews_2023.csv,2023-04-27T19:12:22.993314451,BATCH-G-20230427
REV-00021842,SKU-0004557,user_9013945,Traci,1,Stopped working after a week.,2023-12-15,False,NEGATIVE,0,SOURCE_G_REVIEWS,reviews_2023.csv,2023-12-15T14:33:26.813525665,BATCH-G-20231215
REV-00021849,SKU-0010992,user_9001542,Christina,4,Highly recommend this product.,2023-01-16,True,POSITIVE,5,SOURCE_G_REVIEWS,reviews_2023.csv,2023-01-16T03:15:16.260228004,BATCH-G-20230116
REV-00021855,SKU-0004946,,Anonymous,5,Highly recommend this product.,2023-04-15,False,POSITIVE,1,SOURCE_G_REVIEWS,reviews_2023.csv,2023-04-15T01:16:26.870433993,BATCH-G-20230415
REV-00021856,SKU-0018593,user_13648,Tina Hernandez,5,Fast delivery and great quality.,2023-07-27,True,POSITIVE,2,SOURCE_G_REVIEWS,reviews_2023.csv,2023-07-27T07:23:27.186371031,BATCH-G-20230727
REV-00021866,SKU-0011605,user_2226,Keith,5,Exceeded my expectations.,2023-10-01,True,POSITIVE,2,SOURCE_G_REVIEWS,reviews_2023.csv,2023-10-01T23:38:28.657746153,BATCH-G-20231001
REV-00021871,SKU-0003390,user_9026705,Jason Huber,2,Wrong item was shipped to me.,2023-09-06,True,NEGATIVE,1,SOURCE_G_REVIEWS,reviews_2023.csv,2023-09-06T09:46:14.719434565,BATCH-G-20230906
REV-00021880,SKU-0002472,,Anonymous,5,"Perfect gift, they loved it! 😀",2023-08-28,False,POSITIVE,1,SOURCE_G_REVIEWS,reviews_2023.csv,2023-08-28T19:35:30.774215847,BATCH-G-20230828
REV-00021889,SKU-0016434,user_35330,David Goodman,4,"Muy buen producto, lo recomiendo.",2023-09-07,True,NEUTRAL,5,SOURCE_G_REVIEWS,reviews_2023.csv,2023-09-07T15:31:23.590825773,BATCH-G-20230907
REV-00021901,SKU-0009975,user_9021273,Brian Kim,5,"Absolutely love it, works perfectly!",2023-02-12,True,POSITIVE,1,SOURCE_G_REVIEWS,reviews_2023.csv,2023-02-12T13:27:24.876295026,BATCH-G-20230212
REV-00021903,SKU-9969200,user_9014012,Victoria Joyce,5,Fast delivery and great quality. 👍,2023-12-19,True,POSITIVE,0,SOURCE_G_REVIEWS,reviews_2023.csv,2023-12-19T05:12:31.309800751,BATCH-G-20231219
REV-00021907,SKU-0009802,user_9026158,Kimberly Reilly,5,"Absolutely love it, works perfectly!",2023-04-20,False,POSITIVE,3,SOURCE_G_REVIEWS,reviews_2023.csv,2023-04-21T03:38:50.716093383,BATCH-G-20230420
REV-00021923,SKU-0016118,user_69537,Anthony Montgomery,4,Better than I expected for the price.,2023-11-28,False,POSITIVE,0,SOURCE_G_REVIEWS,reviews_2023.csv,2023-11-28T12:19:53.589754644,BATCH-G-20231128
REV-00021925,SKU-0002441,,Anonymous,1,"Absolutely love it, works perfectly!",2023-05-28,False,POSITIVE,0,SOURCE_G_REVIEWS,reviews_2023.csv,2023-05-28T20:36:47.183633085,BATCH-G-20230528
REV-00021937,SKU-0014348,user_19820,Travis Lang,5,"Exactly as described, very happy.",2023-03-06,True,POSITIVE,3,SOURCE_G_REVIEWS,reviews_2023.csv,2023-03-06T12:53:22.848976722,BATCH-G-20230306
REV-00021940,SKU-0014928,user_9004393,John Mccall,,"Average quality, nothing special.",2023-12-24,True,NEUTRAL,9,SOURCE_G_REVIEWS,reviews_2023.csv,2023-12-25T02:32:50.773348813,BATCH-G-20231224
REV-00021966,SKU-0006496,,Anonymous,5,"&nbsp;Absolutely love it, works perfectly!<b>Update:</b>",2023-12-19,True,POSITIVE,14,SOURCE_G_REVIEWS,reviews_2023.csv,2023-12-19T23:28:00.926797258,BATCH-G-20231219
REV-00021967,SKU-0005199,user_9028128,Keith Clark,4,"Perfect gift, they loved it!",2023-03-21,False,POSITIVE,2,SOURCE_G_REVIEWS,reviews_2023.csv,2023-03-21T23:27:24.375367971,BATCH-G-20230321
REV-00021969,SKU-0004744,user_14548,Nicole Ortega,5,Will definitely buy again.,2023-11-22,True,POSITIVE,6,SOURCE_G_REVIEWS,reviews_2023.csv,2023-11-23T00:37:36.185527747,BATCH-G-20231122
REV-00021978,SKU-0000039,user_9021952,Olivia Obrien,5,Fast delivery and great quality.,2023-09-28,False,POSITIVE,3,SOURCE_G_REVIEWS,reviews_2023.csv,2023-09-28T05:13:25.983019283,BATCH-G-20230928
REV-00021980,SKU-0011920,user_9020222,Nancy,5,Great value for money. 😀,2023-09-06,True,POSITIVE,0,SOURCE_G_REVIEWS,reviews_2023.csv,2023-09-06T08:10:17.377358647,BATCH-G-20230906
REV-00022005,SKU-0018691,user_60140,Glenn Rogers,4,Fast delivery and great quality.,2023-05-10,True,POSITIVE,2,SOURCE_G_REVIEWS,reviews_2023.csv,2023-05-10T02:44:30.811762986,BATCH-G-20230510
REV-00022021,SKU-0014533,,Anonymous,4,Fast delivery and great quality.,2023-08-18,False,POSITIVE,0,SOURCE_G_REVIEWS,reviews_2023.csv,2023-08-18T15:41:44.389534555,BATCH-G-20230818
REV-00022028,SKU-0007062,,Anonymous,4,"<p>Muy buen producto, lo recomiendo. Exceeded my expectations.</p>",2023-01-03,True,POSITIVE,3,SOURCE_G_REVIEWS,reviews_2023.csv,2023-01-03T14:10:14.875012870,BATCH-G-20230103
REV-00022037,SKU-0018036,user_11743,Ashley,5,"Exactly as described, very happy.",2023-08-16,False,POSITIVE,2,SOURCE_G_REVIEWS,reviews_2023.csv,2023-08-16T13:59:31.950478968,BATCH-G-20230816
REV-00022045,SKU-0013425,,Anonymous,4,Great value for money.,2023-06-08,False,POSITIVE,2,SOURCE_G_REVIEWS,reviews_2023.csv,2023-06-08T21:34:58.685097438,BATCH-G-20230608
REV-00022052,SKU-0012276,user_9022084,Jean Gonzalez,5,   Exceeded  my  expectations.   ,2023-02-21,True,POSITIVE,1,SOURCE_G_REVIEWS,reviews_2023.csv,2023-02-21T22:04:18.340857114,BATCH-G-20230221
REV-00022055,SKU-0008501,user_65919,Michael,0,Will definitely buy again.,2023-02-23,True,POSITIVE,4,SOURCE_G_REVIEWS,reviews_2023.csv,2023-02-23T18:20:52.445802640,BATCH-G-20230223
REV-00022065,SKU-0014939,user_9002002,Derek Johnson,5,Exceeded my expectations.,2023-11-14,True,POSITIVE,0,SOURCE_G_REVIEWS,reviews_2023.csv,2023-11-14T06:52:42.281699271,BATCH-G-20231114
REV-00022066,SKU-0018043,,Anonymous,5,"Exactly as described, very happy.",2023-07-07,True,POSITIVE,1,SOURCE_G_REVIEWS,reviews_2023.csv,2023-07-08T03:49:24.757215852,BATCH-G-20230707
REV-00022078,SKU-0016275,user_9003893,Heather Nguyen,4,"Absolutely love it, works perfectly!",2023-03-10,True,POSITIVE,2,SOURCE_G_REVIEWS,reviews_2023.csv,2023-03-10T17:57:22.444747232,BATCH-G-20230310
REV-00022109,SKU-0002058,,Anonymous,5,Better than I expected for the price.,2023-12-16,False,POSITIVE,2,SOURCE_G_REVIEWS,reviews_2023.csv,2023-12-16T16:37:35.023408547,BATCH-G-20231216
REV-00022135,SKU-0007602,,Anonymous,NA,Very disappointed with the quality.,2023-04-26,True,NEGATIVE,0,SOURCE_G_REVIEWS,reviews_2023.csv,2023-04-26T05:59:55.746350154,BATCH-G-20230426
REV-00022151,SKU-0012572,,Anonymous,3,"Matches the description, no issues.",2023-10-14,True,NEUTRAL,2,SOURCE_G_REVIEWS,reviews_2023.csv,2023-10-28T21:00:00,BATCH-G-20231014
REV-00022160,SKU-0010439,user_43637,Ronald Hughes,4,"Absolutely love it, works perfectly!",2023-12-12,True,POSITIVE,5,SOURCE_G_REVIEWS,reviews_2023.csv,2023-12-12T10:11:17.159604399,BATCH-G-20231212
REV-00022161,SKU-0017429,user_9026733,Diana,5,"Exactly as described, very happy.",2023-02-10,True,POSITIVE,4,SOURCE_G_REVIEWS,reviews_2023.csv,2023-02-10T13:02:54.064641675,BATCH-G-20230210
REV-00022161-DUP,SKU-0017429,user_9026733,Diana,5,"Exactly as described, very happy.",2023-02-10,True,POSITIVE,4,SOURCE_G_REVIEWS,reviews_2023.csv,2023-02-10T13:29:54.064641675,BATCH-G-20230210
REV-00022193,SKU-0009716,user_53966,Brandon,4,Will definitely buy again.,2023-09-16,False,POSITIVE,2,SOURCE_G_REVIEWS,reviews_2023.csv,2023-09-16T19:23:39.494589831,BATCH-G-20230916
REV-00022197,SKU-0002676,,Anonymous,4,Exceeded my expectations.,2023-12-26,True,POSITIVE,2,SOURCE_G_REVIEWS,reviews_2023.csv,2023-12-26T13:00:29.547892783,BATCH-G-20231226
REV-00022206,SKU-0007351,,Anonymous,4,"   Solid  build  quality,  no  complaints.   ",2023-07-08,True,POSITIVE,0,SOURCE_G_REVIEWS,reviews_2023.csv,2023-07-09T05:59:57.609830232,BATCH-G-20230708
REV-00022208,SKU-0015136,user_49773,Michael Smith,1,"Waste of money, do not buy.",2023-12-27,True,NEGATIVE,7,SOURCE_G_REVIEWS,reviews_2023.csv,2023-12-27T19:25:11.683544580,BATCH-G-20231227
REV-00022210,SKU-0019635,,Anonymous,4,Highly recommend this product.,2023-08-03,True,POSITIVE,4,SOURCE_G_REVIEWS,reviews_2023.csv,2023-08-03T11:28:21.254031842,BATCH-G-20230803
REV-00022216,SKU-0004385,user_9020440,Cassandra,4,"Livraison très lente, déçu.",2023-12-07,True,POSITIVE,3,SOURCE_G_REVIEWS,reviews_2023.csv,2023-12-07T20:14:57.922004412,BATCH-G-20231207
REV-00022218,SKU-0009811,user_9873,Tracey Meyer,5,Better than I expected for the price.,2023-10-21,True,POSITIVE,5,SOURCE_G_REVIEWS,reviews_2023.csv,2023-10-21T19:05:34.135469053,BATCH-G-20231021
REV-00022246,SKU-0013675,user_69569,Daniel,1,"Poor packaging, item was defective.",2023-07-02,True,NEGATIVE,1,SOURCE_G_REVIEWS,reviews_2023.csv,2023-07-03T02:20:05.271458649,BATCH-G-20230702
REV-00022257,SKU-0016766,user_9034704,Dale Thompson,4,Great value for money.,2023-03-29,True,POSITIVE,0,SOURCE_G_REVIEWS,reviews_2023.csv,2023-03-29T05:30:46.023063415,BATCH-G-20230329
REV-00022263,SKU-0010042,,Anonymous,3,"Average quality, nothing special.",2023-05-17,True,NEUTRAL,1,SOURCE_G_REVIEWS,reviews_2023.csv,2023-05-17T17:12:34.983036332,BATCH-G-20230517
REV-00022265,SKU-0018182,user_22238,Wendy Atkins,4,"Solid build quality, no complaints.",2023-01-07,False,POSITIVE,3,SOURCE_G_REVIEWS,reviews_2023.csv,2023-01-07T23:05:52.546366857,BATCH-G-20230107
REV-00022266,SKU-0008854,user_9031804,Susan Esparza,4,Highly recommend this product.,2023-04-26,False,POSITIVE,0,SOURCE_G_REVIEWS,reviews_2023.csv,2023-04-27T00:09:50.118389258,BATCH-G-20230426
REV-00022279,SKU-0019602,user_9015248,Johnny,3,"Average quality, nothing special.",2023-08-18,True,NEUTRAL,13,SOURCE_G_REVIEWS,reviews_2023.csv,2023-08-18T13:52:44.138830183,BATCH-G-20230818
REV-00022287,SKU-0018537,user_43479,Noah Miller,5,Great value for money.,2023-12-04,True,POSITIVE,3,SOURCE_G_REVIEWS,reviews_2023.csv,2023-12-04T08:52:54.470378795,BATCH-G-20231204
REV-00022288,SKU-0010908,,Anonymous,5,"Exactly as described, very happy.",2023-08-01,False,POSITIVE,0,SOURCE_G_REVIEWS,reviews_2023.csv,2023-08-01T09:27:11.326395861,BATCH-G-20230801
REV-00022299,SKU-0009101,,Anonymous,4,"बहुत अच्छा उत्पाद है, पैसा वसूल!",2023-05-23,True,POSITIVE,0,SOURCE_G_REVIEWS,reviews_2023.csv,2023-05-23T02:38:08.196302861,BATCH-G-20230523
REV-00022302,SKU-0016617,,Anonymous,4,"Solid build quality, no complaints.",2023-05-04,True,POSITIVE,2,SOURCE_G_REVIEWS,reviews_2023.csv,2023-05-04T21:57:27.801863670,BATCH-G-20230504
REV-00022308,SKU-0006318,user_9006358,Cynthia,4,"Exactly as described, very happy.",2023-11-03,False,POSITIVE,3,SOURCE_G_REVIEWS,reviews_2023.csv,2023-11-03T14:32:39.634124192,BATCH-G-20231103
REV-00022310,SKU-0005119,user_9022680,Jeffrey Boyd,4,Great value for money.,2023-07-12,False,POSITIVE,1,SOURCE_G_REVIEWS,reviews_2023.csv,2023-07-12T01:39:40.812707110,BATCH-G-20230712
REV-00022312,SKU-0007818,user_9010483,Rhonda Estes,3,Decent but overpriced a bit.,2023-05-23,False,NEUTRAL,11,SOURCE_G_REVIEWS,reviews_2023.csv,2023-05-23T09:37:49.392618489,BATCH-G-20230523
REV-00022319,SKU-0012161,,Anonymous,5,"Perfect gift, they loved it!",2023-07-21,True,POSITIVE,4,SOURCE_G_REVIEWS,reviews_2023.csv,2023-07-22T01:30:48.683600047,BATCH-G-20230721
REV-00022324,SKU-0007014,user_9001961,Patricia Hill,1,"Poor packaging, item was defective.",2023-07-13,False,NEGATIVE,2,SOURCE_G_REVIEWS,reviews_2023.csv,2023-07-13T21:20:35.169783514,BATCH-G-20230713
REV-00022331,SKU-0012759,user_16102,Wendy Nielsen,5,Better than I expected for the price. 😍,2023-03-03,True,POSITIVE,0,SOURCE_G_REVIEWS,reviews_2023.csv,2023-03-03T12:29:53.717789849,BATCH-G-20230303
REV-00022334,SKU-0007887,user_9015245,Walter,N/A,"Perfect gift, they loved it!",2023-11-27,False,POSITIVE,6,SOURCE_G_REVIEWS,reviews_2023.csv,2023-11-27T10:42:28.942708199,BATCH-G-20231127
REV-00022342,SKU-0001100,,Anonymous,4,"Solid build quality, no complaints.",2023-12-26,True,POSITIVE,2,SOURCE_G_REVIEWS,reviews_2023.csv,2023-12-26T14:42:28.382715295,BATCH-G-20231226
REV-00022351,SKU-0005174,user_9029368,Virginia,5,"   Absolutely  love  it,  works  perfectly!   ",2023-06-30,True,POSITIVE,5,SOURCE_G_REVIEWS,reviews_2023.csv,2023-07-01T00:47:23.698410434,BATCH-G-20230630
REV-00022355,SKU-0012594,user_9018594,Donald Alvarado,4,"Solid build quality, no complaints.",2023-01-18,True,POSITIVE,2,SOURCE_G_REVIEWS,reviews_2023.csv,2023-01-18T07:22:04.221855805,BATCH-G-20230118
REV-00022366,SKU-0011705,user_15443,Melissa Hall,5,"Solid build quality, no complaints.",2023-03-04,False,POSITIVE,1,SOURCE_G_REVIEWS,reviews_2023.csv,2023-03-05T04:22:28.623613544,BATCH-G-20230304
REV-00022371,SKU-0004604,user_9014144,Julie Baldwin,5,"Solid build quality, no complaints. 🔥💯",2023-08-07,True,POSITIVE,4,SOURCE_G_REVIEWS,reviews_2023.csv,2023-08-07T18:17:58.411478423,BATCH-G-20230807
REV-00022391,SKU-0001038,user_31669,Mary Turner,5,"<p>Solid build quality, no complaints.<br>",2023-11-12,False,POSITIVE,15,SOURCE_G_REVIEWS,reviews_2023.csv,2023-11-13T02:56:30.319718276,BATCH-G-20231112
REV-00022409,SKU-0014418,user_9022185,Mrs.,5,Highly recommend this product.,2023-12-25,True,POSITIVE,12,SOURCE_G_REVIEWS,reviews_2023.csv,2023-12-25T13:44:05.179420358,BATCH-G-20231225
REV-00022415,SKU-0019882,user_67034,Keith Lindsey,3,"Not bad, not great either.",2023-08-19,True,NEUTRAL,5,SOURCE_G_REVIEWS,reviews_2023.csv,2023-08-19T14:04:09.002889912,BATCH-G-20230819
REV-00022423,SKU-0003595,user_23123,James Jackson,2,Wrong item was shipped to me.,2023-11-27,True,NEGATIVE,3,SOURCE_G_REVIEWS,reviews_2023.csv,2023-11-28T03:05:47.266636954,BATCH-G-20231127
REV-00022436,SKU-0013276,user_24500,Aaron,4,"Solid build quality, no complaints.",2023-10-30,True,POSITIVE,5,SOURCE_G_REVIEWS,reviews_2023.csv,2023-10-30T11:48:02.088392248,BATCH-G-20231030
REV-00022438,SKU-0003645,user_9007410,Robert Saunders,4,"Exactly as described, very happy.",2023-11-19,False,POSITIVE,4,SOURCE_G_REVIEWS,reviews_2023.csv,2023-11-19T12:24:25.013159536,BATCH-G-20231119
REV-00022441,SKU-0018787,user_9008821,Keith Jennings,5,Better than I expected for the price.,2023-03-14,False,POSITIVE,2,SOURCE_G_REVIEWS,reviews_2023.csv,2023-03-14T05:28:30.250418618,BATCH-G-20230314
REV-00022447,SKU-0015521,user_15385,Nicole Howard,5,Highly recommend this product.,2023-01-22,True,POSITIVE,0,SOURCE_G_REVIEWS,reviews_2023.csv,2023-01-22T15:42:20.686181457,BATCH-G-20230122
REV-00022448,SKU-0010143,user_9024711,Alyssa Cobb,1,Not as described at all.,2023-01-10,True,NEGATIVE,5,SOURCE_G_REVIEWS,reviews_2023.csv,2023-01-10T02:42:50.176356292,BATCH-G-20230110
REV-00022457,SKU-0016865,user_67224,Allison Curtis,5,"Solid build quality, no complaints.",2023-12-16,True,POSITIVE,2,SOURCE_G_REVIEWS,reviews_2023.csv,2023-12-17T04:58:01.446419384,BATCH-G-20231216
REV-00022464,SKU-0013965,user_9002855,Guy,1,Very disappointed with the quality.,2023-03-19,True,NEGATIVE,2,SOURCE_G_REVIEWS,reviews_2023.csv,2023-03-19T00:49:46.358938361,BATCH-G-20230319
REV-00022472,SKU-0012917,user_16986,Kayla,4,"Absolutely love it, works perfectly!",2023-08-11,True,POSITIVE,0,SOURCE_G_REVIEWS,reviews_2023.csv,2023-08-11T12:27:19.025267230,BATCH-G-20230811
REV-00022473,SKU-0011476,,Anonymous,3,"Not bad, not great either.",2023-12-14,False,NEUTRAL,11,SOURCE_G_REVIEWS,reviews_2023.csv,2023-12-14T16:22:05.519514205,BATCH-G-20231214
REV-00022484,SKU-0016103,user_9026315,Matthew Scott,3,"Matches the description, no issues.",2023-11-04,False,NEUTRAL,1,SOURCE_G_REVIEWS,reviews_2023.csv,2023-11-04T13:17:50.221907487,BATCH-G-20231104
REV-00022486,SKU-0006657,user_9025983,Eric Webb,5,Wrong item was shipped to me.,2023-12-10,True,NEGATIVE,4,SOURCE_G_REVIEWS,reviews_2023.csv,2023-12-11T00:26:11.253182718,BATCH-G-20231210
REV-00022492,SKU-0001203,,Anonymous,4,Exceeded my expectations.,2023-11-05,True,POSITIVE,2,SOURCE_G_REVIEWS,reviews_2023.csv,2023-11-05T06:53:05.438325851,BATCH-G-20231105
REV-00022493,SKU-0016901,,Anonymous,2,Very disappointed with the quality.,2023-12-18,False,NEGATIVE,5,SOURCE_G_REVIEWS,reviews_2023.csv,2023-12-18T04:43:21.717955739,BATCH-G-20231218
REV-00022499,SKU-0012185,user_51593,Todd Petty,4,"Exactly as described, very happy.",2023-12-26,True,POSITIVE,6,SOURCE_G_REVIEWS,reviews_2023.csv,2023-12-26T08:21:46.865037120,BATCH-G-20231226
REV-00022508,SKU-0017589,,Anonymous,4,Will definitely buy again.,2023-03-04,True,POSITIVE,7,SOURCE_G_REVIEWS,reviews_2023.csv,2023-03-05T00:27:40.760310832,BATCH-G-20230304
REV-00022510,SKU-0000804,user_56467,Stephanie,1,"Poor packaging, item was defective.",2023-10-01,False,NEGATIVE,5,SOURCE_G_REVIEWS,reviews_2023.csv,2023-10-01T21:40:09.767792375,BATCH-G-20231001
REV-00022520,SKU-0006116,user_9001851,Daniel Lewis,1,Arrived damaged and support was unhelpful.,2023-05-15,True,NEGATIVE,0,SOURCE_G_REVIEWS,reviews_2023.csv,2023-05-15T16:51:58.665876806,BATCH-G-20230515
REV-00022531,SKU-0017556,,Anonymous,4,"Perfect gift, they loved it!",2023-05-07,False,POSITIVE,10,SOURCE_G_REVIEWS,reviews_2023.csv,2023-05-07T19:36:37.309896763,BATCH-G-20230507
REV-00022531-BOT,SKU-0017556,user_9017078,Laura,4,"Perfect gift, they loved it!",2023-05-07,False,POSITIVE,0,SOURCE_G_REVIEWS,reviews_2023.csv,2023-05-07T19:36:37.309896763,BATCH-G-20230507
REV-00022536,SKU-0014345,,Anonymous,4,"Solid build quality, no complaints.",2023-11-18,True,POSITIVE,5,SOURCE_G_REVIEWS,reviews_2023.csv,2023-11-18T01:45:28.796738732,BATCH-G-20231118
REV-00022543,SKU-0003531,,Anonymous,4,<p>Highly recommend this product.&nbsp;,2023-03-26,True,POSITIVE,0,SOURCE_G_REVIEWS,reviews_2023.csv,2023-03-26T06:21:18.152017312,BATCH-G-20230326
REV-00022545,SKU-0000305,user_28119,Daniel Byrd,1,"Poor packaging, item was defective.",2023-08-25,False,NEGATIVE,1,SOURCE_G_REVIEWS,reviews_2023.csv,2023-08-25T23:26:23.277345008,BATCH-G-20230825
REV-00022553,SKU-0003654,user_9032698,Amy Stephens,5,Will definitely buy again.,2023-09-23,True,POSITIVE,4,SOURCE_G_REVIEWS,reviews_2023.csv,2023-09-23T00:36:55.824781296,BATCH-G-20230923
REV-00022557,SKU-0004062,user_9034497,Julie Holmes,4,"It's okay, does the job.",2023-12-13,False,NEUTRAL,2,SOURCE_G_REVIEWS,reviews_2023.csv,2023-12-13T10:48:58.247911096,BATCH-G-20231213
REV-00022562,SKU-0011435,,Anonymous,5,"Absolutely love it, works perfectly!",2023-08-21,True,POSITIVE,0,SOURCE_G_REVIEWS,reviews_2023.csv,2023-08-21T08:03:29.822361198,BATCH-G-20230821
REV-00022567,SKU-0011494,user_9017378,Elizabeth Hicks,5,Better than I expected for the price.,2023-12-10,True,POSITIVE,0,SOURCE_G_REVIEWS,reviews_2023.csv,2023-12-10T17:34:43.034655051,BATCH-G-20231210
REV-00022570,SKU-0012676,user_9028676,Michael Pham,5,"Not bad, not great either.",2023-07-28,True,NEUTRAL,0,SOURCE_G_REVIEWS,reviews_2023.csv,2023-07-28T02:51:49.054491612,BATCH-G-20230728
REV-00022573,SKU-0016113,user_30211,Stephanie Simpson,5,"Exactly as described, very happy.",2023-05-04,True,POSITIVE,3,SOURCE_G_REVIEWS,reviews_2023.csv,2023-05-05T03:22:56.533301801,BATCH-G-20230504
REV-00022595,SKU-0002562,user_61158,Brittany Reeves,4,"Livraison très lente, déçu. Absolutely love it, works perfectly!",2023-09-27,True,POSITIVE,5,SOURCE_G_REVIEWS,reviews_2023.csv,2023-09-27T21:26:13.700108833,BATCH-G-20230927
REV-00022601,SKU-9917720,user_9029798,Richard Arnold,3,Decent but overpriced a bit.,2023-02-21,False,NEUTRAL,4,SOURCE_G_REVIEWS,reviews_2023.csv,2023-02-21T05:13:18.699243733,BATCH-G-20230221
REV-00022605,SKU-0003241,user_60218,Steven King,5,Highly recommend this product.,2023-01-15,True,POSITIVE,1,SOURCE_G_REVIEWS,reviews_2023.csv,2023-01-15T14:36:46.739748905,BATCH-G-20230115
REV-00022606,SKU-0002182,user_29383,Christine Collins,5,"Absolutely love it, works perfectly!",2023-08-08,True,POSITIVE,12,SOURCE_G_REVIEWS,reviews_2023.csv,2023-08-08T23:38:11.485004449,BATCH-G-20230808
REV-00022615,SKU-0004865,user_35461,Justin Stephens,4,Highly recommend this product.,2023-12-08,True,POSITIVE,1,SOURCE_G_REVIEWS,reviews_2023.csv,2023-12-09T04:33:10.574984930,BATCH-G-20231208
REV-00022617,SKU-0019354,user_9034239,Abigail,5,"बहुत अच्छा उत्पाद है, पैसा वसूल! 💯😐",2023-03-30,True,POSITIVE,2,SOURCE_G_REVIEWS,reviews_2023.csv,2023-03-30T19:06:29.720122806,BATCH-G-20230330
REV-00022622,SKU-0011400,user_9030080,Sandra,5,"Absolutely love it, works perfectly!",2023-03-28,True,POSITIVE,0,SOURCE_G_REVIEWS,reviews_2023.csv,2023-03-28T04:16:42.073455146,BATCH-G-20230328
REV-00022623,SKU-0005155,user_25380,Ryan Holmes,2,"Waste of money, do not buy.",2023-07-02,False,NEGATIVE,5,SOURCE_G_REVIEWS,reviews_2023.csv,2023-07-02T23:23:43.473098253,BATCH-G-20230702
REV-00022628,SKU-0019139,user_64637,David,3,Will definitely buy again.,2023-09-18,True,POSITIVE,1,SOURCE_G_REVIEWS,reviews_2023.csv,2023-09-18T09:52:38.787752282,BATCH-G-20230918
REV-00022630,SKU-0006273,user_9005972,Carmen Leblanc,4,Highly recommend this product.,2023-01-11,True,POSITIVE,0,SOURCE_G_REVIEWS,reviews_2023.csv,2023-01-11T02:01:10.368701955,BATCH-G-20230111
REV-00022638,SKU-0014390,user_9013161,Jason Allen,4,"Exactly as described, very happy.",2023-07-17,True,POSITIVE,7,SOURCE_G_REVIEWS,reviews_2023.csv,2023-07-17T23:04:24.402615625,BATCH-G-20230717
REV-00022651,SKU-0016704,user_14614,Jennifer Mcdonald,5,"Matches the description, no issues.",2023-05-20,False,NEUTRAL,0,SOURCE_G_REVIEWS,reviews_2023.csv,2023-05-20T01:16:52.787673798,BATCH-G-20230520
REV-00022652,SKU-0003140,user_47618,John,5,Better than I expected for the price.,2023-03-08,True,POSITIVE,1,SOURCE_G_REVIEWS,reviews_2023.csv,2023-03-09T03:36:38.535748403,BATCH-G-20230308
REV-00022654,SKU-0017546,user_27526,Lauren Ellis,5,   Will  definitely  buy  again.   ,2023-08-28,False,POSITIVE,4,SOURCE_G_REVIEWS,reviews_2023.csv,2023-08-28T09:38:22.388813305,BATCH-G-20230828
REV-00022659,SKU-0017099,,Anonymous,1,"Poor packaging, item was defective.",2023-01-14,False,NEGATIVE,0,SOURCE_G_REVIEWS,reviews_2023.csv,2023-01-14T01:37:29.627988926,BATCH-G-20230114
REV-00022678,SKU-0012881,user_9020044,Joshua Mccall,3,   Decent  but  overpriced  a  bit.   ,2023-12-29,True,NEUTRAL,12,SOURCE_G_REVIEWS,reviews_2023.csv,2023-12-29T12:04:36.991163792,BATCH-G-20231229
REV-00022686,SKU-0014983,user_1293,Isaac Warren,4,Will definitely buy again.,2023-05-13,True,POSITIVE,3,SOURCE_G_REVIEWS,reviews_2023.csv,2023-05-13T11:03:27.319503428,BATCH-G-20230513
REV-00022690,SKU-0016491,,Anonymous,3,"Matches the description, no issues.",2023-08-24,True,NEUTRAL,0,SOURCE_G_REVIEWS,reviews_2023.csv,2023-08-25T00:08:26.221810206,BATCH-G-20230824
REV-00022691,SKU-0011339,,Anonymous,4,Will definitely buy again.,2023-05-11,True,POSITIVE,3,SOURCE_G_REVIEWS,reviews_2023.csv,2023-05-12T03:04:05.880766012,BATCH-G-20230511
REV-00022695,SKU-0004160,user_9009051,Emma Torres,5,Exceeded my expectations.,2023-12-10,True,POSITIVE,0,SOURCE_G_REVIEWS,reviews_2023.csv,2023-12-11T01:26:13.279562284,BATCH-G-20231210
REV-00022699,SKU-0009020,user_9023272,Evelyn Griffin,3,Decent but overpriced a bit.,2023-06-02,True,NEUTRAL,1,SOURCE_G_REVIEWS,reviews_2023.csv,2023-06-03T05:36:32.990627451,BATCH-G-20230602
REV-00022712,SKU-0007706,,Anonymous,1,Arrived damaged and support was unhelpful.,2023-09-11,False,NEGATIVE,6,SOURCE_G_REVIEWS,reviews_2023.csv,2023-09-11T06:38:34.014636285,BATCH-G-20230911
REV-00022715,SKU-0004376,user_9003990,Nancy Molina,5,Better than I expected for the price.,2023-11-12,False,POSITIVE,2,SOURCE_G_REVIEWS,reviews_2023.csv,2023-11-12T19:12:07.044747583,BATCH-G-20231112
REV-00022721,SKU-0013753,user_21226,Jennifer,4,"<b>Update:</b>Absolutely love it, works perfectly!<b>Update:</b>",2023-01-16,False,POSITIVE,1,SOURCE_G_REVIEWS,reviews_2023.csv,2023-01-16T11:17:22.909810759,BATCH-G-20230116
REV-00022725,SKU-0014521,user_24355,Christopher Garcia,2,"Cheaply made, broke immediately.",2023-10-02,True,NEGATIVE,1,SOURCE_G_REVIEWS,reviews_2023.csv,2023-10-02T15:12:23.019960066,BATCH-G-20231002
REV-00022732,SKU-0003422,user_42265,Louis,1,Very disappointed with the quality.,2023-09-19,False,NEGATIVE,0,SOURCE_G_REVIEWS,reviews_2023.csv,2023-09-19T18:06:55.581636683,BATCH-G-20230919
REV-00022757,SKU-0019374,user_249,Courtney Reed,3,Decent but overpriced a bit.,2023-02-25,True,NEUTRAL,3,SOURCE_G_REVIEWS,reviews_2023.csv,2023-02-25T04:48:46.513334623,BATCH-G-20230225
REV-00022758,SKU-9975502,,Anonymous,5,<b>Update:</b>Stopped working after a week.<p>,2023-11-02,True,NEGATIVE,2,SOURCE_G_REVIEWS,reviews_2023.csv,2023-11-02T07:58:11.230544742,BATCH-G-20231102
REV-00022767,SKU-0011790,user_9023669,Jennifer Price,2,Stopped working after a week.,2023-11-16,False,NEGATIVE,1,SOURCE_G_REVIEWS,reviews_2023.csv,2023-11-16T09:48:21.599394020,BATCH-G-20231116
REV-00022769,SKU-0000289,user_9024112,Joshua Kim,5,"Solid build quality, no complaints.",2023-01-07,True,POSITIVE,12,SOURCE_G_REVIEWS,reviews_2023.csv,2023-01-07T02:57:19.353324958,BATCH-G-20230107
REV-00022770,SKU-0010969,user_23467,Kevin Callahan,3,Decent but overpriced a bit.,2023-06-20,True,NEUTRAL,5,SOURCE_G_REVIEWS,reviews_2023.csv,2023-06-20T03:47:39.931550980,BATCH-G-20230620
REV-00022771,SKU-0018792,user_9004847,Lindsey Benjamin,5,Great value for money.,2023-01-10,False,POSITIVE,0,SOURCE_G_REVIEWS,reviews_2023.csv,2023-01-10T03:27:23.267136814,BATCH-G-20230110
REV-00022774,SKU-0010183,user_9022323,Kristy,2,Stopped working after a week.,2023-11-29,False,NEGATIVE,11,SOURCE_G_REVIEWS,reviews_2023.csv,2023-11-29T21:04:11.736351549,BATCH-G-20231129
REV-00022778,SKU-0010102,,Anonymous,5,Highly recommend this product.,2023-12-13,True,POSITIVE,3,SOURCE_G_REVIEWS,reviews_2023.csv,2023-12-13T04:53:21.024092956,BATCH-G-20231213
REV-00022784,SKU-0011483,,Anonymous,3,"Average quality, nothing special.",2023-11-17,False,NEUTRAL,7,SOURCE_G_REVIEWS,reviews_2023.csv,2023-11-17T15:48:07.933674485,BATCH-G-20231117
REV-00022789,SKU-0002629,,Anonymous,4,Fast delivery and great quality.,2023-05-11,True,POSITIVE,4,SOURCE_G_REVIEWS,reviews_2023.csv,2023-05-11T19:15:55.336148879,BATCH-G-20230511
REV-00022800,SKU-9914319,,Anonymous,3,   Works  fine  but  delivery  was  slow.   ,2023-02-07,True,NEUTRAL,0,SOURCE_G_REVIEWS,reviews_2023.csv,2023-02-14T06:00:00,BATCH-G-20230207
REV-00022803,SKU-0006319,,Anonymous,1,"Waste of money, do not buy.",2023-11-19,True,NEGATIVE,0,SOURCE_G_REVIEWS,reviews_2023.csv,2023-11-19T21:19:57.856021725,BATCH-G-20231119
REV-00022813,SKU-0001056,user_9001738,Ronald Ho,4,"Exactly as described, very happy.",2023-01-09,False,POSITIVE,2,SOURCE_G_REVIEWS,reviews_2023.csv,2023-01-09T02:12:25.046778722,BATCH-G-20230109
REV-00022814,SKU-0010565,,Anonymous,3,Decent but overpriced a bit.,2023-07-31,False,NEUTRAL,3,SOURCE_G_REVIEWS,reviews_2023.csv,2023-07-31T22:26:24.941531427,BATCH-G-20230731
REV-00022840,SKU-9996717,,Anonymous,3,"It's okay, does the job.",2023-02-08,True,NEUTRAL,0,SOURCE_G_REVIEWS,reviews_2023.csv,2023-02-08T20:57:11.770220655,BATCH-G-20230208
REV-00022848,SKU-0001996,,Anonymous, ,Works fine but delivery was slow.,2023-02-01,True,NEUTRAL,1,SOURCE_G_REVIEWS,reviews_2023.csv,2023-02-01T05:54:01.422172840,BATCH-G-20230201
REV-00022865,SKU-0007970,,Anonymous,4,Fast delivery and great quality.,2023-12-24,True,POSITIVE,1,SOURCE_G_REVIEWS,reviews_2023.csv,2023-12-24T05:12:41.693794754,BATCH-G-20231224
REV-00022888,SKU-0011966,user_242,Lindsey Ramirez,5,"Exactly as described, very happy.",2023-05-28,True,POSITIVE,3,SOURCE_G_REVIEWS,reviews_2023.csv,2023-05-28T11:31:49.392315050,BATCH-G-20230528
REV-00022897,SKU-0005182,user_38422,Jacob,5,Will definitely buy again.,2023-11-03,False,POSITIVE,3,SOURCE_G_REVIEWS,reviews_2023.csv,2023-11-04T01:28:46.038241630,BATCH-G-20231103
REV-00022901,SKU-0002699,user_9030997,Ashley Hoover,5,Fast delivery and great quality.,2023-11-28,True,POSITIVE,0,SOURCE_G_REVIEWS,reviews_2023.csv,2023-11-28T19:53:15.115779462,BATCH-G-20231128
REV-00022903,SKU-0016551,user_9023903,Eric Hart,4,"Exactly as described, very happy. 🔥",2023-01-12,True,POSITIVE,6,SOURCE_G_REVIEWS,reviews_2023.csv,2023-01-13T03:36:44.759667364,BATCH-G-20230112
REV-00022914,SKU-0012254,,Anonymous,5,"Muy buen producto, lo recomiendo.",2023-06-25,True,POSITIVE,2,SOURCE_G_REVIEWS,reviews_2023.csv,2023-06-25T08:09:40.975512113,BATCH-G-20230625
REV-00022915,SKU-0003941,,Anonymous,4,   Exceeded  my  expectations.   ,2023-06-21,False,POSITIVE,3,SOURCE_G_REVIEWS,reviews_2023.csv,2023-06-21T13:35:50.778236074,BATCH-G-20230621
REV-00022935,SKU-0011238,,Anonymous,5,"Absolutely love it, works perfectly!",2023-11-14,False,POSITIVE,9,SOURCE_G_REVIEWS,reviews_2023.csv,2023-11-14T07:43:32.836253918,BATCH-G-20231114
REV-00022939,SKU-9925447,,Anonymous,4,<b>Update:</b>Exceeded my expectations.</p>,2023-09-04,True,POSITIVE,1,SOURCE_G_REVIEWS,reviews_2023.csv,2023-09-04T01:46:28.194426212,BATCH-G-20230904
REV-00022944,SKU-0006966,user_9005348,Vincent Burns,5,Will definitely buy again.,2023-10-09,True,POSITIVE,4,SOURCE_G_REVIEWS,reviews_2023.csv,2023-10-09T15:30:37.188069006,BATCH-G-20231009
REV-00022949,SKU-9993625,user_44162,Susan,5,Highly recommend this product.,2023-10-10,True,POSITIVE,0,SOURCE_G_REVIEWS,reviews_2023.csv,2023-10-10T19:39:27.216824192,BATCH-G-20231010
REV-00023001,SKU-0012649,,Anonymous,4,Great value for money.,2023-03-11,False,POSITIVE,5,SOURCE_G_REVIEWS,reviews_2023.csv,2023-03-12T00:50:53.230021889,BATCH-G-20230311
REV-00023004,SKU-0012404,user_57781,Clayton,5,"Exactly as described, very happy.",2023-07-23,False,POSITIVE,6,SOURCE_G_REVIEWS,reviews_2023.csv,2023-07-23T20:23:43.579562209,BATCH-G-20230723
REV-00023006,SKU-0017099,user_9013114,Patricia,3,"Waste of money, do not buy.",2023-01-08,False,NEGATIVE,4,SOURCE_G_REVIEWS,reviews_2023.csv,2023-01-08T16:01:53.337846838,BATCH-G-20230108
REV-00023010,SKU-0012039,user_26197,Christina Gonzalez,4,Exceeded my expectations.,2023-02-01,True,POSITIVE,0,SOURCE_G_REVIEWS,reviews_2023.csv,2023-02-01T15:36:59.129455574,BATCH-G-20230201
REV-00023039,SKU-0018664,user_22474,Mary Villegas,2,Wrong item was shipped to me.,2023-04-03,False,NEGATIVE,2,SOURCE_G_REVIEWS,reviews_2023.csv,2023-04-04T05:54:10.547841728,BATCH-G-20230403
REV-00023057,SKU-9941009,user_9015137,Ashlee Page,2,Arrived damaged and support was unhelpful.,2023-01-02,True,NEGATIVE,0,SOURCE_G_REVIEWS,reviews_2023.csv,2023-01-02T15:25:54.402735097,BATCH-G-20230102
REV-00023066,SKU-0010467,user_9018810,Elizabeth Rocha,5,"<b>Update:</b>Exactly as described, very happy.<p>",2023-01-31,True,POSITIVE,1,SOURCE_G_REVIEWS,reviews_2023.csv,2023-01-31T06:20:18.475361099,BATCH-G-20230131
REV-00023073,SKU-9937172,user_27846,Christopher Lewis,4,"Solid build quality, no complaints. 🔥",2023-08-25,True,POSITIVE,8,SOURCE_G_REVIEWS,reviews_2023.csv,2023-08-25T15:16:00.503358922,BATCH-G-20230825
REV-00023074,SKU-0014897,user_9034972,Michael,5,</p>Great value for money.<br>,2023-03-09,True,POSITIVE,5,SOURCE_G_REVIEWS,reviews_2023.csv,2023-03-09T07:57:20.427186076,BATCH-G-20230309
REV-00023075,SKU-0007729,user_6473,Christine Jones PhD,5,गुणवत्ता ठीक नहीं थी। Fast delivery and great quality.,2023-11-10,False,POSITIVE,2,SOURCE_G_REVIEWS,reviews_2023.csv,2023-11-10T03:57:27.955903925,BATCH-G-20231110
REV-00023078,SKU-0006734,user_9028555,Patricia Cole,4,Great value for money.,2023-06-28,False,POSITIVE,1,SOURCE_G_REVIEWS,reviews_2023.csv,2023-06-28T08:16:57.556086890,BATCH-G-20230628
REV-00023087,SKU-0010247,,Anonymous,4,Better than I expected for the price.,2023-04-14,True,POSITIVE,0,SOURCE_G_REVIEWS,reviews_2023.csv,2023-04-14T11:20:39.397852161,BATCH-G-20230414
REV-00023098,SKU-0009567,user_9022526,Matthew Fuller,5,"Exactly as described, very happy.",2023-12-22,True,POSITIVE,2,SOURCE_G_REVIEWS,reviews_2023.csv,2023-12-23T02:06:26.969095334,BATCH-G-20231222
REV-00023112,SKU-0003332,user_9016387,Travis Allison,4,Great value for money.,2023-05-24,True,POSITIVE,9,SOURCE_G_REVIEWS,reviews_2023.csv,2023-05-24T21:08:56.166924539,BATCH-G-20230524
REV-00023113,SKU-0008698,user_9009289,Angel Williams,5,Great value for money.,2023-04-13,False,POSITIVE,6,SOURCE_G_REVIEWS,reviews_2023.csv,2023-04-13T03:55:36.757345833,BATCH-G-20230413
REV-00023123,SKU-0014128,,Anonymous,4,"Excellent rapport qualité-prix. Exactly as described, very happy.",2023-09-24,True,POSITIVE,0,SOURCE_G_REVIEWS,reviews_2023.csv,2023-09-25T02:14:45.362450683,BATCH-G-20230924
REV-00023142,SKU-0017179,,Anonymous,1,Not as described at all.,2023-07-06,False,NEGATIVE,0,SOURCE_G_REVIEWS,reviews_2023.csv,2023-07-06T13:04:46.307922167,BATCH-G-20230706
REV-00023145,SKU-0014524,user_9014449,Brian Hall,4,Fast delivery and great quality.,2023-09-20,False,POSITIVE,0,SOURCE_G_REVIEWS,reviews_2023.csv,2023-09-20T00:40:17.939628449,BATCH-G-20230920
REV-00023151,SKU-0009368,user_9006161,Mary Garcia,5,Exceeded my expectations.,2023-11-07,False,POSITIVE,4,SOURCE_G_REVIEWS,reviews_2023.csv,2023-11-07T07:34:35.369901451,BATCH-G-20231107
REV-00023161,SKU-0013478,user_19537,Gary Black,1,"Cheaply made, broke immediately.",2023-01-11,True,NEGATIVE,1,SOURCE_G_REVIEWS,reviews_2023.csv,2023-01-11T02:19:11.305885141,BATCH-G-20230111
REV-00023163,SKU-0013329,user_9014983,Natalie Johnson,2,Arrived damaged and support was unhelpful.,2023-12-22,False,NEGATIVE,1,SOURCE_G_REVIEWS,reviews_2023.csv,2023-12-22T20:09:02.641963261,BATCH-G-20231222
REV-00023164,SKU-0018688,user_9002995,Gabrielle Lewis,5,Fast delivery and great quality.,2023-05-17,False,POSITIVE,2,SOURCE_G_REVIEWS,reviews_2023.csv,2023-05-17T04:10:50.332376669,BATCH-G-20230517
REV-00023169,SKU-0018911,user_50952,Ryan,5,<p>Exceeded my expectations.<p>,2023-05-06,True,POSITIVE,2,SOURCE_G_REVIEWS,reviews_2023.csv,2023-05-06T15:53:58.575505419,BATCH-G-20230506
REV-00023170,SKU-0001402,user_9020865,Stephen,5,"Absolutely love it, works perfectly!",2023-01-18,False,POSITIVE,0,SOURCE_G_REVIEWS,reviews_2023.csv,2023-01-18T16:12:07.740508792,BATCH-G-20230118
REV-00023172,SKU-0016333,user_32009,Shelly Martinez,4,"Exactly as described, very happy.",2023-05-31,True,POSITIVE,1,SOURCE_G_REVIEWS,reviews_2023.csv,2023-05-31T02:18:55.859546476,BATCH-G-20230531
REV-00023172-DUP,SKU-0016333,user_32009,Shelly Martinez,4,"Exactly as described, very happy.",2023-05-31,True,POSITIVE,1,SOURCE_G_REVIEWS,reviews_2023.csv,2023-05-31T03:15:55.859546476,BATCH-G-20230531
REV-00023174,SKU-0006485,user_29863,Raymond Brown,4,"Exactly as described, very happy.",2023-11-12,False,POSITIVE,7,SOURCE_G_REVIEWS,reviews_2023.csv,2023-11-13T02:51:19.302824199,BATCH-G-20231112
REV-00023195,SKU-0013173,user_9014148,Joseph Hogan,5,Fast delivery and great quality.,2023-05-02,False,POSITIVE,2,SOURCE_G_REVIEWS,reviews_2023.csv,2023-05-02T14:12:29.053902451,BATCH-G-20230502
REV-00023196,SKU-0019747,,Anonymous,1,गुणवत्ता ठीक नहीं थी। Stopped working after a week.,2023-10-01,False,NEGATIVE,16,SOURCE_G_REVIEWS,reviews_2023.csv,2023-10-02T02:21:18.886384981,BATCH-G-20231001
REV-00023202,SKU-0004046,user_33329,Stephanie Hickman,4,Exceeded my expectations.,2023-01-04,False,POSITIVE,5,SOURCE_G_REVIEWS,reviews_2023.csv,2023-01-04T18:30:27.404186674,BATCH-G-20230104
REV-00023209,SKU-0018303,user_9003006,Rebecca Smith,3,"Average quality, nothing special.",2023-06-29,True,NEUTRAL,3,SOURCE_G_REVIEWS,reviews_2023.csv,2023-06-29T21:55:47.072886877,BATCH-G-20230629
REV-00023217,SKU-0019707,user_9002090,Brenda Tucker,4,"Livraison très lente, déçu. Solid build quality, no complaints.",2023-10-11,True,POSITIVE,0,SOURCE_G_REVIEWS,reviews_2023.csv,2023-10-11T18:36:49.346063569,BATCH-G-20231011
REV-00023225,SKU-0000023,,Anonymous,5,Highly recommend this product.,2023-09-03,True,POSITIVE,3,SOURCE_G_REVIEWS,reviews_2023.csv,2023-09-03T18:35:55.522385859,BATCH-G-20230903
REV-00023231,SKU-0011736,user_9006836,Eileen Parker,2,Stopped working after a week.,2023-06-21,False,NEGATIVE,13,SOURCE_G_REVIEWS,reviews_2023.csv,2023-06-21T06:26:22.113091505,BATCH-G-20230621
REV-00023238,SKU-9915379,user_10638,Christopher,4,"Excellent rapport qualité-prix. Perfect gift, they loved it!",2023-06-11,True,POSITIVE,1,SOURCE_G_REVIEWS,reviews_2023.csv,2023-06-12T02:04:37.818389264,BATCH-G-20230611
REV-00023253,SKU-0009189,,Anonymous,4,Better than I expected for the price.,2023-03-11,False,POSITIVE,7,SOURCE_G_REVIEWS,reviews_2023.csv,2023-03-11T09:22:02.501711218,BATCH-G-20230311
REV-00023255,SKU-0008372,user_9022063,Lauren,5,"Perfect gift, they loved it!",2023-12-23,False,POSITIVE,1,SOURCE_G_REVIEWS,reviews_2023.csv,2023-12-24T01:20:59.979480013,BATCH-G-20231223
REV-00023259,SKU-0004091,user_32706,Jennifer Smith,5,"Muy buen producto, lo recomiendo. Matches the description, no issues.",2023-11-02,False,NEUTRAL,0,SOURCE_G_REVIEWS,reviews_2023.csv,2023-11-02T03:53:08.221892756,BATCH-G-20231102
REV-00023265,SKU-0006807,user_25809,Deborah,5,"Exactly as described, very happy.",2023-11-26,False,POSITIVE,1,SOURCE_G_REVIEWS,reviews_2023.csv,2023-11-26T12:58:15.013020017,BATCH-G-20231126
REV-00023271,SKU-0015991,user_37610,Hannah,5,"Exactly as described, very happy.",2023-07-30,True,POSITIVE,1,SOURCE_G_REVIEWS,reviews_2023.csv,2023-07-30T01:28:07.284357851,BATCH-G-20230730
REV-00023277,SKU-0006079,user_9024994,Thomas Reyes,1,"Waste of money, do not buy. 😐",2023-09-20,True,NEGATIVE,11,SOURCE_G_REVIEWS,reviews_2023.csv,2023-09-21T03:21:16.557154349,BATCH-G-20230920
REV-00023281,SKU-0004847,,Anonymous,3,"Matches the description, no issues.",2023-08-09,True,NEUTRAL,2,SOURCE_G_REVIEWS,reviews_2023.csv,2023-08-09T13:19:37.713265685,BATCH-G-20230809
REV-00023283,SKU-0000053,user_9026588,Juan,5,No cumplió mis expectativas.,2023-12-29,True,POSITIVE,0,SOURCE_G_REVIEWS,reviews_2023.csv,2023-12-30T02:45:47.097719432,BATCH-G-20231229
REV-00023301,SKU-0013298,,Anonymous,3,Fast delivery and great quality.,2023-02-04,False,POSITIVE,0,SOURCE_G_REVIEWS,reviews_2023.csv,2023-02-04T09:02:22.938241623,BATCH-G-20230204
REV-00023306,SKU-0013030,,Anonymous,5,Great value for money.,2023-02-01,True,POSITIVE,3,SOURCE_G_REVIEWS,reviews_2023.csv,2023-02-01T05:00:06.021522179,BATCH-G-20230201
REV-00023311,SKU-0002435,user_9000705,John Hughes,5,Exceeded my expectations.,2023-09-22,True,POSITIVE,4,SOURCE_G_REVIEWS,reviews_2023.csv,2023-09-22T10:16:39.644414775,BATCH-G-20230922
REV-00023314,SKU-0007311,,Anonymous,4,Will definitely buy again.,2023-06-23,False,POSITIVE,0,SOURCE_G_REVIEWS,reviews_2023.csv,2023-06-23T06:57:45.971058239,BATCH-G-20230623
REV-00023322,SKU-0003285,user_8604,Nicole,5,Exceeded my expectations.,2023-03-16,True,POSITIVE,0,SOURCE_G_REVIEWS,reviews_2023.csv,2023-03-16T12:51:38.456345635,BATCH-G-20230316
REV-00023324,SKU-0008026,user_468,Tiffany,4,Exceeded my expectations.,2023-03-28,False,POSITIVE,1,SOURCE_G_REVIEWS,reviews_2023.csv,2023-03-28T11:00:22.327723029,BATCH-G-20230328
REV-00023349,SKU-0002985,user_9032290,Jacob Fisher,3,"Matches the description, no issues. 💯😀",2023-05-28,False,NEUTRAL,8,SOURCE_G_REVIEWS,reviews_2023.csv,2023-05-28T02:31:06.083714576,BATCH-G-20230528
REV-00023356,SKU-0015469,user_42892,Paul,2,"Poor packaging, item was defective.",2023-10-22,True,NEGATIVE,14,SOURCE_G_REVIEWS,reviews_2023.csv,2023-10-22T20:05:49.288782261,BATCH-G-20231022
REV-00023359,SKU-0000876,user_9008158,Rose Morrison,5,Stopped working after a week.,2023-11-12,True,NEGATIVE,1,SOURCE_G_REVIEWS,reviews_2023.csv,2023-11-12T11:40:26.302258671,BATCH-G-20231112
REV-00023381,SKU-0013745,user_26824,Linda Jones,4,"Exactly as described, very happy. 😢",2023-07-08,True,POSITIVE,3,SOURCE_G_REVIEWS,reviews_2023.csv,2023-07-08T20:17:21.743716457,BATCH-G-20230708
REV-00023384,SKU-0017818,user_9021870,Brendan Reid,2,Very disappointed with the quality.,2023-11-08,True,NEGATIVE,0,SOURCE_G_REVIEWS,reviews_2023.csv,2023-11-09T02:13:03.748170853,BATCH-G-20231108
REV-00023392,SKU-0017288,user_67387,Patricia Pratt,5,"Perfect gift, they loved it!",2023-11-07,True,POSITIVE,7,SOURCE_G_REVIEWS,reviews_2023.csv,2023-11-07T17:28:46.138524470,BATCH-G-20231107
REV-00023401,SKU-0019859,user_9007054,Robert Mitchell,5,"Exactly as described, very happy.",2023-12-25,True,POSITIVE,1,SOURCE_G_REVIEWS,reviews_2023.csv,2023-12-25T07:46:28.749842660,BATCH-G-20231225
REV-00023402,SKU-0002415,user_62535,Terrance Anderson,1,Very disappointed with the quality.,2023-08-03,True,NEGATIVE,0,SOURCE_G_REVIEWS,reviews_2023.csv,2023-08-03T20:20:32.494692245,BATCH-G-20230803
REV-00023403,SKU-0013517,user_9031423,Elizabeth,4,Fast delivery and great quality.,2023-01-17,False,POSITIVE,1,SOURCE_G_REVIEWS,reviews_2023.csv,2023-01-17T21:34:44.782212235,BATCH-G-20230117
REV-00023407,SKU-0003064,user_18957,Travis Thompson,5,Will definitely buy again.,2023-11-01,True,POSITIVE,2,SOURCE_G_REVIEWS,reviews_2023.csv,2023-11-01T09:12:22.489611561,BATCH-G-20231101
REV-00023411,SKU-0000586,user_9011662,Joseph,-1,Decent but overpriced a bit.,2023-07-31,False,NEUTRAL,0,SOURCE_G_REVIEWS,reviews_2023.csv,2023-07-31T21:00:11.026850977,BATCH-G-20230731
REV-00023414,SKU-0010799,user_65322,Karen Williams,3,"Not bad, not great either.",2023-01-04,False,NEUTRAL,2,SOURCE_G_REVIEWS,reviews_2023.csv,2023-01-04T10:05:03.463365831,BATCH-G-20230104
REV-00023425,SKU-0015661,user_9022583,Scott Kennedy,5,"Solid build quality, no complaints.",2023-09-26,True,POSITIVE,7,SOURCE_G_REVIEWS,reviews_2023.csv,2023-09-26T12:47:50.218736591,BATCH-G-20230926
REV-00023429,SKU-0015012,user_9028908,Steven Whitney,4,"Exactly as described, very happy.",2023-06-16,True,POSITIVE,0,SOURCE_G_REVIEWS,reviews_2023.csv,2023-06-16T17:21:08.007400071,BATCH-G-20230616
REV-00023431,SKU-0017870,user_69847,Mr. Damon West Jr.,5,"Perfect gift, they loved it!",2023-08-13,True,POSITIVE,1,SOURCE_G_REVIEWS,reviews_2023.csv,2023-08-13T01:20:42.336672599,BATCH-G-20230813
REV-00023433,SKU-0008369,user_29361,Michael Williams,4,"Absolutely love it, works perfectly!",2023-04-19,True,POSITIVE,1,SOURCE_G_REVIEWS,reviews_2023.csv,2023-04-19T13:21:24.186860762,BATCH-G-20230419
REV-00023436,SKU-0004651,user_9016661,Erik Douglas,1,Stopped working after a week.,2023-10-29,False,NEGATIVE,3,SOURCE_G_REVIEWS,reviews_2023.csv,2023-10-29T22:51:35.217811589,BATCH-G-20231029
REV-00023449,SKU-0010829,user_12724,Chris Brown,4,Exceeded my expectations.,2023-11-09,False,POSITIVE,0,SOURCE_G_REVIEWS,reviews_2023.csv,2023-11-09T17:34:55.224922310,BATCH-G-20231109
REV-00023450,SKU-0000242,user_9029755,Mary Cohen,1,"Waste of money, do not buy.",2023-09-03,True,NEGATIVE,0,SOURCE_G_REVIEWS,reviews_2023.csv,2023-09-03T06:07:01.555773053,BATCH-G-20230903
REV-00023454,SKU-0006365,user_29031,Jacob,4,Highly recommend this product.,2023-01-31,True,POSITIVE,2,SOURCE_G_REVIEWS,reviews_2023.csv,2023-01-31T18:48:08.114018757,BATCH-G-20230131
REV-00023455,SKU-0019987,user_48250,Jerry Mcdonald,4,"Perfect gift, they loved it!",2023-07-20,False,POSITIVE,11,SOURCE_G_REVIEWS,reviews_2023.csv,2023-07-20T11:37:58.458920126,BATCH-G-20230720
REV-00023458,SKU-0001201,user_56462,Nathaniel Cruz,5,Very disappointed with the quality.,2023-10-13,True,NEGATIVE,1,SOURCE_G_REVIEWS,reviews_2023.csv,2023-10-14T05:13:56.038750197,BATCH-G-20231013
REV-00023468,SKU-0010644,user_4135,Lisa Jones,1,"Cheaply made, broke immediately.",2023-12-12,True,NEGATIVE,4,SOURCE_G_REVIEWS,reviews_2023.csv,2023-12-12T15:34:04.266734444,BATCH-G-20231212
REV-00023472,SKU-0005892,user_53704,Michael Richards,3,"Not bad, not great either.",2023-10-23,True,NEUTRAL,0,SOURCE_G_REVIEWS,reviews_2023.csv,2023-10-24T01:27:49.798592363,BATCH-G-20231023
REV-00023476,SKU-0018297,user_49040,Megan,4,Will definitely buy again.,2023-06-15,True,POSITIVE,5,SOURCE_G_REVIEWS,reviews_2023.csv,2023-06-16T04:48:22.493375770,BATCH-G-20230615
REV-00023489,SKU-9942062,user_64443,Mrs. Michelle Davis,4,   Highly  recommend  this  product.   ,2023-11-01,False,POSITIVE,0,SOURCE_G_REVIEWS,reviews_2023.csv,2023-11-01T01:18:54.917421009,BATCH-G-20231101
REV-00023492,SKU-0007756,user_9023584,Patricia Pearson,5,"Solid build quality, no complaints.",2023-06-15,False,POSITIVE,11,SOURCE_G_REVIEWS,reviews_2023.csv,2023-06-15T10:49:22.779361085,BATCH-G-20230615
REV-00023497,SKU-0006248,user_20786,Theresa Jones,5,"Solid build quality, no complaints.",2023-01-19,False,POSITIVE,1,SOURCE_G_REVIEWS,reviews_2023.csv,2023-01-19T15:48:13.174202873,BATCH-G-20230119
REV-00023498,SKU-0018196,user_61401,Andrew Tapia,4,No cumplió mis expectativas.,2023-05-13,False,POSITIVE,4,SOURCE_G_REVIEWS,reviews_2023.csv,2023-05-13T12:32:43.765173346,BATCH-G-20230513
REV-00023506,SKU-0003970,user_22827,Kelly Anderson,2,Stopped working after a week.,2023-04-06,True,NEGATIVE,2,SOURCE_G_REVIEWS,reviews_2023.csv,2023-04-06T14:25:24.619280848,BATCH-G-20230406
REV-00023518,SKU-0013084,,Anonymous,3,"Not bad, not great either.",2023-04-24,False,NEUTRAL,2,SOURCE_G_REVIEWS,reviews_2023.csv,2023-04-24T05:57:49.707397790,BATCH-G-20230424
REV-00023519,SKU-9964145,,Anonymous,5,Fast delivery and great quality.,2023-12-14,True,POSITIVE,8,SOURCE_G_REVIEWS,reviews_2023.csv,2023-12-15T01:08:39.821771483,BATCH-G-20231214
REV-00023528,SKU-0002174,user_62322,Matthew Melton,4,<i>edited</i>Highly recommend this product.<p>,2023-12-30,False,POSITIVE,1,SOURCE_G_REVIEWS,reviews_2023.csv,2023-12-30T00:42:30.400572645,BATCH-G-20231230
REV-00023531,SKU-0009104,user_13352,Brenda Wallace,5,"Absolutely love it, works perfectly!",2023-10-31,True,POSITIVE,0,SOURCE_G_REVIEWS,reviews_2023.csv,2023-10-31T02:32:16.604545825,BATCH-G-20231031
REV-00023537,SKU-0013727,user_1497,Kelly Ashley,NA,Fast delivery and great quality.,2023-12-14,True,POSITIVE,16,SOURCE_G_REVIEWS,reviews_2023.csv,2023-12-14T21:50:36.706678744,BATCH-G-20231214
REV-00023539,SKU-0013385,user_8841,Eric Hernandez,5,"Solid build quality, no complaints.",2023-07-10,True,POSITIVE,0,SOURCE_G_REVIEWS,reviews_2023.csv,2023-07-10T03:43:20.501860467,BATCH-G-20230710
REV-00023543,SKU-0006857,user_9021641,Michelle Harrison,4,"Absolutely love it, works perfectly!",2023-02-22,True,POSITIVE,2,SOURCE_G_REVIEWS,reviews_2023.csv,2023-02-22T14:31:01.218855540,BATCH-G-20230222
REV-00023555,SKU-0000937,user_9006209,Angela Gilbert,5,Will definitely buy again.,2023-02-27,True,POSITIVE,2,SOURCE_G_REVIEWS,reviews_2023.csv,2023-02-27T23:54:20.722626997,BATCH-G-20230227
REV-00023556,SKU-0010992,user_2918,Cynthia White,3,"Average quality, nothing special.",2023-10-01,True,NEUTRAL,0,SOURCE_G_REVIEWS,reviews_2023.csv,2023-10-01T17:06:00.412773690,BATCH-G-20231001
REV-00023565,SKU-0009782,user_9016514,Andrea,1,Not as described at all. ⭐,2023-09-13,False,NEGATIVE,0,SOURCE_G_REVIEWS,reviews_2023.csv,2023-09-13T13:30:26.845719663,BATCH-G-20230913
REV-00023567,SKU-0008851,,Anonymous,5,Exceeded my expectations.,2023-06-22,False,POSITIVE,1,SOURCE_G_REVIEWS,reviews_2023.csv,2023-06-23T04:16:15.045800079,BATCH-G-20230622
REV-00023568,SKU-0016795,,Anonymous,1,Not as described at all.,2023-12-13,False,NEGATIVE,2,SOURCE_G_REVIEWS,reviews_2023.csv,2023-12-13T00:44:46.181668593,BATCH-G-20231213
REV-00023569,SKU-0018580,user_9024666,Jennifer Brooks,4,"Perfect gift, they loved it!",2023-11-03,True,POSITIVE,2,SOURCE_G_REVIEWS,reviews_2023.csv,2023-11-07T10:00:00,BATCH-G-20231103
REV-00023570,SKU-0019732,,Anonymous,2,"Waste of money, do not buy.",2023-09-16,True,NEGATIVE,0,SOURCE_G_REVIEWS,reviews_2023.csv,2023-09-16T13:24:52.206026681,BATCH-G-20230916
REV-00023582,SKU-0008060,user_9024398,Zachary,3,"Average quality, nothing special.",2023-02-14,False,NEUTRAL,0,SOURCE_G_REVIEWS,reviews_2023.csv,2023-02-15T04:53:31.034843710,BATCH-G-20230214
REV-00023588,SKU-0018040,user_9028799,Joel,5,"Perfect gift, they loved it!",2023-07-01,False,POSITIVE,1,SOURCE_G_REVIEWS,reviews_2023.csv,2023-07-02T01:10:36.334411449,BATCH-G-20230701
REV-00023597,SKU-0014789,user_9023004,Tim Crane,4,"Exactly as described, very happy.",2023-01-01,True,POSITIVE,1,SOURCE_G_REVIEWS,reviews_2023.csv,2023-01-02T03:28:27.478102416,BATCH-G-20230101
REV-00023607,SKU-0008512,user_42297,Sean,4,Highly recommend this product.,2023-04-23,True,POSITIVE,1,SOURCE_G_REVIEWS,reviews_2023.csv,2023-04-23T09:07:53.669491538,BATCH-G-20230423
REV-00023625,SKU-0010245,user_9016316,Brandon Warner,4,Better than I expected for the price.,2023-03-26,True,POSITIVE,3,SOURCE_G_REVIEWS,reviews_2023.csv,2023-03-26T16:52:27.909826022,BATCH-G-20230326
REV-00023632,SKU-0013684,user_45351,Bryan Robinson,5,Excellent rapport qualité-prix.,2023-10-22,True,POSITIVE,4,SOURCE_G_REVIEWS,reviews_2023.csv,2023-10-23T04:12:12.258471642,BATCH-G-20231022
REV-00023651,SKU-0008482,,Anonymous,4,Better than I expected for the price.,2023-11-23,False,POSITIVE,10,SOURCE_G_REVIEWS,reviews_2023.csv,2023-11-23T22:36:40.106538368,BATCH-G-20231123
REV-00023663,SKU-0000023,user_2796,Jeffrey Henry,5,Highly recommend this product.,2023-12-24,False,POSITIVE,0,SOURCE_G_REVIEWS,reviews_2023.csv,2023-12-24T08:21:53.050906302,BATCH-G-20231224
REV-00023672,SKU-0010209,user_9018499,Katherine,5,"Muy buen producto, lo recomiendo. Fast delivery and great quality. 😡",2023-01-04,True,POSITIVE,0,SOURCE_G_REVIEWS,reviews_2023.csv,2023-01-04T13:55:11.771932240,BATCH-G-20230104
REV-00023681,SKU-0011414,user_9023981,Mr. Albert Hill,5,Fast delivery and great quality.,2023-01-15,True,POSITIVE,4,SOURCE_G_REVIEWS,reviews_2023.csv,2023-01-15T04:16:29.772744352,BATCH-G-20230115
REV-00023683,SKU-0015016,user_35097,Cindy,2,Not as described at all.,2023-06-03,False,NEGATIVE,1,SOURCE_G_REVIEWS,reviews_2023.csv,2023-06-04T03:51:26.380895628,BATCH-G-20230603
REV-00023686,SKU-0009587,user_9025542,Julie Davis,5,   Better  than  I  expected  for  the  price.   ,2023-04-17,True,POSITIVE,5,SOURCE_G_REVIEWS,reviews_2023.csv,2023-04-17T18:55:57.999025269,BATCH-G-20230417
REV-00023690,SKU-0006888,user_52749,William,5,Exceeded my expectations.,2023-01-17,False,POSITIVE,8,SOURCE_G_REVIEWS,reviews_2023.csv,2023-01-18T04:30:04.608589401,BATCH-G-20230117
REV-00023696,SKU-0015592,user_60702,Christina Bauer,5,Exceeded my expectations.,2023-05-29,False,POSITIVE,3,SOURCE_G_REVIEWS,reviews_2023.csv,2023-05-29T12:37:57.857257122,BATCH-G-20230529
REV-00023697,SKU-0006808,user_9017009,Tamara Powell,2,Stopped working after a week.,2023-12-18,True,NEGATIVE,0,SOURCE_G_REVIEWS,reviews_2023.csv,2023-12-18T05:24:37.376297014,BATCH-G-20231218
REV-00023704,SKU-0002994,user_27039,Paul Haas,1,Arrived damaged and support was unhelpful.,2023-09-09,False,NEGATIVE,0,SOURCE_G_REVIEWS,reviews_2023.csv,2023-09-09T18:27:04.477835629,BATCH-G-20230909
REV-00023720,SKU-9939361,user_30022,Troy Nelson,4,Exceeded my expectations.,2023-09-10,True,POSITIVE,0,SOURCE_G_REVIEWS,reviews_2023.csv,2023-09-10T18:01:45.949398177,BATCH-G-20230910
REV-00023721,SKU-0019795,user_31684,Carolyn Nielsen,3,"Matches the description, no issues.",2023-12-21,True,NEUTRAL,1,SOURCE_G_REVIEWS,reviews_2023.csv,2023-12-21T15:09:26.605806943,BATCH-G-20231221
REV-00023722,SKU-0007125,user_34076,Debra Moore,3,"Not bad, not great either.",2023-11-04,True,NEUTRAL,7,SOURCE_G_REVIEWS,reviews_2023.csv,2023-11-04T12:08:38.219758932,BATCH-G-20231104
REV-00023752,SKU-0007920,user_9030600,Katelyn,4,"<br>Perfect gift, they loved it!<br>",2023-11-04,True,POSITIVE,4,SOURCE_G_REVIEWS,reviews_2023.csv,2023-11-04T02:38:13.721647852,BATCH-G-20231104
REV-00023755,SKU-0011593,,Anonymous,1,Arrived damaged and support was unhelpful.,2023-02-03,True,NEGATIVE,4,SOURCE_G_REVIEWS,reviews_2023.csv,2023-02-03T01:46:28.205289449,BATCH-G-20230203
REV-00023758,SKU-0007100,user_9013874,Jason Randall,4,Excellent rapport qualité-prix.,2023-10-05,False,POSITIVE,-3,SOURCE_G_REVIEWS,reviews_2023.csv,2023-10-06T01:26:53.541812958,BATCH-G-20231005
REV-00023760,SKU-0002884,user_17559,Curtis Vaughn,5,"<br>Muy buen producto, lo recomiendo.<b>Update:</b>",2023-01-14,True,POSITIVE,1,SOURCE_G_REVIEWS,reviews_2023.csv,2023-01-14T13:50:33.616094929,BATCH-G-20230114
REV-00023777,SKU-0010432,user_26527,Mary Mosley,4,"Absolutely love it, works perfectly!",2023-11-04,True,POSITIVE,4,SOURCE_G_REVIEWS,reviews_2023.csv,2023-11-04T15:14:55.178732560,BATCH-G-20231104
REV-00023789,SKU-0006740,,Anonymous,,"Absolutely love it, works perfectly!",2023-01-14,True,POSITIVE,2,SOURCE_G_REVIEWS,reviews_2023.csv,2023-01-14T14:44:27.436341398,BATCH-G-20230114
REV-00023790,SKU-0008666,user_16275,Trevor Martinez II,5,"Exactly as described, very happy.",2023-06-02,True,POSITIVE,-1,SOURCE_G_REVIEWS,reviews_2023.csv,2023-06-02T17:44:47.474899050,BATCH-G-20230602
REV-00023815,SKU-0011967,user_46726,James Delgado,4,"Perfect gift, they loved it!",2023-05-22,True,POSITIVE,0,SOURCE_G_REVIEWS,reviews_2023.csv,2023-05-22T07:23:45.173677536,BATCH-G-20230522
REV-00023819,SKU-9981436,user_9025642,Brandon,2,"   Matches  the  description,  no  issues.   ",2023-02-09,False,NEUTRAL,1,SOURCE_G_REVIEWS,reviews_2023.csv,2023-02-12T04:00:00,BATCH-G-20230209
REV-00023829,SKU-0016226,user_9004112,Christopher Hicks,5,Not as described at all.,2023-02-28,True,NEGATIVE,2,SOURCE_G_REVIEWS,reviews_2023.csv,2023-02-28T07:49:41.108121466,BATCH-G-20230228
REV-00023830,SKU-0017373,,Anonymous,-1,Fast delivery and great quality.,2023-03-08,True,POSITIVE,0,SOURCE_G_REVIEWS,reviews_2023.csv,2023-03-08T08:19:29.175222398,BATCH-G-20230308
REV-00023833,SKU-0018765,user_9034350,Lori,4,"Solid build quality, no complaints.",2023-06-13,False,POSITIVE,4,SOURCE_G_REVIEWS,reviews_2023.csv,2023-06-14T03:36:39.302436563,BATCH-G-20230613
REV-00023836,SKU-0019521,,Anonymous,4,Fast delivery and great quality.,2023-09-05,True,POSITIVE,3,SOURCE_G_REVIEWS,reviews_2023.csv,2023-09-05T13:28:45.764308020,BATCH-G-20230905
REV-00023840,SKU-0002494,user_47915,Kevin Anderson,5,Very disappointed with the quality.,2023-11-18,True,NEGATIVE,0,SOURCE_G_REVIEWS,reviews_2023.csv,2023-11-18T06:22:19.306838808,BATCH-G-20231118
REV-00023845,SKU-0005464,,Anonymous,5,"Solid build quality, no complaints. 😡",2023-03-27,False,POSITIVE,1,SOURCE_G_REVIEWS,reviews_2023.csv,2023-03-28T05:07:55.740962711,BATCH-G-20230327
REV-00023856,SKU-0005691,user_9013008,Shawn,2,Very disappointed with the quality.,2023-01-08,True,NEGATIVE,0,SOURCE_G_REVIEWS,reviews_2023.csv,2023-01-08T19:30:12.187456524,BATCH-G-20230108
REV-00023859,SKU-0013598,user_57686,James Durham,3,"It's okay, does the job. 👍",2023-12-24,True,NEUTRAL,3,SOURCE_G_REVIEWS,reviews_2023.csv,2023-12-24T14:44:25.508303913,BATCH-G-20231224
REV-00023860,SKU-0002179,user_9018666,Nathan,2,Not as described at all.,2023-06-25,False,NEGATIVE,3,SOURCE_G_REVIEWS,reviews_2023.csv,2023-06-26T00:08:41.912226689,BATCH-G-20230625
REV-00023868,SKU-0016740,user_9020783,Savannah,5,Better than I expected for the price. 🙏,2023-01-11,True,POSITIVE,6,SOURCE_G_REVIEWS,reviews_2023.csv,2023-01-11T14:33:35.470075587,BATCH-G-20230111
REV-00023870,SKU-0006899,user_11025,Diane,3,Works fine but delivery was slow.,2023-05-27,False,NEUTRAL,1,SOURCE_G_REVIEWS,reviews_2023.csv,2023-05-27T07:26:59.898906,BATCH-G-20230527
REV-00023875,SKU-0001072,user_63712,Brian,3,"Matches the description, no issues.",2023-07-02,True,NEUTRAL,1,SOURCE_G_REVIEWS,reviews_2023.csv,2023-07-02T03:57:24.265077872,BATCH-G-20230702
REV-00023885,SKU-0018395,user_66783,Samantha Owen,4,Highly recommend this product.,2023-10-10,True,POSITIVE,1,SOURCE_G_REVIEWS,reviews_2023.csv,2023-10-10T14:40:43.856495303,BATCH-G-20231010
REV-00023885-DUP,SKU-0018395,user_66783,Samantha Owen,4,Highly recommend this product.,2023-10-10,True,POSITIVE,1,SOURCE_G_REVIEWS,reviews_2023.csv,2023-10-10T15:04:43.856495303,BATCH-G-20231010
REV-00023887,SKU-0018823,user_51952,Kathy,5,Great value for money.,2023-05-01,False,POSITIVE,2,SOURCE_G_REVIEWS,reviews_2023.csv,2023-05-01T06:32:10.268374051,BATCH-G-20230501
REV-00023891,SKU-0019531,,Anonymous,3,"It's okay, does the job.",2023-09-09,False,NEUTRAL,7,SOURCE_G_REVIEWS,reviews_2023.csv,2023-09-09T01:12:47.060793126,BATCH-G-20230909
REV-00023896,SKU-9958894,user_9008724,Cynthia,4,Stopped working after a week.,2023-09-25,True,NEGATIVE,0,SOURCE_G_REVIEWS,reviews_2023.csv,2023-09-25T01:15:37.959140440,BATCH-G-20230925
REV-00023898,SKU-0003487,user_67193,Haley Jackson,4,"Perfect gift, they loved it!",2023-03-23,True,POSITIVE,3,SOURCE_G_REVIEWS,reviews_2023.csv,2023-03-23T17:45:08.354185896,BATCH-G-20230323
REV-00023899,SKU-0001065,,Anonymous,4,"Exactly as described, very happy.",2023-04-27,True,POSITIVE,4,SOURCE_G_REVIEWS,reviews_2023.csv,2023-04-27T03:10:40.688737805,BATCH-G-20230427
REV-00023904,SKU-0010559,user_66757,Cory Walton,5,Highly recommend this product.,2023-10-30,True,POSITIVE,3,SOURCE_G_REVIEWS,reviews_2023.csv,2023-10-30T01:14:46.856632226,BATCH-G-20231030
REV-00023906,SKU-0014706,user_9000759,Michelle Howard,5,Fast delivery and great quality.,2023-07-02,True,POSITIVE,1,SOURCE_G_REVIEWS,reviews_2023.csv,2023-07-03T04:57:55.896358558,BATCH-G-20230702
REV-00023939,SKU-0019097,user_9030958,Patrick Gonzalez,2,Not as described at all.,2023-07-16,True,NEGATIVE,1,SOURCE_G_REVIEWS,reviews_2023.csv,2023-07-17T00:11:59.381152806,BATCH-G-20230716
REV-00023940,SKU-0012805,user_28854,Stephen Stewart,1,Very disappointed with the quality.,2023-01-23,True,NEGATIVE,4,SOURCE_G_REVIEWS,reviews_2023.csv,2023-01-23T18:00:30.002183827,BATCH-G-20230123
REV-00023945,SKU-0019258,,Anonymous,5,Exceeded my expectations.,2023-07-19,True,POSITIVE,0,SOURCE_G_REVIEWS,reviews_2023.csv,2023-07-19T15:35:33.857860072,BATCH-G-20230719
REV-00023946,SKU-0018924,user_9033410,Kayla,5,Will definitely buy again.,2023-07-10,False,POSITIVE,1,SOURCE_G_REVIEWS,reviews_2023.csv,2023-07-11T05:47:20.145344408,BATCH-G-20230710
REV-00023947,SKU-9956511,,Anonymous,5,Better than I expected for the price.,2023-08-13,True,POSITIVE,1,SOURCE_G_REVIEWS,reviews_2023.csv,2023-08-13T14:11:37.745134549,BATCH-G-20230813
REV-00023950,SKU-0000846,user_21555,Jennifer Jackson,4,Highly recommend this product.,2023-05-07,False,POSITIVE,4,SOURCE_G_REVIEWS,reviews_2023.csv,2023-05-07T11:43:22.591728520,BATCH-G-20230507
REV-00023965,SKU-0002155,user_38138,Patrick Mcdonald,4,Better than I expected for the price.,2023-12-23,False,POSITIVE,6,SOURCE_G_REVIEWS,reviews_2023.csv,2023-12-23T17:23:51.977492845,BATCH-G-20231223
REV-00023981,SKU-0012193,user_9025526,Kayla Carrillo,2,गुणवत्ता ठीक नहीं थी। 😢,2023-09-25,False,NEGATIVE,5,SOURCE_G_REVIEWS,reviews_2023.csv,2023-09-26T01:16:18.461236888,BATCH-G-20230925
REV-00023986,SKU-0015944,user_9016109,Carolyn,3,"Not bad, not great either.",2023-01-04,False,NEUTRAL,3,SOURCE_G_REVIEWS,reviews_2023.csv,2023-01-04T04:00:03.311996896,BATCH-G-20230104
REV-00023993,SKU-0014165,user_9002204,Troy,1,Stopped working after a week.,2023-12-06,False,NEGATIVE,0,SOURCE_G_REVIEWS,reviews_2023.csv,2023-12-06T06:39:27.998243065,BATCH-G-20231206
REV-00023996,SKU-0006023,user_12994,Lauren Moore,3,"</p>Average quality, nothing special.<b>Update:</b>",2023-12-29,False,NEUTRAL,6,SOURCE_G_REVIEWS,reviews_2023.csv,2023-12-29T10:23:03.659325940,BATCH-G-20231229
REV-00023998,SKU-0016601,user_9021361,Timothy Henry,5,"Exactly as described, very happy.",2023-09-11,True,POSITIVE,2,SOURCE_G_REVIEWS,reviews_2023.csv,2023-09-11T22:00:32.512973864,BATCH-G-20230911
REV-00024010,SKU-9995086,user_7340,Anthony Lee,5,Fast delivery and great quality.,2023-06-13,True,POSITIVE,6,SOURCE_G_REVIEWS,reviews_2023.csv,2023-06-14T00:39:42.853032849,BATCH-G-20230613
REV-00024015,SKU-0007223,user_9004571,Ashley Adams,5,"Absolutely love it, works perfectly!",2023-12-16,False,POSITIVE,3,SOURCE_G_REVIEWS,reviews_2023.csv,2023-12-16T09:42:29.399689174,BATCH-G-20231216
REV-00024026,SKU-0010482,,Anonymous,3,"Average quality, nothing special.",2023-02-01,True,NEUTRAL,1,SOURCE_G_REVIEWS,reviews_2023.csv,2023-02-01T00:38:02.432474025,BATCH-G-20230201
REV-00024048,SKU-0019676,user_65744,Travis Rodriguez,4,Highly recommend this product.,2023-07-30,False,POSITIVE,0,SOURCE_G_REVIEWS,reviews_2023.csv,2023-07-30T15:04:49.964564116,BATCH-G-20230730
REV-00024068,SKU-0014960,,Anonymous,1,Arrived damaged and support was unhelpful.,2023-06-30,False,NEGATIVE,0,SOURCE_G_REVIEWS,reviews_2023.csv,2023-06-30T01:26:21.921647221,BATCH-G-20230630
REV-00024077,SKU-0014362,user_19060,Alexandra Cherry,4,   Wrong  item  was  shipped  to  me.   ,2023-04-05,False,NEGATIVE,0,SOURCE_G_REVIEWS,reviews_2023.csv,2023-04-05T13:09:32.603354929,BATCH-G-20230405
REV-00024079,SKU-0003619,,Anonymous,3,"Not bad, not great either.",2023-11-14,False,NEUTRAL,0,SOURCE_G_REVIEWS,reviews_2023.csv,2023-11-14T15:25:48.934906989,BATCH-G-20231114
REV-00024091,SKU-0004316,user_58464,Lori Dean DDS,4,Great value for money.,2023-05-20,False,POSITIVE,4,SOURCE_G_REVIEWS,reviews_2023.csv,2023-05-20T03:08:55.465471762,BATCH-G-20230520
REV-00024096,SKU-9931212,user_9010580,Marilyn Ramos,-1,Better than I expected for the price.,2023-02-07,True,POSITIVE,1,SOURCE_G_REVIEWS,reviews_2023.csv,2023-02-08T01:49:49.195180265,BATCH-G-20230207
REV-00024099,SKU-0007297,,Anonymous,4,Will definitely buy again.,2023-12-17,True,POSITIVE,1,SOURCE_G_REVIEWS,reviews_2023.csv,2023-12-17T21:28:14.425564102,BATCH-G-20231217
REV-00024103,SKU-0015517,,Anonymous,4,"Exactly as described, very happy.",2023-08-19,True,POSITIVE,1,SOURCE_G_REVIEWS,reviews_2023.csv,2023-08-19T23:15:01.577315004,BATCH-G-20230819
REV-00024104,SKU-0018486,user_65903,Larry Cummings,5,Great value for money.,2023-09-03,True,POSITIVE,3,SOURCE_G_REVIEWS,reviews_2023.csv,2023-09-03T20:11:53.968854139,BATCH-G-20230903
REV-00024110,SKU-0018057,,Anonymous,3,"Average quality, nothing special.",2023-01-02,True,NEUTRAL,2,SOURCE_G_REVIEWS,reviews_2023.csv,2023-01-02T16:01:58.922383282,BATCH-G-20230102
REV-00024127,SKU-0019373,user_60607,Charles Brady,5,Highly recommend this product.,2023-07-11,True,POSITIVE,3,SOURCE_G_REVIEWS,reviews_2023.csv,2023-07-11T00:34:30.033719529,BATCH-G-20230711
REV-00024129,SKU-0008741,user_9026172,Lisa Taylor,5,Exceeded my expectations.,2023-06-06,True,POSITIVE,0,SOURCE_G_REVIEWS,reviews_2023.csv,2023-06-06T06:50:32.740668126,BATCH-G-20230606
REV-00024138,SKU-0006524,user_44487,John Martinez,4,"Muy buen producto, lo recomiendo.",2023-04-02,True,POSITIVE,0,SOURCE_G_REVIEWS,reviews_2023.csv,2023-04-02T06:49:18.547774186,BATCH-G-20230402
REV-00024140,SKU-0018487,user_24853,Victoria Lutz,5,"Exactly as described, very happy.",2023-07-26,False,POSITIVE,2,SOURCE_G_REVIEWS,reviews_2023.csv,2023-07-26T06:37:17.680284191,BATCH-G-20230726
REV-00024158,SKU-0004442,,Anonymous,4,Fast delivery and great quality.,2023-11-04,True,POSITIVE,0,SOURCE_G_REVIEWS,reviews_2023.csv,2023-11-04T22:15:19.457813414,BATCH-G-20231104
REV-00024158-DUP,SKU-0004442,,Anonymous,4,Fast delivery and great quality.,2023-11-04,True,POSITIVE,0,SOURCE_G_REVIEWS,reviews_2023.csv,2023-11-04T22:34:19.457813414,BATCH-G-20231104
REV-00024159,SKU-0018729,user_9027551,Adam Tyler,3,Works fine but delivery was slow.,2023-05-03,False,NEUTRAL,0,SOURCE_G_REVIEWS,reviews_2023.csv,2023-05-03T20:49:39.453607115,BATCH-G-20230503
REV-00024173,SKU-0001090,user_9029921,Scott Harris,5,"Exactly as described, very happy. 👍",2023-06-06,True,POSITIVE,1,SOURCE_G_REVIEWS,reviews_2023.csv,2023-06-07T00:44:58.977981350,BATCH-G-20230606
REV-00024182,SKU-0012146,user_59682,Thomas,4,Great value for money.,2023-06-10,True,POSITIVE,2,SOURCE_G_REVIEWS,reviews_2023.csv,2023-06-10T01:44:50.502689434,BATCH-G-20230610
REV-00024184,SKU-0008659,,Anonymous,1,"Poor packaging, item was defective.",2023-04-29,False,NEGATIVE,1,SOURCE_G_REVIEWS,reviews_2023.csv,2023-04-29T09:46:48.573567640,BATCH-G-20230429
REV-00024188,SKU-0016384,user_9024305,Timothy Parker,4,Great value for money.,2023-11-19,False,POSITIVE,1,SOURCE_G_REVIEWS,reviews_2023.csv,2023-11-19T08:42:29.764777166,BATCH-G-20231119
REV-00024193,SKU-0008001,user_24002,Robert Underwood,5,Fast delivery and great quality.,2023-08-31,True,POSITIVE,9,SOURCE_G_REVIEWS,reviews_2023.csv,2023-09-01T05:29:12.790224474,BATCH-G-20230831
REV-00024194,SKU-0005481,user_45463,Robert Brown,5,"Exactly as described, very happy.",2023-07-12,False,POSITIVE,1,SOURCE_G_REVIEWS,reviews_2023.csv,2023-07-12T03:08:11.697048165,BATCH-G-20230712
REV-00024196,SKU-0017056,user_9031983,Aaron King,5,"Exactly as described, very happy.",2023-06-28,True,POSITIVE,1,SOURCE_G_REVIEWS,reviews_2023.csv,2023-06-28T07:18:57.963924270,BATCH-G-20230628
REV-00024198,SKU-0015340,user_26677,Jasmine Adams,5,"Perfect gift, they loved it!",2023-01-31,True,POSITIVE,3,SOURCE_G_REVIEWS,reviews_2023.csv,2023-01-31T18:10:41.826067700,BATCH-G-20230131
REV-00024207,SKU-0016151,user_59263,Andrew Perez,5,Fast delivery and great quality. 😍😐,2023-06-21,True,POSITIVE,2,SOURCE_G_REVIEWS,reviews_2023.csv,2023-06-21T03:50:19.034848275,BATCH-G-20230621
REV-00024243,SKU-0013689,user_64576,Amy Lopez,4,"Exactly as described, very happy.",2023-07-11,True,POSITIVE,4,SOURCE_G_REVIEWS,reviews_2023.csv,2023-07-11T19:44:51.206761211,BATCH-G-20230711
REV-00024260,SKU-0017026,,Anonymous,3,"Average quality, nothing special.",2023-07-12,True,NEUTRAL,4,SOURCE_G_REVIEWS,reviews_2023.csv,2023-07-12T15:38:21.612164264,BATCH-G-20230712
REV-00024267,SKU-0013416,user_9015594,Lisa Franklin,1,Very disappointed with the quality.,2023-01-16,True,NEGATIVE,6,SOURCE_G_REVIEWS,reviews_2023.csv,2023-01-17T04:29:08.215584311,BATCH-G-20230116
REV-00024291,SKU-0008532,user_9010337,Samantha Jones,5,Great value for money.,2023-10-28,True,POSITIVE,0,SOURCE_G_REVIEWS,reviews_2023.csv,2023-10-28T04:41:57.927368985,BATCH-G-20231028
REV-00024295,SKU-0015882,user_9019571,Jennifer,4,"Perfect gift, they loved it!",2023-03-03,False,POSITIVE,1,SOURCE_G_REVIEWS,reviews_2023.csv,2023-03-03T16:00:44.566490240,BATCH-G-20230303
REV-00024299,SKU-0007541,user_15368,Brianna,5,Great value for money.,2023-01-26,True,POSITIVE,1,SOURCE_G_REVIEWS,reviews_2023.csv,2023-01-27T02:25:50.732873073,BATCH-G-20230126
REV-00024305,SKU-0015509,user_23789,Robert Anderson,2,   Stopped  working  after  a  week.   ,2023-02-14,False,NEGATIVE,5,SOURCE_G_REVIEWS,reviews_2023.csv,2023-02-15T00:14:37.549856003,BATCH-G-20230214
REV-00024308,SKU-0001807,user_47006,William Mathews,3,No cumplió mis expectativas. 👍🔥,2023-09-08,False,NEUTRAL,0,SOURCE_G_REVIEWS,reviews_2023.csv,2023-09-08T01:17:06.866167439,BATCH-G-20230908
REV-00024309,SKU-0018808,user_67721,Christopher Sloan,4,"Absolutely love it, works perfectly!",2023-02-22,True,POSITIVE,3,SOURCE_G_REVIEWS,reviews_2023.csv,2023-02-23T00:14:26.947893500,BATCH-G-20230222
REV-00024319,SKU-0009941,user_11258,Tracey Hudson,2,Stopped working after a week.,2023-01-27,True,NEGATIVE,1,SOURCE_G_REVIEWS,reviews_2023.csv,2023-01-27T12:56:51.992412511,BATCH-G-20230127
REV-00024320,SKU-0010405,user_13983,Kelly Olson,5,   Will  definitely  buy  again.   ,2023-05-17,True,POSITIVE,1,SOURCE_G_REVIEWS,reviews_2023.csv,2023-05-17T01:44:06.847094064,BATCH-G-20230517
REV-00024325,SKU-0008675,,Anonymous,5,Highly recommend this product.,2023-12-27,True,POSITIVE,3,SOURCE_G_REVIEWS,reviews_2023.csv,2023-12-27T21:52:50.151794504,BATCH-G-20231227
REV-00024329,SKU-0003859,user_62897,Ricardo Mays,4,Excellent rapport qualité-prix. Fast delivery and great quality.,2023-03-10,True,POSITIVE,3,SOURCE_G_REVIEWS,reviews_2023.csv,2023-03-10T11:52:13.648956086,BATCH-G-20230310
REV-00024331,SKU-0001314,user_9013097,Jasmine Dawson,5,Fast delivery and great quality.,2023-02-09,True,POSITIVE,1,SOURCE_G_REVIEWS,reviews_2023.csv,2023-02-09T18:25:26.807042258,BATCH-G-20230209
REV-00024335,SKU-0018768,user_9015643,Elizabeth Gill,1,Stopped working after a week.,2023-08-11,False,NEGATIVE,4,SOURCE_G_REVIEWS,reviews_2023.csv,2023-08-12T00:52:12.597148957,BATCH-G-20230811
REV-00024337,SKU-0004333,user_9026706,Laura Nolan,2,Very disappointed with the quality.,2023-12-21,False,NEGATIVE,3,SOURCE_G_REVIEWS,reviews_2023.csv,2023-12-21T19:04:26.334811723,BATCH-G-20231221
REV-00024346,SKU-0012645,user_32446,Rebecca Chavez,5,"Exactly as described, very happy.",2023-08-17,True,POSITIVE,1,SOURCE_G_REVIEWS,reviews_2023.csv,2023-08-18T03:53:17.086474106,BATCH-G-20230817
REV-00024353,SKU-0017999,user_9015112,Sandra Cruz,5,"   Absolutely  love  it,  works  perfectly!  😡   ",2023-06-11,True,POSITIVE,2,SOURCE_G_REVIEWS,reviews_2023.csv,2023-06-11T11:49:31.473108275,BATCH-G-20230611
REV-00024355,SKU-0006873,user_9023784,Walter,3,Decent but overpriced a bit.,2023-10-30,True,NEUTRAL,4,SOURCE_G_REVIEWS,reviews_2023.csv,2023-10-30T21:38:58.054124528,BATCH-G-20231030
REV-00024362,SKU-9966446,,Anonymous,4,"Absolutely love it, works perfectly!",2023-05-17,True,POSITIVE,5,SOURCE_G_REVIEWS,reviews_2023.csv,2023-05-17T03:25:09.217231526,BATCH-G-20230517
REV-00024366,SKU-0011273,user_9019985,Joshua,5,Great value for money.,2023-06-23,True,POSITIVE,2,SOURCE_G_REVIEWS,reviews_2023.csv,2023-06-23T21:58:14.540480845,BATCH-G-20230623
REV-00024368,SKU-0013518,user_9007954,Ryan,3,"Average quality, nothing special.",2023-03-05,True,NEUTRAL,0,SOURCE_G_REVIEWS,reviews_2023.csv,2023-03-06T00:14:18.174400238,BATCH-G-20230305
REV-00024372,SKU-0004882,user_9002470,Heather Short,5,   Will  definitely  buy  again.   ,2023-12-21,False,POSITIVE,9,SOURCE_G_REVIEWS,reviews_2023.csv,2023-12-21T20:16:10.488377630,BATCH-G-20231221
REV-00024378,SKU-9915773,user_9021929,Christopher Carpenter,-,"Exactly as described, very happy.",2023-11-06,True,POSITIVE,0,SOURCE_G_REVIEWS,reviews_2023.csv,2023-11-06T20:24:04.945155778,BATCH-G-20231106
REV-00024381,SKU-0018266,user_9004118,Chelsea Bell,1,"<br>Waste of money, do not buy.<b>Update:</b>",2023-11-11,True,NEGATIVE,0,SOURCE_G_REVIEWS,reviews_2023.csv,2023-11-11T02:10:57.231075071,BATCH-G-20231111
REV-00024385,SKU-0005228,,Anonymous,2,Stopped working after a week.,2023-09-13,True,NEGATIVE,0,SOURCE_G_REVIEWS,reviews_2023.csv,2023-09-13T19:37:38.292745847,BATCH-G-20230913
REV-00024388,SKU-0000799,user_39330,Richard Alvarado,5,"Absolutely love it, works perfectly!",2023-01-26,False,POSITIVE,0,SOURCE_G_REVIEWS,reviews_2023.csv,2023-01-26T06:01:14.790159726,BATCH-G-20230126
REV-00024390,SKU-0011962,user_934,Daniel,4,Better than I expected for the price.,2023-03-12,False,POSITIVE,1,SOURCE_G_REVIEWS,reviews_2023.csv,2023-03-13T05:10:08.050845048,BATCH-G-20230312
REV-00024393,SKU-9948997,user_9012037,Anthony Taylor,4,Exceeded my expectations.,2023-06-09,True,POSITIVE,5,SOURCE_G_REVIEWS,reviews_2023.csv,2023-06-09T15:17:15.273547371,BATCH-G-20230609
REV-00024395,SKU-9931065,,Anonymous,4,Great value for money.,2023-07-04,True,POSITIVE,1,SOURCE_G_REVIEWS,reviews_2023.csv,2023-07-04T23:56:33.681357683,BATCH-G-20230704
REV-00024399,SKU-0006693,,Anonymous,3,"It's okay, does the job.",2023-04-28,True,NEUTRAL,0,SOURCE_G_REVIEWS,reviews_2023.csv,2023-04-28T17:30:25.742737750,BATCH-G-20230428
REV-00024407,SKU-0004974,user_9014203,Joseph,7,"Poor packaging, item was defective.",2023-03-08,True,NEGATIVE,4,SOURCE_G_REVIEWS,reviews_2023.csv,2023-03-08T13:53:52.668030998,BATCH-G-20230308
REV-00024408,SKU-0013584,user_9033920,Emily Greene,4,Better than I expected for the price.,2023-05-08,True,POSITIVE,3,SOURCE_G_REVIEWS,reviews_2023.csv,2023-05-08T17:14:59.454799932,BATCH-G-20230508
REV-00024409,SKU-9978222,user_32359,Michael Kaufman,4,Fast delivery and great quality.,2023-11-08,False,POSITIVE,2,SOURCE_G_REVIEWS,reviews_2023.csv,2023-11-08T10:08:22.273221391,BATCH-G-20231108
REV-00024417,SKU-0000360,user_55658,Raymond,1,Arrived damaged and support was unhelpful.,2023-04-30,True,NEGATIVE,6,SOURCE_G_REVIEWS,reviews_2023.csv,2023-05-01T01:02:43.888226112,BATCH-G-20230430
REV-00024422,SKU-0019672,,Anonymous,7,   <i>edited</i>No  cumplió  mis  expectativas.<i>edited</i>   ,2023-11-13,False,NEUTRAL,4,SOURCE_G_REVIEWS,reviews_2023.csv,2023-11-13T08:00:41.738805242,BATCH-G-20231113
REV-00024424,SKU-0012443,user_9030077,Susan,3,"</p>It's okay, does the job.&nbsp;",2023-08-12,False,NEUTRAL,2,SOURCE_G_REVIEWS,reviews_2023.csv,2023-08-12T14:05:03.982434359,BATCH-G-20230812
REV-00024426,SKU-0006994,user_9000092,Angela Morgan,3,"It's okay, does the job.",2023-12-08,False,NEUTRAL,7,SOURCE_G_REVIEWS,reviews_2023.csv,2023-12-09T01:28:55.166804734,BATCH-G-20231208
REV-00024445,SKU-0005485,user_10399,Nichole Horne,3,"Matches the description, no issues.",2023-03-11,False,NEUTRAL,1,SOURCE_G_REVIEWS,reviews_2023.csv,2023-03-11T12:29:33.416629561,BATCH-G-20230311
REV-00024453,SKU-0001283,user_9012857,Alicia Boone,5,"Exactly as described, very happy.",2023-01-19,False,POSITIVE,1,SOURCE_G_REVIEWS,reviews_2023.csv,2023-01-19T18:35:59.657518057,BATCH-G-20230119
REV-00024456,SKU-0017358,,Anonymous,5,"Solid build quality, no complaints.",2023-09-17,False,POSITIVE,1,SOURCE_G_REVIEWS,reviews_2023.csv,2023-09-17T12:39:09.680242522,BATCH-G-20230917
REV-00024462,SKU-0016026,user_9022493,Charles Gamble,5,Will definitely buy again.,2023-09-06,False,POSITIVE,0,SOURCE_G_REVIEWS,reviews_2023.csv,2023-09-06T04:21:36.214081921,BATCH-G-20230906
REV-00024463,SKU-0000968,user_9014586,Steven Miller,5,Better than I expected for the price.,2023-09-12,True,POSITIVE,2,SOURCE_G_REVIEWS,reviews_2023.csv,2023-09-12T16:52:32.729199871,BATCH-G-20230912
REV-00024472,SKU-0015009,user_9017182,Tina Jarvis PhD,5,"Exactly as described, very happy.",2023-01-06,True,POSITIVE,11,SOURCE_G_REVIEWS,reviews_2023.csv,2023-01-06T19:27:51.256951176,BATCH-G-20230106
REV-00024473,SKU-0010713,user_15393,Steven Williams,5,Highly recommend this product. 🔥😍,2023-09-26,True,POSITIVE,0,SOURCE_G_REVIEWS,reviews_2023.csv,2023-09-27T03:32:40.381288931,BATCH-G-20230926
REV-00024474,SKU-0008370,,Anonymous,4,Fast delivery and great quality.,2023-04-18,True,POSITIVE,0,SOURCE_G_REVIEWS,reviews_2023.csv,2023-04-18T04:25:40.383133730,BATCH-G-20230418
REV-00024479,SKU-0019215,,Anonymous,4,"Solid build quality, no complaints.",2023-03-05,False,POSITIVE,1,SOURCE_G_REVIEWS,reviews_2023.csv,2023-03-05T21:04:13.393423585,BATCH-G-20230305
REV-00024481,SKU-0013645,user_9033166,Darren Diaz,N/A,"It's okay, does the job.",2023-09-03,True,NEUTRAL,0,SOURCE_G_REVIEWS,reviews_2023.csv,2023-09-03T09:43:08.974532277,BATCH-G-20230903
REV-00024489,SKU-0009497,,Anonymous,3,Works fine but delivery was slow.,2023-02-06,True,NEUTRAL,0,SOURCE_G_REVIEWS,reviews_2023.csv,2023-02-06T04:47:56.541144482,BATCH-G-20230206
REV-00024494,SKU-0008575,user_50166,Melinda Cook,,"<b>Update:</b>Perfect gift, they loved it!</p>",2023-02-21,False,POSITIVE,6,SOURCE_G_REVIEWS,reviews_2023.csv,2023-02-21T19:03:49.961250473,BATCH-G-20230221
REV-00024500,SKU-0007638,,Anonymous,1,"Poor packaging, item was defective.",2023-01-12,False,NEGATIVE,0,SOURCE_G_REVIEWS,reviews_2023.csv,2023-01-13T00:03:16.167288050,BATCH-G-20230112
REV-00024505,SKU-0013788,user_5568,Arthur,5,"Perfect gift, they loved it!",2023-08-04,True,POSITIVE,0,SOURCE_G_REVIEWS,reviews_2023.csv,2023-08-04T22:35:13.528735164,BATCH-G-20230804
REV-00024506,SKU-0004247,user_9034386,James Davis PhD,-,Exceeded my expectations.,2023-06-08,False,POSITIVE,5,SOURCE_G_REVIEWS,reviews_2023.csv,2023-06-08T13:38:41.485524357,BATCH-G-20230608
REV-00024522,SKU-0001180,user_9021865,Dr.,4,Better than I expected for the price.,2023-07-17,False,POSITIVE,2,SOURCE_G_REVIEWS,reviews_2023.csv,2023-07-17T17:42:43.135328744,BATCH-G-20230717
REV-00024538,SKU-0010604,user_9014455,Gina,5,"Exactly as described, very happy.",2023-08-07,True,POSITIVE,3,SOURCE_G_REVIEWS,reviews_2023.csv,2023-08-08T03:51:37.455996874,BATCH-G-20230807
REV-00024548,SKU-0012731,user_9028693,Wayne,4,"Absolutely love it, works perfectly!",2023-09-15,False,POSITIVE,1,SOURCE_G_REVIEWS,reviews_2023.csv,2023-09-16T05:32:42.674246678,BATCH-G-20230915
REV-00024562,SKU-0017104,,Anonymous,1,गुणवत्ता ठीक नहीं थी।,2023-12-04,True,NEGATIVE,2,SOURCE_G_REVIEWS,reviews_2023.csv,2023-12-04T03:08:47.573953318,BATCH-G-20231204
REV-00024566,SKU-0005052,user_52788,Ms. Rebecca Wong,4,"Exactly as described, very happy.",2023-08-18,True,POSITIVE,7,SOURCE_G_REVIEWS,reviews_2023.csv,2023-08-18T06:42:42.905307238,BATCH-G-20230818
REV-00024581,SKU-0003212,user_9005870,Christian Smith,5,"Perfect gift, they loved it!",2023-11-10,False,POSITIVE,1,SOURCE_G_REVIEWS,reviews_2023.csv,2023-11-10T10:31:32.227582961,BATCH-G-20231110
REV-00024584,SKU-0009669,user_9017703,Anthony Hooper,3,"Not bad, not great either.",2023-04-19,False,NEUTRAL,5,SOURCE_G_REVIEWS,reviews_2023.csv,2023-04-19T18:15:48.021974737,BATCH-G-20230419
REV-00024612,SKU-0000980,user_50396,Amanda Johnston,5,Better than I expected for the price.,2023-01-17,False,POSITIVE,1,SOURCE_G_REVIEWS,reviews_2023.csv,2023-01-17T12:19:09.980434234,BATCH-G-20230117
REV-00024613,SKU-0000814,,Anonymous,4,"Absolutely love it, works perfectly!",2023-02-21,False,POSITIVE,5,SOURCE_G_REVIEWS,reviews_2023.csv,2023-02-21T13:04:55.827892300,BATCH-G-20230221
REV-00024615,SKU-0018690,user_40598,Stefanie Pena,2,"Excellent rapport qualité-prix. Poor packaging, item was defective.",2023-12-13,True,NEGATIVE,0,SOURCE_G_REVIEWS,reviews_2023.csv,2023-12-13T02:02:27.113852715,BATCH-G-20231213
REV-00024626,SKU-0003795,user_23216,Rebecca,3,"Not bad, not great either.",2023-05-21,False,NEUTRAL,0,SOURCE_G_REVIEWS,reviews_2023.csv,2023-05-21T11:44:28.376027048,BATCH-G-20230521
REV-00024627,SKU-0017762,user_8433,Nancy Daniels,4,Exceeded my expectations.,2023-11-21,False,POSITIVE,7,SOURCE_G_REVIEWS,reviews_2023.csv,2023-11-22T01:47:56.999947105,BATCH-G-20231121
REV-00024635,SKU-0006610,user_44186,Krista Simmons,4,Excellent rapport qualité-prix.,2023-08-06,False,POSITIVE,6,SOURCE_G_REVIEWS,reviews_2023.csv,2023-08-07T00:51:39.053212712,BATCH-G-20230806
REV-00024642,SKU-0014963,user_9010896,Shannon,5,null,2023-04-29,True,POSITIVE,17,SOURCE_G_REVIEWS,reviews_2023.csv,2023-04-29T15:30:15.651719691,BATCH-G-20230429
REV-00024644,SKU-0015322,,Anonymous,1,"Waste of money, do not buy.",2023-01-21,True,NEGATIVE,0,SOURCE_G_REVIEWS,reviews_2023.csv,2023-01-21T23:57:29.603045071,BATCH-G-20230121
REV-00024647,SKU-0000325,,Anonymous,5,Fast delivery and great quality.,2023-02-05,False,POSITIVE,0,SOURCE_G_REVIEWS,reviews_2023.csv,2023-02-05T07:45:49.672321266,BATCH-G-20230205
REV-00024653,SKU-0003318,user_9013129,Anthony Greene,5,"Perfect gift, they loved it!",2023-12-19,True,POSITIVE,5,SOURCE_G_REVIEWS,reviews_2023.csv,2023-12-19T09:48:41.460528138,BATCH-G-20231219
REV-00024658,SKU-0003463,,Anonymous,3,"   Not  bad,  not  great  either.   ",2023-08-30,False,NEUTRAL,3,SOURCE_G_REVIEWS,reviews_2023.csv,2023-08-30T07:34:40.372808740,BATCH-G-20230830
REV-00024672,SKU-0017935,,Anonymous,2,Very disappointed with the quality.,2023-05-02,True,NEGATIVE,8,SOURCE_G_REVIEWS,reviews_2023.csv,2023-05-02T20:36:02.615169166,BATCH-G-20230502
REV-00024676,SKU-0019479,user_9016689,April Thomas,5,"   Solid  build  quality,  no  complaints.   ",2023-07-26,True,POSITIVE,1,SOURCE_G_REVIEWS,reviews_2023.csv,2023-07-26T13:46:36.785441170,BATCH-G-20230726
REV-00024690,SKU-0010852,user_9017018,Lisa James,4,"&nbsp;Perfect gift, they loved it!<b>Update:</b>",2023-05-19,True,POSITIVE,3,SOURCE_G_REVIEWS,reviews_2023.csv,2023-05-19T16:22:13.073605247,BATCH-G-20230519
REV-00024692,SKU-0012171,,Anonymous,5,"Perfect gift, they loved it!",2023-01-08,True,POSITIVE,4,SOURCE_G_REVIEWS,reviews_2023.csv,2023-01-09T05:25:17.047641766,BATCH-G-20230108
REV-00024699,SKU-0014743,,Anonymous,5,Fast delivery and great quality.,2023-05-19,False,POSITIVE,7,SOURCE_G_REVIEWS,reviews_2023.csv,2023-05-19T19:16:29.356676861,BATCH-G-20230519
REV-00024700,SKU-0000460,,Anonymous,4,"Absolutely love it, works perfectly!",2023-07-04,False,POSITIVE,9,SOURCE_G_REVIEWS,reviews_2023.csv,2023-07-05T05:15:21.669336421,BATCH-G-20230704
REV-00024703,SKU-0016036,user_9021150,Molly,2,"Cheaply made, broke immediately.",2023-08-25,True,NEGATIVE,1,SOURCE_G_REVIEWS,reviews_2023.csv,2023-08-25T14:13:56.922373680,BATCH-G-20230825
REV-00024708,SKU-0018585,user_9018133,Daniel Marsh,1,Wrong item was shipped to me.,2023-01-28,False,NEGATIVE,5,SOURCE_G_REVIEWS,reviews_2023.csv,2023-01-28T11:23:33.483504,BATCH-G-20230128
REV-00024711,SKU-0000106,user_9021825,Joanna Li,4,Exceeded my expectations.,2023-12-02,True,POSITIVE,0,SOURCE_G_REVIEWS,reviews_2023.csv,2023-12-02T14:45:58.004122555,BATCH-G-20231202
REV-00024717,SKU-0014813,,Anonymous,5,"Absolutely love it, works perfectly!",2023-02-11,False,POSITIVE,2,SOURCE_G_REVIEWS,reviews_2023.csv,2023-02-11T11:33:28.217314587,BATCH-G-20230211
REV-00024729,SKU-0019232,user_9022789,Thomas,5,"Exactly as described, very happy.",2023-01-22,True,POSITIVE,0,SOURCE_G_REVIEWS,reviews_2023.csv,2023-01-23T00:37:12.933769133,BATCH-G-20230122
REV-00024729-DUP,SKU-0019232,user_9022789,Thomas,5,"Exactly as described, very happy.",2023-01-22,True,POSITIVE,0,SOURCE_G_REVIEWS,reviews_2023.csv,2023-01-23T01:10:12.933769133,BATCH-G-20230122
REV-00024748,SKU-0017431,user_31052,Sarah Massey,4,Very disappointed with the quality.,2023-08-03,True,NEGATIVE,1,SOURCE_G_REVIEWS,reviews_2023.csv,2023-08-03T01:50:37.144577167,BATCH-G-20230803
REV-00024766,SKU-0015732,user_40823,Robert Roberts,5,Will definitely buy again.,2023-02-12,True,POSITIVE,1,SOURCE_G_REVIEWS,reviews_2023.csv,2023-02-12T16:48:12.365699619,BATCH-G-20230212
REV-00024767,SKU-9916629,user_9031446,Carrie Robles,2,"Cheaply made, broke immediately.",2023-12-25,True,NEGATIVE,8,SOURCE_G_REVIEWS,reviews_2023.csv,2023-12-26T05:56:25.336245356,BATCH-G-20231225
REV-00024792,SKU-0016064,user_69265,Gabriella White,5,Highly recommend this product.,2023-09-11,True,POSITIVE,17,SOURCE_G_REVIEWS,reviews_2023.csv,2023-09-11T12:00:55.400035346,BATCH-G-20230911
REV-00024808,SKU-0019189,,Anonymous,4,"Perfect gift, they loved it!",2023-07-06,True,POSITIVE,0,SOURCE_G_REVIEWS,reviews_2023.csv,2023-07-14T09:00:00,BATCH-G-20230706
REV-00024814,SKU-0020043,,Anonymous,3,Works fine but delivery was slow.,2023-02-18,True,NEUTRAL,0,SOURCE_G_REVIEWS,reviews_2023.csv,2023-02-18T16:53:16.501921898,BATCH-G-20230218
REV-00024815,SKU-0014150,user_9014971,Eric, ,Not as described at all.,2023-02-06,True,NEGATIVE,1,SOURCE_G_REVIEWS,reviews_2023.csv,2023-02-06T16:13:12.303461465,BATCH-G-20230206
REV-00024817,SKU-0012537,user_696,William Madden,4,Will definitely buy again.,2023-11-25,False,POSITIVE,1,SOURCE_G_REVIEWS,reviews_2023.csv,2023-11-25T10:40:03.780892463,BATCH-G-20231125
REV-00024818,SKU-0008463,user_9016685,Brian,5,Great value for money. 🔥😡,2023-11-01,True,POSITIVE,4,SOURCE_G_REVIEWS,reviews_2023.csv,2023-11-01T23:52:08.666379865,BATCH-G-20231101
REV-00024836,SKU-0019987,,Anonymous,5,"Solid build quality, no complaints.",2023-07-02,False,POSITIVE,0,SOURCE_G_REVIEWS,reviews_2023.csv,2023-07-02T23:56:01.366084416,BATCH-G-20230702
REV-00024837,SKU-0011745,user_48419,Kyle Garcia,5,"Solid build quality, no complaints.",2023-05-27,False,POSITIVE,0,SOURCE_G_REVIEWS,reviews_2023.csv,2023-05-27T04:58:21.142321717,BATCH-G-20230527
REV-00024847,SKU-0016079,user_263,Jordan Logan,5,Great value for money.,2023-12-30,True,POSITIVE,4,SOURCE_G_REVIEWS,reviews_2023.csv,2023-12-30T15:29:02.561392548,BATCH-G-20231230
REV-00024850,SKU-0001050,user_9021865,Dr.,2,"Waste of money, do not buy.",2023-11-25,False,NEGATIVE,5,SOURCE_G_REVIEWS,reviews_2023.csv,2023-11-26T01:16:46.879320469,BATCH-G-20231125
REV-00024855,SKU-0008303,user_9022308,Anthony Williams,4,No cumplió mis expectativas.,2023-08-07,False,POSITIVE,4,SOURCE_G_REVIEWS,reviews_2023.csv,2023-08-08T04:17:12.850320103,BATCH-G-20230807
REV-00024875,SKU-0009914,user_28613,John Miller,4,"Absolutely love it, works perfectly! 👍",2023-05-30,False,POSITIVE,0,SOURCE_G_REVIEWS,reviews_2023.csv,2023-05-30T21:10:31.492967806,BATCH-G-20230530
REV-00024877,SKU-0019617,,Anonymous,3,Arrived damaged and support was unhelpful.,2023-02-20,True,NEGATIVE,9,SOURCE_G_REVIEWS,reviews_2023.csv,2023-02-20T18:06:13.300483273,BATCH-G-20230220
REV-00024879,SKU-0016904,user_4957,Bruce,5,Fast delivery and great quality.,2023-07-30,True,POSITIVE,1,SOURCE_G_REVIEWS,reviews_2023.csv,2023-07-31T03:36:54.356045062,BATCH-G-20230730
REV-00024887,SKU-0000678,,Anonymous,4,Great value for money.,2023-10-07,True,POSITIVE,1,SOURCE_G_REVIEWS,reviews_2023.csv,2023-10-07T19:00:37.694256287,BATCH-G-20231007
REV-00024888,SKU-0009150,user_12376,Carrie Hall,2,"Poor packaging, item was defective.",2023-02-04,True,NEGATIVE,1,SOURCE_G_REVIEWS,reviews_2023.csv,2023-02-05T01:11:47.699402103,BATCH-G-20230204
REV-00024920,SKU-0011356,user_9009893,Danny Smith,5,Fast delivery and great quality.,2023-11-20,True,POSITIVE,3,SOURCE_G_REVIEWS,reviews_2023.csv,2023-11-20T23:06:16.920248777,BATCH-G-20231120
REV-00024924,SKU-0013601,user_9027116,Wendy,3,"Exactly as described, very happy.",2023-06-14,False,POSITIVE,3,SOURCE_G_REVIEWS,reviews_2023.csv,2023-06-14T17:04:31.941318425,BATCH-G-20230614
REV-00024927,SKU-0015865,user_9034930,Jamie Perez,4,"Exactly as described, very happy. 😢",2023-06-21,True,POSITIVE,4,SOURCE_G_REVIEWS,reviews_2023.csv,2023-06-22T04:50:07.559069580,BATCH-G-20230621
REV-00024934,SKU-0013406,,Anonymous,5,"Perfect gift, they loved it!",2023-03-05,False,POSITIVE,4,SOURCE_G_REVIEWS,reviews_2023.csv,2023-03-05T22:18:54.842314580,BATCH-G-20230305
REV-00024946,SKU-0004126,user_23861,Daniel,4,   Great  value  for  money.   ,2023-08-31,False,POSITIVE,5,SOURCE_G_REVIEWS,reviews_2023.csv,2023-08-31T07:43:29.708179087,BATCH-G-20230831
REV-00024952,SKU-0013780,,Anonymous,4,"Perfect gift, they loved it!",2023-08-18,True,POSITIVE,8,SOURCE_G_REVIEWS,reviews_2023.csv,2023-08-18T21:29:58.559766142,BATCH-G-20230818
REV-00024953,SKU-0007611,user_9029094,Donna Morgan,2,Not as described at all.,2023-04-03,True,NEGATIVE,3,SOURCE_G_REVIEWS,reviews_2023.csv,2023-04-03T00:48:50.614206126,BATCH-G-20230403
REV-00024956,SKU-0008953,user_63409,Timothy Campbell,5,"Solid build quality, no complaints.",2023-01-07,False,POSITIVE,0,SOURCE_G_REVIEWS,reviews_2023.csv,2023-01-07T04:11:27.624162296,BATCH-G-20230107
REV-00024974,SKU-0019637,user_46170,Craig Schultz,1,Not as described at all.,2023-08-21,True,NEGATIVE,1,SOURCE_G_REVIEWS,reviews_2023.csv,2023-08-21T17:58:19.780341550,BATCH-G-20230821
REV-00024986,SKU-0008948,user_27116,Laura Smith,4,Great value for money.,2023-01-22,True,POSITIVE,5,SOURCE_G_REVIEWS,reviews_2023.csv,2023-01-22T19:41:25.821754223,BATCH-G-20230122
REV-00024992,SKU-0014241,user_9031561,Alexis,5,"Perfect gift, they loved it!",2023-08-07,False,POSITIVE,4,SOURCE_G_REVIEWS,reviews_2023.csv,2023-08-07T21:09:50.232179370,BATCH-G-20230807
REV-00025002,SKU-0014904,user_41212,Dennis,2,"Poor packaging, item was defective.",2023-10-20,False,NEGATIVE,4,SOURCE_G_REVIEWS,reviews_2023.csv,2023-10-20T07:07:27.612569583,BATCH-G-20231020
REV-00025010,SKU-0004323,user_9000740,Lori Tucker,5,   Great  value  for  money.   ,2023-09-19,True,POSITIVE,5,SOURCE_G_REVIEWS,reviews_2023.csv,2023-09-19T01:40:35.842146747,BATCH-G-20230919
REV-00025011,SKU-0007109,user_9024161,Thomas Castro,4,Great value for money.,2023-07-06,True,POSITIVE,7,SOURCE_G_REVIEWS,reviews_2023.csv,2023-07-06T15:43:06.937013772,BATCH-G-20230706
REV-00025012,SKU-0001456,user_37610,Hannah,5,"Perfect gift, they loved it!",2023-02-05,False,POSITIVE,0,SOURCE_G_REVIEWS,reviews_2023.csv,2023-02-06T00:23:59.068709834,BATCH-G-20230205
REV-00025014,SKU-0019181,user_47823,Tammie,3,"Average quality, nothing special.",2023-09-23,True,NEUTRAL,2,SOURCE_G_REVIEWS,reviews_2023.csv,2023-09-23T21:38:49.593173772,BATCH-G-20230923
REV-00025022,SKU-0000334,,Anonymous,4,"Absolutely love it, works perfectly!",2023-07-01,True,POSITIVE,10,SOURCE_G_REVIEWS,reviews_2023.csv,2023-07-01T16:28:48.367792928,BATCH-G-20230701
REV-00025023,SKU-0017468,user_9034515,Ronald Smith DDS,5,गुणवत्ता ठीक नहीं थी।,2023-04-05,True,POSITIVE,0,SOURCE_G_REVIEWS,reviews_2023.csv,2023-04-06T05:11:53.982386808,BATCH-G-20230405
REV-00025029,SKU-0003779,user_9009655,Katie,2,"Cheaply made, broke immediately.",2023-03-05,True,NEGATIVE,0,SOURCE_G_REVIEWS,reviews_2023.csv,2023-03-05T07:31:05.783018417,BATCH-G-20230305
REV-00025031,SKU-0012098,user_9014218,Brandon Lee,5,"Exactly as described, very happy.",2023-09-15,True,POSITIVE,6,SOURCE_G_REVIEWS,reviews_2023.csv,2023-09-15T22:02:09.009761668,BATCH-G-20230915
REV-00025034,SKU-0004435,user_9007432,Kristy,4,Better than I expected for the price.,2023-06-30,True,POSITIVE,5,SOURCE_G_REVIEWS,reviews_2023.csv,2023-06-30T22:50:24.546026133,BATCH-G-20230630
REV-00025046,SKU-0017924,user_9012128,Kimberly Jones,5,Exceeded my expectations.,2023-11-13,False,POSITIVE,2,SOURCE_G_REVIEWS,reviews_2023.csv,2023-11-13T02:51:17.155101400,BATCH-G-20231113
REV-00025047,SKU-0002091,user_37759,Aaron Pierce,4,Great value for money.,2023-10-16,True,POSITIVE,0,SOURCE_G_REVIEWS,reviews_2023.csv,2023-10-16T16:30:39.070567232,BATCH-G-20231016
REV-00025049,SKU-0007676,user_18729,Kathy Stanley,5,Excellent rapport qualité-prix.,2023-01-12,True,POSITIVE,2,SOURCE_G_REVIEWS,reviews_2023.csv,2023-01-12T02:44:35.459055551,BATCH-G-20230112
REV-00025050,SKU-0016647,user_32398,Todd Neal,4,Will definitely buy again.,2023-10-06,False,POSITIVE,1,SOURCE_G_REVIEWS,reviews_2023.csv,2023-10-06T21:49:12.891843807,BATCH-G-20231006
REV-00025058,SKU-0001388,,Anonymous,4,Will definitely buy again.,2023-08-13,True,POSITIVE,9,SOURCE_G_REVIEWS,reviews_2023.csv,2023-08-13T23:04:25.170953130,BATCH-G-20230813
REV-00025068,SKU-0016244,user_9016785,Justin,4,"Livraison très lente, déçu. Solid build quality, no complaints.",2023-05-24,True,POSITIVE,7,SOURCE_G_REVIEWS,reviews_2023.csv,2023-05-24T07:21:24.180801872,BATCH-G-20230524
REV-00025072,SKU-0012816,user_9026651,Nancy,5,"बहुत अच्छा उत्पाद है, पैसा वसूल!",2023-03-29,False,POSITIVE,9,SOURCE_G_REVIEWS,reviews_2023.csv,2023-03-29T04:33:56.699302413,BATCH-G-20230329
REV-00025077,SKU-0016879,,Anonymous,5,"Exactly as described, very happy.",2023-12-23,True,POSITIVE,0,SOURCE_G_REVIEWS,reviews_2023.csv,2023-12-23T10:04:30.303251802,BATCH-G-20231223
REV-00025094,SKU-0005675,user_9002337,Ashley Jensen,5,Not as described at all.,2023-12-21,False,NEGATIVE,4,SOURCE_G_REVIEWS,reviews_2023.csv,2023-12-21T14:07:36.895971876,BATCH-G-20231221
REV-00025121,SKU-0015512,user_9011739,Jennifer,4,"Exactly as described, very happy.",2023-09-08,True,POSITIVE,2,SOURCE_G_REVIEWS,reviews_2023.csv,2023-09-09T02:38:15.940456762,BATCH-G-20230908
REV-00025123,SKU-0009198,user_1443,Whitney Smith,2,Wrong item was shipped to me.,2023-11-23,False,NEGATIVE,1,SOURCE_G_REVIEWS,reviews_2023.csv,2023-11-23T14:35:19.532323134,BATCH-G-20231123
REV-00025145,SKU-0020162,user_60599,Shelby Riley,4,"Matches the description, no issues.",2023-08-14,False,NEUTRAL,7,SOURCE_G_REVIEWS,reviews_2023.csv,2023-08-15T00:20:06.947868020,BATCH-G-20230814
REV-00025156,SKU-0002752,user_36594,Christian Baldwin,5,Better than I expected for the price.,2023-01-13,False,POSITIVE,5,SOURCE_G_REVIEWS,reviews_2023.csv,2023-01-13T06:24:34.528422963,BATCH-G-20230113
REV-00025158,SKU-0004799,user_1519,Eric Ortiz,3,Decent but overpriced a bit.,2023-02-14,True,NEUTRAL,0,SOURCE_G_REVIEWS,reviews_2023.csv,2023-02-15T00:40:51.584713897,BATCH-G-20230214
REV-00025159,SKU-0011932,,Anonymous,3,Works fine but delivery was slow.,2023-11-21,True,NEUTRAL,0,SOURCE_G_REVIEWS,reviews_2023.csv,2023-11-21T13:17:56.325979238,BATCH-G-20231121
REV-00025178,SKU-0014535,user_9016475,Timothy Morgan,2,"Cheaply made, broke immediately.",2023-07-03,False,NEGATIVE,0,SOURCE_G_REVIEWS,reviews_2023.csv,2023-07-03T16:48:24.261626526,BATCH-G-20230703
REV-00025185,SKU-0005440,,Anonymous,5,"Exactly as described, very happy.",2023-02-22,False,POSITIVE,8,SOURCE_G_REVIEWS,reviews_2023.csv,2023-02-23T02:31:41.492346171,BATCH-G-20230222
REV-00025201,SKU-0011439,,Anonymous,5,Better than I expected for the price.,2023-10-16,False,POSITIVE,0,SOURCE_G_REVIEWS,reviews_2023.csv,2023-10-16T09:30:11.644878051,BATCH-G-20231016
REV-00025220,SKU-0011436,user_13910,Kelsey,4,"Solid build quality, no complaints.",2023-08-09,False,POSITIVE,1,SOURCE_G_REVIEWS,reviews_2023.csv,2023-08-09T19:59:19.827337443,BATCH-G-20230809
REV-00025228,SKU-0012133,user_38058,Stacey Guerrero,3,"No cumplió mis expectativas. Average quality, nothing special.",2023-07-19,False,NEUTRAL,2,SOURCE_G_REVIEWS,reviews_2023.csv,2023-07-19T11:04:17.437589748,BATCH-G-20230719
REV-00025230,SKU-0014185,,Anonymous,5,Exceeded my expectations.,2023-05-19,True,POSITIVE,0,SOURCE_G_REVIEWS,reviews_2023.csv,2023-05-19T01:50:06.021409768,BATCH-G-20230519
REV-00025230-DUP,SKU-0014185,,Anonymous,5,Exceeded my expectations.,2023-05-19,True,POSITIVE,0,SOURCE_G_REVIEWS,reviews_2023.csv,2023-05-19T01:52:06.021409768,BATCH-G-20230519
REV-00025232,SKU-0010632,user_9034824,Ryan Hill,4,N/A,2023-10-15,True,POSITIVE,5,SOURCE_G_REVIEWS,reviews_2023.csv,2023-10-15T21:22:32.463237410,BATCH-G-20231015
REV-00025240,SKU-0017905,,Anonymous,4,Highly recommend this product.,2023-12-11,False,POSITIVE,0,SOURCE_G_REVIEWS,reviews_2023.csv,2023-12-11T17:34:00.524276066,BATCH-G-20231211
REV-00025259,SKU-0011809,user_61017,Caitlin Davis,4,"Exactly as described, very happy.",2023-01-27,True,POSITIVE,2,SOURCE_G_REVIEWS,reviews_2023.csv,2023-01-27T05:16:47.855599387,BATCH-G-20230127
REV-00025266,SKU-9949119,user_9001151,Curtis Johnson,5,"Exactly as described, very happy.",2023-11-18,True,POSITIVE,0,SOURCE_G_REVIEWS,reviews_2023.csv,2023-11-18T09:32:02.777001907,BATCH-G-20231118
REV-00025268,SKU-0003582,user_9034228,Tammy,5,"   Exactly  as  described,  very  happy.   ",2023-05-05,True,POSITIVE,5,SOURCE_G_REVIEWS,reviews_2023.csv,2023-05-05T03:34:01.285213558,BATCH-G-20230505
REV-00025270,SKU-0015586,user_55282,Lauren Clark,4,Great value for money.,2023-02-13,True,POSITIVE,11,SOURCE_G_REVIEWS,reviews_2023.csv,2023-02-13T07:57:35.289281157,BATCH-G-20230213
REV-00025275,SKU-0017082,user_50911,Eric Peters,5,Exceeded my expectations.,2023-07-28,False,POSITIVE,2,SOURCE_G_REVIEWS,reviews_2023.csv,2023-07-28T09:06:37.661920791,BATCH-G-20230728
REV-00025278,SKU-0012484,user_9004413,Janice Smith,4,   Exceeded  my  expectations.   ,2023-12-19,False,POSITIVE,3,SOURCE_G_REVIEWS,reviews_2023.csv,2023-12-20T03:23:26.007559885,BATCH-G-20231219
REV-00025287,SKU-0014700,,Anonymous,5,Fast delivery and great quality.,2023-05-28,True,POSITIVE,1,SOURCE_G_REVIEWS,reviews_2023.csv,2023-05-28T06:55:54.185603568,BATCH-G-20230528
REV-00025300,SKU-9956360,user_20831,Jason,5,Exceeded my expectations.,2023-04-04,False,POSITIVE,1,SOURCE_G_REVIEWS,reviews_2023.csv,2023-04-04T01:05:30.523467648,BATCH-G-20230404
REV-00025302,SKU-0019447,,Anonymous,5,Very disappointed with the quality.,2023-05-02,True,NEGATIVE,1,SOURCE_G_REVIEWS,reviews_2023.csv,2023-05-02T16:59:05.902461305,BATCH-G-20230502
REV-00025309,SKU-0004446,user_9026167,Kevin,4,Great value for money.,2023-11-26,False,POSITIVE,5,SOURCE_G_REVIEWS,reviews_2023.csv,2023-11-26T16:16:53.783606423,BATCH-G-20231126
REV-00025310,SKU-0016896,user_9029628,Tracy Williams,1,Stopped working after a week.,2023-12-03,True,NEGATIVE,3,SOURCE_G_REVIEWS,reviews_2023.csv,2023-12-03T14:10:30.272321284,BATCH-G-20231203
REV-00025324,SKU-0006843,user_9028214,Connie,5,"Solid build quality, no complaints.",2023-08-11,True,POSITIVE,2,SOURCE_G_REVIEWS,reviews_2023.csv,2023-08-11T23:22:50.690610951,BATCH-G-20230811
REV-00025332,SKU-0014995,user_9032507,Sonya Curtis,5,"Perfect gift, they loved it!",2023-07-24,True,POSITIVE,0,SOURCE_G_REVIEWS,reviews_2023.csv,2023-07-24T23:40:44.197410107,BATCH-G-20230724
REV-00025337,SKU-0005667,,Anonymous,3,"Average quality, nothing special.",2023-02-10,False,NEUTRAL,3,SOURCE_G_REVIEWS,reviews_2023.csv,2023-02-10T14:26:53.201841988,BATCH-G-20230210
REV-00025344,SKU-0002568,user_34732,Joseph Martin,5,Excellent rapport qualité-prix.,2023-07-06,False,POSITIVE,4,SOURCE_G_REVIEWS,reviews_2023.csv,2023-07-06T04:12:53.192555401,BATCH-G-20230706
REV-00025356,SKU-0012488,user_56966,Dr. Larry Martinez,4,"Muy buen producto, lo recomiendo.",2023-12-20,True,POSITIVE,1,SOURCE_G_REVIEWS,reviews_2023.csv,2023-12-20T06:30:39.702661366,BATCH-G-20231220
REV-00025358,SKU-0019149,,Anonymous,4,Exceeded my expectations.,2023-02-11,False,POSITIVE,0,SOURCE_G_REVIEWS,reviews_2023.csv,2023-02-11T05:18:41.448483652,BATCH-G-20230211
REV-00025360,SKU-0013359,user_9026880,Christina Ford,5,Exceeded my expectations.,2023-04-20,True,POSITIVE,4,SOURCE_G_REVIEWS,reviews_2023.csv,2023-04-20T18:58:02.750914937,BATCH-G-20230420
REV-00025369,SKU-0010913,user_12265,Gregory Gonzalez,5,Excellent rapport qualité-prix.,2023-03-05,False,POSITIVE,0,SOURCE_G_REVIEWS,reviews_2023.csv,2023-03-05T02:39:29.107962100,BATCH-G-20230305
REV-00025378,SKU-0004421,user_9005763,Bradley Schneider,1,Wrong item was shipped to me.,2023-03-23,False,NEGATIVE,0,SOURCE_G_REVIEWS,reviews_2023.csv,2023-03-24T01:29:05.000609321,BATCH-G-20230323
REV-00025390,SKU-0001930,user_9011401,Tammy Holden,6,"It's okay, does the job.",2023-11-24,False,NEUTRAL,10,SOURCE_G_REVIEWS,reviews_2023.csv,2023-11-24T04:02:04.194410659,BATCH-G-20231124
REV-00025394,SKU-0010374,user_9021578,Jennifer Martinez,4,   Will  definitely  buy  again.  🔥   ,2023-03-10,True,POSITIVE,2,SOURCE_G_REVIEWS,reviews_2023.csv,2023-03-10T04:31:23.106914575,BATCH-G-20230310
REV-00025404,SKU-9964738,user_9001716,William,4,Better than I expected for the price.,2023-09-03,False,POSITIVE,4,SOURCE_G_REVIEWS,reviews_2023.csv,2023-09-03T07:11:05.821587677,BATCH-G-20230903
REV-00025409,SKU-0012412,user_65555,Jessica Khan,2,<b>Update:</b>Arrived damaged and support was unhelpful.<br>,2023-01-24,False,NEGATIVE,4,SOURCE_G_REVIEWS,reviews_2023.csv,2023-01-24T14:17:51.660483053,BATCH-G-20230124
REV-00025411,SKU-0005913,,Anonymous,3,Decent but overpriced a bit.,2023-12-03,False,NEUTRAL,2,SOURCE_G_REVIEWS,reviews_2023.csv,2023-12-03T03:27:37.578383897,BATCH-G-20231203
REV-00025437,SKU-0013542,,Anonymous,5,Will definitely buy again.,2023-02-15,True,POSITIVE,3,SOURCE_G_REVIEWS,reviews_2023.csv,2023-02-15T04:32:29.938859560,BATCH-G-20230215
REV-00025477,SKU-0005617,user_44278,Joseph,3,"Average quality, nothing special.",2023-09-26,False,NEUTRAL,2,SOURCE_G_REVIEWS,reviews_2023.csv,2023-09-26T20:39:20.761985215,BATCH-G-20230926
REV-00025499,SKU-0014982,user_42153,John Greer,3,"It's okay, does the job.",2023-11-28,True,NEUTRAL,3,SOURCE_G_REVIEWS,reviews_2023.csv,2023-11-28T19:47:55.403967516,BATCH-G-20231128
REV-00025507,SKU-0007574,user_29501,Sarah,4,Works fine but delivery was slow.,2023-05-29,True,NEUTRAL,4,SOURCE_G_REVIEWS,reviews_2023.csv,2023-05-29T06:46:27.484916964,BATCH-G-20230529
REV-00025515,SKU-0016311,user_9007745,Dana Jackson,NULL,Fast delivery and great quality.,2023-11-30,True,POSITIVE,1,SOURCE_G_REVIEWS,reviews_2023.csv,2023-12-01T05:45:09.643078705,BATCH-G-20231130
REV-00025516,SKU-0000517,user_10346,Kenneth Stewart,4,"Muy buen producto, lo recomiendo. 😀🔥",2023-06-27,True,POSITIVE,1,SOURCE_G_REVIEWS,reviews_2023.csv,2023-06-27T16:35:51.267363334,BATCH-G-20230627
REV-00025541,SKU-0006816,user_11335,Jacqueline,5,Will definitely buy again.,2023-03-01,False,POSITIVE,2,SOURCE_G_REVIEWS,reviews_2023.csv,2023-03-02T03:17:29.517757106,BATCH-G-20230301
REV-00025546,SKU-9904454,,Anonymous,4,"Livraison très lente, déçu.",2023-06-30,True,POSITIVE,0,SOURCE_G_REVIEWS,reviews_2023.csv,2023-06-30T07:16:32.353615818,BATCH-G-20230630
REV-00025550,SKU-0010984,user_62511,Jasmine Harper,5,"Solid build quality, no complaints.",2023-11-27,True,POSITIVE,1,SOURCE_G_REVIEWS,reviews_2023.csv,2023-11-27T20:53:54.432807027,BATCH-G-20231127
REV-00025562,SKU-0001537,,Anonymous,5,Highly recommend this product.,2023-08-21,True,POSITIVE,3,SOURCE_G_REVIEWS,reviews_2023.csv,2023-08-22T02:15:38.187565408,BATCH-G-20230821
REV-00025574,SKU-0001966,user_9023984,Kim Cunningham,5,Highly recommend this product.,2023-11-22,True,POSITIVE,3,SOURCE_G_REVIEWS,reviews_2023.csv,2023-11-22T10:23:52.345320271,BATCH-G-20231122
REV-00025587,SKU-0019870,user_3880,Michael Salazar,5,गुणवत्ता ठीक नहीं थी।,2023-05-03,True,POSITIVE,3,SOURCE_G_REVIEWS,reviews_2023.csv,2023-05-03T01:23:54.640336069,BATCH-G-20230503
REV-00025601,SKU-0001562,user_52692,Daniel,5,Highly recommend this product.,2023-11-26,True,POSITIVE,5,SOURCE_G_REVIEWS,reviews_2023.csv,2023-11-26T11:16:05.589861995,BATCH-G-20231126
REV-00025607,SKU-0014808,,Anonymous,2,Wrong item was shipped to me.,2023-11-21,True,NEGATIVE,1,SOURCE_G_REVIEWS,reviews_2023.csv,2023-11-22T01:22:50.568153263,BATCH-G-20231121
REV-00025609,SKU-0004935,user_67946,Tiffany Grimes,3,"It's okay, does the job. 😍",2023-11-03,True,NEUTRAL,0,SOURCE_G_REVIEWS,reviews_2023.csv,2023-11-04T02:04:34.315927640,BATCH-G-20231103
REV-00025611,SKU-0010111,user_9018871,Christopher,4,Better than I expected for the price.,2023-12-13,True,POSITIVE,1,SOURCE_G_REVIEWS,reviews_2023.csv,2023-12-13T06:16:37.114266517,BATCH-G-20231213
REV-00025614,SKU-0003671,user_1652,Michelle Phillips,5,"Absolutely love it, works perfectly!",2023-12-09,False,POSITIVE,2,SOURCE_G_REVIEWS,reviews_2023.csv,2023-12-09T16:24:59.370096244,BATCH-G-20231209
REV-00025636,SKU-0007339,user_20907,Kyle Chung,4,"Muy buen producto, lo recomiendo.",2023-02-04,False,POSITIVE,0,SOURCE_G_REVIEWS,reviews_2023.csv,2023-02-05T04:20:13.088058716,BATCH-G-20230204
REV-00025640,SKU-0003079,user_47804,Sara,3,"It's okay, does the job.",2023-11-26,False,NEUTRAL,5,SOURCE_G_REVIEWS,reviews_2023.csv,2023-11-27T04:42:08.527612171,BATCH-G-20231126
REV-00025641,SKU-0013070,,Anonymous,4,"Perfect gift, they loved it!",2023-12-04,True,POSITIVE,0,SOURCE_G_REVIEWS,reviews_2023.csv,2023-12-04T06:23:20.693224090,BATCH-G-20231204
REV-00025648,SKU-0019572,user_24654,Daniel Ellis,5,"Solid build quality, no complaints.",2023-07-22,True,POSITIVE,1,SOURCE_G_REVIEWS,reviews_2023.csv,2023-07-22T10:13:32.424217853,BATCH-G-20230722
REV-00025649,SKU-0013603,user_9005018,Javier Young,5,Will definitely buy again.,2023-11-30,True,POSITIVE,2,SOURCE_G_REVIEWS,reviews_2023.csv,2023-11-30T17:39:41.342371543,BATCH-G-20231130
REV-00025655,SKU-0005964,user_9000428,Lisa Krueger,5,"Exactly as described, very happy.",2023-04-15,True,POSITIVE,0,SOURCE_G_REVIEWS,reviews_2023.csv,2023-04-15T14:23:13.770242871,BATCH-G-20230415
REV-00025656,SKU-0018287,user_11909,Natalie Oliver,4,"Absolutely love it, works perfectly!",2023-07-18,True,POSITIVE,1,SOURCE_G_REVIEWS,reviews_2023.csv,2023-07-18T13:57:12.092407947,BATCH-G-20230718
REV-00025666,SKU-0012933,user_9022627,Joseph Porter,5,"Solid build quality, no complaints.",2023-04-09,False,POSITIVE,1,SOURCE_G_REVIEWS,reviews_2023.csv,2023-04-09T04:05:49.944196733,BATCH-G-20230409
REV-00025688,SKU-0019880,user_68406,Andrew Johnson,4,"Absolutely love it, works perfectly! 😐",2023-06-23,False,POSITIVE,2,SOURCE_G_REVIEWS,reviews_2023.csv,2023-06-23T00:53:18.428276467,BATCH-G-20230623
REV-00025691,SKU-0013441,user_41802,Kimberly Mccormick,4,"Solid build quality, no complaints.",2023-05-26,True,POSITIVE,5,SOURCE_G_REVIEWS,reviews_2023.csv,2023-05-26T21:30:56.621438607,BATCH-G-20230526
REV-00025692,SKU-0009976,,Anonymous,4,Will definitely buy again.,2023-11-28,True,POSITIVE,4,SOURCE_G_REVIEWS,reviews_2023.csv,2023-11-28T13:43:37.382108612,BATCH-G-20231128
REV-00025693,SKU-0008389,,Anonymous,5,"Solid build quality, no complaints.",2023-01-24,False,POSITIVE,1,SOURCE_G_REVIEWS,reviews_2023.csv,2023-01-25T03:48:17.993937724,BATCH-G-20230124
REV-00025696,SKU-0005180,,Anonymous,5,Fast delivery and great quality.,2023-01-01,True,POSITIVE,2,SOURCE_G_REVIEWS,reviews_2023.csv,2023-01-01T17:51:01.516956082,BATCH-G-20230101
REV-00025696-BOT,SKU-0005180,user_6785,Jason,5,Fast delivery and great quality.,2023-01-01,False,POSITIVE,0,SOURCE_G_REVIEWS,reviews_2023.csv,2023-01-01T17:51:01.516956082,BATCH-G-20230101
REV-00025708,SKU-0003639,user_56100,Ana Castro,4,Exceeded my expectations.,2023-03-02,False,POSITIVE,7,SOURCE_G_REVIEWS,reviews_2023.csv,2023-03-02T07:27:06.672327278,BATCH-G-20230302
REV-00025721,SKU-0012880,,Anonymous,,"Solid build quality, no complaints.",2023-02-10,False,POSITIVE,-6,SOURCE_G_REVIEWS,reviews_2023.csv,2023-02-10T17:17:25.829942991,BATCH-G-20230210
REV-00025729,SKU-0006169,user_9018239,Amanda,5,Great value for money.,2023-02-26,True,POSITIVE,3,SOURCE_G_REVIEWS,reviews_2023.csv,2023-02-27T02:38:58.991082782,BATCH-G-20230226
REV-00025733,SKU-0008658,user_22476,Rose Morrow,1,Very disappointed with the quality.,2023-06-13,False,NEGATIVE,2,SOURCE_G_REVIEWS,reviews_2023.csv,2023-06-14T01:48:54.537901167,BATCH-G-20230613
REV-00025746,SKU-9930013,user_65264,Mr.,5,"Perfect gift, they loved it!",2023-11-09,False,POSITIVE,1,SOURCE_G_REVIEWS,reviews_2023.csv,2023-11-09T05:31:16.784348722,BATCH-G-20231109
REV-00025747,SKU-0013268,,Anonymous,4,<p>Exceeded my expectations.&nbsp;,2023-04-08,True,POSITIVE,1,SOURCE_G_REVIEWS,reviews_2023.csv,2023-04-08T12:27:03.626451843,BATCH-G-20230408
REV-00025768,SKU-0012073,user_9012368,Marcus Taylor,4,Highly recommend this product.,2023-03-05,True,POSITIVE,0,SOURCE_G_REVIEWS,reviews_2023.csv,2023-03-05T09:07:38.180919570,BATCH-G-20230305
REV-00025770,SKU-0016033,user_9029062,Brent Miranda,4,"Exactly as described, very happy.",2023-08-18,False,POSITIVE,1,SOURCE_G_REVIEWS,reviews_2023.csv,2023-08-18T01:08:15.267216270,BATCH-G-20230818
REV-00025787,SKU-0003959,,Anonymous, ,Great value for money.,2023-05-01,False,POSITIVE,1,SOURCE_G_REVIEWS,reviews_2023.csv,2023-05-02T01:04:55.215305567,BATCH-G-20230501
REV-00025788,SKU-0012639,user_9026011,Stephanie,5,Fast delivery and great quality.,2023-10-08,False,POSITIVE,0,SOURCE_G_REVIEWS,reviews_2023.csv,2023-10-08T10:27:06.098818354,BATCH-G-20231008
REV-00025789,SKU-0016462,user_29072,Daniel,4,,2023-06-03,True,POSITIVE,3,SOURCE_G_REVIEWS,reviews_2023.csv,2023-06-03T17:32:42.141789247,BATCH-G-20230603
REV-00025790,SKU-0000093,user_63368,Gloria Williams,3,Works fine but delivery was slow.,2023-08-19,True,NEUTRAL,7,SOURCE_G_REVIEWS,reviews_2023.csv,2023-08-19T21:04:18.158783972,BATCH-G-20230819
REV-00025816,SKU-0006244,user_9016045,Dominic Golden,NA,Arrived damaged and support was unhelpful.,2023-03-19,False,NEGATIVE,2,SOURCE_G_REVIEWS,reviews_2023.csv,2023-03-20T02:05:26.926420455,BATCH-G-20230319
REV-00025819,SKU-0009213,user_9033271,Ms.,5,"   Absolutely  love  it,  works  perfectly!   ",2023-11-01,True,POSITIVE,3,SOURCE_G_REVIEWS,reviews_2023.csv,2023-11-01T11:44:58.441046275,BATCH-G-20231101
REV-00025834,SKU-0018011,user_9016768,Nathan Peterson,N/A,"Cheaply made, broke immediately.",2023-07-08,False,NEGATIVE,1,SOURCE_G_REVIEWS,reviews_2023.csv,2023-07-08T05:09:22.634361427,BATCH-G-20230708
REV-00025843,SKU-0002405,user_1620,James,5,Great value for money.,2023-02-18,True,POSITIVE,0,SOURCE_G_REVIEWS,reviews_2023.csv,2023-02-18T23:59:04.854666303,BATCH-G-20230218
REV-00025847,SKU-0008952,user_9019801,Jason Howard,5,"Solid build quality, no complaints.",2023-10-20,True,POSITIVE,1,SOURCE_G_REVIEWS,reviews_2023.csv,2023-10-20T01:04:49.977141850,BATCH-G-20231020
REV-00025851,SKU-0012182,user_1103,Jeremy,3,"Excellent rapport qualité-prix. It's okay, does the job.",2023-07-30,True,NEUTRAL,3,SOURCE_G_REVIEWS,reviews_2023.csv,2023-07-30T19:27:07.858051,BATCH-G-20230730
REV-00025857,SKU-0001512,,Anonymous,4,Great value for money.,2023-04-26,True,POSITIVE,7,SOURCE_G_REVIEWS,reviews_2023.csv,2023-04-26T18:15:36.522904979,BATCH-G-20230426
REV-00025865,SKU-0012709,user_9024942,Alexander Wiley,5,Fast delivery and great quality.,2023-02-06,False,POSITIVE,1,SOURCE_G_REVIEWS,reviews_2023.csv,2023-02-07T01:05:52.684920279,BATCH-G-20230206
REV-00025870,SKU-0017497,user_67004,Carl,3,"Matches the description, no issues.",2023-08-18,False,NEUTRAL,6,SOURCE_G_REVIEWS,reviews_2023.csv,2023-08-18T23:02:39.330370194,BATCH-G-20230818
REV-00025873,SKU-0006793,user_9025173,Amy,4,Highly recommend this product.,2023-05-06,False,POSITIVE,2,SOURCE_G_REVIEWS,reviews_2023.csv,2023-05-07T01:07:19.114913896,BATCH-G-20230506
REV-00025874,SKU-0016680,user_12763,Robin Dyer,4,Exceeded my expectations.,2023-01-03,True,POSITIVE,7,SOURCE_G_REVIEWS,reviews_2023.csv,2023-01-03T15:33:16.636931200,BATCH-G-20230103
REV-00025896,SKU-0000118,user_44620,Gary Boyd,5,"Exactly as described, very happy. 🙏🙏",2023-11-18,False,POSITIVE,0,SOURCE_G_REVIEWS,reviews_2023.csv,2023-11-19T01:28:30.702765659,BATCH-G-20231118
REV-00025903,SKU-0012184,user_9001523,Christopher Nash,4,"Livraison très lente, déçu. Perfect gift, they loved it!",2023-08-15,True,POSITIVE,2,SOURCE_G_REVIEWS,reviews_2023.csv,2023-08-15T14:05:49.155962740,BATCH-G-20230815
REV-00025908,SKU-0011082,user_9018960,Andrew Anderson,4,Exceeded my expectations.,2023-02-26,False,POSITIVE,0,SOURCE_G_REVIEWS,reviews_2023.csv,2023-02-26T10:45:00.627084660,BATCH-G-20230226
REV-00025917,SKU-0009965,user_41389,Shelby,4,"Absolutely love it, works perfectly!",2023-10-16,True,POSITIVE,2,SOURCE_G_REVIEWS,reviews_2023.csv,2023-10-17T03:11:10.359498835,BATCH-G-20231016
REV-00025926,SKU-0016287,user_9017614,Helen,2,Stopped working after a week.,2023-10-01,False,NEGATIVE,9,SOURCE_G_REVIEWS,reviews_2023.csv,2023-10-01T20:08:56.697522642,BATCH-G-20231001
REV-00025932,SKU-0010217,user_9007465,Summer Olson,5,"Solid build quality, no complaints.",2023-08-29,True,POSITIVE,1,SOURCE_G_REVIEWS,reviews_2023.csv,2023-08-30T02:45:10.525021249,BATCH-G-20230829
REV-00025933,SKU-0017786,user_9007986,Kyle,4,Will definitely buy again.,2023-01-04,True,POSITIVE,3,SOURCE_G_REVIEWS,reviews_2023.csv,2023-01-05T02:50:22.939467758,BATCH-G-20230104
REV-00025935,SKU-0004513,user_29455,Alyssa,1,"बहुत अच्छा उत्पाद है, पैसा वसूल!",2023-12-27,False,NEGATIVE,10,SOURCE_G_REVIEWS,reviews_2023.csv,2023-12-28T00:48:43.832899935,BATCH-G-20231227
REV-00025952,SKU-0019636,user_53157,Gary Young,5,Fast delivery and great quality.,2023-03-04,True,POSITIVE,6,SOURCE_G_REVIEWS,reviews_2023.csv,2023-03-04T10:47:54.712990733,BATCH-G-20230304
REV-00025957,SKU-0002868,,Anonymous,5,"Solid build quality, no complaints.",2023-04-27,True,POSITIVE,3,SOURCE_G_REVIEWS,reviews_2023.csv,2023-04-27T15:49:55.454679256,BATCH-G-20230427
REV-00025962,SKU-0003390,user_9021330,Katrina,1,,2023-11-25,True,NEGATIVE,0,SOURCE_G_REVIEWS,reviews_2023.csv,2023-11-26T05:32:17.709908025,BATCH-G-20231125
REV-00025967,SKU-0002136,user_9022852,Donald,4,Exceeded my expectations.,2023-10-31,False,POSITIVE,1,SOURCE_G_REVIEWS,reviews_2023.csv,2023-10-31T02:09:03.520484553,BATCH-G-20231031
REV-00025975,SKU-0015303,user_9029202,Angela Vaughn,5,"बहुत अच्छा उत्पाद है, पैसा वसूल!",2023-07-05,True,POSITIVE,1,SOURCE_G_REVIEWS,reviews_2023.csv,2023-07-05T17:19:51.869517565,BATCH-G-20230705
REV-00025988,SKU-0003542,user_9011605,Victoria Spencer,5,Great value for money.,2023-10-16,True,POSITIVE,5,SOURCE_G_REVIEWS,reviews_2023.csv,2023-10-17T02:44:49.339461183,BATCH-G-20231016
REV-00025990,SKU-0019179,user_9011233,Sara Allen,3,Works fine but delivery was slow.,2023-12-10,True,NEUTRAL,2,SOURCE_G_REVIEWS,reviews_2023.csv,2023-12-10T11:41:00.117293392,BATCH-G-20231210
REV-00025991,SKU-0000902,user_29871,Tiffany Fisher,3,"Not bad, not great either.",2023-12-19,True,NEUTRAL,1,SOURCE_G_REVIEWS,reviews_2023.csv,2023-12-19T10:02:00.332432793,BATCH-G-20231219
REV-00025999,SKU-0014566,user_50358,Ms. Lindsay Harrison MD,4,Will definitely buy again.,2023-07-18,True,POSITIVE,1,SOURCE_G_REVIEWS,reviews_2023.csv,2023-07-18T04:40:09.598369783,BATCH-G-20230718
REV-00026008,SKU-0000768,user_29992,Thomas,5,Highly recommend this product.,2023-01-19,True,POSITIVE,4,SOURCE_G_REVIEWS,reviews_2023.csv,2023-01-19T04:33:51.308299660,BATCH-G-20230119
REV-00026011,SKU-0008477,,Anonymous,4,Highly recommend this product.,2023-07-10,True,POSITIVE,1,SOURCE_G_REVIEWS,reviews_2023.csv,2023-07-10T07:56:55.096541096,BATCH-G-20230710
REV-00026025,SKU-0013165,,Anonymous,5,"Perfect gift, they loved it!",2023-03-19,False,POSITIVE,2,SOURCE_G_REVIEWS,reviews_2023.csv,2023-03-19T12:06:26.246719463,BATCH-G-20230319
REV-00026036,SKU-0009801,user_67311,Christopher Jackson,4,"Absolutely love it, works perfectly!",2023-10-31,False,POSITIVE,3,SOURCE_G_REVIEWS,reviews_2023.csv,2023-10-31T21:02:15.980159702,BATCH-G-20231031
REV-00026052,SKU-0018088,user_54360,Vanessa Morrison,5,"Solid build quality, no complaints.",2023-04-29,False,POSITIVE,8,SOURCE_G_REVIEWS,reviews_2023.csv,2023-04-29T14:04:06.931270787,BATCH-G-20230429
REV-00026056,SKU-0001410,user_9034589,Michael Hicks,4,Fast delivery and great quality.,2023-04-04,True,POSITIVE,1,SOURCE_G_REVIEWS,reviews_2023.csv,2023-04-04T05:39:36.691453672,BATCH-G-20230404
REV-00026059,SKU-9927023,,Anonymous,5,"   Perfect  gift,  they  loved  it!   ",2023-11-01,True,POSITIVE,4,SOURCE_G_REVIEWS,reviews_2023.csv,2023-11-01T18:41:50.442753336,BATCH-G-20231101
REV-00026069,SKU-9965210,,Anonymous,5,Will definitely buy again.,2023-09-28,False,POSITIVE,2,SOURCE_G_REVIEWS,reviews_2023.csv,2023-09-28T00:50:54.451286892,BATCH-G-20230928
REV-00026074,SKU-0013260,user_59162,Cathy Erickson,4,NA,2023-01-08,False,POSITIVE,6,SOURCE_G_REVIEWS,reviews_2023.csv,2023-01-08T10:49:12.387316268,BATCH-G-20230108
REV-00026076,SKU-0006117,user_9021355,Dave Phelps,4,Exceeded my expectations.,2023-09-17,True,POSITIVE,0,SOURCE_G_REVIEWS,reviews_2023.csv,2023-09-18T05:11:46.510817467,BATCH-G-20230917
REV-00026077,SKU-0004336,user_9030724,Edgar Jackson,4,"Perfect gift, they loved it!",2023-04-03,False,POSITIVE,6,SOURCE_G_REVIEWS,reviews_2023.csv,2023-04-03T21:45:03.783542028,BATCH-G-20230403
REV-00026085,SKU-0007675,user_9031680,Billy,5,"Solid build quality, no complaints.",2023-07-08,True,POSITIVE,3,SOURCE_G_REVIEWS,reviews_2023.csv,2023-07-08T12:20:23.887988823,BATCH-G-20230708
REV-00026086,SKU-0018092,user_9025729,Richard Estrada,2,Arrived damaged and support was unhelpful.,2023-09-18,False,NEGATIVE,3,SOURCE_G_REVIEWS,reviews_2023.csv,2023-09-18T16:08:40.393260578,BATCH-G-20230918
REV-00026092,SKU-9989875,user_69764,John Mullins,5,Highly recommend this product.,2023-04-22,False,POSITIVE,3,SOURCE_G_REVIEWS,reviews_2023.csv,2023-04-22T12:07:07.705733812,BATCH-G-20230422
REV-00026107,SKU-0011673,user_11665,Erin Johnson,4,<b>Update:</b>Better than I expected for the price.<p>,2023-11-24,True,POSITIVE,1,SOURCE_G_REVIEWS,reviews_2023.csv,2023-11-24T19:17:28.171387855,BATCH-G-20231124
REV-00026113,SKU-0020059,,Anonymous,4,Fast delivery and great quality.,2023-09-13,False,POSITIVE,1,SOURCE_G_REVIEWS,reviews_2023.csv,2023-09-13T09:01:30.412383169,BATCH-G-20230913
REV-00026123,SKU-9958894,user_9000075,Shelly Gonzales,5,"Absolutely love it, works perfectly!",2023-09-11,True,POSITIVE,3,SOURCE_G_REVIEWS,reviews_2023.csv,2023-09-11T07:38:46.068206861,BATCH-G-20230911
REV-00026134,SKU-0019109,user_37431,William Gregory,2,"Muy buen producto, lo recomiendo.",2023-03-28,True,POSITIVE,1,SOURCE_G_REVIEWS,reviews_2023.csv,2023-03-28T12:10:35.966639556,BATCH-G-20230328
REV-00026140,SKU-0005924,user_11428,Dawn Wang,1,Arrived damaged and support was unhelpful.,2023-05-05,True,NEGATIVE,1,SOURCE_G_REVIEWS,reviews_2023.csv,2023-05-06T03:47:28.222547721,BATCH-G-20230505
REV-00026153,SKU-0009389,user_9029626,Jerry Cabrera,4,Better than I expected for the price.,2023-11-14,True,POSITIVE,1,SOURCE_G_REVIEWS,reviews_2023.csv,2023-11-14T10:36:26.170795652,BATCH-G-20231114
REV-00026159,SKU-0019102,user_9003510,John James,4,Exceeded my expectations.,2023-01-19,True,POSITIVE,4,SOURCE_G_REVIEWS,reviews_2023.csv,2023-01-19T20:58:33.277854720,BATCH-G-20230119
REV-00026160,SKU-0012453,user_38671,Alison Hamilton,3,"Matches the description, no issues.",2023-11-18,False,NEUTRAL,10,SOURCE_G_REVIEWS,reviews_2023.csv,2023-11-19T00:09:02.723742235,BATCH-G-20231118
REV-00026167,SKU-0011039,user_2905,Yvette,4,"Solid build quality, no complaints.",2023-10-11,False,POSITIVE,1,SOURCE_G_REVIEWS,reviews_2023.csv,2023-10-11T08:32:26.603305490,BATCH-G-20231011
REV-00026172,SKU-0012687,user_9026288,Ryan Williams,3,Works fine but delivery was slow.,2023-12-15,True,NEUTRAL,3,SOURCE_G_REVIEWS,reviews_2023.csv,2023-12-15T09:47:56.109886659,BATCH-G-20231215
REV-00026182,SKU-0012105,user_30196,William,5,Highly recommend this product.,2023-06-16,True,POSITIVE,1,SOURCE_G_REVIEWS,reviews_2023.csv,2023-06-16T19:45:20.230218222,BATCH-G-20230616
REV-00026184,SKU-0011190,,Anonymous,5,"Solid build quality, no complaints.",2023-11-20,True,POSITIVE,0,SOURCE_G_REVIEWS,reviews_2023.csv,2023-11-21T05:11:02.770860249,BATCH-G-20231120
REV-00026192,SKU-0001159,user_9030883,Edward Newton,5,"Absolutely love it, works perfectly!",2023-08-16,True,POSITIVE,4,SOURCE_G_REVIEWS,reviews_2023.csv,2023-08-16T18:46:28.387195728,BATCH-G-20230816
REV-00026193,SKU-0008024,,Anonymous,1,"Poor packaging, item was defective.",2023-01-25,True,NEGATIVE,5,SOURCE_G_REVIEWS,reviews_2023.csv,2023-01-25T11:05:37.717525682,BATCH-G-20230125
REV-00026199,SKU-0000196,user_9025094,Christopher Bray,1,Wrong item was shipped to me.,2023-10-18,True,NEGATIVE,9,SOURCE_G_REVIEWS,reviews_2023.csv,2023-10-18T03:41:15.663522799,BATCH-G-20231018
REV-00026200,SKU-0014654,,Anonymous,5,"Absolutely love it, works perfectly!",2023-07-30,True,POSITIVE,2,SOURCE_G_REVIEWS,reviews_2023.csv,2023-07-31T01:37:38.489539138,BATCH-G-20230730
REV-00026201,SKU-0017479,,Anonymous,2,   Wrong  item  was  shipped  to  me.   ,2023-04-30,False,NEGATIVE,3,SOURCE_G_REVIEWS,reviews_2023.csv,2023-05-01T01:53:17.837433318,BATCH-G-20230430
REV-00026204,SKU-0018141,user_24730,Kim Young,5,"Exactly as described, very happy.",2023-04-24,True,POSITIVE,1,SOURCE_G_REVIEWS,reviews_2023.csv,2023-04-25T02:27:05.208836064,BATCH-G-20230424
REV-00026216,SKU-0018589,user_37054,Jose,4,"Absolutely love it, works perfectly!",2023-11-10,False,POSITIVE,3,SOURCE_G_REVIEWS,reviews_2023.csv,2023-11-10T14:07:22.307763193,BATCH-G-20231110
REV-00026218,SKU-0018293,user_11482,Christopher Nelson,5,Fast delivery and great quality.,2023-06-27,True,POSITIVE,0,SOURCE_G_REVIEWS,reviews_2023.csv,2023-06-27T22:26:51.089431150,BATCH-G-20230627
REV-00026225,SKU-0001263,user_15887,Ashley Smith,5,   Will  definitely  buy  again.   ,2023-07-12,False,POSITIVE,1,SOURCE_G_REVIEWS,reviews_2023.csv,2023-07-12T03:56:30.144305843,BATCH-G-20230712
REV-00026228,SKU-0006221,user_11645,Tara Rivera,5,"&nbsp;Absolutely love it, works perfectly!<b>Update:</b>",2023-10-10,True,POSITIVE,7,SOURCE_G_REVIEWS,reviews_2023.csv,2023-10-10T16:14:22.287376989,BATCH-G-20231010
REV-00026233,SKU-0018693,user_62638,Justin Dunn,5,"Perfect gift, they loved it!",2023-05-22,False,POSITIVE,1,SOURCE_G_REVIEWS,reviews_2023.csv,2023-05-22T03:43:19.705354758,BATCH-G-20230522
REV-00026251,SKU-0014986,,Anonymous,5,Will definitely buy again. 😍,2023-01-03,False,POSITIVE,3,SOURCE_G_REVIEWS,reviews_2023.csv,2023-01-03T00:38:18.919602710,BATCH-G-20230103
REV-00026266,SKU-0006333,user_43556,Joseph Williams,5,"   Solid  build  quality,  no  complaints.   ",2023-11-30,False,POSITIVE,5,SOURCE_G_REVIEWS,reviews_2023.csv,2023-11-30T20:35:31.939888695,BATCH-G-20231130
REV-00026268,SKU-0012210,user_9015432,Lindsay Knight,2,Stopped working after a week.,2023-01-22,False,NEGATIVE,1,SOURCE_G_REVIEWS,reviews_2023.csv,2023-01-22T17:31:17.950225841,BATCH-G-20230122
REV-00026276,SKU-0007031,,Anonymous,4,"Perfect gift, they loved it!",2023-09-30,False,POSITIVE,0,SOURCE_G_REVIEWS,reviews_2023.csv,2023-09-30T23:51:53.282408917,BATCH-G-20230930
REV-00026283,SKU-0016109,user_2699,David Richards,3,Stopped working after a week.,2023-03-27,True,NEGATIVE,3,SOURCE_G_REVIEWS,reviews_2023.csv,2023-03-27T15:32:27.896818732,BATCH-G-20230327
REV-00026296,SKU-0004394,user_9008066,Logan Murray,0,Highly recommend this product.,2023-04-27,True,POSITIVE,7,SOURCE_G_REVIEWS,reviews_2023.csv,2023-04-27T05:33:51.378819231,BATCH-G-20230427
REV-00026297,SKU-0010435,user_24749,Heather Schneider,4,Highly recommend this product.,2023-05-17,True,POSITIVE,5,SOURCE_G_REVIEWS,reviews_2023.csv,2023-05-18T03:16:59.399451196,BATCH-G-20230517
REV-00026304,SKU-0014961,user_9027593,Alicia,5,"Perfect gift, they loved it!",2023-11-16,False,POSITIVE,5,SOURCE_G_REVIEWS,reviews_2023.csv,2023-11-16T05:44:44.930041414,BATCH-G-20231116
REV-00026310,SKU-0006446,user_52351,Elizabeth Thompson,2,"   Waste  of  money,  do  not  buy.   ",2023-04-07,True,NEGATIVE,4,SOURCE_G_REVIEWS,reviews_2023.csv,2023-04-07T11:22:11.911881249,BATCH-G-20230407
REV-00026313,SKU-0014928,user_41053,Craig Wade,1,"Poor packaging, item was defective.",2023-03-08,True,NEGATIVE,0,SOURCE_G_REVIEWS,reviews_2023.csv,2023-03-09T01:36:02.067681672,BATCH-G-20230308
REV-00026315,SKU-0011183,user_9034203,Ronald,-,"Solid build quality, no complaints.",2023-02-26,True,POSITIVE,2,SOURCE_G_REVIEWS,reviews_2023.csv,2023-02-26T16:29:49.316441527,BATCH-G-20230226
REV-00026322,SKU-0012625,user_9027485,Ashley Barton,4,"Absolutely love it, works perfectly!",2023-03-10,True,POSITIVE,0,SOURCE_G_REVIEWS,reviews_2023.csv,2023-03-10T21:54:28.031405878,BATCH-G-20230310
REV-00026340,SKU-0007679,user_9032673,Tracy,1,"Waste of money, do not buy.",2023-11-21,False,NEGATIVE,2,SOURCE_G_REVIEWS,reviews_2023.csv,2023-11-22T04:01:01.149088660,BATCH-G-20231121
REV-00026345,SKU-0001006,user_11032,Randy Leach,5,Highly recommend this product.,2023-01-24,True,POSITIVE,1,SOURCE_G_REVIEWS,reviews_2023.csv,2023-01-24T10:39:40.774432861,BATCH-G-20230124
REV-00026350,SKU-0013945,user_9019922,Douglas Day,5,"Exactly as described, very happy.",2023-11-12,False,POSITIVE,7,SOURCE_G_REVIEWS,reviews_2023.csv,2023-11-12T11:11:29.341103607,BATCH-G-20231112
REV-00026358,SKU-0006272,,Anonymous,4,Stopped working after a week.,2023-02-02,True,NEGATIVE,1,SOURCE_G_REVIEWS,reviews_2023.csv,2023-02-02T16:27:07.094230937,BATCH-G-20230202
REV-00026366,SKU-0005607,,Anonymous,5,Fast delivery and great quality.,2023-12-23,False,POSITIVE,3,SOURCE_G_REVIEWS,reviews_2023.csv,2023-12-23T18:44:39.221880905,BATCH-G-20231223
REV-00026372,SKU-0019945,,Anonymous,5,Will definitely buy again.,2023-10-21,False,POSITIVE,4,SOURCE_G_REVIEWS,reviews_2023.csv,2023-10-21T08:02:35.054163718,BATCH-G-20231021
REV-00026374,SKU-0019757,user_49696,Judith Parsons,4,"Absolutely love it, works perfectly!",2023-05-02,False,POSITIVE,2,SOURCE_G_REVIEWS,reviews_2023.csv,2023-05-02T03:05:36.442768850,BATCH-G-20230502
REV-00026381,SKU-0003774,user_54152,Randy,2,"   Waste  of  money,  do  not  buy.  🙏🔥   ",2023-01-25,True,NEGATIVE,0,SOURCE_G_REVIEWS,reviews_2023.csv,2023-01-25T02:45:44.115431154,BATCH-G-20230125
REV-00026384,SKU-9908393,user_31723,Bruce Taylor,5,"   Perfect  gift,  they  loved  it!   ",2023-08-08,False,POSITIVE,1,SOURCE_G_REVIEWS,reviews_2023.csv,2023-08-08T01:25:58.689278016,BATCH-G-20230808
REV-00026389,SKU-0005286,,Anonymous,1,"Cheaply made, broke immediately.",2023-09-11,True,NEGATIVE,7,SOURCE_G_REVIEWS,reviews_2023.csv,2023-09-11T20:49:05.931597193,BATCH-G-20230911
REV-00026391,SKU-0003606,user_9028214,Connie,2,Wrong item was shipped to me.,2023-01-10,False,NEGATIVE,2,SOURCE_G_REVIEWS,reviews_2023.csv,2023-01-11T05:31:44.528573771,BATCH-G-20230110
REV-00026399,SKU-0012891,user_8743,Lori,3,"Matches the description, no issues.",2023-02-15,True,NEUTRAL,0,SOURCE_G_REVIEWS,reviews_2023.csv,2023-02-15T21:36:46.347893416,BATCH-G-20230215
REV-00026405,SKU-0006728,user_9018766,Jessica,5,Great value for money.,2023-11-12,False,POSITIVE,1,SOURCE_G_REVIEWS,reviews_2023.csv,2023-11-12T23:35:28.491693471,BATCH-G-20231112
REV-00026407,SKU-0003076,user_9024186,Crystal,5,"Absolutely love it, works perfectly!",2023-01-01,True,POSITIVE,3,SOURCE_G_REVIEWS,reviews_2023.csv,2023-01-02T00:17:45.439343816,BATCH-G-20230101
REV-00026408,SKU-0015099,user_39113,Jane Roberts,2,"Cheaply made, broke immediately.",2023-07-22,False,NEGATIVE,1,SOURCE_G_REVIEWS,reviews_2023.csv,2023-07-23T04:29:15.474205467,BATCH-G-20230722
REV-00026414,SKU-0013567,user_9026777,Lisa,3,Works fine but delivery was slow.,2023-11-23,False,NEUTRAL,0,SOURCE_G_REVIEWS,reviews_2023.csv,2023-11-23T20:59:40.831102179,BATCH-G-20231123
REV-00026419,SKU-0010072,user_9026016,Jesse Manning,5,"Absolutely love it, works perfectly!",2023-01-28,False,POSITIVE,1,SOURCE_G_REVIEWS,reviews_2023.csv,2023-01-28T19:46:24.825224099,BATCH-G-20230128
REV-00026419-DUP,SKU-0010072,user_9026016,Jesse Manning,5,"Absolutely love it, works perfectly!",2023-01-28,False,POSITIVE,1,SOURCE_G_REVIEWS,reviews_2023.csv,2023-01-28T20:07:24.825224099,BATCH-G-20230128
REV-00026429,SKU-0017294,user_43605,Amanda,5,"Absolutely love it, works perfectly!",2023-12-16,False,POSITIVE,4,SOURCE_G_REVIEWS,reviews_2023.csv,2023-12-16T16:12:35.827847329,BATCH-G-20231216
REV-00026453,SKU-9969834,,Anonymous,3,Wrong item was shipped to me.,2023-05-31,True,NEGATIVE,5,SOURCE_G_REVIEWS,reviews_2023.csv,2023-05-31T12:13:10.774534988,BATCH-G-20230531
REV-00026462,SKU-0007977,,Anonymous,4,Highly recommend this product.,2023-03-12,True,POSITIVE,1,SOURCE_G_REVIEWS,reviews_2023.csv,2023-03-12T14:39:14.619171496,BATCH-G-20230312
REV-00026468,SKU-0000918,user_9028396,Rhonda Martinez,4,Great value for money.,2023-08-05,False,POSITIVE,0,SOURCE_G_REVIEWS,reviews_2023.csv,2023-08-05T13:05:29.651921417,BATCH-G-20230805
REV-00026474,SKU-0008139,user_9015827,Ashley,3,"   Muy  buen  producto,  lo  recomiendo.   ",2023-02-05,True,NEUTRAL,1,SOURCE_G_REVIEWS,reviews_2023.csv,2023-02-06T01:30:24.760960832,BATCH-G-20230205
REV-00026481,SKU-0006706,user_9008032,Nicole Bates,5,Great value for money.,2023-11-12,False,POSITIVE,1,SOURCE_G_REVIEWS,reviews_2023.csv,2023-11-12T15:38:45.340412979,BATCH-G-20231112
REV-00026500,SKU-0014359,,Anonymous,5,,2023-05-30,True,POSITIVE,1,SOURCE_G_REVIEWS,reviews_2023.csv,2023-05-30T20:58:36.009403399,BATCH-G-20230530
REV-00026503,SKU-0003542,user_9013492,Luke Burns,4,"Perfect gift, they loved it!",2023-01-14,False,POSITIVE,11,SOURCE_G_REVIEWS,reviews_2023.csv,2023-01-15T01:01:32.741528618,BATCH-G-20230114
REV-00026508,SKU-0009920,user_9021933,Felicia Elliott,1,"Poor packaging, item was defective.",2023-07-12,True,NEGATIVE,1,SOURCE_G_REVIEWS,reviews_2023.csv,2023-07-12T01:33:56.785242277,BATCH-G-20230712
REV-00026510,SKU-0019970,user_5013,Sabrina Miles,2,"Cheaply made, broke immediately.",2023-06-21,True,NEGATIVE,1,SOURCE_G_REVIEWS,reviews_2023.csv,2023-06-21T16:32:25.601290245,BATCH-G-20230621
REV-00026510-DUP,SKU-0019970,user_5013,Sabrina Miles,2,"Cheaply made, broke immediately.",2023-06-21,True,NEGATIVE,1,SOURCE_G_REVIEWS,reviews_2023.csv,2023-06-21T17:12:25.601290245,BATCH-G-20230621
REV-00026523,SKU-0002007,user_43477,Teresa,5,Highly recommend this product.,2023-05-29,False,POSITIVE,1,SOURCE_G_REVIEWS,reviews_2023.csv,2023-05-30T02:52:58.335659756,BATCH-G-20230529
REV-00026532,SKU-0002066,user_9034845,Theresa Hill,4,"Solid build quality, no complaints.",2023-03-10,True,POSITIVE,1,SOURCE_G_REVIEWS,reviews_2023.csv,2023-03-11T00:58:24.597320202,BATCH-G-20230310
REV-00026534,SKU-0017304,user_9013415,Allison Guerra,5,Highly recommend this product.,2023-01-01,True,POSITIVE,3,SOURCE_G_REVIEWS,reviews_2023.csv,2023-01-01T13:26:52.159179138,BATCH-G-20230101
REV-00026541,SKU-0001657,user_9016226,Valerie,4,Exceeded my expectations.,2023-08-24,True,POSITIVE,1,SOURCE_G_REVIEWS,reviews_2023.csv,2023-08-24T00:39:34.933047170,BATCH-G-20230824
REV-00026542,SKU-9931769,user_9391,Mrs.,3,"Matches the description, no issues.",2023-07-04,True,NEUTRAL,0,SOURCE_G_REVIEWS,reviews_2023.csv,2023-07-04T05:37:26.625361329,BATCH-G-20230704
REV-00026550,SKU-0001830,user_9007674,Mr. Stephen Garner,2,Wrong item was shipped to me.,2023-07-29,False,NEGATIVE,8,SOURCE_G_REVIEWS,reviews_2023.csv,2023-07-29T21:49:18.682929624,BATCH-G-20230729
REV-00026554,SKU-0005761,,Anonymous,1,Very disappointed with the quality.,2023-01-15,False,NEGATIVE,0,SOURCE_G_REVIEWS,reviews_2023.csv,2023-01-15T12:44:47.144172730,BATCH-G-20230115
REV-00026565,SKU-0010608,user_41661,Nathan,4,"Perfect gift, they loved it!",2023-11-16,True,POSITIVE,0,SOURCE_G_REVIEWS,reviews_2023.csv,2023-11-16T03:02:55.358912598,BATCH-G-20231116
REV-00026579,SKU-0008428,user_9021955,Stephen Johnson,4,Will definitely buy again.,2023-06-15,False,POSITIVE,2,SOURCE_G_REVIEWS,reviews_2023.csv,2023-06-16T04:34:19.346209663,BATCH-G-20230615
REV-00026582,SKU-0015913,user_33305,Deborah,5,"Livraison très lente, déçu.",2023-02-01,True,POSITIVE,0,SOURCE_G_REVIEWS,reviews_2023.csv,2023-02-01T17:49:22.286874774,BATCH-G-20230201
REV-00026585,SKU-0000280,user_44217,Jenna Christensen,3,"It's okay, does the job.",2023-11-17,True,NEUTRAL,0,SOURCE_G_REVIEWS,reviews_2023.csv,2023-11-17T01:24:16.581098292,BATCH-G-20231117
REV-00026597,SKU-0010588,user_64822,Denise Rios,4,No cumplió mis expectativas. Exceeded my expectations.,2023-12-31,True,POSITIVE,0,SOURCE_G_REVIEWS,reviews_2023.csv,2023-12-31T08:48:32.261493586,BATCH-G-20231231
REV-00026599,SKU-0015124,user_9033231,Carl,5,"Perfect gift, they loved it!",2023-11-29,False,POSITIVE,0,SOURCE_G_REVIEWS,reviews_2023.csv,2023-11-29T07:53:13.811774111,BATCH-G-20231129
REV-00026599-DUP,SKU-0015124,user_9033231,Carl,5,"Perfect gift, they loved it!",2023-11-29,False,POSITIVE,0,SOURCE_G_REVIEWS,reviews_2023.csv,2023-11-29T07:54:13.811774111,BATCH-G-20231129
REV-00026600,SKU-0002422,user_9014123,Cynthia,4,Great value for money.,2023-02-10,True,POSITIVE,7,SOURCE_G_REVIEWS,reviews_2023.csv,2023-02-11T03:15:34.406431092,BATCH-G-20230210
REV-00026611,SKU-0014979,user_9940,James Alexander,4,"Solid build quality, no complaints.",2023-03-25,True,POSITIVE,13,SOURCE_G_REVIEWS,reviews_2023.csv,2023-03-25T06:39:09.390808045,BATCH-G-20230325
REV-00026623,SKU-0004416,user_9032269,Sarah Thompson,2,Not as described at all.,2023-09-03,False,NEGATIVE,2,SOURCE_G_REVIEWS,reviews_2023.csv,2023-09-03T17:29:10.533240524,BATCH-G-20230903
REV-00026631,SKU-0019039,user_48105,Laura,NA,"Matches the description, no issues.",2023-09-24,False,NEUTRAL,5,SOURCE_G_REVIEWS,reviews_2023.csv,2023-09-24T19:48:59.670257038,BATCH-G-20230924
REV-00026641,SKU-0009015,,Anonymous,3,Works fine but delivery was slow.,2023-08-24,True,NEUTRAL,3,SOURCE_G_REVIEWS,reviews_2023.csv,2023-08-24T17:03:41.927606593,BATCH-G-20230824
REV-00026642,SKU-0012160,user_21439,Scott Chan,3,"   Not  bad,  not  great  either.   ",2023-09-16,False,NEUTRAL,0,SOURCE_G_REVIEWS,reviews_2023.csv,2023-09-16T09:14:33.700065122,BATCH-G-20230916
REV-00026643,SKU-0001056,user_7655,Cynthia Scott,3,Decent but overpriced a bit.,2023-10-25,True,NEUTRAL,6,SOURCE_G_REVIEWS,reviews_2023.csv,2023-10-26T05:39:30.775674323,BATCH-G-20231025
REV-00026645,SKU-0009601,,Anonymous,4,Exceeded my expectations.,2023-02-02,True,POSITIVE,4,SOURCE_G_REVIEWS,reviews_2023.csv,2023-02-02T06:45:14.043475648,BATCH-G-20230202
REV-00026661,SKU-0015258,user_16726,Cindy Nelson,NULL,"Absolutely love it, works perfectly!",2023-01-28,True,POSITIVE,10,SOURCE_G_REVIEWS,reviews_2023.csv,2023-01-29T01:59:10.896498787,BATCH-G-20230128
REV-00026680,SKU-0016951,user_60797,Darren,3,"It's okay, does the job.",2023-02-18,False,NEUTRAL,1,SOURCE_G_REVIEWS,reviews_2023.csv,2023-02-18T01:55:26.209018177,BATCH-G-20230218
REV-00026685,SKU-0014711,user_9015675,Jillian,5,"Perfect gift, they loved it!",2023-12-01,True,POSITIVE,1,SOURCE_G_REVIEWS,reviews_2023.csv,2023-12-01T18:30:52.944998373,BATCH-G-20231201
REV-00026689,SKU-0009097,user_9021875,Sharon,5,Highly recommend this product.,2023-10-16,False,POSITIVE,2,SOURCE_G_REVIEWS,reviews_2023.csv,2023-10-17T04:00:33.660351307,BATCH-G-20231016
REV-00026709,SKU-0004058,user_11192,Melissa,5,Will definitely buy again.,2023-04-22,True,POSITIVE,1,SOURCE_G_REVIEWS,reviews_2023.csv,2023-04-22T04:04:06.473951074,BATCH-G-20230422
REV-00026714,SKU-0008669,user_9003367,Nicole,3,"Not bad, not great either.",2023-04-22,True,NEUTRAL,0,SOURCE_G_REVIEWS,reviews_2023.csv,2023-04-22T18:33:20.558529873,BATCH-G-20230422
REV-00026718,SKU-0003569,user_9007178,Charles Todd,5,"Exactly as described, very happy.",2023-03-29,True,POSITIVE,0,SOURCE_G_REVIEWS,reviews_2023.csv,2023-03-29T15:02:42.246270610,BATCH-G-20230329
REV-00026725,SKU-9905039,user_9016101,Mary Weaver,5,Will definitely buy again.,2023-05-07,True,POSITIVE,4,SOURCE_G_REVIEWS,reviews_2023.csv,2023-05-08T01:24:21.032434433,BATCH-G-20230507
REV-00026730,SKU-0015194,user_64651,Steven,4,Will definitely buy again.,2023-12-31,True,POSITIVE,0,SOURCE_G_REVIEWS,reviews_2023.csv,2023-12-31T04:08:49.500410908,BATCH-G-20231231
REV-00026733,SKU-0001840,user_66724,Pamela,4,"Perfect gift, they loved it!",2023-07-08,False,POSITIVE,4,SOURCE_G_REVIEWS,reviews_2023.csv,2023-07-09T03:45:09.391567801,BATCH-G-20230708
REV-00026736,SKU-0009955,user_64635,Veronica Morton,5,"Absolutely love it, works perfectly!",2023-08-18,False,POSITIVE,2,SOURCE_G_REVIEWS,reviews_2023.csv,2023-08-18T19:33:46.806496750,BATCH-G-20230818
REV-00026741,SKU-0009014,user_37182,Mr.,5,Exceeded my expectations.,2023-12-20,False,POSITIVE,0,SOURCE_G_REVIEWS,reviews_2023.csv,2023-12-20T16:51:14.571111555,BATCH-G-20231220
REV-00026763,SKU-0019076,user_9032159,Bobby Lambert,1,"Cheaply made, broke immediately. 👍💯",2023-02-05,True,NEGATIVE,0,SOURCE_G_REVIEWS,reviews_2023.csv,2023-02-05T12:33:37.246171835,BATCH-G-20230205
REV-00026764,SKU-0005738,user_9025000,Donna Taylor,4,"Exactly as described, very happy.",2023-03-24,True,POSITIVE,4,SOURCE_G_REVIEWS,reviews_2023.csv,2023-03-24T10:18:11.855799715,BATCH-G-20230324
REV-00026765,SKU-0018733,user_9023603,Jimmy,5,Will definitely buy again.,2023-03-28,True,POSITIVE,2,SOURCE_G_REVIEWS,reviews_2023.csv,2023-03-28T10:40:09.566202060,BATCH-G-20230328
REV-00026771,SKU-0018764,user_54197,Leslie Burns,NULL,<br>Highly recommend this product.&nbsp;,2023-07-18,False,POSITIVE,3,SOURCE_G_REVIEWS,reviews_2023.csv,2023-07-18T06:47:30.726875361,BATCH-G-20230718
REV-00026784,SKU-0005608,user_40216,Kyle Hall,5,"Absolutely love it, works perfectly!",2023-12-14,False,POSITIVE,0,SOURCE_G_REVIEWS,reviews_2023.csv,2023-12-15T05:01:32.807673458,BATCH-G-20231214
REV-00026787,SKU-0017026,user_52796,Tina Donovan,4,"Perfect gift, they loved it!",2023-05-07,False,POSITIVE,3,SOURCE_G_REVIEWS,reviews_2023.csv,2023-05-07T15:02:08.475561933,BATCH-G-20230507
REV-00026791,SKU-0014459,,Anonymous,1,Wrong item was shipped to me.,2023-12-21,True,NEGATIVE,0,SOURCE_G_REVIEWS,reviews_2023.csv,2023-12-21T16:33:25.508268247,BATCH-G-20231221
REV-00026793,SKU-0012378,user_42607,Karen Castillo,4,"Perfect gift, they loved it!",2023-11-02,True,POSITIVE,1,SOURCE_G_REVIEWS,reviews_2023.csv,2023-11-03T04:11:41.780752225,BATCH-G-20231102
REV-00026793-BOT,SKU-0012378,user_9021839,Anthony Greer,4,"Perfect gift, they loved it!",2023-11-02,False,POSITIVE,0,SOURCE_G_REVIEWS,reviews_2023.csv,2023-11-03T04:11:41.780752225,BATCH-G-20231102
REV-00026806,SKU-0012064,user_9027991,Amber Johnson,4,Fast delivery and great quality.,2023-12-17,True,POSITIVE,3,SOURCE_G_REVIEWS,reviews_2023.csv,2023-12-17T08:49:22.872592522,BATCH-G-20231217
REV-00026827,SKU-0000607,,Anonymous,1,"Waste of money, do not buy.",2023-09-24,False,NEGATIVE,8,SOURCE_G_REVIEWS,reviews_2023.csv,2023-09-24T06:46:16.961295815,BATCH-G-20230924
REV-00026839,SKU-0014082,user_9034064,Selena,5,"Solid build quality, no complaints. 💯💯",2023-07-22,True,POSITIVE,0,SOURCE_G_REVIEWS,reviews_2023.csv,2023-07-22T09:27:59.315201450,BATCH-G-20230722
REV-00026870,SKU-0004348,user_68528,Martha Allen,3,"Average quality, nothing special.",2023-03-22,True,NEUTRAL,1,SOURCE_G_REVIEWS,reviews_2023.csv,2023-03-23T02:47:56.849618868,BATCH-G-20230322
REV-00026876,SKU-0017210,user_9011092,Megan,5,"Perfect gift, they loved it!",2023-04-09,True,POSITIVE,1,SOURCE_G_REVIEWS,reviews_2023.csv,2023-04-09T19:12:38.442354692,BATCH-G-20230409
REV-00026880,SKU-0003489,user_9008656,Stephanie Flores,5,Better than I expected for the price.,2023-06-11,True,POSITIVE,1,SOURCE_G_REVIEWS,reviews_2023.csv,2023-06-11T12:30:48.236122082,BATCH-G-20230611
REV-00026885,SKU-0010668,user_56395,Trevor Malone,5,"It's okay, does the job.",2023-12-16,False,NEUTRAL,3,SOURCE_G_REVIEWS,reviews_2023.csv,2023-12-16T03:02:35.186682797,BATCH-G-20231216
REV-00026908,SKU-0012670,user_22658,Jessica,5,Stopped working after a week.,2023-09-03,True,NEGATIVE,1,SOURCE_G_REVIEWS,reviews_2023.csv,2023-09-03T17:54:42.378227531,BATCH-G-20230903
REV-00026911,SKU-0004390,,Anonymous,3,"It's okay, does the job.",2023-09-14,True,NEUTRAL,5,SOURCE_G_REVIEWS,reviews_2023.csv,2023-09-14T06:27:37.503806511,BATCH-G-20230914
REV-00026925,SKU-0007718,user_9005423,Robert Edwards,3,Wrong item was shipped to me.,2023-01-27,True,NEGATIVE,1,SOURCE_G_REVIEWS,reviews_2023.csv,2023-01-27T15:24:30.758401013,BATCH-G-20230127
REV-00026935,SKU-0004981,user_9007631,Michael,4,"Solid build quality, no complaints.",2023-06-11,True,POSITIVE,6,SOURCE_G_REVIEWS,reviews_2023.csv,2023-06-11T13:04:56.735081582,BATCH-G-20230611
REV-00026947,SKU-0016087,user_9018646,Gary,5,Highly recommend this product.,2023-01-15,True,POSITIVE,0,SOURCE_G_REVIEWS,reviews_2023.csv,2023-01-15T10:55:16.068466242,BATCH-G-20230115
REV-00026963,SKU-0016432,,Anonymous,3,Works fine but delivery was slow.,2023-03-03,True,NEUTRAL,1,SOURCE_G_REVIEWS,reviews_2023.csv,2023-03-03T05:28:52.024252153,BATCH-G-20230303
REV-00026991,SKU-0005430,,Anonymous,5,"Absolutely love it, works perfectly!",2023-12-26,True,POSITIVE,0,SOURCE_G_REVIEWS,reviews_2023.csv,2023-12-27T01:40:25.178689367,BATCH-G-20231226
REV-00026992,SKU-0001831,user_8902,Christina Cooper,3,"It's okay, does the job.",2023-07-25,True,NEUTRAL,3,SOURCE_G_REVIEWS,reviews_2023.csv,2023-07-26T01:23:28.511801153,BATCH-G-20230725
REV-00027002,SKU-0001662,user_48882,Jocelyn Wang,4,"Exactly as described, very happy.",2023-06-03,False,POSITIVE,4,SOURCE_G_REVIEWS,reviews_2023.csv,2023-06-03T01:09:40.968274889,BATCH-G-20230603
REV-00027003,SKU-0017016,,Anonymous,5,"Exactly as described, very happy.",2023-11-02,True,POSITIVE,3,SOURCE_G_REVIEWS,reviews_2023.csv,2023-11-02T14:23:37.050501541,BATCH-G-20231102
REV-00027021,SKU-0009535,user_37444,Mark Daniels,4,"Absolutely love it, works perfectly!",2023-03-11,False,POSITIVE,9,SOURCE_G_REVIEWS,reviews_2023.csv,2023-03-11T01:18:53.289024902,BATCH-G-20230311
REV-00027023,SKU-0001037,user_9020122,Nicholas Williams,3,"Average quality, nothing special.",2023-01-25,False,NEUTRAL,2,SOURCE_G_REVIEWS,reviews_2023.csv,2023-01-25T02:08:38.033467233,BATCH-G-20230125
REV-00027041,SKU-0011729,user_9019495,Laura,2,"Poor packaging, item was defective.",2023-03-23,True,NEGATIVE,1,SOURCE_G_REVIEWS,reviews_2023.csv,2023-03-23T16:09:41.440199686,BATCH-G-20230323
REV-00027043,SKU-0004373,user_9023848,Scott West,3,"Average quality, nothing special.",2023-01-17,False,NEUTRAL,0,SOURCE_G_REVIEWS,reviews_2023.csv,2023-01-18T05:29:35.953476186,BATCH-G-20230117
REV-00027063,SKU-0003158,user_53998,Victoria Coleman,3,Decent but overpriced a bit.,2023-07-03,True,NEUTRAL,3,SOURCE_G_REVIEWS,reviews_2023.csv,2023-07-03T21:08:50.811701920,BATCH-G-20230703
REV-00027072,SKU-0016992,user_9002168,April Campbell,5,Fast delivery and great quality.,2023-04-01,True,POSITIVE,1,SOURCE_G_REVIEWS,reviews_2023.csv,2023-04-01T07:21:56.075849573,BATCH-G-20230401
REV-00027076,SKU-0011488,user_9009409,Krista,4,Will definitely buy again.,2023-02-19,True,POSITIVE,19,SOURCE_G_REVIEWS,reviews_2023.csv,2023-02-19T20:58:26.651259239,BATCH-G-20230219
REV-00027093,SKU-0001185,user_24277,Lauren,2,Not as described at all.,2023-05-04,True,NEGATIVE,7,SOURCE_G_REVIEWS,reviews_2023.csv,2023-05-04T17:28:38.879233365,BATCH-G-20230504
REV-00027094,SKU-0014685,user_25566,Elizabeth Yates,N/A,"Solid build quality, no complaints.",2023-06-16,True,POSITIVE,7,SOURCE_G_REVIEWS,reviews_2023.csv,2023-06-16T21:42:36.339541605,BATCH-G-20230616
REV-00027100,SKU-0005571,user_44039,Brandi Evans,4,   Exceeded  my  expectations.   ,2023-12-21,True,POSITIVE,2,SOURCE_G_REVIEWS,reviews_2023.csv,2023-12-21T15:29:44.449304799,BATCH-G-20231221
REV-00027101,SKU-0009666,user_40836,William Rice,2,"Cheaply made, broke immediately.",2023-08-27,False,NEGATIVE,0,SOURCE_G_REVIEWS,reviews_2023.csv,2023-08-27T08:03:02.955729099,BATCH-G-20230827
REV-00027106,SKU-0005199,user_8959,Christopher Gonzalez,5,Great value for money.,2023-12-23,True,POSITIVE,3,SOURCE_G_REVIEWS,reviews_2023.csv,2023-12-23T18:57:27.637965387,BATCH-G-20231223
REV-00027136,SKU-0007933,user_9008699,Geoffrey Roman,5,"Livraison très lente, déçu.",2023-11-25,False,POSITIVE,0,SOURCE_G_REVIEWS,reviews_2023.csv,2023-11-26T05:40:44.065264024,BATCH-G-20231125
REV-00027145,SKU-0002738,,Anonymous,4,Great value for money.,2023-11-13,False,POSITIVE,0,SOURCE_G_REVIEWS,reviews_2023.csv,2023-11-13T11:36:47.361356578,BATCH-G-20231113
REV-00027146,SKU-0009485,user_9032284,Daniel Harris Jr.,2,Arrived damaged and support was unhelpful.,2023-09-05,False,NEGATIVE,10,SOURCE_G_REVIEWS,reviews_2023.csv,2023-09-05T16:44:35.919674400,BATCH-G-20230905
REV-00027149,SKU-0009630,user_9023190,Lisa Little,5,"Exactly as described, very happy.",2023-10-01,False,POSITIVE,0,SOURCE_G_REVIEWS,reviews_2023.csv,2023-10-01T14:02:02.286620235,BATCH-G-20231001
REV-00027153,SKU-0017021,user_7252,Jennifer Singleton,5,"Absolutely love it, works perfectly!",2023-08-17,False,POSITIVE,4,SOURCE_G_REVIEWS,reviews_2023.csv,2023-08-17T15:05:04.175797102,BATCH-G-20230817
REV-00027162,SKU-0005466,user_9024371,James Blackwell,1,"Cheaply made, broke immediately.",2023-06-02,True,NEGATIVE,3,SOURCE_G_REVIEWS,reviews_2023.csv,2023-06-02T04:05:43.400294090,BATCH-G-20230602
REV-00027173,SKU-9994946,user_58138,Brooke,4,Will definitely buy again.,2023-03-03,False,POSITIVE,0,SOURCE_G_REVIEWS,reviews_2023.csv,2023-03-03T23:53:35.812446074,BATCH-G-20230303
REV-00027182,SKU-0018614,user_9006302,Joshua Case,2,"Poor packaging, item was defective.",2023-03-08,False,NEGATIVE,6,SOURCE_G_REVIEWS,reviews_2023.csv,2023-03-08T06:34:42.036363906,BATCH-G-20230308
REV-00027204,SKU-0013539,user_9013393,Samuel Tucker,0,"<i>edited</i>Livraison très lente, déçu.<b>Update:</b>",2023-01-14,False,NEUTRAL,0,SOURCE_G_REVIEWS,reviews_2023.csv,2023-01-14T14:51:01.177109499,BATCH-G-20230114
REV-00027211,SKU-0002431,user_9016441,Anthony,4,Will definitely buy again.,2023-03-21,True,POSITIVE,0,SOURCE_G_REVIEWS,reviews_2023.csv,2023-03-21T07:40:22.900340589,BATCH-G-20230321
REV-00027217,SKU-0019065,,Anonymous,4,"Solid build quality, no complaints.",2023-04-16,True,POSITIVE,0,SOURCE_G_REVIEWS,reviews_2023.csv,2023-04-17T02:54:58.414630584,BATCH-G-20230416
REV-00027220,SKU-0007876,user_9022997,Brian,5,Great value for money. 💯,2023-11-28,False,POSITIVE,1,SOURCE_G_REVIEWS,reviews_2023.csv,2023-11-28T05:48:34.965814101,BATCH-G-20231128
REV-00027222,SKU-0004784,user_3909,Eric,3,"It's okay, does the job.",2023-08-29,True,NEUTRAL,10,SOURCE_G_REVIEWS,reviews_2023.csv,2023-08-29T14:14:43.358155089,BATCH-G-20230829
REV-00027228,SKU-0017818,,Anonymous,5,Will definitely buy again.,2023-12-13,True,POSITIVE,4,SOURCE_G_REVIEWS,reviews_2023.csv,2023-12-13T22:49:28.853044744,BATCH-G-20231213
REV-00027237,SKU-0014181,user_15127,Mary Adams,4,"Solid build quality, no complaints.",2023-06-09,True,POSITIVE,1,SOURCE_G_REVIEWS,reviews_2023.csv,2023-06-09T20:06:28.546989627,BATCH-G-20230609
REV-00027238,SKU-0016768,,Anonymous,5,"Perfect gift, they loved it!",2023-03-30,False,POSITIVE,3,SOURCE_G_REVIEWS,reviews_2023.csv,2023-03-30T05:58:23.128072388,BATCH-G-20230330
REV-00027240,SKU-0016390,,Anonymous,4,"Perfect gift, they loved it!",2023-04-20,True,POSITIVE,0,SOURCE_G_REVIEWS,reviews_2023.csv,2023-04-20T18:20:37.505233011,BATCH-G-20230420
REV-00027244,SKU-0011115,user_49479,Michelle Mendoza,4,"Solid build quality, no complaints.",2023-01-27,True,POSITIVE,14,SOURCE_G_REVIEWS,reviews_2023.csv,2023-01-27T20:48:30.212873025,BATCH-G-20230127
REV-00027259,SKU-0015832,user_48504,Alexandra Cox,2,"Cheaply made, broke immediately.",2023-08-12,True,NEGATIVE,0,SOURCE_G_REVIEWS,reviews_2023.csv,2023-08-13T02:40:26.928935119,BATCH-G-20230812
REV-00027271,SKU-0017537,user_9012816,Jeffrey Sullivan,4,Fast delivery and great quality.,2023-10-27,False,POSITIVE,0,SOURCE_G_REVIEWS,reviews_2023.csv,2023-10-27T16:57:43.907449891,BATCH-G-20231027
REV-00027278,SKU-0007493,,Anonymous,5,Will definitely buy again.,2023-10-26,True,POSITIVE,2,SOURCE_G_REVIEWS,reviews_2023.csv,2023-10-27T01:29:45.170470947,BATCH-G-20231026
REV-00027283,SKU-0008308,user_9021286,William Lopez,4,Better than I expected for the price.,2023-01-21,True,POSITIVE,1,SOURCE_G_REVIEWS,reviews_2023.csv,2023-01-21T20:36:47.901375851,BATCH-G-20230121
REV-00027299,SKU-0012479,user_4942,Donald,5,गुणवत्ता ठीक नहीं थी।,2023-12-08,True,POSITIVE,2,SOURCE_G_REVIEWS,reviews_2023.csv,2023-12-09T03:12:08.447403996,BATCH-G-20231208
REV-00027333,SKU-0006371,user_66544,Ray Grant,3,"Not bad, not great either.",2023-02-21,True,NEUTRAL,1,SOURCE_G_REVIEWS,reviews_2023.csv,2023-02-21T10:26:32.924277389,BATCH-G-20230221
REV-00027336,SKU-9932941,user_9029648,Brian Jordan,4,"Matches the description, no issues.",2023-09-28,True,NEUTRAL,2,SOURCE_G_REVIEWS,reviews_2023.csv,2023-09-28T01:26:45.916801497,BATCH-G-20230928
REV-00027348,SKU-0000866,user_9018317,Michael Johnson,5,Better than I expected for the price.,2023-01-26,True,POSITIVE,7,SOURCE_G_REVIEWS,reviews_2023.csv,2023-01-26T21:09:50.770410823,BATCH-G-20230126
REV-00027354,SKU-0008250,user_15697,Meghan Thompson,1,"Waste of money, do not buy. 🙏",2023-08-11,True,NEGATIVE,1,SOURCE_G_REVIEWS,reviews_2023.csv,2023-08-11T17:15:19.027827106,BATCH-G-20230811
REV-00027355,SKU-0018988,user_63915,Vanessa Levine,4,Highly recommend this product.,2023-08-12,True,POSITIVE,0,SOURCE_G_REVIEWS,reviews_2023.csv,2023-08-13T00:51:43.844577037,BATCH-G-20230812
REV-00027367,SKU-0009467,,Anonymous,4,"Exactly as described, very happy.",2023-04-14,False,POSITIVE,0,SOURCE_G_REVIEWS,reviews_2023.csv,2023-04-14T18:36:02.841253718,BATCH-G-20230414
REV-00027388,SKU-9922883,user_9006609,William Doyle,5,Exceeded my expectations. 😢⭐,2023-08-11,True,POSITIVE,1,SOURCE_G_REVIEWS,reviews_2023.csv,2023-08-11T02:06:13.912296290,BATCH-G-20230811
REV-00027396,SKU-0000974,,Anonymous,1,Stopped working after a week.,2023-08-16,True,NEGATIVE,0,SOURCE_G_REVIEWS,reviews_2023.csv,2023-08-16T07:10:09.327468266,BATCH-G-20230816
REV-00027397,SKU-0006493,user_63970,Lorraine Gonzales,4,Will definitely buy again.,2023-11-12,True,POSITIVE,3,SOURCE_G_REVIEWS,reviews_2023.csv,2023-11-12T18:21:01.541338409,BATCH-G-20231112
REV-00027400,SKU-0004658,user_9007413,Thomas Rogers,3,Decent but overpriced a bit.,2023-06-29,True,NEUTRAL,2,SOURCE_G_REVIEWS,reviews_2023.csv,2023-06-29T10:02:38.962775474,BATCH-G-20230629
REV-00027404,SKU-0001883,user_64443,Mrs. Michelle Davis,4,"Perfect gift, they loved it!",2023-01-24,True,POSITIVE,2,SOURCE_G_REVIEWS,reviews_2023.csv,2023-01-24T09:59:35.585649342,BATCH-G-20230124
REV-00027416,SKU-0005768,user_9026112,Jamie King,5,"Perfect gift, they loved it!",2023-11-01,True,POSITIVE,0,SOURCE_G_REVIEWS,reviews_2023.csv,2023-11-02T02:56:31.272867700,BATCH-G-20231101
REV-00027423,SKU-0014914,user_50088,Rebecca,1,"Average quality, nothing special.",2023-04-09,True,NEUTRAL,0,SOURCE_G_REVIEWS,reviews_2023.csv,2023-04-09T04:00:16.043417793,BATCH-G-20230409
REV-00027431,SKU-0018781,user_46708,Brad,5,Better than I expected for the price.,2023-02-28,False,POSITIVE,0,SOURCE_G_REVIEWS,reviews_2023.csv,2023-03-11T16:00:00,BATCH-G-20230228
REV-00027447,SKU-0005379,user_5188,Jennifer Richardson,4,"Solid build quality, no complaints.",2023-03-04,False,POSITIVE,0,SOURCE_G_REVIEWS,reviews_2023.csv,2023-03-05T02:43:28.043114437,BATCH-G-20230304
REV-00027449,SKU-0006729,user_9003591,Kenneth Franklin,3,"Not bad, not great either. 🙏😍",2023-06-01,False,NEUTRAL,2,SOURCE_G_REVIEWS,reviews_2023.csv,2023-06-01T15:05:17.353942774,BATCH-G-20230601
REV-00027455,SKU-0008023,user_17603,Donald Peters,4,Fast delivery and great quality.,2023-07-01,False,POSITIVE,0,SOURCE_G_REVIEWS,reviews_2023.csv,2023-07-01T07:24:25.585280170,BATCH-G-20230701
REV-00027460,SKU-9931065,user_4061,Christian Hughes,5,"Perfect gift, they loved it!",2023-06-05,True,POSITIVE,2,SOURCE_G_REVIEWS,reviews_2023.csv,2023-06-05T01:58:56.771302698,BATCH-G-20230605
REV-00027496,SKU-0010623,user_9015795,Zachary Carter,3,Works fine but delivery was slow.,2023-06-04,False,NEUTRAL,4,SOURCE_G_REVIEWS,reviews_2023.csv,2023-06-04T09:12:06.287863847,BATCH-G-20230604
REV-00027507,SKU-0009847,user_49598,Amanda,5,Fast delivery and great quality.,2023-06-24,False,POSITIVE,13,SOURCE_G_REVIEWS,reviews_2023.csv,2023-06-25T04:57:22.630669243,BATCH-G-20230624
REV-00027523,SKU-0020146,user_9034619,Michelle,5,Great value for money.,2023-05-27,True,POSITIVE,0,SOURCE_G_REVIEWS,reviews_2023.csv,2023-05-28T02:39:33.479932853,BATCH-G-20230527
REV-00027536,SKU-0020218,user_9006408,Blake Anderson,5,Exceeded my expectations.,2023-03-09,False,POSITIVE,3,SOURCE_G_REVIEWS,reviews_2023.csv,2023-03-09T16:16:02.237520416,BATCH-G-20230309
REV-00027538,SKU-0003524,user_9004770,Kathleen,,Highly recommend this product.,2023-05-01,False,POSITIVE,3,SOURCE_G_REVIEWS,reviews_2023.csv,2023-05-01T12:16:58.316483544,BATCH-G-20230501
REV-00027539,SKU-0015174,user_9030079,Emily,1,Not as described at all.,2023-11-14,True,NEGATIVE,0,SOURCE_G_REVIEWS,reviews_2023.csv,2023-11-14T19:48:14.406571705,BATCH-G-20231114
REV-00027545,SKU-0013197,user_42344,Holly Durham,5,"Muy buen producto, lo recomiendo.",2023-11-25,False,POSITIVE,4,SOURCE_G_REVIEWS,reviews_2023.csv,2023-11-25T11:15:38.372238559,BATCH-G-20231125
REV-00027559,SKU-0006727,user_6243,Stephen Diaz,3,Works fine but delivery was slow.,2023-04-12,True,NEUTRAL,9,SOURCE_G_REVIEWS,reviews_2023.csv,2023-04-13T01:29:16.399893948,BATCH-G-20230412
REV-00027582,SKU-0006994,user_9011039,Todd Hill,,"Solid build quality, no complaints.",2023-04-05,False,POSITIVE,0,SOURCE_G_REVIEWS,reviews_2023.csv,2023-04-05T10:37:52.107536593,BATCH-G-20230405
REV-00027584,SKU-0010170,,Anonymous,0,Exceeded my expectations.,2023-04-16,True,POSITIVE,1,SOURCE_G_REVIEWS,reviews_2023.csv,2023-04-16T18:51:18.304485460,BATCH-G-20230416
REV-00027587,SKU-0018984,user_5240,Crystal Bailey,1,"Cheaply made, broke immediately.",2023-07-06,True,NEGATIVE,1,SOURCE_G_REVIEWS,reviews_2023.csv,2023-07-07T01:35:04.081895567,BATCH-G-20230706
REV-00027589,SKU-0011066,user_23522,Karen Brown,4,Fast delivery and great quality. 😀😡,2023-12-19,True,POSITIVE,8,SOURCE_G_REVIEWS,reviews_2023.csv,2023-12-19T20:33:19.362914538,BATCH-G-20231219
REV-00027591,SKU-0014883,user_9030928,Christopher Patel,4,Exceeded my expectations. 😀,2023-12-27,True,POSITIVE,2,SOURCE_G_REVIEWS,reviews_2023.csv,2023-12-28T03:34:14.901909628,BATCH-G-20231227
REV-00027609,SKU-0002874,user_9024842,Shannon,2,Wrong item was shipped to me.,2023-07-01,True,NEGATIVE,10,SOURCE_G_REVIEWS,reviews_2023.csv,2023-07-01T01:06:20.356348833,BATCH-G-20230701
REV-00027618,SKU-0008310,user_9034978,Richard Jordan,1,Arrived damaged and support was unhelpful. 😢👍,2023-08-01,True,NEGATIVE,0,SOURCE_G_REVIEWS,reviews_2023.csv,2023-08-01T00:51:01.044637645,BATCH-G-20230801
REV-00027640,SKU-0013018,user_2181,Daniel Alexander,5,Exceeded my expectations.,2023-06-06,True,POSITIVE,1,SOURCE_G_REVIEWS,reviews_2023.csv,2023-06-06T11:46:11.459108748,BATCH-G-20230606
REV-00027643,SKU-0009409,user_25696,Victoria,5,Fast delivery and great quality.,2023-09-27,True,POSITIVE,1,SOURCE_G_REVIEWS,reviews_2023.csv,2023-09-27T08:29:14.020111809,BATCH-G-20230927
REV-00027659,SKU-0016322,user_18279,Blake Jackson,5,"Absolutely love it, works perfectly!",2023-03-08,False,POSITIVE,1,SOURCE_G_REVIEWS,reviews_2023.csv,2023-03-08T06:58:44.769915484,BATCH-G-20230308
REV-00027674,SKU-0008072,user_12789,Joseph Savage,3,"It's okay, does the job.",2023-03-20,True,NEUTRAL,8,SOURCE_G_REVIEWS,reviews_2023.csv,2023-03-20T15:52:41.875669612,BATCH-G-20230320
REV-00027683,SKU-0003650,user_30610,Eric Brown,5,Fast delivery and great quality.,2023-06-03,False,POSITIVE,0,SOURCE_G_REVIEWS,reviews_2023.csv,2023-06-03T01:50:59.817824719,BATCH-G-20230603
REV-00027685,SKU-0019774,user_9001748,Matthew Williams,5,Exceeded my expectations.,2023-04-15,True,POSITIVE,1,SOURCE_G_REVIEWS,reviews_2023.csv,2023-04-15T11:27:38.064812755,BATCH-G-20230415
REV-00027697,SKU-0002308,,Anonymous,5,"Perfect gift, they loved it!",2023-01-15,False,POSITIVE,2,SOURCE_G_REVIEWS,reviews_2023.csv,2023-01-15T11:45:04.237240384,BATCH-G-20230115
REV-00027701,SKU-0005735,user_28011,Michelle,4,Exceeded my expectations.,2023-06-06,True,POSITIVE,8,SOURCE_G_REVIEWS,reviews_2023.csv,2023-06-06T19:20:21.467147799,BATCH-G-20230606
REV-00027738,SKU-0008684,user_46595,Kim,4,Fast delivery and great quality.,2023-11-21,False,POSITIVE,1,SOURCE_G_REVIEWS,reviews_2023.csv,2023-11-21T12:11:36.056119611,BATCH-G-20231121
REV-00027755,SKU-0019027,,Anonymous,2,"Waste of money, do not buy.",2023-05-05,True,NEGATIVE,7,SOURCE_G_REVIEWS,reviews_2023.csv,2023-05-05T04:45:26.607921223,BATCH-G-20230505
REV-00027756,SKU-0008850,user_53342,Katherine Jensen,4,Great value for money.,2023-07-15,False,POSITIVE,6,SOURCE_G_REVIEWS,reviews_2023.csv,2023-07-15T18:44:02.330492390,BATCH-G-20230715
REV-00027765,SKU-0001117,user_9026959,Theresa Torres,3,Stopped working after a week.,2023-07-25,True,NEGATIVE,2,SOURCE_G_REVIEWS,reviews_2023.csv,2023-07-25T10:28:58.431238572,BATCH-G-20230725
REV-00027767,SKU-9912753,,Anonymous,4,Exceeded my expectations. ⭐,2023-11-25,False,POSITIVE,3,SOURCE_G_REVIEWS,reviews_2023.csv,2023-11-26T04:25:38.864755838,BATCH-G-20231125
REV-00027775,SKU-0011425,,Anonymous,N/A,"It's okay, does the job.",2023-07-01,False,NEUTRAL,2,SOURCE_G_REVIEWS,reviews_2023.csv,2023-07-02T03:46:30.534996357,BATCH-G-20230701
REV-00027789,SKU-0012847,user_9013399,Lisa Garrett,5,Highly recommend this product.,2023-01-13,False,POSITIVE,0,SOURCE_G_REVIEWS,reviews_2023.csv,2023-01-13T09:45:38.664025713,BATCH-G-20230113
REV-00027790,SKU-0013605,user_37608,John Morton,5,"<p>Exactly as described, very happy.</p>",2023-03-23,False,POSITIVE,20,SOURCE_G_REVIEWS,reviews_2023.csv,2023-03-23T19:50:07.459329984,BATCH-G-20230323
REV-00027797,SKU-0010519,user_9033876,Edward Miller,3,"Perfect gift, they loved it!",2023-05-26,True,POSITIVE,1,SOURCE_G_REVIEWS,reviews_2023.csv,2023-05-27T03:56:42.126031903,BATCH-G-20230526
REV-00027820,SKU-9981363,user_26616,Kathleen Glover,1,Very disappointed with the quality.,2023-12-30,False,NEGATIVE,0,SOURCE_G_REVIEWS,reviews_2023.csv,2023-12-31T04:09:48.750847883,BATCH-G-20231230
REV-00027826,SKU-0011269,user_54938,Jacob,,Great value for money.,2023-09-04,False,POSITIVE,3,SOURCE_G_REVIEWS,reviews_2023.csv,2023-09-04T01:56:57.003524509,BATCH-G-20230904
REV-00027827,SKU-0005712,user_3956,Susan Mitchell,5,Highly recommend this product.,2023-12-12,True,POSITIVE,0,SOURCE_G_REVIEWS,reviews_2023.csv,2023-12-19T22:00:00,BATCH-G-20231212
REV-00027828,SKU-0013159,user_9014661,Michael,5,Exceeded my expectations.,2023-09-11,True,POSITIVE,0,SOURCE_G_REVIEWS,reviews_2023.csv,2023-09-12T02:53:30.383032159,BATCH-G-20230911
REV-00027830,SKU-0013769,user_4061,Christian Hughes,5,</p>Fast delivery and great quality.<b>Update:</b>,2023-07-30,True,POSITIVE,0,SOURCE_G_REVIEWS,reviews_2023.csv,2023-07-30T23:30:47.462229293,BATCH-G-20230730
REV-00027840,SKU-0013822,user_9025243,Grant Craig,N/A,"बहुत अच्छा उत्पाद है, पैसा वसूल! Perfect gift, they loved it!",2023-07-23,True,POSITIVE,1,SOURCE_G_REVIEWS,reviews_2023.csv,2023-07-23T21:27:17.361934853,BATCH-G-20230723
REV-00027847,SKU-0012471,user_9011717,Taylor Alvarado,5,Better than I expected for the price.,2023-07-07,True,POSITIVE,5,SOURCE_G_REVIEWS,reviews_2023.csv,2023-07-07T13:21:17.850787982,BATCH-G-20230707
REV-00027847-BOT,SKU-0012471,user_9025043,Nicholas White,5,Better than I expected for the price.,2023-07-07,False,POSITIVE,0,SOURCE_G_REVIEWS,reviews_2023.csv,2023-07-07T13:21:17.850787982,BATCH-G-20230707
REV-00027854,SKU-0013717,user_9016291,Mr. Justin Garza DDS,2,"Cheaply made, broke immediately.",2023-01-04,True,NEGATIVE,7,SOURCE_G_REVIEWS,reviews_2023.csv,2023-01-04T11:30:29.858256117,BATCH-G-20230104
REV-00027855,SKU-0011049,user_9013361,Tara,3,Stopped working after a week.,2023-02-28,True,NEGATIVE,9,SOURCE_G_REVIEWS,reviews_2023.csv,2023-02-28T13:16:15.537147991,BATCH-G-20230228
REV-00027861,SKU-0005300,user_9007123,Eric Arias DDS,1,"Cheaply made, broke immediately.",2023-05-13,True,NEGATIVE,8,SOURCE_G_REVIEWS,reviews_2023.csv,2023-05-13T07:28:59.549912016,BATCH-G-20230513
REV-00027867,SKU-0012447,user_14200,Caitlin Lucero,2,"Not bad, not great either.",2023-05-06,True,NEUTRAL,0,SOURCE_G_REVIEWS,reviews_2023.csv,2023-05-06T10:44:14.310880788,BATCH-G-20230506
REV-00027899,SKU-0004063,user_1051,Travis,unknown,Will definitely buy again.,2023-01-21,False,POSITIVE,6,SOURCE_G_REVIEWS,reviews_2023.csv,2023-01-21T11:43:55.322144657,BATCH-G-20230121
REV-00027901,SKU-0011521,user_7148,Lori Hays,3,"Not bad, not great either.",2023-02-02,False,NEUTRAL,1,SOURCE_G_REVIEWS,reviews_2023.csv,2023-02-03T04:59:16.478707673,BATCH-G-20230202
REV-00027907,SKU-0009032,user_6244,Emily Martin,4,"</p>Perfect gift, they loved it!</p>",2023-03-31,True,POSITIVE,0,SOURCE_G_REVIEWS,reviews_2023.csv,2023-03-31T04:10:37.188311305,BATCH-G-20230331
REV-00027909,SKU-0016426,user_9031520,Erin Green,1,Stopped working after a week.,2023-08-27,False,NEGATIVE,0,SOURCE_G_REVIEWS,reviews_2023.csv,2023-08-27T04:57:09.632974904,BATCH-G-20230827
REV-00027917,SKU-0019552,user_9006257,Sarah Gomez,4,Exceeded my expectations.,2023-06-29,False,POSITIVE,1,SOURCE_G_REVIEWS,reviews_2023.csv,2023-06-29T20:01:22.228924066,BATCH-G-20230629
REV-00027929,SKU-0005071,,Anonymous,2,Not as described at all.,2023-10-26,False,NEGATIVE,0,SOURCE_G_REVIEWS,reviews_2023.csv,2023-10-26T02:02:07.128397706,BATCH-G-20231026
REV-00027930,SKU-0016389,user_35943,Trevor Hill,3,"Average quality, nothing special.",2023-08-21,True,NEUTRAL,12,SOURCE_G_REVIEWS,reviews_2023.csv,2023-08-21T14:28:04.589971817,BATCH-G-20230821
REV-00027944,SKU-0009433,user_61793,Tiffany Rosario,2,Very disappointed with the quality.,2023-06-01,True,NEGATIVE,0,SOURCE_G_REVIEWS,reviews_2023.csv,2023-06-01T07:01:06.042376144,BATCH-G-20230601
REV-00027950,SKU-9991804,,Anonymous,4,Fast delivery and great quality.,2023-12-07,True,POSITIVE,0,SOURCE_G_REVIEWS,reviews_2023.csv,2023-12-07T05:40:20.796795379,BATCH-G-20231207
REV-00027955,SKU-0006999,user_9011691,Alexandra Hughes,3,"Not bad, not great either. 🙏",2023-02-11,True,NEUTRAL,0,SOURCE_G_REVIEWS,reviews_2023.csv,2023-02-11T11:53:23.856692619,BATCH-G-20230211
REV-00027967,SKU-0008700,user_9008472,Debra Rich,4,"Solid build quality, no complaints.",2023-12-01,False,POSITIVE,0,SOURCE_G_REVIEWS,reviews_2023.csv,2023-12-02T01:42:26.155158100,BATCH-G-20231201
REV-00027986,SKU-0017225,user_2477,Keith,3,Excellent rapport qualité-prix. 😀,2023-09-21,True,NEUTRAL,0,SOURCE_G_REVIEWS,reviews_2023.csv,2023-09-21T03:33:39.966612437,BATCH-G-20230921
REV-00027997,SKU-0008341,user_9009388,Zachary Khan,4,"Exactly as described, very happy. 😀",2023-08-30,False,POSITIVE,0,SOURCE_G_REVIEWS,reviews_2023.csv,2023-08-30T21:02:03.774615601,BATCH-G-20230830
REV-00028002,SKU-9959462,user_61683,Thomas,4,Better than I expected for the price.,2023-04-30,False,POSITIVE,8,SOURCE_G_REVIEWS,reviews_2023.csv,2023-04-30T13:35:35.825201151,BATCH-G-20230430
REV-00028003,SKU-0001229,,Anonymous,5,"Muy buen producto, lo recomiendo.",2023-05-30,True,POSITIVE,3,SOURCE_G_REVIEWS,reviews_2023.csv,2023-05-30T07:09:58.656363419,BATCH-G-20230530
REV-00028010,SKU-0010846,user_19869,Jeffrey Livingston,5,Exceeded my expectations.,2023-12-15,True,POSITIVE,7,SOURCE_G_REVIEWS,reviews_2023.csv,2023-12-15T11:11:33.612082837,BATCH-G-20231215
REV-00028011,SKU-0006881,user_9019263,Nicole Burns,4,unknown,2023-10-02,True,POSITIVE,0,SOURCE_G_REVIEWS,reviews_2023.csv,2023-10-02T04:16:53.987314977,BATCH-G-20231002
REV-00028012,SKU-0010313,user_9034699,Charlene Adams,4,"Solid build quality, no complaints.",2023-08-18,False,POSITIVE,0,SOURCE_G_REVIEWS,reviews_2023.csv,2023-08-18T09:44:56.120526862,BATCH-G-20230818
REV-00028013,SKU-0015082,user_27982,Lauren Reeves,4,Excellent rapport qualité-prix.,2023-05-03,True,POSITIVE,2,SOURCE_G_REVIEWS,reviews_2023.csv,2023-05-03T10:18:20.882265169,BATCH-G-20230503
REV-00028014,SKU-0018038,user_9010202,Javier Jordan,2,Arrived damaged and support was unhelpful.,2023-07-20,False,NEGATIVE,4,SOURCE_G_REVIEWS,reviews_2023.csv,2023-07-20T22:27:00.380425804,BATCH-G-20230720
REV-00028033,SKU-0019802,user_9014857,Jeffrey Dunn,4,Better than I expected for the price.,2023-06-23,False,POSITIVE,0,SOURCE_G_REVIEWS,reviews_2023.csv,2023-06-24T01:53:38.087100616,BATCH-G-20230623
REV-00028034,SKU-0007099,user_7536,Dwayne Fleming,5,Better than I expected for the price.,2023-01-07,False,POSITIVE,0,SOURCE_G_REVIEWS,reviews_2023.csv,2023-01-07T16:23:50.669975064,BATCH-G-20230107
REV-00028047,SKU-0009609,user_68650,Charles,1,Wrong item was shipped to me.,2023-04-27,False,NEGATIVE,1,SOURCE_G_REVIEWS,reviews_2023.csv,2023-04-27T07:06:54.285461299,BATCH-G-20230427
REV-00028049,SKU-0018537,user_11938,Tiffany Smith,5,Will definitely buy again.,2023-02-15,False,POSITIVE,1,SOURCE_G_REVIEWS,reviews_2023.csv,2023-02-15T04:36:48.077710148,BATCH-G-20230215
REV-00028061,SKU-0016384,,Anonymous,4,गुणवत्ता ठीक नहीं थी। Exceeded my expectations.,2023-09-09,False,POSITIVE,0,SOURCE_G_REVIEWS,reviews_2023.csv,2023-09-10T02:52:59.746669101,BATCH-G-20230909
REV-00028107,SKU-0017414,user_9001262,Shelby,4,"Absolutely love it, works perfectly!",2023-04-13,True,POSITIVE,5,SOURCE_G_REVIEWS,reviews_2023.csv,2023-04-13T11:05:26.075094271,BATCH-G-20230413
REV-00028123,SKU-0000961,user_18926,Robin Diaz,1,Wrong item was shipped to me.,2023-09-11,False,NEGATIVE,1,SOURCE_G_REVIEWS,reviews_2023.csv,2023-09-11T20:25:49.673387758,BATCH-G-20230911
REV-00028140,SKU-0002831,user_49525,William Moran,3,गुणवत्ता ठीक नहीं थी।,2023-10-06,True,NEGATIVE,1,SOURCE_G_REVIEWS,reviews_2023.csv,2023-10-16T00:00:00,BATCH-G-20231006
REV-00028144,SKU-0012181,user_9032980,Melissa Moore,null,"Perfect gift, they loved it!",2023-02-03,True,POSITIVE,4,SOURCE_G_REVIEWS,reviews_2023.csv,2023-02-04T02:35:35.074185976,BATCH-G-20230203
REV-00028144-DUP,SKU-0012181,user_9032980,Melissa Moore,null,"Perfect gift, they loved it!",2023-02-03,True,POSITIVE,4,SOURCE_G_REVIEWS,reviews_2023.csv,2023-02-04T02:51:35.074185976,BATCH-G-20230203
REV-00028177,SKU-0009786,user_9005538,Michael White,5,Highly recommend this product.,2023-03-24,True,POSITIVE,0,SOURCE_G_REVIEWS,reviews_2023.csv,2023-03-24T07:33:32.197427319,BATCH-G-20230324
REV-00028179,SKU-0015046,user_11642,Julie Moore,5,Fast delivery and great quality.,2023-12-27,True,POSITIVE,2,SOURCE_G_REVIEWS,reviews_2023.csv,2023-12-27T23:43:10.015017231,BATCH-G-20231227
REV-00028184,SKU-0001851,,Anonymous,2,"Waste of money, do not buy.",2023-01-22,True,NEGATIVE,0,SOURCE_G_REVIEWS,reviews_2023.csv,2023-01-22T03:32:46.878546901,BATCH-G-20230122
REV-00028184-DUP,SKU-0001851,,Anonymous,2,"Waste of money, do not buy.",2023-01-22,True,NEGATIVE,0,SOURCE_G_REVIEWS,reviews_2023.csv,2023-01-22T03:44:46.878546901,BATCH-G-20230122
REV-00028192,SKU-0004107,user_9009827,Craig Miles,5,Will definitely buy again.,2023-05-07,False,POSITIVE,2,SOURCE_G_REVIEWS,reviews_2023.csv,2023-05-08T04:04:01.162287317,BATCH-G-20230507
REV-00028203,SKU-0014520,user_30180,Mary,1,"Cheaply made, broke immediately.",2023-11-11,False,NEGATIVE,2,SOURCE_G_REVIEWS,reviews_2023.csv,2023-11-11T19:24:18.446701196,BATCH-G-20231111
REV-00028209,SKU-0006689,user_29776,Brandon,4,"Absolutely love it, works perfectly!",2023-02-16,False,POSITIVE,2,SOURCE_G_REVIEWS,reviews_2023.csv,2023-02-17T02:31:12.101862659,BATCH-G-20230216
REV-00028241,SKU-0010033,user_2778,Erin Gonzalez,5,"Exactly as described, very happy.",2023-02-07,True,POSITIVE,0,SOURCE_G_REVIEWS,reviews_2023.csv,2023-02-07T03:59:09.337299376,BATCH-G-20230207
REV-00028250,SKU-0011953,user_9024659,Adrienne Barnes,5,Will definitely buy again.,2023-03-26,True,POSITIVE,5,SOURCE_G_REVIEWS,reviews_2023.csv,2023-03-26T19:57:27.057127528,BATCH-G-20230326
REV-00028252,SKU-0017955,user_9022358,Jerry Soto,2,Very disappointed with the quality.,2023-08-24,False,NEGATIVE,7,SOURCE_G_REVIEWS,reviews_2023.csv,2023-08-24T07:15:48.376450633,BATCH-G-20230824
REV-00028253,SKU-9982720,user_51604,Martin Young,4,   Exceeded  my  expectations.   ,2023-03-22,True,POSITIVE,8,SOURCE_G_REVIEWS,reviews_2023.csv,2023-03-22T19:04:44.236843114,BATCH-G-20230322
REV-00028254,SKU-0002979,user_24711,Victor,2,Stopped working after a week.,2023-11-10,True,NEGATIVE,0,SOURCE_G_REVIEWS,reviews_2023.csv,2023-11-10T10:07:39.871995081,BATCH-G-20231110
REV-00028257,SKU-0003058,user_42655,Alexander,,Fast delivery and great quality.,2023-07-24,False,POSITIVE,2,SOURCE_G_REVIEWS,reviews_2023.csv,2023-07-24T18:01:20.839829777,BATCH-G-20230724
REV-00028263,SKU-9939740,user_66059,William Dean,3,Decent but overpriced a bit. 🙏,2023-05-22,True,NEUTRAL,0,SOURCE_G_REVIEWS,reviews_2023.csv,2023-05-23T00:46:43.050490263,BATCH-G-20230522
REV-00028279,SKU-0007505,user_9027834,Mary,1,Very disappointed with the quality.,2023-12-30,False,NEGATIVE,2,SOURCE_G_REVIEWS,reviews_2023.csv,2023-12-30T01:10:56.662987939,BATCH-G-20231230
REV-00028281,SKU-0010511,,Anonymous,5,Fast delivery and great quality.,2023-09-08,False,POSITIVE,0,SOURCE_G_REVIEWS,reviews_2023.csv,2023-09-09T01:08:21.523146306,BATCH-G-20230908
REV-00028286,SKU-0016133,,Anonymous,5,"Perfect gift, they loved it!",2023-07-19,True,POSITIVE,2,SOURCE_G_REVIEWS,reviews_2023.csv,2023-07-19T06:56:16.192114881,BATCH-G-20230719
REV-00028301,SKU-0003145,user_9018521,Ashley Bates,5,"Solid build quality, no complaints.",2023-10-27,True,POSITIVE,5,SOURCE_G_REVIEWS,reviews_2023.csv,2023-10-27T21:29:20.356750201,BATCH-G-20231027
REV-00028322,SKU-0013276,user_9001628,Michelle Cook,4,"Absolutely love it, works perfectly!",2023-02-07,False,POSITIVE,2,SOURCE_G_REVIEWS,reviews_2023.csv,2023-02-07T00:43:53.374156556,BATCH-G-20230207
REV-00028325,SKU-0004575,,Anonymous,5,"Perfect gift, they loved it!",2023-12-02,False,POSITIVE,0,SOURCE_G_REVIEWS,reviews_2023.csv,2023-12-03T00:33:01.056164032,BATCH-G-20231202
REV-00028330,SKU-9983085,user_62011,Holly Baker,3,Works fine but delivery was slow.,2023-09-11,True,NEUTRAL,1,SOURCE_G_REVIEWS,reviews_2023.csv,2023-09-11T00:41:36.210672664,BATCH-G-20230911
REV-00028330-DUP,SKU-9983085,user_62011,Holly Baker,3,Works fine but delivery was slow.,2023-09-11,True,NEUTRAL,1,SOURCE_G_REVIEWS,reviews_2023.csv,2023-09-11T01:13:36.210672664,BATCH-G-20230911
REV-00028340,SKU-9914478,,Anonymous,3,Decent but overpriced a bit.,2023-11-22,False,NEUTRAL,3,SOURCE_G_REVIEWS,reviews_2023.csv,2023-11-23T00:51:40.970255922,BATCH-G-20231122
REV-00028342,SKU-0001846,user_10127,Shawn,5,Exceeded my expectations.,2023-06-23,False,POSITIVE,1,SOURCE_G_REVIEWS,reviews_2023.csv,2023-06-24T00:20:27.145327028,BATCH-G-20230623
REV-00028355,SKU-0005667,user_9004838,Michael Mcfarland,4,Wrong item was shipped to me.,2023-10-08,True,NEGATIVE,0,SOURCE_G_REVIEWS,reviews_2023.csv,2023-10-08T07:14:14.199215681,BATCH-G-20231008
REV-00028369,SKU-0016672,user_9002223,Albert Castro,1,Arrived damaged and support was unhelpful.,2023-02-24,True,NEGATIVE,1,SOURCE_G_REVIEWS,reviews_2023.csv,2023-02-25T02:14:25.539619775,BATCH-G-20230224
REV-00028383,SKU-0002841,user_9034210,Tony Gray,2,Wrong item was shipped to me.,2023-06-26,True,NEGATIVE,0,SOURCE_G_REVIEWS,reviews_2023.csv,2023-06-26T05:46:23.668196086,BATCH-G-20230626
REV-00028387,SKU-0016889,user_62117,Kimberly Parker,5,Fast delivery and great quality.,2023-03-05,False,POSITIVE,2,SOURCE_G_REVIEWS,reviews_2023.csv,2023-03-05T18:16:15.015260500,BATCH-G-20230305
REV-00028414,SKU-0019252,user_9022960,Robert,5,"Absolutely love it, works perfectly!",2023-09-22,True,POSITIVE,-1,SOURCE_G_REVIEWS,reviews_2023.csv,2023-09-22T10:43:15.664020636,BATCH-G-20230922
REV-00028415,SKU-0012076,user_60343,Brian Avila,1,"Cheaply made, broke immediately.",2023-07-04,True,NEGATIVE,0,SOURCE_G_REVIEWS,reviews_2023.csv,2023-07-04T07:14:33.031963455,BATCH-G-20230704
REV-00028420,SKU-0001101,,Anonymous,4,"Perfect gift, they loved it!",2023-01-25,True,POSITIVE,1,SOURCE_G_REVIEWS,reviews_2023.csv,2023-01-25T13:43:58.667994077,BATCH-G-20230125
REV-00028435,SKU-0010514,user_9012220,Jason Harris,3,"No cumplió mis expectativas. Average quality, nothing special.",2023-09-15,True,NEUTRAL,7,SOURCE_G_REVIEWS,reviews_2023.csv,2023-09-15T07:15:41.725730398,BATCH-G-20230915
REV-00028436,SKU-0009063,,Anonymous,5,Will definitely buy again.,2023-01-27,True,POSITIVE,1,SOURCE_G_REVIEWS,reviews_2023.csv,2023-01-27T00:42:02.510823028,BATCH-G-20230127
REV-00028445,SKU-0019051,,Anonymous,5,Exceeded my expectations.,2023-11-09,False,POSITIVE,5,SOURCE_G_REVIEWS,reviews_2023.csv,2023-11-09T16:04:28.851545700,BATCH-G-20231109
REV-00028451,SKU-0017225,user_61068,Sharon White,4,Will definitely buy again.,2023-02-18,True,POSITIVE,7,SOURCE_G_REVIEWS,reviews_2023.csv,2023-02-19T00:12:17.410167598,BATCH-G-20230218
REV-00028453,SKU-0011139,,Anonymous,2,Stopped working after a week.,2023-11-02,True,NEGATIVE,3,SOURCE_G_REVIEWS,reviews_2023.csv,2023-11-02T07:01:27.813947573,BATCH-G-20231102
REV-00028455,SKU-0004261,,Anonymous,2,Very disappointed with the quality.,2023-11-11,False,NEGATIVE,3,SOURCE_G_REVIEWS,reviews_2023.csv,2023-11-11T11:59:37.452330992,BATCH-G-20231111
REV-00028456,SKU-0000919,,Anonymous,4,Stopped working after a week.,2023-03-31,True,NEGATIVE,4,SOURCE_G_REVIEWS,reviews_2023.csv,2023-03-31T05:22:08.448210720,BATCH-G-20230331
REV-00028461,SKU-0002631,user_9028594,Ryan Johnson,2,Stopped working after a week.,2023-12-15,False,NEGATIVE,0,SOURCE_G_REVIEWS,reviews_2023.csv,2023-12-16T04:27:40.998989180,BATCH-G-20231215
REV-00028469,SKU-0005740,user_5355,Cynthia Romero,4,"बहुत अच्छा उत्पाद है, पैसा वसूल!",2023-06-06,True,POSITIVE,1,SOURCE_G_REVIEWS,reviews_2023.csv,2023-06-06T00:37:47.657173873,BATCH-G-20230606
REV-00028485,SKU-0020141,user_9032323,Natalie,4,"Excellent rapport qualité-prix. Absolutely love it, works perfectly!",2023-01-13,True,POSITIVE,1,SOURCE_G_REVIEWS,reviews_2023.csv,2023-01-14T02:15:17.496081015,BATCH-G-20230113
REV-00028486,SKU-0001135,user_9000881,Stephanie,5,Better than I expected for the price.,2023-06-07,True,POSITIVE,0,SOURCE_G_REVIEWS,reviews_2023.csv,2023-06-07T11:53:26.928368339,BATCH-G-20230607
REV-00028488,SKU-9986529,user_9004982,Jose,4,Excellent rapport qualité-prix.,2023-07-18,False,POSITIVE,0,SOURCE_G_REVIEWS,reviews_2023.csv,2023-07-18T04:35:08.423530664,BATCH-G-20230718
REV-00028490,SKU-0018589,user_9032271,Brian Davis,4,"   Solid  build  quality,  no  complaints.   ",2023-05-30,False,POSITIVE,0,SOURCE_G_REVIEWS,reviews_2023.csv,2023-05-30T08:19:59.161943334,BATCH-G-20230530
REV-00028502,SKU-0014121,user_66674,Ms. Michele Gomez,5,"Solid build quality, no complaints.",2023-11-11,False,POSITIVE,1,SOURCE_G_REVIEWS,reviews_2023.csv,2023-11-11T11:01:28.942544796,BATCH-G-20231111
REV-00028510,SKU-9944069,user_9026055,Brian Webb,5,"Solid build quality, no complaints. 😀",2023-11-24,True,POSITIVE,7,SOURCE_G_REVIEWS,reviews_2023.csv,2023-11-24T15:02:11.492055257,BATCH-G-20231124
REV-00028516,SKU-0017516,user_50055,Carol Nichols,5,Fast delivery and great quality.,2023-05-11,True,POSITIVE,1,SOURCE_G_REVIEWS,reviews_2023.csv,2023-05-11T21:30:34.591087452,BATCH-G-20230511
REV-00028533,SKU-0007019,user_34179,Colton Mueller,3,"बहुत अच्छा उत्पाद है, पैसा वसूल!",2023-03-04,False,NEUTRAL,0,SOURCE_G_REVIEWS,reviews_2023.csv,2023-03-04T04:26:58.943273166,BATCH-G-20230304
REV-00028535,SKU-0015429,,Anonymous,3,"Average quality, nothing special.",2023-01-03,False,NEUTRAL,7,SOURCE_G_REVIEWS,reviews_2023.csv,2023-01-03T06:51:39.689706417,BATCH-G-20230103
REV-00028538,SKU-0011455,user_32089,Thomas Forbes,0,"Solid build quality, no complaints.",2023-11-12,True,POSITIVE,1,SOURCE_G_REVIEWS,reviews_2023.csv,2023-11-13T01:13:53.206319225,BATCH-G-20231112
REV-00028539,SKU-9962413,user_4412,Katherine Rivera,2,&nbsp;Arrived damaged and support was unhelpful.<b>Update:</b>,2023-03-30,False,NEGATIVE,1,SOURCE_G_REVIEWS,reviews_2023.csv,2023-03-31T03:43:15.370236071,BATCH-G-20230330
REV-00028540,SKU-9985549,user_2276,Tricia Wheeler,4,"Absolutely love it, works perfectly!",2023-06-09,True,POSITIVE,4,SOURCE_G_REVIEWS,reviews_2023.csv,2023-06-10T01:06:11.896635195,BATCH-G-20230609
REV-00028545,SKU-0005057,user_30509,Erin Torres,5,"Exactly as described, very happy.",2023-08-12,True,POSITIVE,0,SOURCE_G_REVIEWS,reviews_2023.csv,2023-08-13T05:31:10.235403468,BATCH-G-20230812
REV-00028548,SKU-0013101,,Anonymous,3,"It's okay, does the job.",2023-08-01,True,NEUTRAL,1,SOURCE_G_REVIEWS,reviews_2023.csv,2023-08-01T20:10:18.542428354,BATCH-G-20230801
REV-00028565,SKU-0014594,user_8057,Jacob Hayes,5,"Exactly as described, very happy.",2023-08-30,False,POSITIVE,3,SOURCE_G_REVIEWS,reviews_2023.csv,2023-08-30T20:49:34.024481181,BATCH-G-20230830
REV-00028566,SKU-0003746,user_68960,Christina,5,Great value for money.,2023-03-28,False,POSITIVE,1,SOURCE_G_REVIEWS,reviews_2023.csv,2023-03-28T18:38:56.911807912,BATCH-G-20230328
REV-00028569,SKU-0012076,user_9023572,Joseph Romero,4,"Perfect gift, they loved it!",2023-07-22,True,POSITIVE,5,SOURCE_G_REVIEWS,reviews_2023.csv,2023-07-23T05:47:16.334114128,BATCH-G-20230722
REV-00028578,SKU-0019640,user_66931,Brian Austin,2,"Cheaply made, broke immediately.",2023-02-07,True,NEGATIVE,5,SOURCE_G_REVIEWS,reviews_2023.csv,2023-02-07T08:34:36.902518495,BATCH-G-20230207
REV-00028582,SKU-0006672,user_11023,Yolanda,5,"Exactly as described, very happy.",2023-03-29,False,POSITIVE,0,SOURCE_G_REVIEWS,reviews_2023.csv,2023-03-29T14:16:36.141247186,BATCH-G-20230329
REV-00028587,SKU-0015251,user_9020628,Shane,1,Very disappointed with the quality.,2023-09-05,False,NEGATIVE,2,SOURCE_G_REVIEWS,reviews_2023.csv,2023-09-06T04:31:45.237890379,BATCH-G-20230905
REV-00028589,SKU-0011275,user_8129,Phillip Webb,5,"Perfect gift, they loved it!",2023-06-10,True,POSITIVE,1,SOURCE_G_REVIEWS,reviews_2023.csv,2023-06-10T23:29:50.197755868,BATCH-G-20230610
REV-00028593,SKU-0002294,user_9012154,Christopher,4,Not as described at all.,2023-06-19,False,NEGATIVE,3,SOURCE_G_REVIEWS,reviews_2023.csv,2023-06-19T13:46:08.449810214,BATCH-G-20230619
REV-00028599,SKU-0010431,user_63239,Tina Ferguson,3,"Matches the description, no issues.",2023-03-06,False,NEUTRAL,0,SOURCE_G_REVIEWS,reviews_2023.csv,2023-03-06T23:18:46.140591627,BATCH-G-20230306
REV-00028606,SKU-0014825,user_9003823,Darrell Schmidt,2,Wrong item was shipped to me.,2023-01-31,True,NEGATIVE,0,SOURCE_G_REVIEWS,reviews_2023.csv,2023-01-31T06:04:42.626433285,BATCH-G-20230131
REV-00028615,SKU-0010918,user_9009644,Johnathan Castro,5,Fast delivery and great quality.,2023-02-22,False,POSITIVE,8,SOURCE_G_REVIEWS,reviews_2023.csv,2023-02-22T22:39:47.132983993,BATCH-G-20230222
REV-00028616,SKU-0016297,,Anonymous,5,Will definitely buy again.,2023-10-04,True,POSITIVE,3,SOURCE_G_REVIEWS,reviews_2023.csv,2023-10-04T13:05:14.251434893,BATCH-G-20231004
REV-00028648,SKU-0005592,user_9034283,Julia Morales,5,Exceeded my expectations.,2023-07-28,True,POSITIVE,2,SOURCE_G_REVIEWS,reviews_2023.csv,2023-07-29T03:44:50.326064707,BATCH-G-20230728
REV-00028655,SKU-0014519,,Anonymous,3,"Average quality, nothing special.",2023-04-24,False,NEUTRAL,0,SOURCE_G_REVIEWS,reviews_2023.csv,2023-04-24T09:24:59.195556430,BATCH-G-20230424
REV-00028657,SKU-0011059,user_9027862,Justin Gray,4,Fast delivery and great quality.,2023-01-01,False,POSITIVE,5,SOURCE_G_REVIEWS,reviews_2023.csv,2023-01-02T04:12:25.898341170,BATCH-G-20230101
REV-00028659,SKU-0008745,user_8161,Mrs. Crystal Meyers,5,"Absolutely love it, works perfectly!",2023-05-18,True,POSITIVE,0,SOURCE_G_REVIEWS,reviews_2023.csv,2023-05-18T22:24:24.930785666,BATCH-G-20230518
REV-00028665,SKU-0015971,user_9007798,Connor,3,   Decent  but  overpriced  a  bit.   ,2023-08-17,True,NEUTRAL,8,SOURCE_G_REVIEWS,reviews_2023.csv,2023-08-18T01:39:15.212564841,BATCH-G-20230817
REV-00028667,SKU-0004591,,Anonymous,5,"Absolutely love it, works perfectly!",2023-06-04,True,POSITIVE,12,SOURCE_G_REVIEWS,reviews_2023.csv,2023-06-04T08:18:51.817033504,BATCH-G-20230604
REV-00028677,SKU-0002388,,Anonymous,5,"Absolutely love it, works perfectly!",2023-11-03,True,POSITIVE,6,SOURCE_G_REVIEWS,reviews_2023.csv,2023-11-03T17:46:04.232610888,BATCH-G-20231103
REV-00028680,SKU-9913408,user_63976,Austin Huber,5,"Solid build quality, no complaints.",2023-12-30,False,POSITIVE,1,SOURCE_G_REVIEWS,reviews_2023.csv,2023-12-30T21:18:59.419048599,BATCH-G-20231230
REV-00028682,SKU-0013244,user_17905,Joe Gibson,1,"Poor packaging, item was defective.",2023-12-23,True,NEGATIVE,8,SOURCE_G_REVIEWS,reviews_2023.csv,2023-12-23T15:58:22.640171482,BATCH-G-20231223
REV-00028683,SKU-0003958,user_9009209,Mr. Ray Stewart,5,Highly recommend this product.,2023-02-12,False,POSITIVE,2,SOURCE_G_REVIEWS,reviews_2023.csv,2023-02-12T06:58:47.411375136,BATCH-G-20230212
REV-00028701,SKU-0018816,,Anonymous,5,"Absolutely love it, works perfectly!",2023-07-06,True,POSITIVE,0,SOURCE_G_REVIEWS,reviews_2023.csv,2023-07-06T22:39:15.481165784,BATCH-G-20230706
REV-00028705,SKU-0013954,user_9033526,Michael Lopez,3,No cumplió mis expectativas.,2023-12-19,True,NEUTRAL,7,SOURCE_G_REVIEWS,reviews_2023.csv,2023-12-19T03:48:25.508210198,BATCH-G-20231219
REV-00028716,SKU-0017892,user_9006284,Bryan Valdez,4,Better than I expected for the price.,2023-02-03,True,POSITIVE,0,SOURCE_G_REVIEWS,reviews_2023.csv,2023-02-03T02:46:09.970252722,BATCH-G-20230203
REV-00028747,SKU-0018944,user_9014633,Shannon Matthews,5,"Absolutely love it, works perfectly!",2023-04-03,False,POSITIVE,0,SOURCE_G_REVIEWS,reviews_2023.csv,2023-04-03T04:14:13.360907536,BATCH-G-20230403
REV-00028752,SKU-0011304,user_9018201,Maria Garcia,1,Not as described at all. 😐⭐,2023-10-24,True,NEGATIVE,0,SOURCE_G_REVIEWS,reviews_2023.csv,2023-10-24T16:31:07.606712720,BATCH-G-20231024
REV-00028759,SKU-0003309,user_10143,Janice Gray,4,Will definitely buy again.,2023-03-14,True,POSITIVE,0,SOURCE_G_REVIEWS,reviews_2023.csv,2023-03-14T05:07:24.366743797,BATCH-G-20230314
REV-00028760,SKU-0002895,user_22022,Jessica,5,<br>Will definitely buy again.<i>edited</i>,2023-02-08,False,POSITIVE,0,SOURCE_G_REVIEWS,reviews_2023.csv,2023-02-09T03:46:04.435845139,BATCH-G-20230208
REV-00028766,SKU-0016577,,Anonymous,5,Better than I expected for the price.,2023-12-16,True,POSITIVE,1,SOURCE_G_REVIEWS,reviews_2023.csv,2023-12-16T02:41:49.560542200,BATCH-G-20231216
REV-00028777,SKU-0016856,user_22431,Tracy Johnson,4,Better than I expected for the price.,2023-11-25,False,POSITIVE,1,SOURCE_G_REVIEWS,reviews_2023.csv,2023-11-25T04:00:18.823781524,BATCH-G-20231125
REV-00028778,SKU-0007193,user_63354,Timothy,NULL,"Poor packaging, item was defective.",2023-07-04,True,NEGATIVE,2,SOURCE_G_REVIEWS,reviews_2023.csv,2023-07-04T21:27:14.602474343,BATCH-G-20230704
REV-00028796,SKU-0006264,user_37751,Rachel Reynolds,2,Stopped working after a week.,2023-05-10,True,NEGATIVE,1,SOURCE_G_REVIEWS,reviews_2023.csv,2023-05-10T23:27:59.897396092,BATCH-G-20230510
REV-00028801,SKU-0005009,user_39093,Destiny Sanders,4,Great value for money.,2023-03-16,False,POSITIVE,10,SOURCE_G_REVIEWS,reviews_2023.csv,2023-03-16T18:09:57.599488490,BATCH-G-20230316
REV-00028804,SKU-0009635,user_9016494,Allison,4,Will definitely buy again.,2023-12-22,True,POSITIVE,0,SOURCE_G_REVIEWS,reviews_2023.csv,2023-12-22T12:07:56.375251552,BATCH-G-20231222
REV-00028814,SKU-0009480,user_19769,David Brooks,5,   Fast  delivery  and  great  quality.   ,2023-09-02,False,POSITIVE,2,SOURCE_G_REVIEWS,reviews_2023.csv,2023-09-02T21:25:25.324100164,BATCH-G-20230902
REV-00028817,SKU-0006006,user_9029275,Autumn,3,"Poor packaging, item was defective.",2023-05-27,True,NEGATIVE,2,SOURCE_G_REVIEWS,reviews_2023.csv,2023-05-27T00:59:48.521779793,BATCH-G-20230527
REV-00028826,SKU-0010138,user_9031405,Jacqueline Horne,4,"   Livraison  très  lente,  déçu.  Solid  build  quality,  no  complaints.   ",2023-04-06,True,POSITIVE,2,SOURCE_G_REVIEWS,reviews_2023.csv,2023-04-06T21:41:42.368357181,BATCH-G-20230406
REV-00028835,SKU-0008922,,Anonymous,4,"Exactly as described, very happy.",2023-07-11,True,POSITIVE,1,SOURCE_G_REVIEWS,reviews_2023.csv,2023-07-12T05:48:46.860350914,BATCH-G-20230711
REV-00028836,SKU-0019910,user_60195,Derek Dennis,3,"Not bad, not great either.",2023-08-11,True,NEUTRAL,2,SOURCE_G_REVIEWS,reviews_2023.csv,2023-08-11T09:50:03.734649188,BATCH-G-20230811
REV-00028838,SKU-0015216,user_9034930,Jamie Perez,5,Highly recommend this product.,2023-01-20,True,POSITIVE,4,SOURCE_G_REVIEWS,reviews_2023.csv,2023-01-21T01:38:21.567913732,BATCH-G-20230120
REV-00028841,SKU-0010231,user_9031638,Emily Ibarra,3,"Waste of money, do not buy.",2023-01-25,False,NEGATIVE,14,SOURCE_G_REVIEWS,reviews_2023.csv,2023-01-25T01:58:02.139907696,BATCH-G-20230125
REV-00028855,SKU-0019603,user_9033894,Douglas Wilson,5,Highly recommend this product.,2023-12-23,False,POSITIVE,6,SOURCE_G_REVIEWS,reviews_2023.csv,2023-12-23T20:21:05.624030199,BATCH-G-20231223
REV-00028864,SKU-0014592,user_9025615,Debra Mitchell,3,Works fine but delivery was slow.,2023-10-24,True,NEUTRAL,4,SOURCE_G_REVIEWS,reviews_2023.csv,2023-10-24T01:44:30.515224202,BATCH-G-20231024
REV-00028884,SKU-0016515,,Anonymous,4,No cumplió mis expectativas. 😡,2023-03-01,True,POSITIVE,1,SOURCE_G_REVIEWS,reviews_2023.csv,2023-03-01T17:41:07.940993571,BATCH-G-20230301
REV-00028885,SKU-0003582,user_7127,Jacob,4,Very disappointed with the quality.,2023-05-26,True,NEGATIVE,1,SOURCE_G_REVIEWS,reviews_2023.csv,2023-05-26T20:03:14.629444239,BATCH-G-20230526
REV-00028905,SKU-0008334,user_8710,Justin Smith,-1,Better than I expected for the price.,2023-07-22,True,POSITIVE,0,SOURCE_G_REVIEWS,reviews_2023.csv,2023-07-22T00:44:03.873879189,BATCH-G-20230722
REV-00028906,SKU-0003748,user_9027949,Jessica Moore,5,"Exactly as described, very happy.",2023-08-21,True,POSITIVE,0,SOURCE_G_REVIEWS,reviews_2023.csv,2023-08-24T20:00:00,BATCH-G-20230821
REV-00028913,SKU-0017982,user_4309,Carol Jones,3,Excellent rapport qualité-prix. 😢,2023-12-22,True,NEUTRAL,0,SOURCE_G_REVIEWS,reviews_2023.csv,2023-12-22T12:51:35.048369033,BATCH-G-20231222
REV-00028916,SKU-9932542,,Anonymous,5,Great value for money.,2023-09-30,False,POSITIVE,4,SOURCE_G_REVIEWS,reviews_2023.csv,2023-09-30T09:15:26.647008645,BATCH-G-20230930
REV-00028920,SKU-0004252,user_9029238,Dawn Ramsey,5,"Exactly as described, very happy.",2023-01-15,True,POSITIVE,0,SOURCE_G_REVIEWS,reviews_2023.csv,2023-01-15T12:33:56.978304354,BATCH-G-20230115
REV-00028927,SKU-0015284,user_51086,Bradley Wagner,5,"Absolutely love it, works perfectly!",2023-11-09,False,POSITIVE,0,SOURCE_G_REVIEWS,reviews_2023.csv,2023-11-09T23:59:47.145008285,BATCH-G-20231109
REV-00028928,SKU-0003042,user_9004907,Jason,5,"Perfect gift, they loved it!",2023-01-16,False,POSITIVE,8,SOURCE_G_REVIEWS,reviews_2023.csv,2023-01-16T08:39:16.641121126,BATCH-G-20230116
REV-00028949,SKU-0018150,user_9027949,Jessica Moore,5,Decent but overpriced a bit.,2023-12-15,False,NEUTRAL,4,SOURCE_G_REVIEWS,reviews_2023.csv,2023-12-15T03:51:29.163809324,BATCH-G-20231215
REV-00028955,SKU-0004215,user_9026481,Shelby Chandler,1,"Poor packaging, item was defective.",2023-06-17,False,NEGATIVE,0,SOURCE_G_REVIEWS,reviews_2023.csv,2023-06-17T09:14:37.139991263,BATCH-G-20230617
REV-00028975,SKU-0003402,user_9007910,Pam Martin,4,"   Perfect  gift,  they  loved  it!   ",2023-04-06,False,POSITIVE,0,SOURCE_G_REVIEWS,reviews_2023.csv,2023-04-06T04:19:52.587409278,BATCH-G-20230406
REV-00028977,SKU-0005928,user_32205,Melissa,2,"Livraison très lente, déçu. 😀",2023-07-31,True,NEGATIVE,6,SOURCE_G_REVIEWS,reviews_2023.csv,2023-07-31T17:06:40.742796541,BATCH-G-20230731
REV-00028980,SKU-0001490,user_27253,Ryan Smith,4,"Livraison très lente, déçu.",2023-04-08,True,POSITIVE,0,SOURCE_G_REVIEWS,reviews_2023.csv,2023-04-09T02:29:29.973916913,BATCH-G-20230408
REV-00028996,SKU-0017174,user_9011526,Mary Diaz,3,Decent but overpriced a bit.,2023-11-25,False,NEUTRAL,1,SOURCE_G_REVIEWS,reviews_2023.csv,2023-11-25T14:17:40.500862019,BATCH-G-20231125
REV-00029002,SKU-0014534,user_9018229,Joseph,4,Fast delivery and great quality.,2023-01-20,True,POSITIVE,1,SOURCE_G_REVIEWS,reviews_2023.csv,2023-01-20T04:58:40.322813464,BATCH-G-20230120
REV-00029004,SKU-0020103,user_9034412,Michael,2,Very disappointed with the quality.,2023-07-16,True,NEGATIVE,4,SOURCE_G_REVIEWS,reviews_2023.csv,2023-07-17T04:32:53.651770202,BATCH-G-20230716
REV-00029011,SKU-0019284,user_59841,Cheryl Hahn,1,   Stopped  working  after  a  week.   ,2023-06-21,False,NEGATIVE,1,SOURCE_G_REVIEWS,reviews_2023.csv,2023-06-21T09:21:23.483716237,BATCH-G-20230621
REV-00029015,SKU-0011255,user_9024921,Amanda Best,5,Highly recommend this product.,2023-09-19,True,POSITIVE,4,SOURCE_G_REVIEWS,reviews_2023.csv,2023-09-19T21:28:04.330867957,BATCH-G-20230919
REV-00029033,SKU-0011215,,Anonymous,4,"Perfect gift, they loved it!",2023-08-06,False,POSITIVE,0,SOURCE_G_REVIEWS,reviews_2023.csv,2023-08-06T22:23:46.557336182,BATCH-G-20230806
REV-00029042,SKU-0008086,,Anonymous,4,Better than I expected for the price.,2023-12-01,True,POSITIVE,4,SOURCE_G_REVIEWS,reviews_2023.csv,2023-12-01T04:29:43.791379514,BATCH-G-20231201
REV-00029044,SKU-0002250,user_16522,James,3,"Average quality, nothing special. 🔥😡",2023-05-01,False,NEUTRAL,0,SOURCE_G_REVIEWS,reviews_2023.csv,2023-05-02T05:44:20.336638291,BATCH-G-20230501
REV-00029048,SKU-0019704,user_9005916,Sara,4,"Solid build quality, no complaints.",2023-05-10,True,POSITIVE,1,SOURCE_G_REVIEWS,reviews_2023.csv,2023-05-10T21:05:40.300101106,BATCH-G-20230510
REV-00029063,SKU-0000511,user_9022452,Richard Frazier,4,Highly recommend this product.,2023-11-27,True,POSITIVE,1,SOURCE_G_REVIEWS,reviews_2023.csv,2023-11-27T02:01:47.919386062,BATCH-G-20231127
REV-00029071,SKU-0009003,user_68181,Melissa Lane,1,Wrong item was shipped to me.,2023-09-01,True,NEGATIVE,1,SOURCE_G_REVIEWS,reviews_2023.csv,2023-09-01T20:45:04.286202827,BATCH-G-20230901
REV-00029080,SKU-0013730,user_69265,Gabriella White,1,"Cheaply made, broke immediately.",2023-12-18,False,NEGATIVE,0,SOURCE_G_REVIEWS,reviews_2023.csv,2023-12-18T01:31:44.796652078,BATCH-G-20231218
REV-00029082,SKU-0008780,user_19234,Erin Horton,5,गुणवत्ता ठीक नहीं थी।,2023-08-13,True,POSITIVE,4,SOURCE_G_REVIEWS,reviews_2023.csv,2023-08-14T00:49:13.724202895,BATCH-G-20230813
REV-00029093,SKU-0016397,,Anonymous,4,"Solid build quality, no complaints.",2023-01-30,True,POSITIVE,1,SOURCE_G_REVIEWS,reviews_2023.csv,2023-01-30T10:47:43.828323999,BATCH-G-20230130
REV-00029098,SKU-9924429,user_58538,Justin Bowman,4,Fast delivery and great quality.,2023-09-08,True,POSITIVE,2,SOURCE_G_REVIEWS,reviews_2023.csv,2023-09-09T00:15:02.315214073,BATCH-G-20230908
REV-00029103,SKU-0012557,user_9009748,Ricardo Moreno DVM,4,Great value for money.,2023-04-26,False,POSITIVE,0,SOURCE_G_REVIEWS,reviews_2023.csv,2023-04-26T11:54:56.209903394,BATCH-G-20230426
REV-00029114,SKU-0012163,user_22812,Carrie,4,Exceeded my expectations.,2023-07-31,False,POSITIVE,0,SOURCE_G_REVIEWS,reviews_2023.csv,2023-07-31T09:47:18.553425870,BATCH-G-20230731
REV-00029142,SKU-0000093,,Anonymous,1,"Poor packaging, item was defective.",2023-08-07,True,NEGATIVE,1,SOURCE_G_REVIEWS,reviews_2023.csv,2023-08-08T04:48:00.855710834,BATCH-G-20230807
REV-00029144,SKU-0000654,user_9000491,Sheena Carroll,1,Very disappointed with the quality.,2023-11-25,False,NEGATIVE,7,SOURCE_G_REVIEWS,reviews_2023.csv,2023-11-25T03:41:34.985368054,BATCH-G-20231125
REV-00029147,SKU-0000561,user_9023745,Joseph Rogers,3,"Not bad, not great either.",2023-05-18,True,NEUTRAL,6,SOURCE_G_REVIEWS,reviews_2023.csv,2023-05-18T04:45:56.242929001,BATCH-G-20230518
REV-00029159,SKU-0016476,user_9023238,Dana Lewis,4,"Absolutely love it, works perfectly!",2023-06-03,True,POSITIVE,0,SOURCE_G_REVIEWS,reviews_2023.csv,2023-06-03T12:25:41.649663436,BATCH-G-20230603
REV-00029161,SKU-0016749,,Anonymous,5,Better than I expected for the price.,2023-01-13,True,POSITIVE,2,SOURCE_G_REVIEWS,reviews_2023.csv,2023-01-13T14:05:41.656540587,BATCH-G-20230113
REV-00029162,SKU-0019656,,Anonymous,NA,"Exactly as described, very happy.",2023-08-27,False,POSITIVE,1,SOURCE_G_REVIEWS,reviews_2023.csv,2023-08-28T05:20:51.635082717,BATCH-G-20230827
REV-00029170,SKU-0013988,user_9014419,Cynthia Smith,5,Fast delivery and great quality.,2023-10-19,False,POSITIVE,2,SOURCE_G_REVIEWS,reviews_2023.csv,2023-10-19T03:52:23.679893090,BATCH-G-20231019
REV-00029173,SKU-0011776,user_65079,Sarah Brady,2,Arrived damaged and support was unhelpful.,2023-12-09,False,NEGATIVE,5,SOURCE_G_REVIEWS,reviews_2023.csv,2023-12-09T16:19:33.049296128,BATCH-G-20231209
REV-00029174,SKU-0009472,,Anonymous,3,"Matches the description, no issues.",2023-03-04,False,NEUTRAL,1,SOURCE_G_REVIEWS,reviews_2023.csv,2023-03-05T01:57:16.235680884,BATCH-G-20230304
REV-00029186,SKU-0014840,,Anonymous,1,Wrong item was shipped to me. 😍,2023-07-24,True,NEGATIVE,4,SOURCE_G_REVIEWS,reviews_2023.csv,2023-07-24T04:02:32.590503773,BATCH-G-20230724
REV-00029203,SKU-9986209,user_9005316,Benjamin Rojas,3,"   It's  okay,  does  the  job.   ",2023-11-14,True,NEUTRAL,0,SOURCE_G_REVIEWS,reviews_2023.csv,2023-11-15T00:25:26.825916274,BATCH-G-20231114
REV-00029204,SKU-0015695,user_13101,Sean,5,"   Exactly  as  described,  very  happy.   ",2023-02-12,False,POSITIVE,12,SOURCE_G_REVIEWS,reviews_2023.csv,2023-02-13T03:55:37.486039367,BATCH-G-20230212
REV-00029233,SKU-0005735,user_9016518,Laura Randall,4,"Absolutely love it, works perfectly!",2023-05-16,False,POSITIVE,4,SOURCE_G_REVIEWS,reviews_2023.csv,2023-05-16T02:56:04.191500644,BATCH-G-20230516
REV-00029239,SKU-0002218,user_9020052,Crystal,5,Great value for money. 🔥🙏,2023-12-12,False,POSITIVE,0,SOURCE_G_REVIEWS,reviews_2023.csv,2023-12-12T14:59:28.770039539,BATCH-G-20231212
REV-00029241,SKU-0000795,user_9014826,Jason Johnson,4,Will definitely buy again.,2023-10-22,True,POSITIVE,1,SOURCE_G_REVIEWS,reviews_2023.csv,2023-10-22T19:13:12.744737182,BATCH-G-20231022
REV-00029244,SKU-0013545,user_9028304,Courtney Lambert,4,"Solid build quality, no complaints.",2023-04-10,True,POSITIVE,8,SOURCE_G_REVIEWS,reviews_2023.csv,2023-04-10T17:32:01.599459935,BATCH-G-20230410
REV-00029267,SKU-0011447,,Anonymous,5,Exceeded my expectations.,2023-08-20,True,POSITIVE,2,SOURCE_G_REVIEWS,reviews_2023.csv,2023-08-20T04:23:45.838824590,BATCH-G-20230820
REV-00029269,SKU-0007389,user_9011085,Cody Scott,5,Better than I expected for the price.,2023-01-14,False,POSITIVE,1,SOURCE_G_REVIEWS,reviews_2023.csv,2023-01-14T15:54:41.401027064,BATCH-G-20230114
REV-00029278,SKU-0003657,user_46042,Joseph,7,Exceeded my expectations.,2023-11-29,False,POSITIVE,8,SOURCE_G_REVIEWS,reviews_2023.csv,2023-11-29T03:22:16.264387203,BATCH-G-20231129
REV-00029285,SKU-0015420,,Anonymous,5,Highly recommend this product. 🙏,2023-12-16,True,POSITIVE,6,SOURCE_G_REVIEWS,reviews_2023.csv,2023-12-16T22:12:14.787071091,BATCH-G-20231216
REV-00029299,SKU-0018546,user_13478,Jennifer,5,Highly recommend this product.,2023-12-17,True,POSITIVE,9,SOURCE_G_REVIEWS,reviews_2023.csv,2023-12-17T01:53:45.763978147,BATCH-G-20231217
REV-00029300,SKU-0014786,,Anonymous,Unknown,<i>edited</i>Will definitely buy again.<p>,2023-01-27,True,POSITIVE,0,SOURCE_G_REVIEWS,reviews_2023.csv,2023-01-27T17:59:36.797217792,BATCH-G-20230127
REV-00029302,SKU-0018591,user_54806,Kathryn Hoffman,5,Better than I expected for the price.,2023-01-09,True,POSITIVE,7,SOURCE_G_REVIEWS,reviews_2023.csv,2023-01-09T07:18:48.564540580,BATCH-G-20230109
REV-00029304,SKU-9926316,user_53554,Carol,4,"Absolutely love it, works perfectly!",2023-12-21,True,POSITIVE,1,SOURCE_G_REVIEWS,reviews_2023.csv,2023-12-22T05:31:38.053309340,BATCH-G-20231221
REV-00029312,SKU-0006612,user_9033145,Billy Thompson,4,Highly recommend this product.,2023-08-28,False,POSITIVE,1,SOURCE_G_REVIEWS,reviews_2023.csv,2023-08-28T03:33:56.529996143,BATCH-G-20230828
REV-00029314,SKU-0013887,,Anonymous,5,Better than I expected for the price.,2023-12-22,False,POSITIVE,0,SOURCE_G_REVIEWS,reviews_2023.csv,2023-12-22T08:09:16.493450067,BATCH-G-20231222
REV-00029319,SKU-0019499,user_9018523,Angela Gonzalez,3,"Matches the description, no issues.",2023-02-16,True,NEUTRAL,1,SOURCE_G_REVIEWS,reviews_2023.csv,2023-02-17T01:34:31.642166523,BATCH-G-20230216
REV-00029320,SKU-0011994,user_9022833,Amy Long,5,"<b>Update:</b>Solid build quality, no complaints.</p>",2023-10-15,False,POSITIVE,1,SOURCE_G_REVIEWS,reviews_2023.csv,2023-10-15T15:16:21.548506765,BATCH-G-20231015
REV-00029328,SKU-0008108,user_9014233,Derek Bonilla,3,"   Not  bad,  not  great  either.   ",2023-06-20,True,NEUTRAL,3,SOURCE_G_REVIEWS,reviews_2023.csv,2023-06-20T03:37:37.642978541,BATCH-G-20230620
REV-00029346,SKU-0008349,user_9004884,Amanda Bowman,4,"   Perfect  gift,  they  loved  it!   ",2023-10-29,True,POSITIVE,5,SOURCE_G_REVIEWS,reviews_2023.csv,2023-10-29T01:27:15.934082674,BATCH-G-20231029
REV-00029348,SKU-0011893,user_9033031,Thomas Wilson,3,"Poor packaging, item was defective.",2023-12-17,False,NEGATIVE,1,SOURCE_G_REVIEWS,reviews_2023.csv,2023-12-18T04:33:02.877376063,BATCH-G-20231217
REV-00029357,SKU-0002482,user_62294,Kristin Walls,5,"   Exactly  as  described,  very  happy.   ",2023-08-21,False,POSITIVE,4,SOURCE_G_REVIEWS,reviews_2023.csv,2023-08-21T05:35:01.434228533,BATCH-G-20230821
REV-00029363,SKU-9964231,user_9009879,John Jones,5,"Exactly as described, very happy.",2023-01-06,True,POSITIVE,1,SOURCE_G_REVIEWS,reviews_2023.csv,2023-01-07T05:18:50.575719724,BATCH-G-20230106
REV-00029365,SKU-0009692,user_9034463,Scott Parsons,3,"Not bad, not great either.",2023-03-30,True,NEUTRAL,4,SOURCE_G_REVIEWS,reviews_2023.csv,2023-03-30T20:59:34.441458802,BATCH-G-20230330
REV-00029369,SKU-0010791,user_23868,Elaine Day,2,"Muy buen producto, lo recomiendo.",2023-03-17,False,NEGATIVE,7,SOURCE_G_REVIEWS,reviews_2023.csv,2023-03-17T21:23:54.879107081,BATCH-G-20230317
REV-00029369-BOT,SKU-0010791,user_9026150,Joshua Harris,2,"Muy buen producto, lo recomiendo.",2023-03-17,False,NEGATIVE,0,SOURCE_G_REVIEWS,reviews_2023.csv,2023-03-17T21:23:54.879107081,BATCH-G-20230317
REV-00029385,SKU-0010894,,Anonymous,4,Better than I expected for the price.,2023-10-26,True,POSITIVE,3,SOURCE_G_REVIEWS,reviews_2023.csv,2023-11-15T08:00:00,BATCH-G-20231026
REV-00029394,SKU-0004264,user_9020821,Lindsey Stanley,4,Fast delivery and great quality.,2023-01-14,False,POSITIVE,2,SOURCE_G_REVIEWS,reviews_2023.csv,2023-01-14T03:18:32.844825946,BATCH-G-20230114
REV-00029404,SKU-0005480,user_21576,Alex Davis,2,Arrived damaged and support was unhelpful.,2023-10-28,True,NEGATIVE,1,SOURCE_G_REVIEWS,reviews_2023.csv,2023-10-29T01:58:15.233778555,BATCH-G-20231028
REV-00029408,SKU-0006703,,Anonymous,1,Very disappointed with the quality.,2023-07-03,True,NEGATIVE,2,SOURCE_G_REVIEWS,reviews_2023.csv,2023-07-03T07:03:10.918228344,BATCH-G-20230703
REV-00029412,SKU-0007630,user_26141,Nicole,4,"Absolutely love it, works perfectly!",2023-01-01,False,POSITIVE,5,SOURCE_G_REVIEWS,reviews_2023.csv,2023-01-01T21:58:08.861437714,BATCH-G-20230101
REV-00029414,SKU-0016228,user_9004498,Catherine,5,"Perfect gift, they loved it!",2023-04-15,False,POSITIVE,4,SOURCE_G_REVIEWS,reviews_2023.csv,2023-04-15T13:34:06.138458110,BATCH-G-20230415
REV-00029441,SKU-0005623,user_69221,Nicholas Ramirez,0,"Exactly as described, very happy.",2023-08-07,True,POSITIVE,0,SOURCE_G_REVIEWS,reviews_2023.csv,2023-08-08T03:28:36.558706440,BATCH-G-20230807
REV-00029447,SKU-0014110,user_32569,Charles Bailey,2,Arrived damaged and support was unhelpful.,2023-06-28,True,NEGATIVE,7,SOURCE_G_REVIEWS,reviews_2023.csv,2023-06-29T04:50:17.882533871,BATCH-G-20230628
REV-00029457,SKU-0015685,user_39852,Jessica,4,"<b>Update:</b>Perfect gift, they loved it!<b>Update:</b>",2023-09-16,True,POSITIVE,3,SOURCE_G_REVIEWS,reviews_2023.csv,2023-09-16T01:14:59.045852949,BATCH-G-20230916
REV-00029470,SKU-0013232,user_15857,Jacqueline Cohen,5,Fast delivery and great quality.,2023-08-28,False,POSITIVE,5,SOURCE_G_REVIEWS,reviews_2023.csv,2023-08-28T13:15:29.329309238,BATCH-G-20230828
REV-00029473,SKU-0001605,user_45078,Jennifer,5,"Absolutely love it, works perfectly!",2023-02-12,True,POSITIVE,2,SOURCE_G_REVIEWS,reviews_2023.csv,2023-02-12T22:19:55.207834941,BATCH-G-20230212
REV-00029486,SKU-0004150,user_9025061,Virginia,4,Fast delivery and great quality.,2023-01-27,True,POSITIVE,0,SOURCE_G_REVIEWS,reviews_2023.csv,2023-01-28T05:40:34.780415298,BATCH-G-20230127
REV-00029502,SKU-0016588,user_37490,Shannon Garcia,3,"Matches the description, no issues.",2023-08-26,False,NEUTRAL,1,SOURCE_G_REVIEWS,reviews_2023.csv,2023-08-26T05:27:49.766396225,BATCH-G-20230826
REV-00029510,SKU-0011883,user_9026735,Michelle Ellis,?,Great value for money.,2023-12-05,True,POSITIVE,3,SOURCE_G_REVIEWS,reviews_2023.csv,2023-12-05T23:53:24.842766334,BATCH-G-20231205
REV-00029540,SKU-0007657,user_24772,Stephanie,5,Better than I expected for the price.,2023-05-21,True,POSITIVE,2,SOURCE_G_REVIEWS,reviews_2023.csv,2023-05-21T14:32:36.992942739,BATCH-G-20230521
REV-00029550,SKU-0008510,user_67717,Russell,5,Highly recommend this product.,2023-09-30,True,POSITIVE,7,SOURCE_G_REVIEWS,reviews_2023.csv,2023-09-30T20:17:11.984641852,BATCH-G-20230930
REV-00029552,SKU-0010068,user_50857,Adam Marshall,4,"Solid build quality, no complaints.",2023-07-12,False,POSITIVE,0,SOURCE_G_REVIEWS,reviews_2023.csv,2023-07-12T13:01:38.742765814,BATCH-G-20230712
REV-00029555,SKU-0012130,,Anonymous,4,Better than I expected for the price.,2023-07-04,True,POSITIVE,2,SOURCE_G_REVIEWS,reviews_2023.csv,2023-07-04T12:52:27.314500558,BATCH-G-20230704
REV-00029560,SKU-0004102,user_26033,Heidi Roberts,2,"Poor packaging, item was defective.",2023-01-14,True,NEGATIVE,0,SOURCE_G_REVIEWS,reviews_2023.csv,2023-01-14T18:38:58.291910972,BATCH-G-20230114
REV-00029565,SKU-0018360,user_57705,Virginia Wilson,5,Great value for money.,2023-03-29,True,POSITIVE,1,SOURCE_G_REVIEWS,reviews_2023.csv,2023-03-29T13:39:14.519039517,BATCH-G-20230329
REV-00029577,SKU-0005692,user_48170,Ricky Ponce,5,   Will  definitely  buy  again.   ,2023-07-11,True,POSITIVE,1,SOURCE_G_REVIEWS,reviews_2023.csv,2023-07-11T20:32:30.180909667,BATCH-G-20230711
REV-00029586,SKU-0005415,user_60266,James,4,Will definitely buy again.,2023-06-15,False,POSITIVE,2,SOURCE_G_REVIEWS,reviews_2023.csv,2023-06-15T18:15:01.520748919,BATCH-G-20230615
REV-00029589,SKU-0013551,user_884,Joseph Martin,5,"Perfect gift, they loved it!",2023-03-26,True,POSITIVE,0,SOURCE_G_REVIEWS,reviews_2023.csv,2023-03-26T13:52:30.870660076,BATCH-G-20230326
REV-00029598,SKU-0002762,user_52349,Jennifer Smith,4,"Solid build quality, no complaints.",2023-10-03,False,POSITIVE,0,SOURCE_G_REVIEWS,reviews_2023.csv,2023-10-03T07:45:00.568094507,BATCH-G-20231003
REV-00029626,SKU-0016848,user_48291,Casey Kramer,5,"<p>Exactly as described, very happy.<br>",2023-06-25,True,POSITIVE,1,SOURCE_G_REVIEWS,reviews_2023.csv,2023-06-25T04:04:19.375187358,BATCH-G-20230625
REV-00029635,SKU-0019887,user_14024,Bobby Smith,4,"Poor packaging, item was defective.",2023-09-16,True,NEGATIVE,2,SOURCE_G_REVIEWS,reviews_2023.csv,2023-09-16T22:19:31.709850510,BATCH-G-20230916
REV-00029640,SKU-0004488,user_9031539,Michael Owens,5,"गुणवत्ता ठीक नहीं थी। Absolutely love it, works perfectly!",2023-10-07,False,POSITIVE,3,SOURCE_G_REVIEWS,reviews_2023.csv,2023-10-07T17:58:23.384784574,BATCH-G-20231007
REV-00029643,SKU-0011734,user_9031446,Carrie Robles,3,"   It's  okay,  does  the  job.   ",2023-01-01,False,NEUTRAL,0,SOURCE_G_REVIEWS,reviews_2023.csv,2023-01-01T23:58:06.237330288,BATCH-G-20230101
REV-00029649,SKU-0008039,user_9021630,Manuel Thomas,3,"Matches the description, no issues.",2023-11-27,False,NEUTRAL,3,SOURCE_G_REVIEWS,reviews_2023.csv,2023-11-28T04:59:38.044655255,BATCH-G-20231127
REV-00029654,SKU-0016052,user_9001128,Madison,4,Great value for money.,2023-09-28,True,POSITIVE,2,SOURCE_G_REVIEWS,reviews_2023.csv,2023-09-28T11:46:37.626891471,BATCH-G-20230928
REV-00029655,SKU-0009954,user_53585,Patrick Valdez,5,Highly recommend this product.,2023-12-25,False,POSITIVE,8,SOURCE_G_REVIEWS,reviews_2023.csv,2023-12-25T20:33:15.821652321,BATCH-G-20231225
REV-00029660,SKU-9994571,,Anonymous,2,"Poor packaging, item was defective.",2023-02-24,True,NEGATIVE,1,SOURCE_G_REVIEWS,reviews_2023.csv,2023-02-24T18:43:01.540967413,BATCH-G-20230224
REV-00029661,SKU-0016915,,Anonymous,5,"Perfect gift, they loved it!",2023-04-08,True,POSITIVE,1,SOURCE_G_REVIEWS,reviews_2023.csv,2023-04-08T04:19:41.767906846,BATCH-G-20230408
REV-00029662,SKU-0012332,,Anonymous,3,Decent but overpriced a bit.,2023-03-21,True,NEUTRAL,0,SOURCE_G_REVIEWS,reviews_2023.csv,2023-03-21T17:17:42.416316979,BATCH-G-20230321
REV-00029669,SKU-0006694,,Anonymous,4,Better than I expected for the price.,2023-03-18,True,POSITIVE,1,SOURCE_G_REVIEWS,reviews_2023.csv,2023-03-18T14:16:24.139248866,BATCH-G-20230318
REV-00029671,SKU-0012248,user_9022906,Ryan,5,"Absolutely love it, works perfectly!",2023-09-09,True,POSITIVE,5,SOURCE_G_REVIEWS,reviews_2023.csv,2023-09-09T20:27:02.085552482,BATCH-G-20230909
REV-00029674,SKU-0010956,,Anonymous,5,Fast delivery and great quality.,2023-08-10,False,POSITIVE,5,SOURCE_G_REVIEWS,reviews_2023.csv,2023-08-10T00:53:31.976796903,BATCH-G-20230810
REV-00029674-DUP,SKU-0010956,,Anonymous,5,Fast delivery and great quality.,2023-08-10,False,POSITIVE,5,SOURCE_G_REVIEWS,reviews_2023.csv,2023-08-10T01:24:31.976796903,BATCH-G-20230810
REV-00029684,SKU-0015722,,Anonymous,5,Fast delivery and great quality.,2023-11-14,False,POSITIVE,6,SOURCE_G_REVIEWS,reviews_2023.csv,2023-11-14T14:38:46.116255267,BATCH-G-20231114
REV-00029690,SKU-0010935,user_44039,Brandi Evans,5,Arrived damaged and support was unhelpful.,2023-11-01,True,NEGATIVE,4,SOURCE_G_REVIEWS,reviews_2023.csv,2023-11-01T19:48:44.174467614,BATCH-G-20231101
REV-00029691,SKU-0003055,,Anonymous,5,Better than I expected for the price.,2023-12-22,True,POSITIVE,11,SOURCE_G_REVIEWS,reviews_2023.csv,2023-12-23T02:34:34.216630453,BATCH-G-20231222
REV-00029694,SKU-0016243,user_28418,Jennifer Graves,4,Not as described at all.,2023-06-06,False,NEGATIVE,0,SOURCE_G_REVIEWS,reviews_2023.csv,2023-06-06T06:29:09.392770362,BATCH-G-20230606
REV-00029695,SKU-0004606,user_58572,Barbara Hall,4,Great value for money.,2023-03-01,False,POSITIVE,2,SOURCE_G_REVIEWS,reviews_2023.csv,2023-03-01T15:51:35.949463646,BATCH-G-20230301
REV-00029696,SKU-0005680,user_9010075,Samantha Garza,5,Exceeded my expectations. 😡,2023-02-28,True,POSITIVE,5,SOURCE_G_REVIEWS,reviews_2023.csv,2023-02-28T15:45:39.296829066,BATCH-G-20230228
REV-00029701,SKU-0004956,user_9025339,Jesse,5,"Absolutely love it, works perfectly!",2023-11-13,True,POSITIVE,4,SOURCE_G_REVIEWS,reviews_2023.csv,2023-11-13T05:53:33.372514705,BATCH-G-20231113
REV-00029715,SKU-9975652,user_52335,Thomas Riggs,1,"Poor packaging, item was defective.",2023-07-17,True,NEGATIVE,1,SOURCE_G_REVIEWS,reviews_2023.csv,2023-07-17T23:56:13.311425684,BATCH-G-20230717
REV-00029719,SKU-0008597,user_9003815,Gavin Mills,5,"Solid build quality, no complaints.",2023-01-24,False,POSITIVE,0,SOURCE_G_REVIEWS,reviews_2023.csv,2023-01-24T14:30:21.493806122,BATCH-G-20230124
REV-00029726,SKU-9916526,user_7141,John,4,Will definitely buy again.,2023-03-03,False,POSITIVE,3,SOURCE_G_REVIEWS,reviews_2023.csv,2023-03-03T18:34:44.966941958,BATCH-G-20230303
REV-00029734,SKU-0007174,,Anonymous,5,Better than I expected for the price.,2023-12-03,False,POSITIVE,0,SOURCE_G_REVIEWS,reviews_2023.csv,2023-12-03T05:50:13.263013395,BATCH-G-20231203
REV-00029758,SKU-0017699,user_28023,Melissa,1,गुणवत्ता ठीक नहीं थी।,2023-01-17,True,NEGATIVE,1,SOURCE_G_REVIEWS,reviews_2023.csv,2023-01-17T10:37:41.410229307,BATCH-G-20230117
REV-00029769,SKU-0014118,user_9027798,Matthew May,3,"Not bad, not great either.",2023-02-25,False,NEUTRAL,2,SOURCE_G_REVIEWS,reviews_2023.csv,2023-02-26T03:14:24.920980688,BATCH-G-20230225
REV-00029771,SKU-0000463,user_9013617,Joseph Riley,4,"</p>Perfect gift, they loved it!<b>Update:</b>",2023-08-18,False,POSITIVE,3,SOURCE_G_REVIEWS,reviews_2023.csv,2023-08-18T03:10:55.248707484,BATCH-G-20230818
REV-00029787,SKU-0011735,user_33539,Russell Anderson,5,"Absolutely love it, works perfectly!",2023-06-12,True,POSITIVE,1,SOURCE_G_REVIEWS,reviews_2023.csv,2023-06-13T05:55:59.832858980,BATCH-G-20230612
REV-00029793,SKU-0016162,user_61675,Kimberly,4,"Solid build quality, no complaints.",2023-03-09,True,POSITIVE,0,SOURCE_G_REVIEWS,reviews_2023.csv,2023-03-28T15:00:00,BATCH-G-20230309
REV-00029799,SKU-0008767,user_9001873,Sarah Smith,5,"Perfect gift, they loved it!",2023-08-17,True,POSITIVE,5,SOURCE_G_REVIEWS,reviews_2023.csv,2023-08-18T03:41:50.371464141,BATCH-G-20230817
REV-00029800,SKU-0006723,user_59929,Veronica,5,"Perfect gift, they loved it!",2023-09-04,True,POSITIVE,1,SOURCE_G_REVIEWS,reviews_2023.csv,2023-09-04T21:38:22.667272111,BATCH-G-20230904
REV-00029802,SKU-0010187,user_51632,Lisa Meyer,5,Better than I expected for the price.,2023-11-26,True,POSITIVE,2,SOURCE_G_REVIEWS,reviews_2023.csv,2023-11-26T21:29:55.942062266,BATCH-G-20231126
REV-00029828,SKU-0008534,user_9021719,Tara,1,"Waste of money, do not buy.",2023-01-07,True,NEGATIVE,3,SOURCE_G_REVIEWS,reviews_2023.csv,2023-01-07T17:26:27.703181303,BATCH-G-20230107
REV-00029830,SKU-0017350,user_9033067,Mercedes Foley,4,"Not bad, not great either.",2023-01-03,True,NEUTRAL,2,SOURCE_G_REVIEWS,reviews_2023.csv,2023-01-03T15:34:05.347381899,BATCH-G-20230103
REV-00029832,SKU-9957661,,Anonymous,5,"   Solid  build  quality,  no  complaints.   ",2023-08-04,False,POSITIVE,1,SOURCE_G_REVIEWS,reviews_2023.csv,2023-08-04T13:59:08.777289648,BATCH-G-20230804
REV-00029837,SKU-0005392,user_9018311,Dominique Smith,5,"Exactly as described, very happy.",2023-03-22,True,POSITIVE,0,SOURCE_G_REVIEWS,reviews_2023.csv,2023-03-22T05:38:12.814855975,BATCH-G-20230322
REV-00029863,SKU-0014604,user_9015059,Michael Ray,4,Fast delivery and great quality.,2023-09-13,False,POSITIVE,5,SOURCE_G_REVIEWS,reviews_2023.csv,2023-09-13T02:52:06.827016870,BATCH-G-20230913
REV-00029868,SKU-0013414,user_20775,Scott Gonzalez,3,"   It's  okay,  does  the  job.   ",2023-08-21,True,NEUTRAL,3,SOURCE_G_REVIEWS,reviews_2023.csv,2023-08-21T12:42:24.189531421,BATCH-G-20230821
REV-00029872,SKU-9959462,user_35117,Jason Brewer,3,Works fine but delivery was slow.,2023-10-25,True,NEUTRAL,0,SOURCE_G_REVIEWS,reviews_2023.csv,2023-10-25T06:55:26.474871155,BATCH-G-20231025
REV-00029876,SKU-0011225,,Anonymous,3,"It's okay, does the job.",2023-11-25,False,NEUTRAL,0,SOURCE_G_REVIEWS,reviews_2023.csv,2023-11-26T04:06:29.165234712,BATCH-G-20231125
REV-00029897,SKU-9925454,user_32927,Eric Richards,5,Highly recommend this product.,2023-12-16,False,POSITIVE,0,SOURCE_G_REVIEWS,reviews_2023.csv,2023-12-17T02:50:10.253401179,BATCH-G-20231216
REV-00029905,SKU-0015280,user_9006074,John Brown,5,Highly recommend this product.,2023-10-25,True,POSITIVE,1,SOURCE_G_REVIEWS,reviews_2023.csv,2023-10-25T04:41:37.175951736,BATCH-G-20231025
REV-00029914,SKU-0002543,user_63373,Raymond Wood,5,"Absolutely love it, works perfectly!",2023-12-10,True,POSITIVE,0,SOURCE_G_REVIEWS,reviews_2023.csv,2023-12-10T13:33:44.914477520,BATCH-G-20231210
REV-00029922,SKU-0008928,user_9034833,Brittany Johnson,2,Arrived damaged and support was unhelpful.,2023-08-12,True,NEGATIVE,5,SOURCE_G_REVIEWS,reviews_2023.csv,2023-08-13T02:32:16.164721016,BATCH-G-20230812
REV-00029931,SKU-0009750,user_9024490,Robert Singleton,5,Exceeded my expectations.,2023-11-12,False,POSITIVE,1,SOURCE_G_REVIEWS,reviews_2023.csv,2023-11-12T07:46:02.113257307,BATCH-G-20231112
REV-00029932,SKU-0003596,user_66900,Michelle Mitchell,5,Great value for money.,2023-01-29,False,POSITIVE,0,SOURCE_G_REVIEWS,reviews_2023.csv,2023-01-29T09:39:30.912059214,BATCH-G-20230129
REV-00029935,SKU-0001855,user_42641,Nicole Mills,5,Great value for money.,2023-09-29,True,POSITIVE,5,SOURCE_G_REVIEWS,reviews_2023.csv,2023-09-29T20:16:30.807791495,BATCH-G-20230929
REV-00029936,SKU-0008700,user_46805,Tracey Lamb,3,"Matches the description, no issues.",2023-05-11,False,NEUTRAL,0,SOURCE_G_REVIEWS,reviews_2023.csv,2023-05-11T04:56:04.162715029,BATCH-G-20230511
REV-00029939,SKU-0004549,user_9019043,Ryan,5,No cumplió mis expectativas. Fast delivery and great quality.,2023-03-12,False,POSITIVE,2,SOURCE_G_REVIEWS,reviews_2023.csv,2023-03-12T04:44:48.406654586,BATCH-G-20230312
REV-00029941,SKU-0006815,user_9002517,Jason Watson,5,Highly recommend this product.,2023-10-07,True,POSITIVE,1,SOURCE_G_REVIEWS,reviews_2023.csv,2023-10-08T02:13:37.240973482,BATCH-G-20231007
REV-00029947,SKU-0017522,user_9007619,Kimberly,4,Fast delivery and great quality.,2023-09-01,True,POSITIVE,2,SOURCE_G_REVIEWS,reviews_2023.csv,2023-09-01T09:34:02.814222036,BATCH-G-20230901
REV-00029948,SKU-0015591,user_33980,Lori Valentine,5,"Absolutely love it, works perfectly!",2023-08-29,True,POSITIVE,0,SOURCE_G_REVIEWS,reviews_2023.csv,2023-08-29T23:27:36.626710777,BATCH-G-20230829
REV-00029952,SKU-0010070,user_9025193,Cameron Martinez,4,"Exactly as described, very happy.",2023-07-27,True,POSITIVE,0,SOURCE_G_REVIEWS,reviews_2023.csv,2023-07-27T04:09:53.947488625,BATCH-G-20230727
REV-00029955,SKU-0019813,user_16551,Daniel Walker,5,Great value for money.,2023-04-04,False,POSITIVE,2,SOURCE_G_REVIEWS,reviews_2023.csv,2023-04-05T03:51:51.243858579,BATCH-G-20230404
REV-00029960,SKU-0001781,user_57247,Jeremy Martin,4,Highly recommend this product.,2023-12-15,False,POSITIVE,2,SOURCE_G_REVIEWS,reviews_2023.csv,2023-12-15T15:20:15.562633458,BATCH-G-20231215
REV-00029966,SKU-0007032,user_9034972,Michael,5,"Absolutely love it, works perfectly!",2023-12-16,False,POSITIVE,0,SOURCE_G_REVIEWS,reviews_2023.csv,2023-12-16T23:32:57.022081499,BATCH-G-20231216
REV-00029967,SKU-0000195,user_9029863,Andrew Marks,4,Will definitely buy again.,2023-08-27,True,POSITIVE,5,SOURCE_G_REVIEWS,reviews_2023.csv,2023-08-27T23:19:14.883050120,BATCH-G-20230827
REV-00029969,SKU-0010089,,Anonymous,5,Will definitely buy again. 😀⭐,2023-06-15,False,POSITIVE,10,SOURCE_G_REVIEWS,reviews_2023.csv,2023-06-15T22:02:58.414028103,BATCH-G-20230615
REV-00029973,SKU-0016217,user_43770,Grace,4,Fast delivery and great quality.,2023-12-15,False,POSITIVE,1,SOURCE_G_REVIEWS,reviews_2023.csv,2023-12-15T10:30:33.862917175,BATCH-G-20231215
REV-00029980,SKU-0004142,,Anonymous,4,Better than I expected for the price.,2023-10-05,True,POSITIVE,2,SOURCE_G_REVIEWS,reviews_2023.csv,2023-10-05T06:16:50.305718234,BATCH-G-20231005
REV-00029982,SKU-0008199,user_9000288,Michael Carrillo,4,Fast delivery and great quality.,2023-01-27,False,POSITIVE,0,SOURCE_G_REVIEWS,reviews_2023.csv,2023-01-27T08:26:43.070329861,BATCH-G-20230127
REV-00029985,SKU-0010865,,Anonymous,4,"Perfect gift, they loved it!",2023-06-23,True,POSITIVE,1,SOURCE_G_REVIEWS,reviews_2023.csv,2023-06-23T21:42:13.686213860,BATCH-G-20230623
REV-00030007,SKU-0019087,user_9985,Ethan Henry,4,Excellent rapport qualité-prix.,2023-05-05,False,POSITIVE,7,SOURCE_G_REVIEWS,reviews_2023.csv,2023-05-05T17:19:07.806192951,BATCH-G-20230505
REV-00030008,SKU-0015670,user_30514,Michael Martin,3,Works fine but delivery was slow.,2023-05-19,True,NEUTRAL,1,SOURCE_G_REVIEWS,reviews_2023.csv,2023-05-20T00:45:01.280645872,BATCH-G-20230519
REV-00030010,SKU-0013766,user_9019357,Tina Andrews,2,Arrived damaged and support was unhelpful.,2023-05-07,False,NEGATIVE,2,SOURCE_G_REVIEWS,reviews_2023.csv,2023-05-07T21:18:53.527752648,BATCH-G-20230507
REV-00030011,SKU-0000330,user_48182,Keith,4,Better than I expected for the price.,2023-02-25,True,POSITIVE,4,SOURCE_G_REVIEWS,reviews_2023.csv,2023-02-25T02:11:45.564326542,BATCH-G-20230225
REV-00030014,SKU-0013718,user_41000,Jessica Levy,5,"Excellent rapport qualité-prix. Absolutely love it, works perfectly!",2023-09-05,False,POSITIVE,0,SOURCE_G_REVIEWS,reviews_2023.csv,2023-09-05T03:01:56.783874192,BATCH-G-20230905
REV-00030016,SKU-9934151,,Anonymous,5,Better than I expected for the price.,2023-01-10,True,POSITIVE,3,SOURCE_G_REVIEWS,reviews_2023.csv,2023-01-10T20:33:48.257115189,BATCH-G-20230110
REV-00030019,SKU-0018913,user_9015987,Emily Flores,5,Will definitely buy again.,2023-07-05,True,POSITIVE,5,SOURCE_G_REVIEWS,reviews_2023.csv,2023-07-05T17:43:07.153807638,BATCH-G-20230705
REV-00030028,SKU-0019235,,Anonymous,5,No cumplió mis expectativas.,2023-07-11,False,POSITIVE,3,SOURCE_G_REVIEWS,reviews_2023.csv,2023-07-11T19:29:37.094131794,BATCH-G-20230711
REV-00030032,SKU-0002643,user_9033843,Jessica,4,Will definitely buy again.,2023-03-09,False,POSITIVE,7,SOURCE_G_REVIEWS,reviews_2023.csv,2023-03-09T18:03:57.653303844,BATCH-G-20230309
REV-00030033,SKU-0002729,user_9016109,Carolyn,4,"Exactly as described, very happy.",2023-10-07,False,POSITIVE,0,SOURCE_G_REVIEWS,reviews_2023.csv,2023-10-07T03:39:37.006879757,BATCH-G-20231007
REV-00030035,SKU-0015440,user_9017691,Regina,5,"   Muy  buen  producto,  lo  recomiendo.  Better  than  I  expected  for  the  price.   ",2023-04-09,True,POSITIVE,1,SOURCE_G_REVIEWS,reviews_2023.csv,2023-04-09T21:37:49.204451464,BATCH-G-20230409
REV-00030038,SKU-0006120,user_9024783,Miss,1,"बहुत अच्छा उत्पाद है, पैसा वसूल! 😍💯",2023-02-08,True,NEGATIVE,5,SOURCE_G_REVIEWS,reviews_2023.csv,2023-02-09T02:34:50.647698177,BATCH-G-20230208
REV-00030045,SKU-0015446,user_21587,Lisa Guzman MD,5,"No cumplió mis expectativas. Perfect gift, they loved it!",2023-01-20,True,POSITIVE,0,SOURCE_G_REVIEWS,reviews_2023.csv,2023-01-20T09:00:13.440137869,BATCH-G-20230120
REV-00030053,SKU-0001388,user_9011142,Autumn,3,"Average quality, nothing special.",2023-08-04,True,NEUTRAL,2,SOURCE_G_REVIEWS,reviews_2023.csv,2023-08-04T07:53:35.420093028,BATCH-G-20230804
REV-00030074,SKU-0004399,user_9020728,Jennifer Edwards,5,Fast delivery and great quality.,2023-02-11,False,POSITIVE,2,SOURCE_G_REVIEWS,reviews_2023.csv,2023-02-11T22:01:34.593184646,BATCH-G-20230211
REV-00030081,SKU-0014855,user_9015714,Teresa Johnson,5,Highly recommend this product.,2023-06-26,False,POSITIVE,7,SOURCE_G_REVIEWS,reviews_2023.csv,2023-06-26T20:08:48.174187386,BATCH-G-20230626
REV-00030088,SKU-0007300,user_44214,Christopher Bradley,4,"Perfect gift, they loved it!",2023-06-08,True,POSITIVE,1,SOURCE_G_REVIEWS,reviews_2023.csv,2023-06-09T04:25:34.231961479,BATCH-G-20230608
REV-00030089,SKU-0001968,user_9021313,Caitlin Adkins,5,   Fast  delivery  and  great  quality.   ,2023-02-05,True,POSITIVE,0,SOURCE_G_REVIEWS,reviews_2023.csv,2023-02-05T00:57:57.693997438,BATCH-G-20230205
REV-00030093,SKU-9964209,user_40141,Molly,5,Great value for money.,2023-10-22,True,POSITIVE,0,SOURCE_G_REVIEWS,reviews_2023.csv,2023-10-22T02:30:31.137583566,BATCH-G-20231022
REV-00030095,SKU-0015304,user_3710,Jeffrey Johnson,4,"Exactly as described, very happy. 🙏",2023-12-31,True,POSITIVE,4,SOURCE_G_REVIEWS,reviews_2023.csv,2023-12-31T15:09:57.066655400,BATCH-G-20231231
REV-00030097,SKU-0008658,user_63630,Kimberly Russell,4,"Perfect gift, they loved it!",2023-02-25,False,POSITIVE,0,SOURCE_G_REVIEWS,reviews_2023.csv,2023-02-26T01:09:17.650299253,BATCH-G-20230225
REV-00030114,SKU-0013904,,Anonymous,4,"Perfect gift, they loved it!",2023-06-12,True,POSITIVE,6,SOURCE_G_REVIEWS,reviews_2023.csv,2023-06-12T09:11:21.016653731,BATCH-G-20230612
REV-00030117,SKU-0016930,,Anonymous,5,NULL,2023-12-07,False,POSITIVE,8,SOURCE_G_REVIEWS,reviews_2023.csv,2023-12-08T01:57:14.646199245,BATCH-G-20231207
REV-00030124,SKU-0010795,user_57211,James,1,Very disappointed with the quality.,2023-06-15,True,NEGATIVE,0,SOURCE_G_REVIEWS,reviews_2023.csv,2023-06-15T17:13:59.126266422,BATCH-G-20230615
REV-00030136,SKU-0003193,user_9034728,Kayla Hebert,3,"Not bad, not great either.",2023-04-30,True,NEUTRAL,0,SOURCE_G_REVIEWS,reviews_2023.csv,2023-05-01T05:19:21.550584648,BATCH-G-20230430
REV-00030139,SKU-0017299,user_9027833,Elaine Nelson,1,"बहुत अच्छा उत्पाद है, पैसा वसूल!",2023-07-26,True,NEGATIVE,0,SOURCE_G_REVIEWS,reviews_2023.csv,2023-07-26T17:45:23.342164790,BATCH-G-20230726
REV-00030142,SKU-0008123,user_27569,Tony Bennett,1,"Poor packaging, item was defective.",2023-03-21,True,NEGATIVE,10,SOURCE_G_REVIEWS,reviews_2023.csv,2023-03-21T06:40:57.739122165,BATCH-G-20230321
REV-00030151,SKU-0019563,user_9009790,Victoria,3,"Matches the description, no issues.",2023-12-24,False,NEUTRAL,6,SOURCE_G_REVIEWS,reviews_2023.csv,2023-12-24T22:52:01.653079345,BATCH-G-20231224
REV-00030162,SKU-0013548,user_9009459,Joseph Bell,1,&nbsp;Very disappointed with the quality.<b>Update:</b>,2023-08-21,False,NEGATIVE,0,SOURCE_G_REVIEWS,reviews_2023.csv,2023-08-21T11:15:18.450185589,BATCH-G-20230821
REV-00030165,SKU-0019230,user_15319,Clayton Larson,4,Great value for money.,2023-08-02,False,POSITIVE,0,SOURCE_G_REVIEWS,reviews_2023.csv,2023-08-03T00:20:49.890286439,BATCH-G-20230802
REV-00030174,SKU-0015445,user_26759,Gary Hickman,4,Works fine but delivery was slow.,2023-10-04,False,NEUTRAL,2,SOURCE_G_REVIEWS,reviews_2023.csv,2023-10-05T04:09:16.415784358,BATCH-G-20231004
REV-00030175,SKU-0009888,user_42297,Sean,4,"Exactly as described, very happy.",2023-12-03,True,POSITIVE,1,SOURCE_G_REVIEWS,reviews_2023.csv,2023-12-03T19:34:16.324947695,BATCH-G-20231203
REV-00030187,SKU-0017806,user_34927,Ariana,3,Will definitely buy again. 🔥,2023-01-30,False,POSITIVE,0,SOURCE_G_REVIEWS,reviews_2023.csv,2023-01-30T23:21:25.332141522,BATCH-G-20230130
REV-00030196,SKU-0011542,user_54354,Elizabeth Scott,3,"It's okay, does the job.",2023-08-23,True,NEUTRAL,0,SOURCE_G_REVIEWS,reviews_2023.csv,2023-08-23T14:39:51.977713998,BATCH-G-20230823
REV-00030199,SKU-0013230,,Anonymous,4,No cumplió mis expectativas.,2023-09-13,False,POSITIVE,-1,SOURCE_G_REVIEWS,reviews_2023.csv,2023-09-13T13:54:37.490558166,BATCH-G-20230913
REV-00030203,SKU-0019659,user_21695,Traci Warner,4,"Exactly as described, very happy.",2023-10-24,True,POSITIVE,9,SOURCE_G_REVIEWS,reviews_2023.csv,2023-10-25T01:37:07.031272648,BATCH-G-20231024
REV-00030213,SKU-0003809,user_9012351,Alyssa Chan,4,Exceeded my expectations.,2023-04-16,False,POSITIVE,0,SOURCE_G_REVIEWS,reviews_2023.csv,2023-04-16T02:51:54.360782447,BATCH-G-20230416
REV-00030213-DUP,SKU-0003809,user_9012351,Alyssa Chan,4,Exceeded my expectations.,2023-04-16,False,POSITIVE,0,SOURCE_G_REVIEWS,reviews_2023.csv,2023-04-16T02:55:54.360782447,BATCH-G-20230416
REV-00030231,SKU-0012733,user_9004302,Johnny,,Stopped working after a week.,2023-07-03,False,NEGATIVE,0,SOURCE_G_REVIEWS,reviews_2023.csv,2023-07-04T05:29:38.970765626,BATCH-G-20230703
REV-00030232,SKU-0011670,,Anonymous,3,"   Not  bad,  not  great  either.   ",2023-04-28,True,NEUTRAL,1,SOURCE_G_REVIEWS,reviews_2023.csv,2023-04-28T00:51:39.620991929,BATCH-G-20230428
REV-00030240,SKU-0013036,user_9013110,Melanie Warner,4,Fast delivery and great quality.,2023-05-09,True,POSITIVE,6,SOURCE_G_REVIEWS,reviews_2023.csv,2023-05-09T07:48:59.137733885,BATCH-G-20230509
REV-00030247,SKU-0019848,user_18738,Amanda,4,Better than I expected for the price.,2023-07-27,True,POSITIVE,5,SOURCE_G_REVIEWS,reviews_2023.csv,2023-07-27T06:03:42.850072585,BATCH-G-20230727
REV-00030251,SKU-0014723,user_65851,Gary Mullins,5,Fast delivery and great quality.,2023-12-17,False,POSITIVE,0,SOURCE_G_REVIEWS,reviews_2023.csv,2023-12-18T03:33:25.836278971,BATCH-G-20231217
REV-00030267,SKU-0015836,user_39781,Matthew Ramirez,4,"Perfect gift, they loved it!",2023-09-03,False,POSITIVE,2,SOURCE_G_REVIEWS,reviews_2023.csv,2023-09-03T07:04:22.890515086,BATCH-G-20230903
REV-00030278,SKU-0015531,user_46125,Troy Bradley,1,Excellent rapport qualité-prix.,2023-01-05,True,NEGATIVE,1,SOURCE_G_REVIEWS,reviews_2023.csv,2023-01-05T18:17:23.173800451,BATCH-G-20230105
REV-00030282,SKU-9995117,user_24889,Charles Jacobs,4,"Perfect gift, they loved it!",2023-05-05,True,POSITIVE,10,SOURCE_G_REVIEWS,reviews_2023.csv,2023-05-05T15:53:56.815237757,BATCH-G-20230505
REV-00030293,SKU-0008448,user_9021853,James Blair,3,"Average quality, nothing special.",2023-01-20,False,NEUTRAL,1,SOURCE_G_REVIEWS,reviews_2023.csv,2023-01-20T16:56:59.262767258,BATCH-G-20230120
REV-00030294,SKU-0004923,user_25272,Andrew Taylor,5,Fast delivery and great quality.,2023-06-28,True,POSITIVE,1,SOURCE_G_REVIEWS,reviews_2023.csv,2023-06-28T04:31:12.426557126,BATCH-G-20230628
REV-00030306,SKU-0002310,user_12138,Christina,3,"Average quality, nothing special.",2023-07-12,True,NEUTRAL,3,SOURCE_G_REVIEWS,reviews_2023.csv,2023-07-12T11:48:38.089981235,BATCH-G-20230712
REV-00030317,SKU-0005518,user_62910,Brittany Sawyer,5,Highly recommend this product.,2023-12-21,False,POSITIVE,0,SOURCE_G_REVIEWS,reviews_2023.csv,2023-12-21T05:22:09.352194142,BATCH-G-20231221
REV-00030320,SKU-0009898,user_45948,Wendy,5,Exceeded my expectations.,2023-07-08,True,POSITIVE,4,SOURCE_G_REVIEWS,reviews_2023.csv,2023-07-08T22:31:39.667490052,BATCH-G-20230708
REV-00030323,SKU-0019147,user_14374,Mrs.,1,Very disappointed with the quality.,2023-06-01,False,NEGATIVE,1,SOURCE_G_REVIEWS,reviews_2023.csv,2023-06-01T23:17:42.416543493,BATCH-G-20230601
REV-00030332,SKU-0006318,,Anonymous,1,Wrong item was shipped to me.,2023-02-19,True,NEGATIVE,0,SOURCE_G_REVIEWS,reviews_2023.csv,2023-02-19T04:04:32.188271872,BATCH-G-20230219
REV-00030340,SKU-0007843,user_58676,Brian,5,Highly recommend this product.,2023-12-14,False,POSITIVE,5,SOURCE_G_REVIEWS,reviews_2023.csv,2023-12-14T05:34:37.386063025,BATCH-G-20231214
REV-00030344,SKU-0015218,user_42269,Tina,,"Solid build quality, no complaints.",2023-05-09,True,POSITIVE,6,SOURCE_G_REVIEWS,reviews_2023.csv,2023-05-09T06:03:55.059261032,BATCH-G-20230509
REV-00030346,SKU-0007667,user_9018290,Angelica Hudson,4,Highly recommend this product.,2023-08-08,True,POSITIVE,4,SOURCE_G_REVIEWS,reviews_2023.csv,2023-08-08T08:24:00.965837903,BATCH-G-20230808
REV-00030350,SKU-0011256,user_39819,Dennis,1,Wrong item was shipped to me.,2023-06-09,True,NEGATIVE,4,SOURCE_G_REVIEWS,reviews_2023.csv,2023-06-09T14:02:32.013546734,BATCH-G-20230609
REV-00030351,SKU-0004911,user_34101,Monica May,4,"Solid build quality, no complaints.",2023-04-28,True,POSITIVE,0,SOURCE_G_REVIEWS,reviews_2023.csv,2023-04-28T00:47:33.910418121,BATCH-G-20230428
REV-00030363,SKU-0018255,user_9012198,Amy Andrade,5,"Poor packaging, item was defective.",2023-06-01,True,NEGATIVE,0,SOURCE_G_REVIEWS,reviews_2023.csv,2023-06-02T04:06:37.504839727,BATCH-G-20230601
REV-00030383,SKU-0013474,user_8437,Daniel Bennett,2,Arrived damaged and support was unhelpful.,2023-01-21,False,NEGATIVE,0,SOURCE_G_REVIEWS,reviews_2023.csv,2023-01-21T07:17:56.561187614,BATCH-G-20230121
REV-00030389,SKU-0008849,user_62880,Amanda Palmer,1,"Waste of money, do not buy.",2023-09-05,True,NEGATIVE,0,SOURCE_G_REVIEWS,reviews_2023.csv,2023-09-06T05:02:44.749482601,BATCH-G-20230905
REV-00030390,SKU-0019638,user_9002952,Derrick Smith,4,Highly recommend this product.,2023-05-11,True,POSITIVE,0,SOURCE_G_REVIEWS,reviews_2023.csv,2023-05-11T03:13:03.816125813,BATCH-G-20230511
REV-00030391,SKU-0000888,user_28314,Carla,1,Not as described at all.,2023-02-14,False,NEGATIVE,1,SOURCE_G_REVIEWS,reviews_2023.csv,2023-02-14T23:10:33.548971890,BATCH-G-20230214
REV-00030401,SKU-0019848,user_47487,Aimee Perez,5,Will definitely buy again.,2023-05-22,False,POSITIVE,1,SOURCE_G_REVIEWS,reviews_2023.csv,2023-05-22T23:40:26.906150637,BATCH-G-20230522
REV-00030403,SKU-0016548,user_38628,Joshua Tate,4,Great value for money.,2023-11-25,False,POSITIVE,3,SOURCE_G_REVIEWS,reviews_2023.csv,2023-11-26T00:37:22.741399808,BATCH-G-20231125
REV-00030415,SKU-0007004,user_9027050,Deborah,5,NA,2023-10-11,True,POSITIVE,2,SOURCE_G_REVIEWS,reviews_2023.csv,2023-10-26T20:00:00,BATCH-G-20231011
REV-00030417,SKU-0009336,user_9016488,Michael,4,Will definitely buy again.,2023-04-15,False,POSITIVE,2,SOURCE_G_REVIEWS,reviews_2023.csv,2023-04-15T11:31:10.732062464,BATCH-G-20230415
REV-00030423,SKU-0016214,user_13366,Lisa,2,Not as described at all. 😀,2023-02-06,True,NEGATIVE,0,SOURCE_G_REVIEWS,reviews_2023.csv,2023-02-06T23:47:59.489604726,BATCH-G-20230206
REV-00030426,SKU-0000369,user_68035,Carla Miller,2,"Cheaply made, broke immediately. 😡",2023-09-30,False,NEGATIVE,3,SOURCE_G_REVIEWS,reviews_2023.csv,2023-09-30T13:04:08.205498302,BATCH-G-20230930
REV-00030427,SKU-0018258,,Anonymous,5,"Absolutely love it, works perfectly!",2023-03-08,True,POSITIVE,1,SOURCE_G_REVIEWS,reviews_2023.csv,2023-03-09T01:12:43.913522786,BATCH-G-20230308
REV-00030432,SKU-0011104,user_45003,Dana Frost,5,Better than I expected for the price.,2023-01-29,True,POSITIVE,0,SOURCE_G_REVIEWS,reviews_2023.csv,2023-01-30T00:54:39.392044479,BATCH-G-20230129
REV-00030435,SKU-0010482,user_9005646,Brian Davis,2,"Poor packaging, item was defective.",2023-10-02,True,NEGATIVE,10,SOURCE_G_REVIEWS,reviews_2023.csv,2023-10-02T04:05:51.079553112,BATCH-G-20231002
REV-00030461,SKU-0019636,user_9026809,Kara Ortega,5,"Absolutely love it, works perfectly!",2023-12-11,True,POSITIVE,1,SOURCE_G_REVIEWS,reviews_2023.csv,2023-12-12T01:44:31.865327313,BATCH-G-20231211
REV-00030466,SKU-0019828,user_49640,Timothy White,5,Fast delivery and great quality.,2023-11-23,True,POSITIVE,2,SOURCE_G_REVIEWS,reviews_2023.csv,2023-11-23T00:53:13.345411351,BATCH-G-20231123
REV-00030470,SKU-0011570,user_67965,Jennifer Woodward,4,"Absolutely love it, works perfectly!",2023-05-22,False,POSITIVE,3,SOURCE_G_REVIEWS,reviews_2023.csv,2023-05-22T22:56:18.377508414,BATCH-G-20230522
REV-00030470-BOT,SKU-0011570,user_39367,James,4,"Absolutely love it, works perfectly!",2023-05-22,False,POSITIVE,0,SOURCE_G_REVIEWS,reviews_2023.csv,2023-05-22T22:56:18.377508414,BATCH-G-20230522
REV-00030479,SKU-0005729,user_49128,Alexander Barron,4,"Matches the description, no issues.",2023-11-13,True,NEUTRAL,7,SOURCE_G_REVIEWS,reviews_2023.csv,2023-11-13T01:09:26.447216445,BATCH-G-20231113
REV-00030483,SKU-0013531,user_9005880,Brenda Riggs,5,Exceeded my expectations.,2023-01-12,True,POSITIVE,0,SOURCE_G_REVIEWS,reviews_2023.csv,2023-01-12T16:36:19.583579033,BATCH-G-20230112
REV-00030492,SKU-0009036,user_30408,Amy Browning,4,Will definitely buy again.,2023-04-16,False,POSITIVE,2,SOURCE_G_REVIEWS,reviews_2023.csv,2023-04-16T11:07:57.220189142,BATCH-G-20230416
REV-00030499,SKU-0013685,user_59498,Shawn Cardenas,2,Stopped working after a week.,2023-03-10,False,NEGATIVE,0,SOURCE_G_REVIEWS,reviews_2023.csv,2023-03-10T17:17:04.616371929,BATCH-G-20230310
REV-00030502,SKU-9973241,user_61370,Monica Burns,4,Fast delivery and great quality. 😡⭐,2023-04-23,True,POSITIVE,1,SOURCE_G_REVIEWS,reviews_2023.csv,2023-04-23T07:25:59.263117721,BATCH-G-20230423
REV-00030508,SKU-0017956,user_33305,Deborah,3,"Average quality, nothing special.",2023-03-06,False,NEUTRAL,3,SOURCE_G_REVIEWS,reviews_2023.csv,2023-03-06T19:25:31.716962192,BATCH-G-20230306
REV-00030508-DUP,SKU-0017956,user_33305,Deborah,3,"Average quality, nothing special.",2023-03-06,False,NEUTRAL,3,SOURCE_G_REVIEWS,reviews_2023.csv,2023-03-06T19:51:31.716962192,BATCH-G-20230306
REV-00030512,SKU-0009639,user_15119,Jessica Crawford,4,Great value for money.,2023-06-01,True,POSITIVE,1,SOURCE_G_REVIEWS,reviews_2023.csv,2023-06-01T07:04:28.296405229,BATCH-G-20230601
REV-00030519,SKU-9914591,user_9010700,Angela Thomas,5,"Absolutely love it, works perfectly!",2023-02-14,False,POSITIVE,3,SOURCE_G_REVIEWS,reviews_2023.csv,2023-02-14T08:37:49.924029291,BATCH-G-20230214
REV-00030519-DUP,SKU-9914591,user_9010700,Angela Thomas,5,"Absolutely love it, works perfectly!",2023-02-14,False,POSITIVE,3,SOURCE_G_REVIEWS,reviews_2023.csv,2023-02-14T09:06:49.924029291,BATCH-G-20230214
REV-00030532,SKU-0009055,user_19301,Jessica Thompson,4,"Solid build quality, no complaints.",2023-03-15,True,POSITIVE,6,SOURCE_G_REVIEWS,reviews_2023.csv,2023-03-15T05:19:56.495346201,BATCH-G-20230315
REV-00030537,SKU-0003578,user_9000415,Kelli,5,Fast delivery and great quality.,2023-04-09,True,POSITIVE,0,SOURCE_G_REVIEWS,reviews_2023.csv,2023-04-09T21:12:11.211827701,BATCH-G-20230409
REV-00030558,SKU-0014798,user_9016481,Margaret,1,Stopped working after a week.,2023-04-21,True,NEGATIVE,1,SOURCE_G_REVIEWS,reviews_2023.csv,2023-04-21T14:36:29.536143395,BATCH-G-20230421
REV-00030559,SKU-0010560,,Anonymous,5,Stopped working after a week.,2023-01-12,True,NEGATIVE,1,SOURCE_G_REVIEWS,reviews_2023.csv,2023-01-12T00:32:33.863850762,BATCH-G-20230112
REV-00030568,SKU-0015035,user_6684,Gary Best,4,Will definitely buy again.,2023-03-27,True,POSITIVE,0,SOURCE_G_REVIEWS,reviews_2023.csv,2023-03-27T05:11:31.178669595,BATCH-G-20230327
REV-00030575,SKU-0008665,user_9027936,Alyssa Jackson,5,Highly recommend this product.,2023-12-31,True,POSITIVE,3,SOURCE_G_REVIEWS,reviews_2023.csv,2023-12-31T22:29:35.330441459,BATCH-G-20231231
REV-00030579,SKU-0014591,,Anonymous,3,Decent but overpriced a bit.,2023-01-06,True,NEUTRAL,7,SOURCE_G_REVIEWS,reviews_2023.csv,2023-01-06T18:46:18.561091821,BATCH-G-20230106
REV-00030584,SKU-0016237,user_9030559,Amy Thompson,2,"Cheaply made, broke immediately.",2023-01-02,False,NEGATIVE,1,SOURCE_G_REVIEWS,reviews_2023.csv,2023-01-02T12:38:36.194622283,BATCH-G-20230102
REV-00030589,SKU-0008796,user_53157,Gary Young,5,Exceeded my expectations.,2023-06-10,True,POSITIVE,5,SOURCE_G_REVIEWS,reviews_2023.csv,2023-06-11T02:58:59.978444202,BATCH-G-20230610
REV-00030593,SKU-0012356,,Anonymous,2,Stopped working after a week.,2023-06-23,True,NEGATIVE,5,SOURCE_G_REVIEWS,reviews_2023.csv,2023-06-23T01:37:58.284235229,BATCH-G-20230623
REV-00030600,SKU-0003102,user_54375,Jessica Rogers,5,Exceeded my expectations.,2023-08-28,True,POSITIVE,3,SOURCE_G_REVIEWS,reviews_2023.csv,2023-08-28T21:03:20.511705850,BATCH-G-20230828
REV-00030623,SKU-0013693,user_9020725,Kimberly Kirby,5,Fast delivery and great quality.,2023-06-26,False,POSITIVE,8,SOURCE_G_REVIEWS,reviews_2023.csv,2023-06-27T02:13:12.265275626,BATCH-G-20230626
REV-00030624,SKU-0001434,user_9605,April,2,"Waste of money, do not buy.",2023-11-12,True,NEGATIVE,0,SOURCE_G_REVIEWS,reviews_2023.csv,2023-11-12T03:14:12.567970275,BATCH-G-20231112
REV-00030649,SKU-0001077,user_53323,Paul Vazquez,5,Fast delivery and great quality.,2023-07-22,False,POSITIVE,2,SOURCE_G_REVIEWS,reviews_2023.csv,2023-07-22T21:53:25.053245988,BATCH-G-20230722
REV-00030658,SKU-0015485,user_9003774,Jessica Ortega,5,Exceeded my expectations.,2023-02-07,True,POSITIVE,1,SOURCE_G_REVIEWS,reviews_2023.csv,2023-02-07T16:03:27.217346994,BATCH-G-20230207
REV-00030659,SKU-0002044,user_9022621,Christopher,3,"Matches the description, no issues.",2023-01-28,True,NEUTRAL,0,SOURCE_G_REVIEWS,reviews_2023.csv,2023-01-28T17:56:17.746526253,BATCH-G-20230128
REV-00030666,SKU-0004385,user_34228,Maureen Carpenter,5,Wrong item was shipped to me.,2023-12-23,True,NEGATIVE,3,SOURCE_G_REVIEWS,reviews_2023.csv,2023-12-23T01:39:34.699192848,BATCH-G-20231223
REV-00030671,SKU-0001567,,Anonymous,5,"Absolutely love it, works perfectly!",2023-06-17,True,POSITIVE,0,SOURCE_G_REVIEWS,reviews_2023.csv,2023-06-17T22:44:44.302277486,BATCH-G-20230617
REV-00030671-BOT,SKU-0001567,user_9025937,Micheal Moore,5,"Absolutely love it, works perfectly!",2023-06-17,False,POSITIVE,0,SOURCE_G_REVIEWS,reviews_2023.csv,2023-06-17T22:44:44.302277486,BATCH-G-20230617
REV-00030675,SKU-0007262,user_9182,Michael Williams,4,"Solid build quality, no complaints.",2023-04-26,False,POSITIVE,7,SOURCE_G_REVIEWS,reviews_2023.csv,2023-04-25T23:00:00,BATCH-G-20230426
REV-00030675-BOT,SKU-0007262,user_39461,Jeanette Crane MD,4,"Solid build quality, no complaints.",2023-04-26,False,POSITIVE,0,SOURCE_G_REVIEWS,reviews_2023.csv,2023-04-25T23:00:00,BATCH-G-20230426
REV-00030677,SKU-0011591,user_35859,Terry Ray,5,Fast delivery and great quality.,2023-07-17,True,POSITIVE,1,SOURCE_G_REVIEWS,reviews_2023.csv,2023-07-17T09:41:07.271183987,BATCH-G-20230717
REV-00030688,SKU-0007029,user_13430,Keith Kelly,5,Fast delivery and great quality.,2023-02-07,True,POSITIVE,1,SOURCE_G_REVIEWS,reviews_2023.csv,2023-02-08T00:32:49.066438735,BATCH-G-20230207
REV-00030689,SKU-0015799,user_9010121,Andrea,3,"Average quality, nothing special.",2023-03-11,True,NEUTRAL,8,SOURCE_G_REVIEWS,reviews_2023.csv,2023-03-09T13:00:00,BATCH-G-20230311
REV-00030690,SKU-0013110,user_37881,Kristie Garcia,5,Better than I expected for the price.,2023-01-19,False,POSITIVE,4,SOURCE_G_REVIEWS,reviews_2023.csv,2023-01-20T00:18:00.611782620,BATCH-G-20230119
REV-00030690-DUP,SKU-0013110,user_37881,Kristie Garcia,5,Better than I expected for the price.,2023-01-19,False,POSITIVE,4,SOURCE_G_REVIEWS,reviews_2023.csv,2023-01-20T00:42:00.611782620,BATCH-G-20230119
REV-00030698,SKU-0017932,,Anonymous,4,"Absolutely love it, works perfectly!",2023-02-19,False,POSITIVE,4,SOURCE_G_REVIEWS,reviews_2023.csv,2023-02-19T23:00:23.936293490,BATCH-G-20230219
REV-00030703,SKU-0020206,user_9028172,Stacey Moody,3,Works fine but delivery was slow.,2023-05-29,True,NEUTRAL,0,SOURCE_G_REVIEWS,reviews_2023.csv,2023-05-29T06:25:10.397263292,BATCH-G-20230529
REV-00030707,SKU-0019195,user_9000068,Christine Munoz,2,Wrong item was shipped to me.,2023-12-14,True,NEGATIVE,0,SOURCE_G_REVIEWS,reviews_2023.csv,2023-12-15T01:45:11.771290108,BATCH-G-20231214
REV-00030711,SKU-9968394,user_26647,Mark Mullins,5,"Perfect gift, they loved it!",2023-03-16,True,POSITIVE,2,SOURCE_G_REVIEWS,reviews_2023.csv,2023-03-16T07:32:24.197651867,BATCH-G-20230316
REV-00030725,SKU-9943129,,Anonymous,4,"Matches the description, no issues.",2023-03-15,False,NEUTRAL,0,SOURCE_G_REVIEWS,reviews_2023.csv,2023-03-15T06:05:52.532994809,BATCH-G-20230315
REV-00030726,SKU-0013297,,Anonymous,5,"Absolutely love it, works perfectly!",2023-02-09,False,POSITIVE,5,SOURCE_G_REVIEWS,reviews_2023.csv,2023-02-09T12:06:22.627846314,BATCH-G-20230209
REV-00030741,SKU-0012284,user_52924,Francis,4,"Muy buen producto, lo recomiendo.",2023-12-31,False,POSITIVE,5,SOURCE_G_REVIEWS,reviews_2023.csv,2023-12-31T07:32:42.870209930,BATCH-G-20231231
REV-00030760,SKU-0013220,user_9025701,William Anderson,5,"Absolutely love it, works perfectly!",2023-08-17,False,POSITIVE,1,SOURCE_G_REVIEWS,reviews_2023.csv,2023-08-17T10:41:11.437720843,BATCH-G-20230817
REV-00030771,SKU-0002398,user_9004211,Molly,null,"It's okay, does the job.",2023-03-03,False,NEUTRAL,0,SOURCE_G_REVIEWS,reviews_2023.csv,2023-03-03T20:02:46.333639701,BATCH-G-20230303
REV-00030777,SKU-0015680,user_55773,Michael Schmidt,5,Great value for money.,2023-11-01,False,POSITIVE,0,SOURCE_G_REVIEWS,reviews_2023.csv,2023-11-02T01:23:59.967587903,BATCH-G-20231101
REV-00030778,SKU-0018809,user_15964,Heather Harris,5,"Perfect gift, they loved it!",2023-11-25,True,POSITIVE,8,SOURCE_G_REVIEWS,reviews_2023.csv,2023-11-25T09:05:53.664669200,BATCH-G-20231125
REV-00030781,SKU-0013585,,Anonymous,5,"Solid build quality, no complaints.",2023-12-04,False,POSITIVE,1,SOURCE_G_REVIEWS,reviews_2023.csv,2023-12-05T04:02:56.391344830,BATCH-G-20231204
REV-00030786,SKU-0012657,user_891,Charles Reed,5,"   Exactly  as  described,  very  happy.   ",2023-08-21,True,POSITIVE,3,SOURCE_G_REVIEWS,reviews_2023.csv,2023-08-21T08:31:11.040678198,BATCH-G-20230821
REV-00030787,SKU-0009032,user_9008303,Brandon Travis,3,"Matches the description, no issues.",2023-09-14,True,NEUTRAL,0,SOURCE_G_REVIEWS,reviews_2023.csv,2023-09-14T17:27:00.506456193,BATCH-G-20230914
REV-00030794,SKU-0009319,user_34430,Thomas Jenkins,4,Better than I expected for the price.,2023-05-06,False,POSITIVE,5,SOURCE_G_REVIEWS,reviews_2023.csv,2023-05-06T10:47:34.578932291,BATCH-G-20230506
REV-00030798,SKU-0003085,,Anonymous,1,Not as described at all.,2023-01-23,True,NEGATIVE,1,SOURCE_G_REVIEWS,reviews_2023.csv,2023-01-24T02:36:53.050962783,BATCH-G-20230123
REV-00030805,SKU-0007471,user_9015475,Elizabeth Gilbert,1,"Poor packaging, item was defective.",2023-02-23,True,NEGATIVE,2,SOURCE_G_REVIEWS,reviews_2023.csv,2023-02-24T04:32:23.463881989,BATCH-G-20230223
REV-00030812,SKU-0019479,user_9011621,Cindy Velez,5,Will definitely buy again.,2023-07-27,True,POSITIVE,2,SOURCE_G_REVIEWS,reviews_2023.csv,2023-07-28T02:20:36.204012627,BATCH-G-20230727
REV-00030820,SKU-0012041,,Anonymous,5,Highly recommend this product.,2023-12-22,False,POSITIVE,2,SOURCE_G_REVIEWS,reviews_2023.csv,2023-12-23T00:27:18.159050863,BATCH-G-20231222
REV-00030841,SKU-0000782,user_9009790,Victoria,4,Exceeded my expectations.,2023-09-28,True,POSITIVE,4,SOURCE_G_REVIEWS,reviews_2023.csv,2023-09-29T03:38:18.172165321,BATCH-G-20230928
REV-00030844,SKU-0016705,user_69430,Daniel Spencer,4,"Solid build quality, no complaints.",2023-09-22,True,POSITIVE,0,SOURCE_G_REVIEWS,reviews_2023.csv,2023-09-22T10:50:57.103817035,BATCH-G-20230922
REV-00030846,SKU-0001820,user_9007798,Connor,4,Better than I expected for the price.,2023-04-13,True,POSITIVE,1,SOURCE_G_REVIEWS,reviews_2023.csv,2023-04-13T17:16:51.311207682,BATCH-G-20230413
REV-00030848,SKU-9931769,user_9027865,Martha,1,"Waste of money, do not buy.",2023-07-13,True,NEGATIVE,1,SOURCE_G_REVIEWS,reviews_2023.csv,2023-07-13T06:08:26.196170809,BATCH-G-20230713
REV-00030855,SKU-0003799,user_9031592,Eric Griffin,4,Will definitely buy again.,2023-07-28,True,POSITIVE,0,SOURCE_G_REVIEWS,reviews_2023.csv,2023-07-28T18:53:03.334617464,BATCH-G-20230728
REV-00030867,SKU-0013712,user_9016316,Brandon Warner,2,Very disappointed with the quality.,2023-07-03,True,NEGATIVE,10,SOURCE_G_REVIEWS,reviews_2023.csv,2023-07-04T05:44:10.782640826,BATCH-G-20230703
REV-00030877,SKU-0014798,user_9034754,George,4,"Exactly as described, very happy.",2023-06-28,True,POSITIVE,4,SOURCE_G_REVIEWS,reviews_2023.csv,2023-06-28T09:52:26.759269820,BATCH-G-20230628
REV-00030888,SKU-0010975,user_63122,Elizabeth Lynn DVM,1,"Cheaply made, broke immediately. 😀",2023-08-13,False,NEGATIVE,7,SOURCE_G_REVIEWS,reviews_2023.csv,2023-08-14T00:06:54.853118729,BATCH-G-20230813
REV-00030895,SKU-0017385,,Anonymous,3,Decent but overpriced a bit.,2023-12-13,False,NEUTRAL,0,SOURCE_G_REVIEWS,reviews_2023.csv,2023-12-13T12:15:17.544647693,BATCH-G-20231213
REV-00030902,SKU-0004309,user_67297,Jonathan,5,Exceeded my expectations.,2023-11-23,False,POSITIVE,0,SOURCE_G_REVIEWS,reviews_2023.csv,2023-11-23T13:46:56.866042098,BATCH-G-20231123
REV-00030903,SKU-0007968,user_9017656,Ricky Davis,2,   Arrived  damaged  and  support  was  unhelpful.   ,2023-05-30,True,NEGATIVE,0,SOURCE_G_REVIEWS,reviews_2023.csv,2023-05-30T01:18:37.292140150,BATCH-G-20230530
REV-00030904,SKU-0003136,,Anonymous,5,Highly recommend this product. 👍👍,2023-11-17,True,POSITIVE,1,SOURCE_G_REVIEWS,reviews_2023.csv,2023-11-17T07:36:36.511300449,BATCH-G-20231117
REV-00030908,SKU-0001703,user_9006187,James French,4,"Absolutely love it, works perfectly!",2023-02-08,False,POSITIVE,1,SOURCE_G_REVIEWS,reviews_2023.csv,2023-02-08T06:55:07.277709243,BATCH-G-20230208
REV-00030916,SKU-0006971,user_9030765,Troy,2,Stopped working after a week. ⭐,2023-08-18,False,NEGATIVE,0,SOURCE_G_REVIEWS,reviews_2023.csv,2023-08-19T04:02:27.518746469,BATCH-G-20230818
REV-00030921,SKU-0007441,user_14662,Christopher Kennedy,4,Better than I expected for the price.,2023-08-21,True,POSITIVE,3,SOURCE_G_REVIEWS,reviews_2023.csv,2023-08-21T16:39:53.400395972,BATCH-G-20230821
REV-00030939,SKU-0011988,user_9023794,Michael White,4,Great value for money.,2023-05-15,False,POSITIVE,0,SOURCE_G_REVIEWS,reviews_2023.csv,2023-05-15T13:58:40.898767788,BATCH-G-20230515
REV-00030941,SKU-0015943,user_38397,James,5,Works fine but delivery was slow.,2023-01-15,False,NEUTRAL,0,SOURCE_G_REVIEWS,reviews_2023.csv,2023-01-15T16:21:25.379380969,BATCH-G-20230115
REV-00030946,SKU-0002854,user_9005764,Jessica,2,Arrived damaged and support was unhelpful.,2023-04-21,True,NEGATIVE,2,SOURCE_G_REVIEWS,reviews_2023.csv,2023-04-21T04:32:37.857400888,BATCH-G-20230421
REV-00030951,SKU-0013242,user_9559,Karen,1,Not as described at all.,2023-01-06,True,NEGATIVE,6,SOURCE_G_REVIEWS,reviews_2023.csv,2023-01-07T02:46:21.125641380,BATCH-G-20230106
REV-00030955,SKU-0007042,user_26422,Jessica Whitaker,1,"Waste of money, do not buy.",2023-03-06,True,NEGATIVE,2,SOURCE_G_REVIEWS,reviews_2023.csv,2023-03-06T15:05:29.107750689,BATCH-G-20230306
REV-00030959,SKU-0018535,user_9000676,Joshua Orr,5,Better than I expected for the price.,2023-11-02,True,POSITIVE,3,SOURCE_G_REVIEWS,reviews_2023.csv,2023-11-02T01:39:34.612215575,BATCH-G-20231102
REV-00030961,SKU-0011520,user_9012389,April Mills,5,Highly recommend this product.,2023-03-25,False,POSITIVE,5,SOURCE_G_REVIEWS,reviews_2023.csv,2023-03-25T21:42:54.397169260,BATCH-G-20230325
REV-00030965,SKU-9914478,user_9033210,John,5,Highly recommend this product.,2023-12-30,True,POSITIVE,5,SOURCE_G_REVIEWS,reviews_2023.csv,2023-12-30T17:05:02.041860123,BATCH-G-20231230
REV-00030971,SKU-0016737,user_66209,Shelia Ross,4,"Perfect gift, they loved it!",2023-01-19,True,POSITIVE,1,SOURCE_G_REVIEWS,reviews_2023.csv,2023-01-19T15:11:00.666349626,BATCH-G-20230119
REV-00030999,SKU-0000151,user_58780,Adam Hood,5,"Perfect gift, they loved it!",2023-02-08,True,POSITIVE,2,SOURCE_G_REVIEWS,reviews_2023.csv,2023-02-09T01:02:31.621661815,BATCH-G-20230208
REV-00031005,SKU-0019955,user_9033774,Kelly Riley,5,"Exactly as described, very happy.",2023-11-19,False,POSITIVE,5,SOURCE_G_REVIEWS,reviews_2023.csv,2023-11-19T02:07:51.442721564,BATCH-G-20231119
REV-00031020,SKU-0003770,,Anonymous,4,"Perfect gift, they loved it!",2023-02-23,True,POSITIVE,4,SOURCE_G_REVIEWS,reviews_2023.csv,2023-02-23T15:13:31.776069150,BATCH-G-20230223
REV-00031027,SKU-0012524,user_7453,Phillip Kramer,5,Highly recommend this product.,2023-10-28,False,POSITIVE,1,SOURCE_G_REVIEWS,reviews_2023.csv,2023-10-28T13:04:25.402428659,BATCH-G-20231028
REV-00031031,SKU-0003718,user_35448,Micheal Wood,4,<i>edited</i>Better than I expected for the price.<br>,2023-01-09,False,POSITIVE,1,SOURCE_G_REVIEWS,reviews_2023.csv,2023-01-09T10:24:43.146446998,BATCH-G-20230109
REV-00031038,SKU-0007462,user_9030102,Dalton Smith,5,null,2023-04-05,True,POSITIVE,8,SOURCE_G_REVIEWS,reviews_2023.csv,2023-04-06T05:41:25.821575666,BATCH-G-20230405
REV-00031040,SKU-0013449,,Anonymous,5,Highly recommend this product.,2023-01-26,True,POSITIVE,0,SOURCE_G_REVIEWS,reviews_2023.csv,2023-01-26T09:34:36.139770839,BATCH-G-20230126
REV-00031048,SKU-0009126,user_9023077,Betty Hines,4,"No cumplió mis expectativas. Exactly as described, very happy.",2023-12-17,True,POSITIVE,1,SOURCE_G_REVIEWS,reviews_2023.csv,2023-12-18T03:52:06.769053334,BATCH-G-20231217
REV-00031054,SKU-0014720,user_9009905,David Baxter,5,Will definitely buy again.,2023-04-30,True,POSITIVE,-4,SOURCE_G_REVIEWS,reviews_2023.csv,2023-05-01T05:39:22.618768830,BATCH-G-20230430
REV-00031058,SKU-9969834,user_9023972,Robert,1,Very disappointed with the quality.,2023-05-16,True,NEGATIVE,0,SOURCE_G_REVIEWS,reviews_2023.csv,2023-05-17T01:11:03.140160633,BATCH-G-20230516
REV-00031059,SKU-9956511,user_37130,Lawrence Phillips,4,"Solid build quality, no complaints.",2023-09-20,True,POSITIVE,2,SOURCE_G_REVIEWS,reviews_2023.csv,2023-09-21T02:13:11.187422704,BATCH-G-20230920
REV-00031060,SKU-0004147,user_42891,Dylan Johnson,4,Better than I expected for the price.,2023-11-28,False,POSITIVE,3,SOURCE_G_REVIEWS,reviews_2023.csv,2023-11-28T03:42:54.663204641,BATCH-G-20231128
REV-00031069,SKU-0005144,user_16938,Robert Blackburn,5,Will definitely buy again.,2023-08-13,True,POSITIVE,8,SOURCE_G_REVIEWS,reviews_2023.csv,2023-08-14T04:58:33.995989862,BATCH-G-20230813
REV-00031070,SKU-0019270,user_33425,Kaitlyn Bishop,5,Highly recommend this product.,2023-04-10,True,POSITIVE,5,SOURCE_G_REVIEWS,reviews_2023.csv,2023-04-10T19:10:13.849322785,BATCH-G-20230410
REV-00031076,SKU-0004429,user_5966,Michael,5,"Livraison très lente, déçu.",2023-02-14,False,POSITIVE,2,SOURCE_G_REVIEWS,reviews_2023.csv,2023-02-14T17:44:11.676320023,BATCH-G-20230214
REV-00031083,SKU-0014432,user_9031086,Roy,1,Stopped working after a week.,2023-06-05,True,NEGATIVE,1,SOURCE_G_REVIEWS,reviews_2023.csv,2023-06-06T03:55:52.699226922,BATCH-G-20230605
REV-00031089,SKU-0000400,user_57230,Chase Vaughn,5,Exceeded my expectations.,2023-08-09,True,POSITIVE,6,SOURCE_G_REVIEWS,reviews_2023.csv,2023-08-09T08:06:07.447468815,BATCH-G-20230809
REV-00031091,SKU-0012442,user_35911,Antonio Wilson,4,"Solid build quality, no complaints.",2023-07-20,True,POSITIVE,0,SOURCE_G_REVIEWS,reviews_2023.csv,2023-07-20T21:20:09.701721994,BATCH-G-20230720
REV-00031095,SKU-0004632,user_20630,Shawn Boyer,4,"Perfect gift, they loved it!",2023-03-27,True,POSITIVE,0,SOURCE_G_REVIEWS,reviews_2023.csv,2023-03-27T19:21:36.289538237,BATCH-G-20230327
REV-00031096,SKU-0019367,user_66724,Pamela,5,"Absolutely love it, works perfectly! 😐🙏",2023-03-21,False,POSITIVE,3,SOURCE_G_REVIEWS,reviews_2023.csv,2023-03-21T12:24:21.563043760,BATCH-G-20230321
REV-00031098,SKU-0001204,user_36126,Margaret Peterson,5,Exceeded my expectations.,2023-10-28,True,POSITIVE,0,SOURCE_G_REVIEWS,reviews_2023.csv,2023-10-29T00:04:57.116782951,BATCH-G-20231028
REV-00031100,SKU-0019206,user_69891,Travis Ali,3,"It's okay, does the job.",2023-08-15,True,NEUTRAL,2,SOURCE_G_REVIEWS,reviews_2023.csv,2023-08-15T03:43:58.697288213,BATCH-G-20230815
REV-00031105,SKU-0002257,,Anonymous,3,"Muy buen producto, lo recomiendo.",2023-06-22,True,NEUTRAL,1,SOURCE_G_REVIEWS,reviews_2023.csv,2023-06-23T02:46:43.519851290,BATCH-G-20230622
REV-00031113,SKU-0019786,user_9033786,Walter,5,Fast delivery and great quality.,2023-02-20,False,POSITIVE,0,SOURCE_G_REVIEWS,reviews_2023.csv,2023-02-20T08:04:37.577084651,BATCH-G-20230220
REV-00031117,SKU-0008455,user_29589,Ryan Schmidt,4,"Livraison très lente, déçu. Exactly as described, very happy.",2023-11-05,False,POSITIVE,1,SOURCE_G_REVIEWS,reviews_2023.csv,2023-11-05T20:51:12.933175949,BATCH-G-20231105
REV-00031121,SKU-0009705,user_9014289,James Smith,5,Highly recommend this product.,2023-03-12,True,POSITIVE,4,SOURCE_G_REVIEWS,reviews_2023.csv,2023-03-12T08:42:39.057814074,BATCH-G-20230312
REV-00031128,SKU-0007142,user_6927,Michael Luna,2,Not as described at all.,2023-09-23,True,NEGATIVE,0,SOURCE_G_REVIEWS,reviews_2023.csv,2023-09-23T21:01:48.368123069,BATCH-G-20230923
REV-00031129,SKU-0006192,user_9025455,Adam Washington,5,Great value for money.,2023-02-17,False,POSITIVE,0,SOURCE_G_REVIEWS,reviews_2023.csv,2023-02-17T10:49:29.026739135,BATCH-G-20230217
REV-00031132,SKU-0004545,user_9006134,Douglas Jones,1,"Cheaply made, broke immediately.",2023-08-19,False,NEGATIVE,3,SOURCE_G_REVIEWS,reviews_2023.csv,2023-08-19T15:50:42.669805287,BATCH-G-20230819
REV-00031138,SKU-0013788,user_9005435,Julia,3,"Average quality, nothing special. 👍",2023-08-07,False,NEUTRAL,1,SOURCE_G_REVIEWS,reviews_2023.csv,2023-08-07T15:58:53.859375223,BATCH-G-20230807
REV-00031142,SKU-0013577,user_9006951,Michael Fletcher,5,Great value for money.,2023-01-09,True,POSITIVE,1,SOURCE_G_REVIEWS,reviews_2023.csv,2023-01-10T01:47:33.882491697,BATCH-G-20230109
REV-00031159,SKU-0002776,user_21318,Anthony Watson,1,Fast delivery and great quality.,2023-12-28,False,POSITIVE,0,SOURCE_G_REVIEWS,reviews_2023.csv,2023-12-28T22:13:49.189862213,BATCH-G-20231228
REV-00031169,SKU-0003423,user_41693,Kaitlin,5,"Exactly as described, very happy.",2023-05-16,False,POSITIVE,9,SOURCE_G_REVIEWS,reviews_2023.csv,2023-05-16T13:51:36.353866795,BATCH-G-20230516
REV-00031173,SKU-0016040,user_58952,Russell Greer,5,   Great  value  for  money.   ,2023-10-28,True,POSITIVE,3,SOURCE_G_REVIEWS,reviews_2023.csv,2023-10-28T19:55:08.164260928,BATCH-G-20231028
REV-00031184,SKU-0013526,user_48004,Steven King,4,unknown,2023-04-09,False,NEGATIVE,0,SOURCE_G_REVIEWS,reviews_2023.csv,2023-04-09T07:58:22.811512324,BATCH-G-20230409
REV-00031190,SKU-0018695,user_18044,Michelle Hendrix,1,Excellent rapport qualité-prix.,2023-03-31,False,NEGATIVE,0,SOURCE_G_REVIEWS,reviews_2023.csv,2023-03-31T22:31:16.849760944,BATCH-G-20230331
REV-00031195,SKU-0009859,user_9003288,Sue Miles,5,"Exactly as described, very happy.",2023-06-06,True,POSITIVE,1,SOURCE_G_REVIEWS,reviews_2023.csv,2023-06-06T22:04:15.325531956,BATCH-G-20230606
REV-00031196,SKU-0018466,user_9014312,Robert,4,"Absolutely love it, works perfectly!",2023-12-03,False,POSITIVE,2,SOURCE_G_REVIEWS,reviews_2023.csv,2023-12-03T07:02:58.209144707,BATCH-G-20231203
REV-00031207,SKU-0017759,user_51337,Tiffany Watson,4,"Exactly as described, very happy.",2023-02-04,True,POSITIVE,11,SOURCE_G_REVIEWS,reviews_2023.csv,2023-02-05T00:09:52.938925427,BATCH-G-20230204
REV-00031210,SKU-0006955,user_44627,John,5,"Absolutely love it, works perfectly!",2023-05-05,False,POSITIVE,1,SOURCE_G_REVIEWS,reviews_2023.csv,2023-05-05T12:43:39.519967163,BATCH-G-20230505
REV-00031231,SKU-0001956,,Anonymous,5,Highly recommend this product.,2023-03-01,True,POSITIVE,0,SOURCE_G_REVIEWS,reviews_2023.csv,2023-03-01T14:54:41.096673150,BATCH-G-20230301
REV-00031233,SKU-0006565,user_9034108,William Perez,4,Highly recommend this product.,2023-07-02,False,POSITIVE,9,SOURCE_G_REVIEWS,reviews_2023.csv,2023-07-03T01:58:45.627079481,BATCH-G-20230702
REV-00031245,SKU-0005236,,Anonymous,4,Highly recommend this product.,2023-12-15,False,POSITIVE,7,SOURCE_G_REVIEWS,reviews_2023.csv,2023-12-15T20:52:43.395144035,BATCH-G-20231215
REV-00031257,SKU-0000404,user_9019978,Daniel Stevens,5,"Livraison très lente, déçu.",2023-02-21,True,POSITIVE,0,SOURCE_G_REVIEWS,reviews_2023.csv,2023-02-21T06:16:16.749487054,BATCH-G-20230221
REV-00031264,SKU-0017246,user_9029920,Mark,4,"Perfect gift, they loved it!",2023-06-30,True,POSITIVE,0,SOURCE_G_REVIEWS,reviews_2023.csv,2023-07-01T01:34:35.032851252,BATCH-G-20230630
REV-00031280,SKU-0013778,user_9018738,Andrew Adams,5,"Solid build quality, no complaints.",2023-02-07,True,POSITIVE,1,SOURCE_G_REVIEWS,reviews_2023.csv,2023-02-07T06:16:40.146723796,BATCH-G-20230207
REV-00031281,SKU-0013599,user_9009129,David Griffith,4,Great value for money.,2023-08-23,False,POSITIVE,7,SOURCE_G_REVIEWS,reviews_2023.csv,2023-08-24T05:55:10.555983168,BATCH-G-20230823
REV-00031284,SKU-0017401,user_55248,Janet Kramer,4,Great value for money.,2023-11-12,False,POSITIVE,0,SOURCE_G_REVIEWS,reviews_2023.csv,2023-11-13T02:32:21.059737729,BATCH-G-20231112
REV-00031291,SKU-0011957,user_9025872,Joel,5,Exceeded my expectations.,2023-10-19,True,POSITIVE,0,SOURCE_G_REVIEWS,reviews_2023.csv,2023-10-20T01:48:38.621436624,BATCH-G-20231019
REV-00031298,SKU-0003627,user_9012442,Alexis Logan,5,   Highly  recommend  this  product.   ,2023-04-15,True,POSITIVE,3,SOURCE_G_REVIEWS,reviews_2023.csv,2023-04-15T06:32:46.310739081,BATCH-G-20230415
REV-00031300,SKU-0002707,user_19911,Rita,3,"Excellent rapport qualité-prix. It's okay, does the job.",2023-01-06,True,NEUTRAL,12,SOURCE_G_REVIEWS,reviews_2023.csv,2023-01-06T14:27:58.885277819,BATCH-G-20230106
REV-00031309,SKU-0015581,user_9013010,Morgan,3,"बहुत अच्छा उत्पाद है, पैसा वसूल!",2023-05-29,True,NEUTRAL,1,SOURCE_G_REVIEWS,reviews_2023.csv,2023-05-29T19:02:46.754744700,BATCH-G-20230529
REV-00031313,SKU-0002837,,Anonymous,4,"Perfect gift, they loved it!",2023-03-18,True,POSITIVE,0,SOURCE_G_REVIEWS,reviews_2023.csv,2023-03-18T17:10:10.136427763,BATCH-G-20230318
REV-00031322,SKU-0012979,,Anonymous,3,"It's okay, does the job.",2023-06-05,True,NEUTRAL,2,SOURCE_G_REVIEWS,reviews_2023.csv,2023-06-05T09:00:29.259751058,BATCH-G-20230605
REV-00031330,SKU-0002425,user_9011771,Morgan Gardner,3,"It's okay, does the job.",2023-08-01,True,NEUTRAL,3,SOURCE_G_REVIEWS,reviews_2023.csv,2023-08-01T11:40:48.453278386,BATCH-G-20230801
REV-00031330-DUP,SKU-0002425,user_9011771,Morgan Gardner,3,"It's okay, does the job.",2023-08-01,True,NEUTRAL,3,SOURCE_G_REVIEWS,reviews_2023.csv,2023-08-01T11:54:48.453278386,BATCH-G-20230801
REV-00031335,SKU-0017181,user_9027658,Tracey Pennington,6,Fast delivery and great quality.,2023-12-29,True,POSITIVE,0,SOURCE_G_REVIEWS,reviews_2023.csv,2023-12-30T04:42:16.301520621,BATCH-G-20231229
REV-00031336,SKU-0009120,user_9013564,Scott,5,Decent but overpriced a bit.,2023-06-26,True,NEUTRAL,0,SOURCE_G_REVIEWS,reviews_2023.csv,2023-06-26T17:58:31.504227034,BATCH-G-20230626
REV-00031338,SKU-0016841,,Anonymous,4,"Muy buen producto, lo recomiendo. Great value for money.",2023-02-05,True,POSITIVE,0,SOURCE_G_REVIEWS,reviews_2023.csv,2023-02-05T14:52:51.438736536,BATCH-G-20230205
REV-00031343,SKU-0019469,user_23694,Kevin,4,Exceeded my expectations.,2023-07-14,False,POSITIVE,0,SOURCE_G_REVIEWS,reviews_2023.csv,2023-08-01T20:00:00,BATCH-G-20230714
REV-00031360,SKU-9907497,user_9008410,Heather Gordon,5,"Perfect gift, they loved it!",2023-06-07,True,POSITIVE,0,SOURCE_G_REVIEWS,reviews_2023.csv,2023-06-07T21:05:46.163764887,BATCH-G-20230607
REV-00031363,SKU-0003375,user_21069,Melissa Ellis,0,Great value for money.,2023-09-13,False,POSITIVE,6,SOURCE_G_REVIEWS,reviews_2023.csv,2023-09-13T01:16:57.873011678,BATCH-G-20230913
REV-00031370,SKU-0001892,,Anonymous,5,Better than I expected for the price.,2023-03-11,True,POSITIVE,14,SOURCE_G_REVIEWS,reviews_2023.csv,2023-03-11T23:27:42.296318398,BATCH-G-20230311
REV-00031382,SKU-0012734,user_9008588,Roy Booth,5,Fast delivery and great quality.,2023-09-15,True,POSITIVE,0,SOURCE_G_REVIEWS,reviews_2023.csv,2023-09-16T04:12:06.400608025,BATCH-G-20230915
REV-00031387,SKU-0007676,,Anonymous,3,"Matches the description, no issues.",2023-11-16,False,NEUTRAL,0,SOURCE_G_REVIEWS,reviews_2023.csv,2023-11-16T17:01:55.666167395,BATCH-G-20231116
REV-00031403,SKU-0000801,user_66674,Ms. Michele Gomez,3,Decent but overpriced a bit.,2023-03-10,False,NEUTRAL,3,SOURCE_G_REVIEWS,reviews_2023.csv,2023-03-10T01:33:48.942438345,BATCH-G-20230310
REV-00031410,SKU-9937794,user_55268,Jason Martin,4,"Absolutely love it, works perfectly!",2023-11-29,True,POSITIVE,2,SOURCE_G_REVIEWS,reviews_2023.csv,2023-11-29T14:25:33.413822803,BATCH-G-20231129
REV-00031414,SKU-0002989,user_2836,Angel Lee,5,   Highly  recommend  this  product.  😍😀   ,2023-09-18,True,POSITIVE,-7,SOURCE_G_REVIEWS,reviews_2023.csv,2023-09-18T14:04:45.337527908,BATCH-G-20230918
REV-00031417,SKU-9980367,user_9034523,Sylvia Shah,5,Exceeded my expectations. 👍,2023-10-03,True,POSITIVE,1,SOURCE_G_REVIEWS,reviews_2023.csv,2023-10-03T08:04:09.860698513,BATCH-G-20231003
REV-00031426,SKU-0005980,user_9010433,David King,2,Not as described at all.,2023-06-04,False,NEGATIVE,4,SOURCE_G_REVIEWS,reviews_2023.csv,2023-06-05T01:57:22.056598600,BATCH-G-20230604
REV-00031428,SKU-0005299,user_9004161,Catherine,5,Better than I expected for the price.,2023-11-30,True,POSITIVE,2,SOURCE_G_REVIEWS,reviews_2023.csv,2023-12-01T04:30:18.244166275,BATCH-G-20231130
REV-00031429,SKU-9912363,user_9009601,Kayla Bishop,4,Great value for money.,2023-07-23,False,POSITIVE,0,SOURCE_G_REVIEWS,reviews_2023.csv,2023-07-23T11:40:39.013219482,BATCH-G-20230723
REV-00031429-BOT,SKU-9912363,user_9020749,Jennifer Dennis,4,Great value for money.,2023-07-23,False,POSITIVE,0,SOURCE_G_REVIEWS,reviews_2023.csv,2023-07-23T11:40:39.013219482,BATCH-G-20230723
REV-00031434,SKU-0019193,user_62292,Kathy Hall,5,Great value for money.,2023-04-06,False,POSITIVE,1,SOURCE_G_REVIEWS,reviews_2023.csv,2023-04-06T03:20:39.106614934,BATCH-G-20230406
REV-00031441,SKU-0011545,user_9032473,Kathryn Johnson,2,"Waste of money, do not buy.",2023-12-29,True,NEGATIVE,3,SOURCE_G_REVIEWS,reviews_2023.csv,2023-12-30T05:24:17.484081891,BATCH-G-20231229
REV-00031450,SKU-0016932,user_39725,Anthony Soto,5,Will definitely buy again.,2023-09-08,True,POSITIVE,0,SOURCE_G_REVIEWS,reviews_2023.csv,2023-09-08T09:45:03.921463444,BATCH-G-20230908
REV-00031453,SKU-0010714,,Anonymous,3,Decent but overpriced a bit.,2023-01-03,True,NEUTRAL,3,SOURCE_G_REVIEWS,reviews_2023.csv,2023-01-03T18:30:55.594150678,BATCH-G-20230103
REV-00031456,SKU-0013651,user_49791,Kristen Martin,2,"Waste of money, do not buy.",2023-06-29,False,NEGATIVE,0,SOURCE_G_REVIEWS,reviews_2023.csv,2023-06-29T21:17:10.063154971,BATCH-G-20230629
REV-00031459,SKU-0020085,user_9003122,Victoria Anderson,5,"Perfect gift, they loved it!",2023-03-21,True,POSITIVE,3,SOURCE_G_REVIEWS,reviews_2023.csv,2023-03-21T06:00:13.505062219,BATCH-G-20230321
REV-00031466,SKU-0012633,user_9014285,Tina Caldwell,5,Exceeded my expectations.,2023-06-17,False,POSITIVE,0,SOURCE_G_REVIEWS,reviews_2023.csv,2023-06-17T17:58:32.175956302,BATCH-G-20230617
REV-00031467,SKU-0017942,user_9018517,Joshua Bennett,4,"   Perfect  gift,  they  loved  it!   ",2023-11-28,False,POSITIVE,4,SOURCE_G_REVIEWS,reviews_2023.csv,2023-11-28T16:38:19.501264835,BATCH-G-20231128
REV-00031468,SKU-0015034,,Anonymous,4,"Absolutely love it, works perfectly!",2023-11-08,False,POSITIVE,4,SOURCE_G_REVIEWS,reviews_2023.csv,2023-11-08T08:31:48.640352138,BATCH-G-20231108
REV-00031474,SKU-0014942,user_36533,James,4,Better than I expected for the price.,2023-01-24,False,POSITIVE,2,SOURCE_G_REVIEWS,reviews_2023.csv,2023-01-25T04:19:38.640116855,BATCH-G-20230124
REV-00031477,SKU-0002922,user_9018649,Michelle Mccormick,5,"Perfect gift, they loved it!",2023-12-10,True,POSITIVE,1,SOURCE_G_REVIEWS,reviews_2023.csv,2023-12-11T05:09:53.613178007,BATCH-G-20231210
REV-00031488,SKU-0009494,user_9017607,Michelle Whitaker,4,Fast delivery and great quality.,2023-04-16,False,POSITIVE,2,SOURCE_G_REVIEWS,reviews_2023.csv,2023-04-17T00:38:14.739392833,BATCH-G-20230416
REV-00031489,SKU-0017544,,Anonymous,2,Stopped working after a week.,2023-08-24,True,NEGATIVE,0,SOURCE_G_REVIEWS,reviews_2023.csv,2023-08-24T02:30:17.991377895,BATCH-G-20230824
REV-00031495,SKU-0013810,user_9003591,Kenneth Franklin,-,Fast delivery and great quality.,2023-11-19,False,POSITIVE,6,SOURCE_G_REVIEWS,reviews_2023.csv,2023-11-19T21:46:03.389129658,BATCH-G-20231119
REV-00031498,SKU-0018299,,Anonymous,5,Highly recommend this product.,2023-01-13,False,POSITIVE,1,SOURCE_G_REVIEWS,reviews_2023.csv,2023-01-13T00:42:06.768832764,BATCH-G-20230113
REV-00031500,SKU-0007933,user_9001392,Dawn Booth,4,"Livraison très lente, déçu.",2023-04-30,True,POSITIVE,2,SOURCE_G_REVIEWS,reviews_2023.csv,2023-04-30T09:53:13.178201654,BATCH-G-20230430
REV-00031502,SKU-0002396,user_52841,Curtis Horn,5,"Muy buen producto, lo recomiendo.",2023-11-23,False,POSITIVE,3,SOURCE_G_REVIEWS,reviews_2023.csv,2023-11-23T17:39:37.071381063,BATCH-G-20231123
REV-00031511,SKU-0005053,user_9021054,David Jimenez,1,   Wrong  item  was  shipped  to  me.   ,2023-12-27,False,NEGATIVE,2,SOURCE_G_REVIEWS,reviews_2023.csv,2023-12-27T03:13:53.029792153,BATCH-G-20231227
REV-00031513,SKU-0000296,,Anonymous,4,"Solid build quality, no complaints.",2023-12-14,True,POSITIVE,5,SOURCE_G_REVIEWS,reviews_2023.csv,2023-12-15T04:34:02.848584872,BATCH-G-20231214
REV-00031520,SKU-0000069,,Anonymous,2,   No  cumplió  mis  expectativas.   ,2023-03-11,True,NEGATIVE,0,SOURCE_G_REVIEWS,reviews_2023.csv,2023-03-12T00:13:24.406832437,BATCH-G-20230311
REV-00031546,SKU-0016788,user_9024497,Robert Baird,3,Decent but overpriced a bit.,2023-11-23,True,NEUTRAL,0,SOURCE_G_REVIEWS,reviews_2023.csv,2023-11-24T01:01:59.244043693,BATCH-G-20231123
REV-00031552,SKU-9981233,user_56003,Jeffrey Ramos,3,"Average quality, nothing special.",2023-03-11,True,NEUTRAL,8,SOURCE_G_REVIEWS,reviews_2023.csv,2023-03-11T22:16:35.383884461,BATCH-G-20230311
REV-00031571,SKU-0012993,user_68931,Joseph Parsons,1,"Waste of money, do not buy.",2023-04-05,True,NEGATIVE,0,SOURCE_G_REVIEWS,reviews_2023.csv,2023-04-05T19:14:26.256380211,BATCH-G-20230405
REV-00031576,SKU-0005512,user_37811,Matthew Sanders,4,Will definitely buy again.,2023-02-23,True,POSITIVE,3,SOURCE_G_REVIEWS,reviews_2023.csv,2023-02-23T03:49:26.681516271,BATCH-G-20230223
REV-00031579,SKU-0002409,,Anonymous,1,Stopped working after a week.,2023-01-05,True,NEGATIVE,1,SOURCE_G_REVIEWS,reviews_2023.csv,2023-01-05T14:30:53.441022124,BATCH-G-20230105
REV-00031590,SKU-0016044,user_9018102,Christopher,3,Decent but overpriced a bit.,2023-01-28,True,NEUTRAL,4,SOURCE_G_REVIEWS,reviews_2023.csv,2023-01-28T02:52:11.172357426,BATCH-G-20230128
REV-00031591,SKU-0011933,user_9001308,Julie Rivera,4,Exceeded my expectations.,2023-01-25,True,POSITIVE,6,SOURCE_G_REVIEWS,reviews_2023.csv,2023-01-25T03:12:59.092053741,BATCH-G-20230125
REV-00031595,SKU-9900824,user_9013727,Cindy Reese,2,"Poor packaging, item was defective.",2023-02-20,True,NEGATIVE,8,SOURCE_G_REVIEWS,reviews_2023.csv,2023-02-20T21:55:52.874957881,BATCH-G-20230220
REV-00031596,SKU-0014538,,Anonymous,4,Exceeded my expectations.,2023-06-02,False,POSITIVE,11,SOURCE_G_REVIEWS,reviews_2023.csv,2023-06-03T03:41:49.490407248,BATCH-G-20230602
REV-00031620,SKU-0007260,,Anonymous,4,</p>Exceeded my expectations.<p>,2023-09-16,False,POSITIVE,10,SOURCE_G_REVIEWS,reviews_2023.csv,2023-09-16T02:51:49.444039950,BATCH-G-20230916
REV-00031630,SKU-0014389,user_18791,Brandy,5,"Absolutely love it, works perfectly!",2023-06-05,True,POSITIVE,4,SOURCE_G_REVIEWS,reviews_2023.csv,2023-06-05T00:58:37.658788439,BATCH-G-20230605
REV-00031636,SKU-0006787,user_9009287,Michelle Jennings,3,,2023-10-14,False,NEUTRAL,3,SOURCE_G_REVIEWS,reviews_2023.csv,2023-10-14T13:43:27.743426653,BATCH-G-20231014
REV-00031652,SKU-0001627,user_49970,Leslie Smith,4,"Absolutely love it, works perfectly!",2023-11-25,True,POSITIVE,0,SOURCE_G_REVIEWS,reviews_2023.csv,2023-11-25T15:59:47.027287424,BATCH-G-20231125
REV-00031659,SKU-0008778,user_34741,Cheyenne Bailey,5,Highly recommend this product. ⭐,2023-04-27,False,POSITIVE,6,SOURCE_G_REVIEWS,reviews_2023.csv,2023-04-27T21:06:49.613156095,BATCH-G-20230427
REV-00031662,SKU-0017689,user_32683,Courtney Wallace,4,Will definitely buy again.,2023-04-24,True,POSITIVE,0,SOURCE_G_REVIEWS,reviews_2023.csv,2023-04-24T03:21:44.227683216,BATCH-G-20230424
REV-00031662-DUP,SKU-0017689,user_32683,Courtney Wallace,4,Will definitely buy again.,2023-04-24,True,POSITIVE,0,SOURCE_G_REVIEWS,reviews_2023.csv,2023-04-24T03:23:44.227683216,BATCH-G-20230424
REV-00031673,SKU-9956511,user_9488,Andrea Pierce,4,"Solid build quality, no complaints.",2023-09-06,True,POSITIVE,4,SOURCE_G_REVIEWS,reviews_2023.csv,2023-09-07T00:03:34.891743800,BATCH-G-20230906
REV-00031679,SKU-0001513,,Anonymous,2,   Very  disappointed  with  the  quality.   ,2023-12-12,False,NEGATIVE,0,SOURCE_G_REVIEWS,reviews_2023.csv,2023-12-13T03:42:28.756546191,BATCH-G-20231212
REV-00031687,SKU-0008172,,Anonymous,2,No cumplió mis expectativas.,2023-10-07,False,NEGATIVE,0,SOURCE_G_REVIEWS,reviews_2023.csv,2023-10-07T21:31:36.399212892,BATCH-G-20231007
REV-00031691,SKU-0000612,user_41070,Daniel Clements,5,Great value for money.,2023-05-08,True,POSITIVE,6,SOURCE_G_REVIEWS,reviews_2023.csv,2023-05-08T22:54:28.802450931,BATCH-G-20230508
REV-00031699,SKU-0005426,user_4040,Yvette,4,Highly recommend this product.,2023-10-15,False,POSITIVE,3,SOURCE_G_REVIEWS,reviews_2023.csv,2023-10-15T01:49:21.275846706,BATCH-G-20231015
REV-00031713,SKU-0011184,user_9025086,Danielle Garza,5,Exceeded my expectations.,2023-11-23,False,POSITIVE,0,SOURCE_G_REVIEWS,reviews_2023.csv,2023-11-23T21:00:09.247535297,BATCH-G-20231123
REV-00031715,SKU-0011159,user_23861,Daniel,3,"Matches the description, no issues.",2023-07-07,False,NEUTRAL,4,SOURCE_G_REVIEWS,reviews_2023.csv,2023-07-07T15:18:11.640524559,BATCH-G-20230707
REV-00031721,SKU-0008150,user_1276,Shaun Ball,4,Fast delivery and great quality.,2023-10-15,True,POSITIVE,0,SOURCE_G_REVIEWS,reviews_2023.csv,2023-10-15T02:09:14.556237755,BATCH-G-20231015
REV-00031727,SKU-0018372,user_67221,Thomas Ross,3,"Matches the description, no issues.",2023-09-07,False,NEUTRAL,1,SOURCE_G_REVIEWS,reviews_2023.csv,2023-09-07T13:59:33.566674223,BATCH-G-20230907
REV-00031741,SKU-0016912,user_20390,Alexis Huang,4,"   Absolutely  love  it,  works  perfectly!   ",2023-09-10,False,POSITIVE,1,SOURCE_G_REVIEWS,reviews_2023.csv,2023-09-10T09:44:33.894007448,BATCH-G-20230910
REV-00031746,SKU-9931769,user_59667,Timothy Lawrence,2,"   Waste  of  money,  do  not  buy.   ",2023-08-05,True,NEGATIVE,0,SOURCE_G_REVIEWS,reviews_2023.csv,2023-08-05T19:17:04.519954340,BATCH-G-20230805
REV-00031754,SKU-0008980,user_33894,Ryan Davis,5,Better than I expected for the price.,2023-04-12,True,POSITIVE,1,SOURCE_G_REVIEWS,reviews_2023.csv,2023-04-12T12:56:39.705771608,BATCH-G-20230412
REV-00031759,SKU-0019904,,Anonymous,4,Great value for money.,2023-02-02,True,POSITIVE,0,SOURCE_G_REVIEWS,reviews_2023.csv,2023-02-03T03:24:58.022812627,BATCH-G-20230202
REV-00031766,SKU-0005898,user_9001512,Angela Baker,2,Arrived damaged and support was unhelpful.,2023-07-13,True,NEGATIVE,1,SOURCE_G_REVIEWS,reviews_2023.csv,2023-07-14T05:00:08.276995360,BATCH-G-20230713
REV-00031774,SKU-0000891,user_47389,Alexa French,4,Great value for money.,2023-09-20,False,POSITIVE,14,SOURCE_G_REVIEWS,reviews_2023.csv,2023-09-21T03:21:24.129581300,BATCH-G-20230920
REV-00031777,SKU-0007317,,Anonymous,4,Will definitely buy again.,2023-12-13,True,POSITIVE,0,SOURCE_G_REVIEWS,reviews_2023.csv,2023-12-13T20:38:45.734942384,BATCH-G-20231213
REV-00031779,SKU-0014424,user_9024703,Alex Clark,-,Fast delivery and great quality.,2023-08-06,False,POSITIVE,0,SOURCE_G_REVIEWS,reviews_2023.csv,2023-08-06T15:14:39.167932311,BATCH-G-20230806
REV-00031780,SKU-0004903,user_9021201,Albert,4,Will definitely buy again.,2023-08-11,True,POSITIVE,0,SOURCE_G_REVIEWS,reviews_2023.csv,2023-08-11T21:49:04.150225599,BATCH-G-20230811
REV-00031784,SKU-0004365,user_9032667,Kathy Fernandez,5,Highly recommend this product.,2023-06-13,True,POSITIVE,5,SOURCE_G_REVIEWS,reviews_2023.csv,2023-06-13T06:55:49.122965817,BATCH-G-20230613
REV-00031812,SKU-0004283,,Anonymous,4,"Solid build quality, no complaints.",2023-07-18,True,POSITIVE,7,SOURCE_G_REVIEWS,reviews_2023.csv,2023-07-18T13:04:52.425164901,BATCH-G-20230718
REV-00031820,SKU-0000345,,Anonymous,5,Fast delivery and great quality.,2023-08-03,False,POSITIVE,3,SOURCE_G_REVIEWS,reviews_2023.csv,2023-08-03T13:31:08.663320024,BATCH-G-20230803
REV-00031830,SKU-0014284,user_13555,Anna,5,"Absolutely love it, works perfectly!",2023-12-14,True,POSITIVE,2,SOURCE_G_REVIEWS,reviews_2023.csv,2023-12-14T14:46:24.494219636,BATCH-G-20231214
REV-00031832,SKU-0004086,user_33156,Raymond,4,"Solid build quality, no complaints.",2023-06-02,True,POSITIVE,3,SOURCE_G_REVIEWS,reviews_2023.csv,2023-06-02T20:22:00.578179848,BATCH-G-20230602
REV-00031844,SKU-0010713,user_9007446,Steven Mcmillan,1,Arrived damaged and support was unhelpful.,2023-12-31,True,NEGATIVE,6,SOURCE_G_REVIEWS,reviews_2023.csv,2023-12-31T04:28:17.194467295,BATCH-G-20231231
REV-00031845,SKU-0011707,user_16888,Jill,5,Better than I expected for the price.,2023-10-12,False,POSITIVE,2,SOURCE_G_REVIEWS,reviews_2023.csv,2023-10-12T20:29:22.892526317,BATCH-G-20231012
REV-00031865,SKU-0015335,user_9033313,Richard Wilson,3,Decent but overpriced a bit.,2023-06-01,True,NEUTRAL,5,SOURCE_G_REVIEWS,reviews_2023.csv,2023-06-01T12:05:12.562352827,BATCH-G-20230601
REV-00031869,SKU-0005533,user_62533,Jonathan Davis,5,"Exactly as described, very happy.",2023-01-21,True,POSITIVE,0,SOURCE_G_REVIEWS,reviews_2023.csv,2023-01-21T10:14:14.602937114,BATCH-G-20230121
REV-00031871,SKU-0007523,,Anonymous,3,"Average quality, nothing special.",2023-08-09,False,NEUTRAL,9,SOURCE_G_REVIEWS,reviews_2023.csv,2023-08-09T04:28:12.008480971,BATCH-G-20230809
REV-00031872,SKU-0010622,user_43763,Joseph Quinn,4,"Solid build quality, no complaints.",2023-07-23,True,POSITIVE,9,SOURCE_G_REVIEWS,reviews_2023.csv,2023-07-23T02:20:00.744038963,BATCH-G-20230723
REV-00031873,SKU-0015181,user_9028609,Colin Robertson,3,Decent but overpriced a bit.,2023-09-23,True,NEUTRAL,0,SOURCE_G_REVIEWS,reviews_2023.csv,2023-09-24T04:08:29.285796976,BATCH-G-20230923
REV-00031879,SKU-0011171,,Anonymous,5,"Solid build quality, no complaints.",2023-01-06,True,POSITIVE,2,SOURCE_G_REVIEWS,reviews_2023.csv,2023-01-06T13:07:48.474619215,BATCH-G-20230106
REV-00031880,SKU-0009622,user_9006575,Sarah Alexander,3,"It's okay, does the job.",2023-10-23,True,NEUTRAL,0,SOURCE_G_REVIEWS,reviews_2023.csv,2023-10-23T18:16:42.793042614,BATCH-G-20231023
REV-00031888,SKU-0016510,user_9013903,Rhonda Payne,5,Better than I expected for the price.,2023-10-26,True,POSITIVE,4,SOURCE_G_REVIEWS,reviews_2023.csv,2023-10-26T07:25:50.515704686,BATCH-G-20231026
REV-00031899,SKU-0019834,user_9007955,Michael Martin,5,Highly recommend this product.,2023-10-23,True,POSITIVE,0,SOURCE_G_REVIEWS,reviews_2023.csv,2023-10-24T02:38:23.813053238,BATCH-G-20231023
REV-00031907,SKU-0010871,user_27648,Kenneth,5,Will definitely buy again.,2023-12-25,True,POSITIVE,2,SOURCE_G_REVIEWS,reviews_2023.csv,2023-12-25T14:06:00.973372449,BATCH-G-20231225
REV-00031909,SKU-0014865,,Anonymous,4,<br>Better than I expected for the price.</p>,2023-09-02,False,POSITIVE,0,SOURCE_G_REVIEWS,reviews_2023.csv,2023-09-03T02:59:16.870416678,BATCH-G-20230902
REV-00031912,SKU-0016967,user_9011862,Jaime,5,Fast delivery and great quality.,2023-01-30,True,POSITIVE,1,SOURCE_G_REVIEWS,reviews_2023.csv,2023-01-30T04:42:45.714383261,BATCH-G-20230130
REV-00031919,SKU-0010666,user_57766,Juan Miller,4,Fast delivery and great quality.,2023-11-24,True,POSITIVE,1,SOURCE_G_REVIEWS,reviews_2023.csv,2023-11-25T05:42:43.475600944,BATCH-G-20231124
REV-00031920,SKU-0016065,user_9018901,Alexis,5,Will definitely buy again.,2023-10-08,True,POSITIVE,4,SOURCE_G_REVIEWS,reviews_2023.csv,2023-10-08T08:44:00.155359487,BATCH-G-20231008
REV-00031943,SKU-0010636,user_60622,Amy,4,Fast delivery and great quality.,2023-12-25,True,POSITIVE,2,SOURCE_G_REVIEWS,reviews_2023.csv,2023-12-25T06:09:52.169843920,BATCH-G-20231225
REV-00031945,SKU-0014341,user_7264,Cynthia Yu,6,"<br>Excellent rapport qualité-prix. Waste of money, do not buy.<br>",2023-10-31,True,NEGATIVE,9,SOURCE_G_REVIEWS,reviews_2023.csv,2023-10-31T22:20:01.882219426,BATCH-G-20231031
REV-00031953,SKU-0001113,user_40135,Lauren,4,<br>Not as described at all.</p>,2023-07-24,True,NEGATIVE,5,SOURCE_G_REVIEWS,reviews_2023.csv,2023-07-24T03:03:31.849714010,BATCH-G-20230724
REV-00031955,SKU-0004310,user_19905,Wesley Cox,4,   Exceeded  my  expectations.   ,2023-07-24,False,POSITIVE,0,SOURCE_G_REVIEWS,reviews_2023.csv,2023-07-25T05:43:44.263515938,BATCH-G-20230724
REV-00031957,SKU-0005068,user_9018576,Patrick Colon,4,Better than I expected for the price.,2023-10-14,True,POSITIVE,0,SOURCE_G_REVIEWS,reviews_2023.csv,2023-10-14T06:56:34.686478814,BATCH-G-20231014
REV-00031971,SKU-0000266,user_9030026,Emily,0,"Poor packaging, item was defective.",2023-05-29,True,NEGATIVE,7,SOURCE_G_REVIEWS,reviews_2023.csv,2023-05-29T10:22:51.398948512,BATCH-G-20230529
REV-00031975,SKU-0005989,user_9009293,Marissa Hernandez,5,Fast delivery and great quality.,2023-07-19,False,POSITIVE,2,SOURCE_G_REVIEWS,reviews_2023.csv,2023-07-19T17:09:00.310678098,BATCH-G-20230719
REV-00031979,SKU-0002135,user_9017224,Amanda Perez,4,गुणवत्ता ठीक नहीं थी।,2023-01-28,True,POSITIVE,5,SOURCE_G_REVIEWS,reviews_2023.csv,2023-01-28T02:27:58.062349302,BATCH-G-20230128
REV-00031982,SKU-0008739,user_9005573,Sherry Estrada,5,"Exactly as described, very happy.",2023-07-22,False,POSITIVE,0,SOURCE_G_REVIEWS,reviews_2023.csv,2023-07-22T05:12:45.848181460,BATCH-G-20230722
REV-00031984,SKU-0006361,user_21950,Mckenzie Warner,4,Great value for money.,2023-12-19,True,POSITIVE,4,SOURCE_G_REVIEWS,reviews_2023.csv,2023-12-19T06:15:23.666942332,BATCH-G-20231219
REV-00031995,SKU-0000014,user_44985,Jason,5,गुणवत्ता ठीक नहीं थी।,2023-07-08,True,POSITIVE,0,SOURCE_G_REVIEWS,reviews_2023.csv,2023-07-08T11:51:44.915356552,BATCH-G-20230708
REV-00032009,SKU-0014423,user_9015471,Justin Jones,5,"Exactly as described, very happy.",2023-09-06,True,POSITIVE,2,SOURCE_G_REVIEWS,reviews_2023.csv,2023-09-06T20:06:24.112827927,BATCH-G-20230906
REV-00032011,SKU-0002907,user_9001598,Courtney Matthews,2,NULL,2023-01-09,False,NEGATIVE,2,SOURCE_G_REVIEWS,reviews_2023.csv,2023-01-09T11:14:40.917945167,BATCH-G-20230109
REV-00032013,SKU-0018606,user_34516,Shannon Lee,4,"Absolutely love it, works perfectly!",2023-05-12,False,POSITIVE,3,SOURCE_G_REVIEWS,reviews_2023.csv,2023-05-13T04:08:07.493537715,BATCH-G-20230512
REV-00032015,SKU-0003904,user_9032042,Lisa Richardson,3,"Not bad, not great either.",2023-08-10,True,NEUTRAL,0,SOURCE_G_REVIEWS,reviews_2023.csv,2023-08-10T09:34:13.025790669,BATCH-G-20230810
REV-00032019,SKU-0016195,,Anonymous,2,Arrived damaged and support was unhelpful.,2023-01-02,False,NEGATIVE,0,SOURCE_G_REVIEWS,reviews_2023.csv,2023-01-02T06:23:01.595760344,BATCH-G-20230102
REV-00032021,SKU-0012264,user_20342,Sarah Le,4,Will definitely buy again.,2023-08-31,True,POSITIVE,3,SOURCE_G_REVIEWS,reviews_2023.csv,2023-08-31T19:38:36.492069460,BATCH-G-20230831
REV-00032039,SKU-0010421,,Anonymous,5,Will definitely buy again.,2023-11-18,True,POSITIVE,1,SOURCE_G_REVIEWS,reviews_2023.csv,2023-11-18T01:10:30.340492369,BATCH-G-20231118
REV-00032042,SKU-0015593,user_9030819,Joan Washington,4,"बहुत अच्छा उत्पाद है, पैसा वसूल!",2023-12-17,True,POSITIVE,2,SOURCE_G_REVIEWS,reviews_2023.csv,2023-12-17T20:48:08.545446383,BATCH-G-20231217
REV-00032049,SKU-0019460,user_9503,Hannah Ball,5,"Solid build quality, no complaints.",2023-02-16,True,POSITIVE,7,SOURCE_G_REVIEWS,reviews_2023.csv,2023-02-16T07:37:35.668624430,BATCH-G-20230216
REV-00032059,SKU-0006135,user_9019640,Jonathan Trujillo,3,"Not bad, not great either.",2023-01-12,True,NEUTRAL,3,SOURCE_G_REVIEWS,reviews_2023.csv,2023-01-13T04:44:58.530724871,BATCH-G-20230112
REV-00032061,SKU-0009869,user_63252,Casey Thomas,1,Not as described at all.,2023-11-29,False,NEGATIVE,0,SOURCE_G_REVIEWS,reviews_2023.csv,2023-12-06T17:00:00,BATCH-G-20231129
REV-00032063,SKU-0013852,user_9030247,Antonio Boone,5,Works fine but delivery was slow.,2023-03-12,False,NEUTRAL,6,SOURCE_G_REVIEWS,reviews_2023.csv,2023-03-12T10:29:52.038438989,BATCH-G-20230312
REV-00032083,SKU-0000601,user_69925,Mark Bell,4,Fast delivery and great quality.,2023-02-13,True,POSITIVE,3,SOURCE_G_REVIEWS,reviews_2023.csv,2023-02-13T20:22:53.280151460,BATCH-G-20230213
REV-00032084,SKU-0017895,,Anonymous,3,Decent but overpriced a bit.,2023-04-16,True,NEUTRAL,4,SOURCE_G_REVIEWS,reviews_2023.csv,2023-04-16T16:43:47.104902455,BATCH-G-20230416
REV-00032085,SKU-0019153,user_43479,Noah Miller,4,   गुणवत्ता  ठीक  नहीं  थी।   ,2023-06-21,True,NEUTRAL,0,SOURCE_G_REVIEWS,reviews_2023.csv,2023-06-21T21:37:35.378356219,BATCH-G-20230621
REV-00032101,SKU-0008006,user_9025864,Chad Harris,4,"Solid build quality, no complaints.",2023-11-14,False,POSITIVE,0,SOURCE_G_REVIEWS,reviews_2023.csv,2023-11-14T11:19:51.330117608,BATCH-G-20231114
REV-00032115,SKU-0007306,,Anonymous,5,Exceeded my expectations.,2023-02-13,True,POSITIVE,0,SOURCE_G_REVIEWS,reviews_2023.csv,2023-02-14T02:19:19.796773371,BATCH-G-20230213
REV-00032136,SKU-0012456,user_9002391,Shane Young,2,Stopped working after a week. 🙏,2023-12-21,False,NEGATIVE,3,SOURCE_G_REVIEWS,reviews_2023.csv,2023-12-21T12:49:24.925876873,BATCH-G-20231221
REV-00032139,SKU-0017543,,Anonymous, ,"Solid build quality, no complaints.",2023-03-25,True,POSITIVE,4,SOURCE_G_REVIEWS,reviews_2023.csv,2023-03-26T05:24:08.496208009,BATCH-G-20230325
REV-00032149,SKU-0002752,user_52953,Chase Mclaughlin,4,Highly recommend this product.,2023-01-07,True,POSITIVE,9,SOURCE_G_REVIEWS,reviews_2023.csv,2023-01-08T05:54:41.492796871,BATCH-G-20230107
REV-00032154,SKU-0004480,,Anonymous,5,"Absolutely love it, works perfectly!",2023-07-18,True,POSITIVE,2,SOURCE_G_REVIEWS,reviews_2023.csv,2023-07-18T07:56:55.111337467,BATCH-G-20230718
REV-00032156,SKU-0018658,user_9010968,Dr.,4,Better than I expected for the price.,2023-10-08,True,POSITIVE,4,SOURCE_G_REVIEWS,reviews_2023.csv,2023-10-08T10:47:47.828231930,BATCH-G-20231008
REV-00032174,SKU-0009905,,Anonymous,4,"Muy buen producto, lo recomiendo. 👍",2023-03-26,True,POSITIVE,1,SOURCE_G_REVIEWS,reviews_2023.csv,2023-03-27T03:16:51.532503060,BATCH-G-20230326
REV-00032182,SKU-9912429,,Anonymous,5,</p>Will definitely buy again. 😢</p>,2023-07-03,False,POSITIVE,1,SOURCE_G_REVIEWS,reviews_2023.csv,2023-07-03T19:25:51.966630637,BATCH-G-20230703
REV-00032200,SKU-0017495,user_9013207,Maria Wise,5,<br>Fast delivery and great quality.<p>,2023-12-06,True,POSITIVE,4,SOURCE_G_REVIEWS,reviews_2023.csv,2023-12-07T05:42:35.012033950,BATCH-G-20231206
REV-00032200-BOT,SKU-0017495,user_54549,Tony Blankenship,5,<br>Fast delivery and great quality.<p>,2023-12-06,False,POSITIVE,0,SOURCE_G_REVIEWS,reviews_2023.csv,2023-12-07T05:42:35.012033950,BATCH-G-20231206
REV-00032204,SKU-0001219,user_66275,Shelby,5,"Perfect gift, they loved it!",2023-12-21,True,POSITIVE,0,SOURCE_G_REVIEWS,reviews_2023.csv,2023-12-21T13:55:04.721074521,BATCH-G-20231221
REV-00032205,SKU-0003687,user_68225,Corey,5,Great value for money.,2023-01-24,True,POSITIVE,2,SOURCE_G_REVIEWS,reviews_2023.csv,2023-01-24T08:31:47.182581871,BATCH-G-20230124
REV-00032208,SKU-0008416,user_9012397,Walter Fox,4,"Solid build quality, no complaints.",2023-03-15,False,POSITIVE,0,SOURCE_G_REVIEWS,reviews_2023.csv,2023-03-15T16:28:25.486137101,BATCH-G-20230315
REV-00032240,SKU-0002640,user_36950,Kristin Lee,5,Highly recommend this product.,2023-03-20,False,POSITIVE,0,SOURCE_G_REVIEWS,reviews_2023.csv,2023-03-20T04:15:10.338344354,BATCH-G-20230320
REV-00032243,SKU-0013453,user_9005491,Jeremy Perez,5,Highly recommend this product.,2023-02-07,True,POSITIVE,5,SOURCE_G_REVIEWS,reviews_2023.csv,2023-02-08T03:26:25.352060374,BATCH-G-20230207
REV-00032246,SKU-0018656,,Anonymous,5,Highly recommend this product.,2023-03-16,True,POSITIVE,3,SOURCE_G_REVIEWS,reviews_2023.csv,2023-03-16T08:31:35.135290948,BATCH-G-20230316
REV-00032261,SKU-0003526,user_15564,Jeffrey,5,No cumplió mis expectativas. Will definitely buy again.,2023-04-03,False,POSITIVE,4,SOURCE_G_REVIEWS,reviews_2023.csv,2023-04-03T09:33:00.634015652,BATCH-G-20230403
REV-00032263,SKU-0009983,user_9001529,Raymond Hickman,4,Excellent rapport qualité-prix.,2023-12-06,True,POSITIVE,0,SOURCE_G_REVIEWS,reviews_2023.csv,2023-12-07T02:44:27.725496421,BATCH-G-20231206
REV-00032265,SKU-0019768,user_9034664,Alexander Mccoy,1,Very disappointed with the quality.,2023-12-12,False,NEGATIVE,1,SOURCE_G_REVIEWS,reviews_2023.csv,2023-12-12T06:41:15.811145401,BATCH-G-20231212
REV-00032268,SKU-0012776,user_9010112,Steven Lopez,3,Works fine but delivery was slow.,2023-07-18,False,NEUTRAL,1,SOURCE_G_REVIEWS,reviews_2023.csv,2023-07-19T01:59:27.715837836,BATCH-G-20230718
REV-00032279,SKU-0000107,user_9016377,Mark Robles,4,Highly recommend this product.,2023-07-23,True,POSITIVE,0,SOURCE_G_REVIEWS,reviews_2023.csv,2023-07-24T04:22:57.706436998,BATCH-G-20230723
REV-00032280,SKU-0007347,user_9010133,David Adkins,4,"Solid build quality, no complaints.",2023-02-22,True,POSITIVE,5,SOURCE_G_REVIEWS,reviews_2023.csv,2023-02-22T21:01:00.267629290,BATCH-G-20230222
REV-00032288,SKU-0009455,user_47530,Pamela Hawkins,1,   Excellent  rapport  qualité-prix.   ,2023-09-29,True,NEGATIVE,5,SOURCE_G_REVIEWS,reviews_2023.csv,2023-09-29T05:15:00.941151654,BATCH-G-20230929
REV-00032291,SKU-0018121,user_34627,Daniel,3,"It's okay, does the job.",2023-07-08,True,NEUTRAL,8,SOURCE_G_REVIEWS,reviews_2023.csv,2023-07-09T04:06:17.469430278,BATCH-G-20230708
REV-00032298,SKU-0009417,user_61015,Raymond Christensen,4,"Perfect gift, they loved it!",2023-12-25,True,POSITIVE,3,SOURCE_G_REVIEWS,reviews_2023.csv,2023-12-25T05:49:56.252708936,BATCH-G-20231225
REV-00032307,SKU-0001369,,Anonymous,,Stopped working after a week.,2023-01-20,True,NEGATIVE,0,SOURCE_G_REVIEWS,reviews_2023.csv,2023-01-20T18:22:29.576507386,BATCH-G-20230120
REV-00032308,SKU-0011774,,Anonymous,5,"Absolutely love it, works perfectly!",2023-04-12,True,POSITIVE,14,SOURCE_G_REVIEWS,reviews_2023.csv,2023-04-12T21:57:33.582859791,BATCH-G-20230412
REV-00032325,SKU-0011400,,Anonymous,5,"Perfect gift, they loved it!",2023-08-07,True,POSITIVE,0,SOURCE_G_REVIEWS,reviews_2023.csv,2023-08-08T02:58:17.463481944,BATCH-G-20230807
REV-00032334,SKU-0003534,user_52997,Megan Mendoza,5,"Absolutely love it, works perfectly!",2023-12-24,True,POSITIVE,2,SOURCE_G_REVIEWS,reviews_2023.csv,2023-12-25T00:01:36.208301285,BATCH-G-20231224
REV-00032338,SKU-0008120,user_6696,Zachary Evans,5,"Absolutely love it, works perfectly!",2023-04-23,True,POSITIVE,1,SOURCE_G_REVIEWS,reviews_2023.csv,2023-04-23T15:10:53.254978953,BATCH-G-20230423
REV-00032344,SKU-0004660,user_9023834,Terry,4,Better than I expected for the price.,2023-09-10,False,POSITIVE,5,SOURCE_G_REVIEWS,reviews_2023.csv,2023-09-10T15:28:34.215428165,BATCH-G-20230910
REV-00032370,SKU-0003370,user_9023196,Whitney Ortega,1,Not as described at all.,2023-08-06,True,NEGATIVE,0,SOURCE_G_REVIEWS,reviews_2023.csv,2023-08-06T05:38:37.274852805,BATCH-G-20230806
REV-00032380,SKU-0005138,user_9031114,Nicholas,4,No cumplió mis expectativas.,2023-12-19,False,POSITIVE,1,SOURCE_G_REVIEWS,reviews_2023.csv,2023-12-20T00:46:25.734607875,BATCH-G-20231219
REV-00032388,SKU-0003680,user_9034611,Jason Anderson,5,"Absolutely love it, works perfectly!",2023-05-13,False,POSITIVE,1,SOURCE_G_REVIEWS,reviews_2023.csv,2023-05-13T23:58:31.435565453,BATCH-G-20230513
REV-00032390,SKU-0007235,user_52673,Laurie Kelly,2,"Livraison très lente, déçu.",2023-09-20,True,NEGATIVE,3,SOURCE_G_REVIEWS,reviews_2023.csv,2023-09-20T11:29:07.038455347,BATCH-G-20230920
REV-00032402,SKU-0011582,,Anonymous,4,Great value for money.,2023-03-23,False,POSITIVE,3,SOURCE_G_REVIEWS,reviews_2023.csv,2023-03-24T03:26:49.742363653,BATCH-G-20230323
REV-00032405,SKU-0006227,,Anonymous,5,"<b>Update:</b>Solid build quality, no complaints.&nbsp;",2023-09-16,False,POSITIVE,0,SOURCE_G_REVIEWS,reviews_2023.csv,2023-09-16T12:35:20.046587948,BATCH-G-20230916
REV-00032410,SKU-0014227,user_45940,Charlotte Arroyo,5,Highly recommend this product.,2023-07-27,True,POSITIVE,4,SOURCE_G_REVIEWS,reviews_2023.csv,2023-07-27T18:27:21.580966509,BATCH-G-20230727
REV-00032418,SKU-0013231,user_21164,Nichole Wong,4,Great value for money.,2023-05-07,False,POSITIVE,0,SOURCE_G_REVIEWS,reviews_2023.csv,2023-05-08T00:27:55.059391432,BATCH-G-20230507
REV-00032426,SKU-0003331,user_37840,Monica,null,Highly recommend this product.,2023-08-27,True,POSITIVE,1,SOURCE_G_REVIEWS,reviews_2023.csv,2023-08-27T12:20:23.353197479,BATCH-G-20230827
REV-00032435,SKU-0019317,user_9016325,Anna Lopez,5,"Perfect gift, they loved it!",2023-07-17,False,POSITIVE,0,SOURCE_G_REVIEWS,reviews_2023.csv,2023-07-17T10:59:32.723736766,BATCH-G-20230717
REV-00032439,SKU-0001454,user_9021760,Michael Marquez,3,"It's okay, does the job.",2023-11-12,False,NEUTRAL,1,SOURCE_G_REVIEWS,reviews_2023.csv,2023-11-13T04:22:54.227946920,BATCH-G-20231112
REV-00032441,SKU-0015000,user_9003392,Alicia Jones,2,"Waste of money, do not buy.",2023-12-15,False,NEGATIVE,9,SOURCE_G_REVIEWS,reviews_2023.csv,2023-12-15T06:31:15.519078246,BATCH-G-20231215
REV-00032449,SKU-0019193,user_9030624,Thomas,5,"Perfect gift, they loved it!",2023-02-25,True,POSITIVE,1,SOURCE_G_REVIEWS,reviews_2023.csv,2023-02-25T01:01:50.260255677,BATCH-G-20230225
REV-00032474,SKU-0004769,user_46972,Sonya Mcguire,4,"Absolutely love it, works perfectly!",2023-09-11,True,POSITIVE,2,SOURCE_G_REVIEWS,reviews_2023.csv,2023-09-11T09:18:08.734600993,BATCH-G-20230911
REV-00032475,SKU-0002604,user_9007076,Gerald Stein,4,Will definitely buy again.,2023-01-27,False,POSITIVE,2,SOURCE_G_REVIEWS,reviews_2023.csv,2023-01-27T07:48:15.795250067,BATCH-G-20230127
REV-00032490,SKU-0002136,user_9000285,Earl Reeves,4,Exceeded my expectations.,2023-09-06,True,POSITIVE,8,SOURCE_G_REVIEWS,reviews_2023.csv,2023-09-06T13:13:27.837846375,BATCH-G-20230906
REV-00032496,SKU-0004847,user_9020732,Natalie Weaver,0,"Perfect gift, they loved it!",2023-12-14,True,POSITIVE,2,SOURCE_G_REVIEWS,reviews_2023.csv,2023-12-14T02:24:15.719768326,BATCH-G-20231214
REV-00032499,SKU-0005089,user_27549,Angela Wise,5,"Perfect gift, they loved it!",2023-01-25,False,POSITIVE,2,SOURCE_G_REVIEWS,reviews_2023.csv,2023-01-25T13:47:00.230751338,BATCH-G-20230125
REV-00032501,SKU-9955504,,Anonymous,3,"Not bad, not great either.",2023-05-26,True,NEUTRAL,7,SOURCE_G_REVIEWS,reviews_2023.csv,2023-05-26T21:56:37.692243287,BATCH-G-20230526
REV-00032507,SKU-0005815,,Anonymous,3,   Decent  but  overpriced  a  bit.   ,2023-06-23,False,NEUTRAL,0,SOURCE_G_REVIEWS,reviews_2023.csv,2023-06-23T12:44:32.335594657,BATCH-G-20230623
REV-00032513,SKU-0008064,user_9023354,Andrew,5,Exceeded my expectations.,2023-08-25,False,POSITIVE,3,SOURCE_G_REVIEWS,reviews_2023.csv,2023-08-25T19:03:20.762073601,BATCH-G-20230825
REV-00032519,SKU-0000614,,Anonymous,5,Better than I expected for the price.,2023-11-13,False,POSITIVE,2,SOURCE_G_REVIEWS,reviews_2023.csv,2023-11-13T04:48:34.226402634,BATCH-G-20231113
REV-00032526,SKU-0009989,user_9004603,Richard,1,Excellent rapport qualité-prix.,2023-10-22,False,NEGATIVE,0,SOURCE_G_REVIEWS,reviews_2023.csv,2023-10-22T17:47:34.318290557,BATCH-G-20231022
REV-00032528,SKU-9916191,user_50480,Abigail Barrett,5,"   Muy  buen  producto,  lo  recomiendo.  Better  than  I  expected  for  the  price.   ",2023-10-23,True,POSITIVE,2,SOURCE_G_REVIEWS,reviews_2023.csv,2023-10-23T13:17:02.854878366,BATCH-G-20231023
REV-00032548,SKU-0000252,user_9002951,Alisha Barnes,2,Arrived damaged and support was unhelpful.,2023-08-16,True,NEGATIVE,2,SOURCE_G_REVIEWS,reviews_2023.csv,2023-08-17T03:29:24.852458549,BATCH-G-20230816
REV-00032557,SKU-9908747,user_9020792,Thomas Stanley,3,Decent but overpriced a bit.,2023-04-10,True,NEUTRAL,3,SOURCE_G_REVIEWS,reviews_2023.csv,2023-04-10T15:56:26.117643869,BATCH-G-20230410
REV-00032562,SKU-0009177,user_23605,Stacy Williams,4,Will definitely buy again.,2023-04-24,True,POSITIVE,1,SOURCE_G_REVIEWS,reviews_2023.csv,2023-04-24T18:46:44.249168891,BATCH-G-20230424
REV-00032576,SKU-0000883,user_49910,Kyle Hunter,5,"Absolutely love it, works perfectly! ⭐",2023-11-18,True,POSITIVE,0,SOURCE_G_REVIEWS,reviews_2023.csv,2023-11-18T23:27:45.358629285,BATCH-G-20231118
REV-00032577,SKU-0006598,user_9008331,Margaret Powell,4,Excellent rapport qualité-prix.,2023-04-21,True,POSITIVE,1,SOURCE_G_REVIEWS,reviews_2023.csv,2023-04-21T08:22:08.713993696,BATCH-G-20230421
REV-00032578,SKU-0010097,user_9025529,Charles,5,Will definitely buy again.,2023-09-20,False,POSITIVE,2,SOURCE_G_REVIEWS,reviews_2023.csv,2023-09-21T00:50:08.266567969,BATCH-G-20230920
REV-00032590,SKU-0012028,user_9007557,David Russell,5,Better than I expected for the price.,2023-03-24,True,POSITIVE,7,SOURCE_G_REVIEWS,reviews_2023.csv,2023-03-24T16:55:02.090954003,BATCH-G-20230324
REV-00032599,SKU-0005930,,Anonymous,3,"Average quality, nothing special.",2023-09-18,False,NEUTRAL,3,SOURCE_G_REVIEWS,reviews_2023.csv,2023-09-18T18:15:32.565785729,BATCH-G-20230918
REV-00032606,SKU-0020175,user_9012084,Kelly Cruz,3,"Not bad, not great either.",2023-06-08,True,NEUTRAL,1,SOURCE_G_REVIEWS,reviews_2023.csv,2023-06-08T21:05:04.163849162,BATCH-G-20230608
REV-00032611,SKU-0015454,user_9001729,Zachary Gentry,6,Stopped working after a week.,2023-07-25,True,NEGATIVE,0,SOURCE_G_REVIEWS,reviews_2023.csv,2023-07-25T07:12:39.632643775,BATCH-G-20230725
REV-00032613,SKU-0018926,user_18957,Travis Thompson,4,"Exactly as described, very happy.",2023-10-10,True,POSITIVE,0,SOURCE_G_REVIEWS,reviews_2023.csv,2023-10-10T04:20:27.581375393,BATCH-G-20231010
REV-00032616,SKU-0014426,user_54558,Marco Bradley,3,Works fine but delivery was slow.,2023-06-24,True,NEUTRAL,2,SOURCE_G_REVIEWS,reviews_2023.csv,2023-06-24T08:31:07.856179839,BATCH-G-20230624
REV-00032624,SKU-0003753,user_24202,Amanda Moore,3,Decent but overpriced a bit.,2023-05-18,False,NEUTRAL,5,SOURCE_G_REVIEWS,reviews_2023.csv,2023-05-18T20:39:46.908506091,BATCH-G-20230518
REV-00032628,SKU-0003000,user_9012900,Brandon Davis,1,"Solid build quality, no complaints.",2023-03-06,True,POSITIVE,0,SOURCE_G_REVIEWS,reviews_2023.csv,2023-03-06T08:34:08.663928823,BATCH-G-20230306
REV-00032629,SKU-0013462,user_51458,Jordan,5,Will definitely buy again.,2023-10-04,True,POSITIVE,2,SOURCE_G_REVIEWS,reviews_2023.csv,2023-10-04T20:38:32.202676351,BATCH-G-20231004
REV-00032630,SKU-0014102,user_33894,Ryan Davis,2,Very disappointed with the quality.,2023-10-08,True,NEGATIVE,1,SOURCE_G_REVIEWS,reviews_2023.csv,2023-10-08T17:26:17.603874451,BATCH-G-20231008
REV-00032634,SKU-0000869,user_9015548,Spencer,5,Will definitely buy again.,2023-07-09,True,POSITIVE,0,SOURCE_G_REVIEWS,reviews_2023.csv,2023-07-09T04:32:21.733846609,BATCH-G-20230709
REV-00032638,SKU-0010839,user_9032439,Mario Williams,5,"Solid build quality, no complaints.",2023-11-11,False,POSITIVE,2,SOURCE_G_REVIEWS,reviews_2023.csv,2023-11-12T03:05:05.932937284,BATCH-G-20231111
REV-00032641,SKU-0016136,user_66603,Jeff Stewart,5,Better than I expected for the price.,2023-02-26,True,POSITIVE,0,SOURCE_G_REVIEWS,reviews_2023.csv,2023-02-26T04:51:53.481636355,BATCH-G-20230226
REV-00032646,SKU-0017043,user_23414,Kevin,5,Better than I expected for the price.,2023-01-31,False,POSITIVE,1,SOURCE_G_REVIEWS,reviews_2023.csv,2023-02-01T00:43:19.450619429,BATCH-G-20230131
REV-00032650,SKU-0017729,user_9022130,Brianna Reynolds,4,"Solid build quality, no complaints.",2023-08-25,True,POSITIVE,4,SOURCE_G_REVIEWS,reviews_2023.csv,2023-08-25T11:09:53.135961986,BATCH-G-20230825
REV-00032661,SKU-0009020,,Anonymous,4,Great value for money.,2023-06-19,True,POSITIVE,2,SOURCE_G_REVIEWS,reviews_2023.csv,2023-06-19T17:10:38.121125975,BATCH-G-20230619
REV-00032662,SKU-0003723,user_20787,Richard,3,"It's okay, does the job.",2023-11-21,False,NEUTRAL,0,SOURCE_G_REVIEWS,reviews_2023.csv,2023-11-21T16:45:33.374147614,BATCH-G-20231121
REV-00032668,SKU-9914643,user_9029981,Jordan Reed,5,"Absolutely love it, works perfectly!",2023-08-23,True,POSITIVE,1,SOURCE_G_REVIEWS,reviews_2023.csv,2023-08-24T02:42:31.092478966,BATCH-G-20230823
REV-00032701,SKU-0012992,user_69600,Katie Martin,4,Better than I expected for the price.,2023-04-14,False,POSITIVE,1,SOURCE_G_REVIEWS,reviews_2023.csv,2023-04-14T05:22:00.693597159,BATCH-G-20230414
REV-00032701-BOT,SKU-0012992,user_9020793,Ryan Hansen,4,Better than I expected for the price.,2023-04-14,False,POSITIVE,0,SOURCE_G_REVIEWS,reviews_2023.csv,2023-04-14T05:22:00.693597159,BATCH-G-20230414
REV-00032703,SKU-0008898,user_38607,Shaun Malone,7,Works fine but delivery was slow.,2023-05-07,True,NEUTRAL,2,SOURCE_G_REVIEWS,reviews_2023.csv,2023-05-07T08:26:10.543138028,BATCH-G-20230507
REV-00032707,SKU-0015522,user_9028057,Donna,4,"Exactly as described, very happy.",2023-01-28,False,POSITIVE,1,SOURCE_G_REVIEWS,reviews_2023.csv,2023-01-28T14:30:10.704952509,BATCH-G-20230128
REV-00032709,SKU-0005061,,Anonymous,5,"Perfect gift, they loved it!",2023-03-05,False,POSITIVE,0,SOURCE_G_REVIEWS,reviews_2023.csv,2023-03-05T21:18:28.271076254,BATCH-G-20230305
REV-00032713,SKU-0013756,user_9022046,Ronald,4,"Solid build quality, no complaints.",2023-05-03,True,POSITIVE,0,SOURCE_G_REVIEWS,reviews_2023.csv,2023-05-03T13:49:15.271990606,BATCH-G-20230503
REV-00032718,SKU-0010469,user_30026,Sarah Hernandez,4,Great value for money.,2023-04-22,False,POSITIVE,0,SOURCE_G_REVIEWS,reviews_2023.csv,2023-04-22T14:57:07.396228953,BATCH-G-20230422
REV-00032721,SKU-0016929,user_9025351,Christopher Richardson,1,"Poor packaging, item was defective.",2023-02-12,True,NEGATIVE,0,SOURCE_G_REVIEWS,reviews_2023.csv,2023-02-12T09:00:38.228419285,BATCH-G-20230212
REV-00032724,SKU-0020082,user_9020234,Kelly Brooks,5,Excellent rapport qualité-prix.,2023-04-11,True,POSITIVE,1,SOURCE_G_REVIEWS,reviews_2023.csv,2023-04-11T19:40:50.359340882,BATCH-G-20230411
REV-00032731,SKU-0006930,user_9016138,Tiffany,4,Highly recommend this product.,2023-03-29,True,POSITIVE,3,SOURCE_G_REVIEWS,reviews_2023.csv,2023-03-29T17:30:13.168801736,BATCH-G-20230329
REV-00032737,SKU-0008999,user_3441,Tony Finley,5,Exceeded my expectations.,2023-01-20,False,POSITIVE,1,SOURCE_G_REVIEWS,reviews_2023.csv,2023-01-20T01:15:16.299595787,BATCH-G-20230120
REV-00032737-DUP,SKU-0008999,user_3441,Tony Finley,5,Exceeded my expectations.,2023-01-20,False,POSITIVE,1,SOURCE_G_REVIEWS,reviews_2023.csv,2023-01-20T02:09:16.299595787,BATCH-G-20230120
REV-00032751,SKU-0003746,user_9022600,Gabriela Maynard,5,"Solid build quality, no complaints.",2023-10-12,True,POSITIVE,1,SOURCE_G_REVIEWS,reviews_2023.csv,2023-10-12T16:56:36.926554410,BATCH-G-20231012
REV-00032753,SKU-0019977,,Anonymous,1,Stopped working after a week.,2023-06-25,True,NEGATIVE,0,SOURCE_G_REVIEWS,reviews_2023.csv,2023-06-25T08:16:56.188348201,BATCH-G-20230625
REV-00032774,SKU-0003813,user_9018033,Frank Moore,4,"</p>Perfect gift, they loved it!<br>",2023-02-05,True,POSITIVE,0,SOURCE_G_REVIEWS,reviews_2023.csv,2023-02-05T08:07:28.298687493,BATCH-G-20230205
REV-00032778,SKU-0004533,,Anonymous,2,Stopped working after a week.,2023-08-10,True,NEGATIVE,0,SOURCE_G_REVIEWS,reviews_2023.csv,2023-08-10T08:25:21.768520330,BATCH-G-20230810
REV-00032783,SKU-9910417,user_9006051,Gina,5,Great value for money.,2023-07-17,True,POSITIVE,7,SOURCE_G_REVIEWS,reviews_2023.csv,2023-07-17T13:27:58.260064680,BATCH-G-20230717
REV-00032796,SKU-0019151,user_54780,Linda Washington,4,Fast delivery and great quality.,2023-12-16,False,POSITIVE,1,SOURCE_G_REVIEWS,reviews_2023.csv,2023-12-16T18:42:33.611441314,BATCH-G-20231216
REV-00032799,SKU-0007860,user_9033719,Michael Wilkins,4,<p>Will definitely buy again.&nbsp;,2023-07-02,False,POSITIVE,-4,SOURCE_G_REVIEWS,reviews_2023.csv,2023-07-02T13:09:34.071682077,BATCH-G-20230702
REV-00032802,SKU-0014305,user_9020777,Kelsey Howell,5,Fast delivery and great quality.,2023-12-24,True,POSITIVE,0,SOURCE_G_REVIEWS,reviews_2023.csv,2023-12-24T16:12:19.749345061,BATCH-G-20231224
REV-00032806,SKU-0012917,,Anonymous,4,Will definitely buy again.,2023-08-30,True,POSITIVE,1,SOURCE_G_REVIEWS,reviews_2023.csv,2023-08-30T22:37:11.286374629,BATCH-G-20230830
REV-00032821,SKU-0014127,user_43637,Ronald Hughes,5,Will definitely buy again.,2023-07-30,False,POSITIVE,7,SOURCE_G_REVIEWS,reviews_2023.csv,2023-07-30T10:58:18.649516254,BATCH-G-20230730
REV-00032825,SKU-0012715,user_62322,Matthew Melton,1,Not as described at all.,2023-11-18,True,NEGATIVE,0,SOURCE_G_REVIEWS,reviews_2023.csv,2023-11-19T04:31:37.356888808,BATCH-G-20231118
REV-00032826,SKU-9982541,user_54508,Daniel Patel,5,Better than I expected for the price.,2023-03-17,False,POSITIVE,2,SOURCE_G_REVIEWS,reviews_2023.csv,2023-03-18T02:50:27.819206895,BATCH-G-20230317
REV-00032831,SKU-0006534,user_9004602,Monica Velez,4,Will definitely buy again.,2023-02-17,True,POSITIVE,5,SOURCE_G_REVIEWS,reviews_2023.csv,2023-02-18T04:20:44.064779144,BATCH-G-20230217
REV-00032833,SKU-0004358,user_69281,Richard Johnson,4,Better than I expected for the price.,2023-01-10,True,POSITIVE,7,SOURCE_G_REVIEWS,reviews_2023.csv,2023-01-11T03:08:14.570277915,BATCH-G-20230110
REV-00032835,SKU-0013306,user_9020154,Amy,5,"Exactly as described, very happy.",2023-01-22,True,POSITIVE,10,SOURCE_G_REVIEWS,reviews_2023.csv,2023-01-22T03:57:34.629936508,BATCH-G-20230122
REV-00032838,SKU-0002242,,Anonymous,4,Fast delivery and great quality. 💯,2023-04-26,False,POSITIVE,2,SOURCE_G_REVIEWS,reviews_2023.csv,2023-04-27T01:31:29.985026877,BATCH-G-20230426
REV-00032842,SKU-0009721,user_65929,William,4,"Perfect gift, they loved it!",2023-01-10,True,POSITIVE,3,SOURCE_G_REVIEWS,reviews_2023.csv,2023-01-10T15:17:20.168908835,BATCH-G-20230110
REV-00032848,SKU-0007443,user_9018032,Ethan Woods,5,Will definitely buy again.,2023-12-02,True,POSITIVE,1,SOURCE_G_REVIEWS,reviews_2023.csv,2023-12-02T02:32:01.294112395,BATCH-G-20231202
REV-00032852,SKU-0014002,user_67402,Tyler Thomas,3,Decent but overpriced a bit.,2023-11-22,True,NEUTRAL,2,SOURCE_G_REVIEWS,reviews_2023.csv,2023-11-22T01:59:17.414332716,BATCH-G-20231122
REV-00032854,SKU-0001453,user_60237,Debra Hampton,3,"It's okay, does the job.",2023-08-24,False,NEUTRAL,5,SOURCE_G_REVIEWS,reviews_2023.csv,2023-08-25T05:19:52.395026367,BATCH-G-20230824
REV-00032858,SKU-0000057,user_58950,Daniel Wolfe,4,"Absolutely love it, works perfectly! 🔥",2023-02-06,True,POSITIVE,0,SOURCE_G_REVIEWS,reviews_2023.csv,2023-02-06T06:22:19.541955906,BATCH-G-20230206
REV-00032865,SKU-0017595,user_60600,Mr. Johnny Jordan PhD,4,Fast delivery and great quality.,2023-08-24,True,POSITIVE,8,SOURCE_G_REVIEWS,reviews_2023.csv,2023-08-25T05:28:30.922303471,BATCH-G-20230824
REV-00032869,SKU-0011276,user_46507,Justin Murray,5,"Absolutely love it, works perfectly!",2023-11-08,False,POSITIVE,1,SOURCE_G_REVIEWS,reviews_2023.csv,2023-11-08T04:15:57.872749035,BATCH-G-20231108
REV-00032872,SKU-0004075,user_15006,Kristine Dominguez,4,Highly recommend this product.,2023-12-05,True,POSITIVE,4,SOURCE_G_REVIEWS,reviews_2023.csv,2023-12-06T01:06:13.437412821,BATCH-G-20231205
REV-00032890,SKU-0005730,user_9012011,Bonnie Jimenez,6,"Solid build quality, no complaints.",2023-02-22,False,POSITIVE,6,SOURCE_G_REVIEWS,reviews_2023.csv,2023-02-23T01:19:22.489116102,BATCH-G-20230222
REV-00032893,SKU-0017196,,Anonymous,5,"Livraison très lente, déçu.",2023-02-10,True,POSITIVE,1,SOURCE_G_REVIEWS,reviews_2023.csv,2023-02-10T15:37:04.336249135,BATCH-G-20230210
REV-00032897,SKU-0015253,user_9009093,Emily Bailey,4,"Perfect gift, they loved it!",2023-03-04,True,POSITIVE,4,SOURCE_G_REVIEWS,reviews_2023.csv,2023-03-04T16:57:10.263228830,BATCH-G-20230304
REV-00032917,SKU-9922944,user_2120,Veronica,5,"Absolutely love it, works perfectly!",2023-11-14,False,POSITIVE,1,SOURCE_G_REVIEWS,reviews_2023.csv,2023-11-14T08:56:36.152745056,BATCH-G-20231114
REV-00032918,SKU-0007773,user_9029099,Cheryl Jackson,5,Great value for money.,2023-02-16,True,POSITIVE,0,SOURCE_G_REVIEWS,reviews_2023.csv,2023-02-16T12:02:33.639213561,BATCH-G-20230216
REV-00032923,SKU-0006292,user_9403,Peter,4,Great value for money.,2023-12-31,True,POSITIVE,0,SOURCE_G_REVIEWS,reviews_2023.csv,2023-12-31T12:11:08.880328473,BATCH-G-20231231
REV-00032944,SKU-0002707,user_31622,Mr. James Johnson MD,4,"Solid build quality, no complaints.",2023-01-29,True,POSITIVE,2,SOURCE_G_REVIEWS,reviews_2023.csv,2023-01-29T22:56:21.114126885,BATCH-G-20230129
REV-00032976,SKU-0020089,,Anonymous,5,"Exactly as described, very happy.",2023-12-31,True,POSITIVE,0,SOURCE_G_REVIEWS,reviews_2023.csv,2023-12-31T13:42:56.966743139,BATCH-G-20231231
REV-00032983,SKU-0003980,user_39177,Kelly Morrison,5,"Exactly as described, very happy. ⭐",2023-02-03,True,POSITIVE,5,SOURCE_G_REVIEWS,reviews_2023.csv,2023-02-03T08:59:43.177811175,BATCH-G-20230203
REV-00032989,SKU-9920048,user_9005400,Jamie Anderson,1,Not as described at all.,2023-01-09,True,NEGATIVE,8,SOURCE_G_REVIEWS,reviews_2023.csv,2023-01-09T14:57:23.714959769,BATCH-G-20230109
REV-00032991,SKU-9916158,user_9002445,John Glenn,5,Highly recommend this product.,2023-05-20,False,POSITIVE,-5,SOURCE_G_REVIEWS,reviews_2023.csv,2023-05-20T10:50:54.379582203,BATCH-G-20230520
REV-00032998,SKU-0011129,user_45230,Daniel Perry,5,"Exactly as described, very happy.",2023-06-08,False,POSITIVE,1,SOURCE_G_REVIEWS,reviews_2023.csv,2023-06-08T08:10:29.359759822,BATCH-G-20230608
REV-00033000,SKU-0019103,user_43940,Taylor,4,Better than I expected for the price.,2023-04-07,True,POSITIVE,1,SOURCE_G_REVIEWS,reviews_2023.csv,2023-04-07T07:21:48.841645249,BATCH-G-20230407
REV-00033007,SKU-0003435,user_9021310,Kelsey Scott,4,Fast delivery and great quality.,2023-01-25,True,POSITIVE,0,SOURCE_G_REVIEWS,reviews_2023.csv,2023-01-25T10:26:27.471338533,BATCH-G-20230125
REV-00033014,SKU-0000024,user_9008741,Ann,1,&nbsp;Very disappointed with the quality.<p>,2023-04-24,True,NEGATIVE,5,SOURCE_G_REVIEWS,reviews_2023.csv,2023-04-24T10:48:06.265246163,BATCH-G-20230424
REV-00033016,SKU-0002586,,Anonymous,4,Highly recommend this product.,2023-12-09,True,POSITIVE,3,SOURCE_G_REVIEWS,reviews_2023.csv,2023-12-10T04:33:00.544210352,BATCH-G-20231209
REV-00033026,SKU-0012548,user_16469,Emily Murillo,4,"Perfect gift, they loved it!",2023-06-07,True,POSITIVE,0,SOURCE_G_REVIEWS,reviews_2023.csv,2023-06-07T01:27:31.887126660,BATCH-G-20230607
REV-00033031,SKU-0015906,,Anonymous,1,</p>गुणवत्ता ठीक नहीं थी।&nbsp;,2023-03-26,True,NEGATIVE,0,SOURCE_G_REVIEWS,reviews_2023.csv,2023-03-26T18:08:13.864495825,BATCH-G-20230326
REV-00033043,SKU-0017345,user_11743,Ashley,2,Stopped working after a week.,2023-08-20,False,NEGATIVE,6,SOURCE_G_REVIEWS,reviews_2023.csv,2023-08-20T04:19:56.971030048,BATCH-G-20230820
REV-00033054,SKU-0014290,user_63749,Sarah Richardson,5,Fast delivery and great quality.,2023-12-06,False,POSITIVE,1,SOURCE_G_REVIEWS,reviews_2023.csv,2023-12-06T00:59:10.124186474,BATCH-G-20231206
REV-00033055,SKU-0020209,user_9021521,Karen Perez,5,Better than I expected for the price.,2023-12-08,True,POSITIVE,0,SOURCE_G_REVIEWS,reviews_2023.csv,2023-12-08T08:14:03.975282615,BATCH-G-20231208
REV-00033067,SKU-0004449,user_9015079,Sara,4,"Solid build quality, no complaints.",2023-11-28,False,POSITIVE,2,SOURCE_G_REVIEWS,reviews_2023.csv,2023-11-28T07:36:03.110651344,BATCH-G-20231128
REV-00033076,SKU-0000372,user_7310,Nicholas,5,Better than I expected for the price.,2023-06-05,True,POSITIVE,3,SOURCE_G_REVIEWS,reviews_2023.csv,2023-06-05T05:42:20.414964682,BATCH-G-20230605
REV-00033084,SKU-0013086,user_33394,Brandon,4,"Exactly as described, very happy.",2023-07-21,True,POSITIVE,2,SOURCE_G_REVIEWS,reviews_2023.csv,2023-07-21T04:34:47.440557313,BATCH-G-20230721
REV-00033094,SKU-0016355,user_9024052,Andrew Mccoy,5,Exceeded my expectations.,2023-07-17,False,POSITIVE,9,SOURCE_G_REVIEWS,reviews_2023.csv,2023-07-17T16:48:25.529074850,BATCH-G-20230717
REV-00033097,SKU-0000233,user_33221,David,5,Highly recommend this product.,2023-09-29,True,POSITIVE,1,SOURCE_G_REVIEWS,reviews_2023.csv,2023-09-30T04:41:48.174148761,BATCH-G-20230929
REV-00033105,SKU-0013460,user_9012117,Albert Jones,5,Great value for money.,2023-08-26,True,POSITIVE,0,SOURCE_G_REVIEWS,reviews_2023.csv,2023-09-07T23:00:00,BATCH-G-20230826
REV-00033113,SKU-0004906,user_9026114,Lauren Owens,5,"Exactly as described, very happy.",2023-09-10,True,POSITIVE,9,SOURCE_G_REVIEWS,reviews_2023.csv,2023-09-10T11:15:32.124733087,BATCH-G-20230910
REV-00033126,SKU-0019025,,Anonymous,5,Wrong item was shipped to me.,2023-05-20,True,NEGATIVE,0,SOURCE_G_REVIEWS,reviews_2023.csv,2023-05-20T05:26:23.142327340,BATCH-G-20230520
REV-00033134,SKU-0000942,user_7021,Gabriel Dominguez,4,"Perfect gift, they loved it!",2023-12-03,True,POSITIVE,3,SOURCE_G_REVIEWS,reviews_2023.csv,2023-12-03T09:20:41.725728647,BATCH-G-20231203
REV-00033138,SKU-0008663,user_9001284,Emma,4,"Exactly as described, very happy.",2023-12-30,True,POSITIVE,1,SOURCE_G_REVIEWS,reviews_2023.csv,2023-12-31T03:51:44.283817746,BATCH-G-20231230
REV-00033143,SKU-0007738,,Anonymous,2,"Waste of money, do not buy.",2023-05-23,True,NEGATIVE,5,SOURCE_G_REVIEWS,reviews_2023.csv,2023-05-23T14:01:49.646135412,BATCH-G-20230523
REV-00033143-DUP,SKU-0007738,,Anonymous,2,"Waste of money, do not buy.",2023-05-23,True,NEGATIVE,5,SOURCE_G_REVIEWS,reviews_2023.csv,2023-05-23T14:03:49.646135412,BATCH-G-20230523
REV-00033147,SKU-0017463,user_41914,Rebecca,1,Not as described at all. 👍,2023-11-16,False,NEGATIVE,5,SOURCE_G_REVIEWS,reviews_2023.csv,2023-11-16T13:33:55.109148639,BATCH-G-20231116
REV-00033160,SKU-0017140,user_9026307,Mrs.,5,Fast delivery and great quality.,2023-12-20,True,POSITIVE,1,SOURCE_G_REVIEWS,reviews_2023.csv,2023-12-20T04:52:00.169153544,BATCH-G-20231220
REV-00033162,SKU-0016122,user_9031934,Andrea Simmons,5,Exceeded my expectations.,2023-09-17,False,POSITIVE,4,SOURCE_G_REVIEWS,reviews_2023.csv,2023-09-17T09:14:01.519072149,BATCH-G-20230917
REV-00033167,SKU-9984892,,Anonymous,2,Arrived damaged and support was unhelpful.,2023-07-29,True,NEGATIVE,1,SOURCE_G_REVIEWS,reviews_2023.csv,2023-07-29T18:45:41.490170309,BATCH-G-20230729
REV-00033169,SKU-0019662,user_9006609,William Doyle,2,"Poor packaging, item was defective.",2023-11-20,False,NEGATIVE,0,SOURCE_G_REVIEWS,reviews_2023.csv,2023-11-20T14:45:07.574461212,BATCH-G-20231120
REV-00033172,SKU-9980751,user_13981,Brittney,3,Works fine but delivery was slow.,2023-06-08,True,NEUTRAL,3,SOURCE_G_REVIEWS,reviews_2023.csv,2023-06-08T19:22:49.458676526,BATCH-G-20230608
REV-00033184,SKU-0013384,,Anonymous,3,"Matches the description, no issues.",2023-01-15,False,NEUTRAL,0,SOURCE_G_REVIEWS,reviews_2023.csv,2023-01-15T02:30:48.458805032,BATCH-G-20230115
REV-00033197,SKU-0009579,user_9021392,Brenda Johnson,3,Works fine but delivery was slow.,2023-07-13,True,NEUTRAL,0,SOURCE_G_REVIEWS,reviews_2023.csv,2023-07-13T03:31:56.534714673,BATCH-G-20230713
REV-00033198,SKU-0012171,user_9005132,Carmen Watts,5,"Solid build quality, no complaints.",2023-12-02,True,POSITIVE,2,SOURCE_G_REVIEWS,reviews_2023.csv,2023-12-02T08:37:51.377760929,BATCH-G-20231202
REV-00033207,SKU-0009565,user_63952,Glen Peters,4,Better than I expected for the price.,2023-12-25,False,POSITIVE,8,SOURCE_G_REVIEWS,reviews_2023.csv,2023-12-25T04:46:30.901740395,BATCH-G-20231225
REV-00033210,SKU-0019993,user_43082,Dennis Lopez,5,Exceeded my expectations.,2023-11-23,False,POSITIVE,0,SOURCE_G_REVIEWS,reviews_2023.csv,2023-11-23T06:47:25.389239723,BATCH-G-20231123
REV-00033212,SKU-0004180,,Anonymous,3,"&nbsp;It's okay, does the job.<i>edited</i>",2023-11-14,False,NEUTRAL,2,SOURCE_G_REVIEWS,reviews_2023.csv,2023-11-14T12:21:14.160467303,BATCH-G-20231114
REV-00033229,SKU-0015823,user_23857,Paul Hunter MD,4,&nbsp;Highly recommend this product.<b>Update:</b>,2023-02-09,True,POSITIVE,2,SOURCE_G_REVIEWS,reviews_2023.csv,2023-02-09T07:21:53.362994398,BATCH-G-20230209
REV-00033234,SKU-0000781,user_36484,Jordan,5,Better than I expected for the price.,2023-11-30,False,POSITIVE,0,SOURCE_G_REVIEWS,reviews_2023.csv,2023-11-30T04:29:25.433699886,BATCH-G-20231130
REV-00033242,SKU-0004103,user_48017,Brian,3,"It's okay, does the job. 😡",2023-01-11,True,NEUTRAL,0,SOURCE_G_REVIEWS,reviews_2023.csv,2023-01-11T15:45:12.872684613,BATCH-G-20230111
REV-00033245,SKU-9976697,user_37031,Robert Jenkins,5,"Muy buen producto, lo recomiendo.",2023-02-08,True,POSITIVE,0,SOURCE_G_REVIEWS,reviews_2023.csv,2023-02-08T16:26:55.766206105,BATCH-G-20230208
REV-00033248,SKU-0006509,user_30359,Joseph Holt,4,"Absolutely love it, works perfectly!",2023-03-03,False,POSITIVE,2,SOURCE_G_REVIEWS,reviews_2023.csv,2023-03-03T14:40:01.671549449,BATCH-G-20230303
REV-00033256,SKU-0004697,user_9002557,Diane Mejia,5,"It's okay, does the job.",2023-01-11,True,NEUTRAL,2,SOURCE_G_REVIEWS,reviews_2023.csv,2023-01-11T05:05:17.533174001,BATCH-G-20230111
REV-00033282,SKU-0015494,user_28238,Adam Harvey,2,Stopped working after a week.,2023-02-11,True,NEGATIVE,3,SOURCE_G_REVIEWS,reviews_2023.csv,2023-02-12T03:02:33.939755846,BATCH-G-20230211
REV-00033305,SKU-0006090,user_9000459,Ann Jennings,3,Works fine but delivery was slow.,2023-11-12,False,NEUTRAL,0,SOURCE_G_REVIEWS,reviews_2023.csv,2023-11-12T07:32:51.439899806,BATCH-G-20231112
REV-00033310,SKU-0007783,,Anonymous,4,Exceeded my expectations.,2023-05-13,True,POSITIVE,1,SOURCE_G_REVIEWS,reviews_2023.csv,2023-05-13T13:14:17.593911791,BATCH-G-20230513
REV-00033329,SKU-0011730,,Anonymous,4,Highly recommend this product.,2023-07-04,True,POSITIVE,4,SOURCE_G_REVIEWS,reviews_2023.csv,2023-07-04T00:30:00.004828890,BATCH-G-20230704
REV-00033335,SKU-0006458,user_28587,Jonathan Mccann,3,Excellent rapport qualité-prix.,2023-11-01,False,NEUTRAL,0,SOURCE_G_REVIEWS,reviews_2023.csv,2023-11-01T06:07:52.299298227,BATCH-G-20231101
REV-00033336,SKU-0013947,user_30920,Dwayne Greene,5,"Livraison très lente, déçu.",2023-04-23,False,POSITIVE,1,SOURCE_G_REVIEWS,reviews_2023.csv,2023-04-23T12:07:37.404403734,BATCH-G-20230423
REV-00033368,SKU-0003910,,Anonymous,4,"Absolutely love it, works perfectly! 😡",2023-05-30,True,POSITIVE,5,SOURCE_G_REVIEWS,reviews_2023.csv,2023-05-31T01:48:09.614596474,BATCH-G-20230530
REV-00033376,SKU-0019601,user_8711,Brittany,4,Decent but overpriced a bit.,2023-05-17,True,NEUTRAL,3,SOURCE_G_REVIEWS,reviews_2023.csv,2023-05-17T14:24:33.354803455,BATCH-G-20230517
REV-00033382,SKU-0003887,user_42066,Patty,5,Highly recommend this product.,2023-08-30,True,POSITIVE,1,SOURCE_G_REVIEWS,reviews_2023.csv,2023-08-31T01:32:20.965654422,BATCH-G-20230830
REV-00033401,SKU-0010473,user_9011112,Corey Blake,5,"Absolutely love it, works perfectly!",2023-06-13,True,POSITIVE,1,SOURCE_G_REVIEWS,reviews_2023.csv,2023-06-13T19:39:32.343796681,BATCH-G-20230613
REV-00033404,SKU-0008959,user_9018308,Kathleen,4,Will definitely buy again.,2023-04-05,False,POSITIVE,-1,SOURCE_G_REVIEWS,reviews_2023.csv,2023-04-05T12:40:20.513739691,BATCH-G-20230405
REV-00033408,SKU-0012719,user_9025327,Amy Gonzales,5,"<p>Solid build quality, no complaints.<b>Update:</b>",2023-05-29,True,POSITIVE,3,SOURCE_G_REVIEWS,reviews_2023.csv,2023-05-29T05:43:38.800445476,BATCH-G-20230529
REV-00033413,SKU-0017668,user_6401,Jeffrey,4,"Exactly as described, very happy.",2023-04-24,True,POSITIVE,0,SOURCE_G_REVIEWS,reviews_2023.csv,2023-04-24T14:11:41.317593247,BATCH-G-20230424
REV-00033421,SKU-0011309,user_9011138,Savannah Williams,5,"Absolutely love it, works perfectly!",2023-09-22,False,POSITIVE,3,SOURCE_G_REVIEWS,reviews_2023.csv,2023-09-23T01:52:04.770375277,BATCH-G-20230922
REV-00033428,SKU-0015405,user_22647,Angela Matthews,2,गुणवत्ता ठीक नहीं थी।,2023-07-18,True,NEGATIVE,1,SOURCE_G_REVIEWS,reviews_2023.csv,2023-07-18T23:14:08.838806731,BATCH-G-20230718
REV-00033429,SKU-0001100,user_9008491,Courtney Hunter,2,"&nbsp;Cheaply made, broke immediately.<b>Update:</b>",2023-03-04,False,NEGATIVE,0,SOURCE_G_REVIEWS,reviews_2023.csv,2023-03-04T21:22:00.303611745,BATCH-G-20230304
REV-00033444,SKU-0012444,user_50926,James,4,Exceeded my expectations.,2023-12-14,True,POSITIVE,0,SOURCE_G_REVIEWS,reviews_2023.csv,2023-12-15T01:35:42.160529125,BATCH-G-20231214
REV-00033444-DUP,SKU-0012444,user_50926,James,4,Exceeded my expectations.,2023-12-14,True,POSITIVE,0,SOURCE_G_REVIEWS,reviews_2023.csv,2023-12-15T02:12:42.160529125,BATCH-G-20231214
REV-00033445,SKU-0001451,,Anonymous,4,Will definitely buy again.,2023-06-24,False,POSITIVE,4,SOURCE_G_REVIEWS,reviews_2023.csv,2023-06-24T15:43:01.175198576,BATCH-G-20230624
REV-00033446,SKU-0019760,user_9004398,Daniel Dean,3,   Decent  but  overpriced  a  bit.   ,2023-09-10,False,NEUTRAL,0,SOURCE_G_REVIEWS,reviews_2023.csv,2023-09-10T21:47:13.180001605,BATCH-G-20230910
REV-00033459,SKU-0007043,user_9003734,Bobby Hoover,2,Very disappointed with the quality.,2023-01-19,True,NEGATIVE,0,SOURCE_G_REVIEWS,reviews_2023.csv,2023-01-19T09:02:32.484874298,BATCH-G-20230119
REV-00033467,SKU-0010624,,Anonymous,3,Works fine but delivery was slow.,2023-12-09,False,NEUTRAL,0,SOURCE_G_REVIEWS,reviews_2023.csv,2023-12-09T10:17:21.864735498,BATCH-G-20231209
REV-00033468,SKU-0006752,user_9019676,Molly Elliott,4,Fast delivery and great quality.,2023-07-03,True,POSITIVE,0,SOURCE_G_REVIEWS,reviews_2023.csv,2023-07-03T18:35:13.599226023,BATCH-G-20230703
REV-00033473,SKU-9941063,user_69312,Lauren,4,Great value for money.,2023-08-10,False,POSITIVE,0,SOURCE_G_REVIEWS,reviews_2023.csv,2023-08-10T07:28:24.409806674,BATCH-G-20230810
REV-00033474,SKU-0007052,,Anonymous,5,Exceeded my expectations.,2023-09-07,True,POSITIVE,1,SOURCE_G_REVIEWS,reviews_2023.csv,2023-09-07T04:14:34.285348630,BATCH-G-20230907
REV-00033476,SKU-0008275,user_820,Glenn Jensen,5,Will definitely buy again.,2023-07-10,False,POSITIVE,11,SOURCE_G_REVIEWS,reviews_2023.csv,2023-07-10T20:10:39.292986978,BATCH-G-20230710
REV-00033484,SKU-9985549,user_5434,Sean,5,गुणवत्ता ठीक नहीं थी।,2023-06-10,True,POSITIVE,0,SOURCE_G_REVIEWS,reviews_2023.csv,2023-06-10T15:19:19.812144556,BATCH-G-20230610
REV-00033499,SKU-0017460,user_9030446,Barbara Hebert,5,"Solid build quality, no complaints.",2023-11-06,False,POSITIVE,1,SOURCE_G_REVIEWS,reviews_2023.csv,2023-11-06T22:26:40.540718343,BATCH-G-20231106
REV-00033500,SKU-0010698,user_23998,Matthew Jenkins,4,   Fast  delivery  and  great  quality.   ,2023-06-28,True,POSITIVE,2,SOURCE_G_REVIEWS,reviews_2023.csv,2023-06-28T20:57:39.555772960,BATCH-G-20230628
REV-00033509,SKU-0012755,,Anonymous,5,No cumplió mis expectativas.,2023-08-13,True,POSITIVE,1,SOURCE_G_REVIEWS,reviews_2023.csv,2023-08-13T17:52:20.195916113,BATCH-G-20230813
REV-00033513,SKU-9931121,user_9005915,Debbie Morales,5,Great value for money.,2023-04-14,False,POSITIVE,6,SOURCE_G_REVIEWS,reviews_2023.csv,2023-04-14T01:57:57.103613760,BATCH-G-20230414
REV-00033526,SKU-0006829,user_9002167,Daniel,3,   Excellent  rapport  qualité-prix.   ,2023-09-19,True,NEUTRAL,4,SOURCE_G_REVIEWS,reviews_2023.csv,2023-09-19T13:12:32.672032606,BATCH-G-20230919
REV-00033545,SKU-0008100,,Anonymous,5,Fast delivery and great quality.,2023-10-27,True,POSITIVE,0,SOURCE_G_REVIEWS,reviews_2023.csv,2023-10-27T12:25:43.151383083,BATCH-G-20231027
REV-00033552,SKU-0017434,user_9014358,Julie,4,Highly recommend this product.,2023-03-09,False,POSITIVE,10,SOURCE_G_REVIEWS,reviews_2023.csv,2023-03-09T06:27:53.387801487,BATCH-G-20230309
REV-00033555,SKU-0014691,user_42113,James,4,"Exactly as described, very happy.",2023-07-17,False,POSITIVE,2,SOURCE_G_REVIEWS,reviews_2023.csv,2023-07-17T01:01:00.422123942,BATCH-G-20230717
REV-00033558,SKU-0012310,user_9032257,Joseph Hall,5,"Exactly as described, very happy.",2023-11-26,False,POSITIVE,5,SOURCE_G_REVIEWS,reviews_2023.csv,2023-11-26T02:47:33.580204025,BATCH-G-20231126
REV-00033570,SKU-0001834,user_61196,Morgan Bowers,5,"Absolutely love it, works perfectly!",2023-03-07,False,POSITIVE,0,SOURCE_G_REVIEWS,reviews_2023.csv,2023-03-07T03:00:29.331260923,BATCH-G-20230307
REV-00033571,SKU-0006923,user_7241,Laura,3,Decent but overpriced a bit.,2023-01-13,True,NEUTRAL,0,SOURCE_G_REVIEWS,reviews_2023.csv,2023-01-13T01:49:19.173650220,BATCH-G-20230113
REV-00033572,SKU-0007608,,Anonymous,4,Great value for money.,2023-04-25,False,POSITIVE,3,SOURCE_G_REVIEWS,reviews_2023.csv,2023-04-26T04:52:24.481812925,BATCH-G-20230425
REV-00033597,SKU-0007803,user_58613,Phillip,4,Will definitely buy again.,2023-09-29,True,POSITIVE,1,SOURCE_G_REVIEWS,reviews_2023.csv,2023-09-29T06:38:53.770816569,BATCH-G-20230929
REV-00033601,SKU-0011858,user_47864,Richard Turner,4,"Absolutely love it, works perfectly!",2023-07-28,False,POSITIVE,0,SOURCE_G_REVIEWS,reviews_2023.csv,2023-07-28T09:59:05.229526332,BATCH-G-20230728
REV-00033609,SKU-0010504,,Anonymous,3,"Average quality, nothing special.",2023-12-12,False,NEUTRAL,0,SOURCE_G_REVIEWS,reviews_2023.csv,2023-12-12T02:05:08.305224348,BATCH-G-20231212
REV-00033611,SKU-0006333,user_49940,Mary Buchanan,5,Stopped working after a week.,2023-12-26,True,NEGATIVE,2,SOURCE_G_REVIEWS,reviews_2023.csv,2023-12-27T04:55:50.228138184,BATCH-G-20231226
REV-00033613,SKU-0009721,,Anonymous,3,"Average quality, nothing special.",2023-01-08,True,NEUTRAL,0,SOURCE_G_REVIEWS,reviews_2023.csv,2023-01-08T08:04:38.596188068,BATCH-G-20230108
REV-00033635,SKU-0003860,user_56011,Linda Jones,5,Great value for money.,2023-03-08,False,POSITIVE,1,SOURCE_G_REVIEWS,reviews_2023.csv,2023-03-09T01:17:43.243897678,BATCH-G-20230308
REV-00033638,SKU-0005235,user_36749,Jennifer Hardy,2,"Waste of money, do not buy.",2023-11-14,True,NEGATIVE,1,SOURCE_G_REVIEWS,reviews_2023.csv,2023-11-14T09:05:27.262436431,BATCH-G-20231114
REV-00033656,SKU-0011897,user_7714,Jordan Thomas,2,"Livraison très lente, déçu.",2023-01-10,True,NEGATIVE,0,SOURCE_G_REVIEWS,reviews_2023.csv,2023-01-10T05:48:22.051366757,BATCH-G-20230110
REV-00033677,SKU-0014935,,Anonymous,5,Exceeded my expectations.,2023-08-28,False,POSITIVE,4,SOURCE_G_REVIEWS,reviews_2023.csv,2023-08-29T03:14:11.209267628,BATCH-G-20230828
REV-00033677-BOT,SKU-0014935,user_9024198,Billy Ramos,5,Exceeded my expectations.,2023-08-28,False,POSITIVE,0,SOURCE_G_REVIEWS,reviews_2023.csv,2023-08-29T03:14:11.209267628,BATCH-G-20230828
REV-00033681,SKU-0008914,user_9034698,Patricia Bowman,5,Highly recommend this product.,2023-01-06,True,POSITIVE,1,SOURCE_G_REVIEWS,reviews_2023.csv,2023-01-06T06:41:21.856946928,BATCH-G-20230106
REV-00033688,SKU-9931609,user_13127,Jennifer,5,"Solid build quality, no complaints.",2023-07-29,False,POSITIVE,1,SOURCE_G_REVIEWS,reviews_2023.csv,2023-07-29T08:27:17.561809600,BATCH-G-20230729
REV-00033689,SKU-0002754,,Anonymous,4,"Solid build quality, no complaints.",2023-09-05,False,POSITIVE,3,SOURCE_G_REVIEWS,reviews_2023.csv,2023-09-06T05:11:23.800501619,BATCH-G-20230905
REV-00033697,SKU-9907956,user_9026020,Kevin Stevens,4,Better than I expected for the price.,2023-01-18,True,POSITIVE,0,SOURCE_G_REVIEWS,reviews_2023.csv,2023-01-18T06:28:39.564913684,BATCH-G-20230118
REV-00033700,SKU-0007519,user_4100,Lisa,4,"Perfect gift, they loved it!",2023-05-23,True,POSITIVE,3,SOURCE_G_REVIEWS,reviews_2023.csv,2023-05-23T22:26:50.688638363,BATCH-G-20230523
REV-00033701,SKU-0008513,user_8315,Patrick,4,"Perfect gift, they loved it!",2023-08-10,True,POSITIVE,2,SOURCE_G_REVIEWS,reviews_2023.csv,2023-08-10T12:11:54.562507970,BATCH-G-20230810
REV-00033708,SKU-0005492,user_56031,Laura,5,"Perfect gift, they loved it!",2023-11-29,True,POSITIVE,0,SOURCE_G_REVIEWS,reviews_2023.csv,2023-11-29T04:51:26.173307085,BATCH-G-20231129
REV-00033720,SKU-0004298,user_50292,Cheyenne,5,"Solid build quality, no complaints.",2023-05-02,True,POSITIVE,0,SOURCE_G_REVIEWS,reviews_2023.csv,2023-05-02T14:01:36.576903679,BATCH-G-20230502
REV-00033723,SKU-0017367,user_9024155,Douglas Wu,5,Fast delivery and great quality.,2023-11-23,True,POSITIVE,6,SOURCE_G_REVIEWS,reviews_2023.csv,2023-11-28T12:00:00,BATCH-G-20231123
REV-00033725,SKU-0000908,user_15180,Lisa Merritt,4,"Exactly as described, very happy.",2023-01-15,True,POSITIVE,1,SOURCE_G_REVIEWS,reviews_2023.csv,2023-01-15T20:14:20.352255869,BATCH-G-20230115
REV-00033729,SKU-0015489,,Anonymous,5,Exceeded my expectations.,2023-08-27,True,POSITIVE,0,SOURCE_G_REVIEWS,reviews_2023.csv,2023-08-27T17:27:01.286539374,BATCH-G-20230827
REV-00033749,SKU-0011912,user_9026750,Susan Shepard,4,"Exactly as described, very happy.",2023-12-26,True,POSITIVE,2,SOURCE_G_REVIEWS,reviews_2023.csv,2023-12-26T13:41:05.779439467,BATCH-G-20231226
REV-00033762,SKU-0000011,,Anonymous,5,"बहुत अच्छा उत्पाद है, पैसा वसूल!",2023-04-11,True,POSITIVE,12,SOURCE_G_REVIEWS,reviews_2023.csv,2023-04-11T07:45:02.961213321,BATCH-G-20230411
REV-00033771,SKU-9984153,user_9017536,Christian Park,4,"Solid build quality, no complaints.",2023-07-19,True,POSITIVE,0,SOURCE_G_REVIEWS,reviews_2023.csv,2023-07-19T18:10:01.456136884,BATCH-G-20230719
REV-00033772,SKU-0019885,user_9034312,Michael Lee,1,Wrong item was shipped to me.,2023-09-17,True,NEGATIVE,4,SOURCE_G_REVIEWS,reviews_2023.csv,2023-09-17T23:13:34.309441046,BATCH-G-20230917
REV-00033775,SKU-0011321,user_9016309,Dale,5,"Absolutely love it, works perfectly!",2023-02-06,True,POSITIVE,2,SOURCE_G_REVIEWS,reviews_2023.csv,2023-02-06T19:35:57.792106877,BATCH-G-20230206
REV-00033776,SKU-0014418,user_46521,Anthony Anderson,4,Exceeded my expectations.,2023-12-13,False,POSITIVE,3,SOURCE_G_REVIEWS,reviews_2023.csv,2023-12-13T22:03:01.769165211,BATCH-G-20231213
REV-00033779,SKU-0008281,user_9021117,Cathy,3,"Matches the description, no issues.",2023-07-23,False,NEUTRAL,8,SOURCE_G_REVIEWS,reviews_2023.csv,2023-07-24T01:23:27.366298169,BATCH-G-20230723
REV-00033783,SKU-0009745,user_9012951,Mike,4,Exceeded my expectations.,2023-08-01,False,POSITIVE,1,SOURCE_G_REVIEWS,reviews_2023.csv,2023-08-01T21:41:26.388540402,BATCH-G-20230801
REV-00033795,SKU-0015769,,Anonymous,4,"Absolutely love it, works perfectly!",2023-04-26,True,POSITIVE,4,SOURCE_G_REVIEWS,reviews_2023.csv,2023-04-27T02:42:49.538138147,BATCH-G-20230426
REV-00033801,SKU-0019696,user_9017348,Darrell Jackson Jr.,5,Highly recommend this product.,2023-02-08,True,POSITIVE,2,SOURCE_G_REVIEWS,reviews_2023.csv,2023-02-09T03:21:19.303760828,BATCH-G-20230208
REV-00033827,SKU-0011154,user_32118,Joshua,5,Better than I expected for the price.,2023-10-05,True,POSITIVE,1,SOURCE_G_REVIEWS,reviews_2023.csv,2023-10-05T10:59:31.368669335,BATCH-G-20231005
REV-00033835,SKU-0004081,,Anonymous,5,Stopped working after a week.,2023-10-14,True,NEGATIVE,3,SOURCE_G_REVIEWS,reviews_2023.csv,2023-10-14T06:27:48.584331883,BATCH-G-20231014
REV-00033852,SKU-0012803,user_36817,Sarah,3,"Not bad, not great either.",2023-04-16,True,NEUTRAL,3,SOURCE_G_REVIEWS,reviews_2023.csv,2023-04-16T03:23:39.466003152,BATCH-G-20230416
REV-00033857,SKU-0004915,user_51248,Diane Harrison,0,"   No  cumplió  mis  expectativas.  Solid  build  quality,  no  complaints.   ",2023-03-12,True,POSITIVE,3,SOURCE_G_REVIEWS,reviews_2023.csv,2023-03-12T19:59:27.256154068,BATCH-G-20230312
REV-00033860,SKU-0000992,user_9020732,Natalie Weaver,5,Highly recommend this product.,2023-07-10,True,POSITIVE,0,SOURCE_G_REVIEWS,reviews_2023.csv,2023-07-10T17:32:09.071268200,BATCH-G-20230710
REV-00033867,SKU-0009788,user_14085,Audrey Taylor,5,Exceeded my expectations. 🔥👍,2023-08-19,True,POSITIVE,24,SOURCE_G_REVIEWS,reviews_2023.csv,2023-08-19T07:07:42.408193691,BATCH-G-20230819
REV-00033868,SKU-0016955,user_9021535,Michael Copeland,4,"Absolutely love it, works perfectly!",2023-11-29,False,POSITIVE,0,SOURCE_G_REVIEWS,reviews_2023.csv,2023-12-15T01:00:00,BATCH-G-20231129
REV-00033874,SKU-0006491,user_10554,Leslie,4,"Perfect gift, they loved it!",2023-03-27,True,POSITIVE,1,SOURCE_G_REVIEWS,reviews_2023.csv,2023-03-27T21:50:45.349122416,BATCH-G-20230327
REV-00033877,SKU-0009176,,Anonymous,5,"Perfect gift, they loved it!",2023-09-11,True,POSITIVE,0,SOURCE_G_REVIEWS,reviews_2023.csv,2023-09-11T22:29:42.839490927,BATCH-G-20230911
REV-00033885,SKU-0013852,user_47329,Michael Lyons,4,Highly recommend this product.,2023-12-10,False,POSITIVE,1,SOURCE_G_REVIEWS,reviews_2023.csv,2023-12-10T11:25:36.174361851,BATCH-G-20231210
REV-00033885-DUP,SKU-0013852,user_47329,Michael Lyons,4,Highly recommend this product.,2023-12-10,False,POSITIVE,1,SOURCE_G_REVIEWS,reviews_2023.csv,2023-12-10T11:56:36.174361851,BATCH-G-20231210
REV-00033890,SKU-0017745,user_26602,Mitchell Hudson,2,Wrong item was shipped to me.,2023-09-15,False,NEGATIVE,1,SOURCE_G_REVIEWS,reviews_2023.csv,2023-09-16T01:39:04.025308853,BATCH-G-20230915
REV-00033892,SKU-9941746,user_41431,Kelly Foster,5,"Perfect gift, they loved it!",2023-05-17,True,POSITIVE,0,SOURCE_G_REVIEWS,reviews_2023.csv,2023-05-17T02:01:45.221409966,BATCH-G-20230517
REV-00033896,SKU-0019638,user_61941,Debra Cline,5,"Solid build quality, no complaints.",2023-11-14,False,POSITIVE,4,SOURCE_G_REVIEWS,reviews_2023.csv,2023-11-15T03:23:47.712344695,BATCH-G-20231114
REV-00033898,SKU-0014867,,Anonymous,2,Wrong item was shipped to me.,2023-12-13,True,NEGATIVE,6,SOURCE_G_REVIEWS,reviews_2023.csv,2023-12-14T03:42:13.981192525,BATCH-G-20231213
REV-00033907,SKU-0001365,user_9003222,Holly,5,Highly recommend this product.,2023-02-01,False,POSITIVE,2,SOURCE_G_REVIEWS,reviews_2023.csv,2023-02-01T19:53:10.161126357,BATCH-G-20230201
REV-00033909,SKU-0007601,user_9004605,Jeffrey Barron,4,Highly recommend this product.,2023-08-29,True,POSITIVE,0,SOURCE_G_REVIEWS,reviews_2023.csv,2023-08-29T23:34:21.080821675,BATCH-G-20230829
REV-00033921,SKU-0011428,user_9013632,Beth Jones,1,Arrived damaged and support was unhelpful.,2023-08-10,False,NEGATIVE,2,SOURCE_G_REVIEWS,reviews_2023.csv,2023-08-11T03:05:09.062738156,BATCH-G-20230810
REV-00033937,SKU-0011708,,Anonymous,4,"Livraison très lente, déçu. 👍😐",2023-07-13,True,POSITIVE,3,SOURCE_G_REVIEWS,reviews_2023.csv,2023-07-13T15:11:39.014340078,BATCH-G-20230713
REV-00033944,SKU-0014773,user_35122,Jimmy Knapp,5,"Absolutely love it, works perfectly!",2023-11-15,False,POSITIVE,1,SOURCE_G_REVIEWS,reviews_2023.csv,2023-11-15T19:29:51.545509011,BATCH-G-20231115
REV-00033945,SKU-0017389,,Anonymous,4,"Solid build quality, no complaints.",2023-09-15,True,POSITIVE,6,SOURCE_G_REVIEWS,reviews_2023.csv,2023-09-15T11:09:06.749277081,BATCH-G-20230915
REV-00033961,SKU-0004801,user_56902,Krystal Ward,4,"Livraison très lente, déçu. Great value for money.",2023-07-20,True,POSITIVE,5,SOURCE_G_REVIEWS,reviews_2023.csv,2023-07-21T03:06:44.180249774,BATCH-G-20230720
REV-00033965,SKU-0003493,user_9001461,Robert,4,"   Absolutely  love  it,  works  perfectly!   ",2023-01-02,True,POSITIVE,1,SOURCE_G_REVIEWS,reviews_2023.csv,2023-01-02T00:40:32.984444170,BATCH-G-20230102
REV-00033973,SKU-0011286,,Anonymous,3,"Average quality, nothing special.",2023-01-15,False,NEUTRAL,2,SOURCE_G_REVIEWS,reviews_2023.csv,2023-01-15T01:46:25.073800093,BATCH-G-20230115
REV-00033973-BOT,SKU-0011286,user_9021911,Vincent Thomas,3,"Average quality, nothing special.",2023-01-15,False,NEUTRAL,0,SOURCE_G_REVIEWS,reviews_2023.csv,2023-01-15T01:46:25.073800093,BATCH-G-20230115
REV-00034006,SKU-0008076,user_9034845,Theresa Hill,5,"Absolutely love it, works perfectly!",2023-04-11,False,POSITIVE,1,SOURCE_G_REVIEWS,reviews_2023.csv,2023-04-11T17:47:50.771184461,BATCH-G-20230411
REV-00034020,SKU-0010844,,Anonymous,4,Exceeded my expectations.,2023-02-18,True,POSITIVE,1,SOURCE_G_REVIEWS,reviews_2023.csv,2023-02-19T04:39:35.298932104,BATCH-G-20230218
REV-00034026,SKU-0009911,user_9017591,Daniel,1,Very disappointed with the quality.,2023-11-07,False,NEGATIVE,3,SOURCE_G_REVIEWS,reviews_2023.csv,2023-11-07T10:25:26.505169456,BATCH-G-20231107
REV-00034038,SKU-0003389,user_60131,Courtney Hardin DVM,5,Fast delivery and great quality.,2023-09-14,True,POSITIVE,5,SOURCE_G_REVIEWS,reviews_2023.csv,2023-09-14T19:25:36.215884124,BATCH-G-20230914
REV-00034052,SKU-0019094,user_9016086,Joan,3,Works fine but delivery was slow.,2023-01-29,True,NEUTRAL,1,SOURCE_G_REVIEWS,reviews_2023.csv,2023-02-11T05:00:00,BATCH-G-20230129
REV-00034061,SKU-0008391,user_9020089,Susan Li,5,"Solid build quality, no complaints.",2023-10-04,True,POSITIVE,5,SOURCE_G_REVIEWS,reviews_2023.csv,2023-10-04T06:03:14.683707791,BATCH-G-20231004
REV-00034062,SKU-0009947,user_53081,Abigail,2,"Waste of money, do not buy.",2023-01-15,True,NEGATIVE,10,SOURCE_G_REVIEWS,reviews_2023.csv,2023-01-15T16:33:37.130919330,BATCH-G-20230115
REV-00034072,SKU-0005738,user_9007678,Arthur Yang,4,Great value for money.,2023-11-26,False,POSITIVE,0,SOURCE_G_REVIEWS,reviews_2023.csv,2023-11-27T02:50:01.227684137,BATCH-G-20231126
REV-00034094,SKU-0006329,user_49175,Blake,4,Great value for money.,2023-12-20,False,POSITIVE,2,SOURCE_G_REVIEWS,reviews_2023.csv,2023-12-20T15:14:22.097484678,BATCH-G-20231220
REV-00034103,SKU-0016574,user_52404,Dr.,5,Fast delivery and great quality.,2023-10-31,True,POSITIVE,0,SOURCE_G_REVIEWS,reviews_2023.csv,2023-10-31T12:29:16.870555031,BATCH-G-20231031
REV-00034108,SKU-0009192,user_174,Patricia,1,Stopped working after a week.,2023-10-21,True,NEGATIVE,1,SOURCE_G_REVIEWS,reviews_2023.csv,2023-10-21T12:58:09.550266821,BATCH-G-20231021
REV-00034109,SKU-0013947,user_9019125,Krystal Robertson,4,"Solid build quality, no complaints.",2023-11-05,True,POSITIVE,9,SOURCE_G_REVIEWS,reviews_2023.csv,2023-11-05T05:20:48.322389784,BATCH-G-20231105
REV-00034122,SKU-0009251,,Anonymous,4,Exceeded my expectations.,2023-08-01,True,POSITIVE,2,SOURCE_G_REVIEWS,reviews_2023.csv,2023-08-02T04:36:50.941796765,BATCH-G-20230801
REV-00034127,SKU-0010143,user_11344,Austin Anderson,4,Better than I expected for the price.,2023-11-28,False,POSITIVE,8,SOURCE_G_REVIEWS,reviews_2023.csv,2023-11-28T09:27:37.612935561,BATCH-G-20231128
REV-00034136,SKU-0007194,user_9029184,Brian Green,5,Great value for money.,2023-07-23,True,POSITIVE,0,SOURCE_G_REVIEWS,reviews_2023.csv,2023-07-23T23:11:10.116480859,BATCH-G-20230723
REV-00034138,SKU-0008799,user_4896,Charles Thompson,4,Will definitely buy again.,2023-01-25,False,POSITIVE,3,SOURCE_G_REVIEWS,reviews_2023.csv,2023-01-26T01:05:28.452651673,BATCH-G-20230125
REV-00034139,SKU-0001930,user_58637,Deborah,0,Fast delivery and great quality.,2023-09-28,False,POSITIVE,4,SOURCE_G_REVIEWS,reviews_2023.csv,2023-09-28T23:02:51.941919711,BATCH-G-20230928
REV-00034140,SKU-0009056,,Anonymous,5,"Absolutely love it, works perfectly!",2023-09-13,True,POSITIVE,-2,SOURCE_G_REVIEWS,reviews_2023.csv,2023-09-13T07:22:04.145821570,BATCH-G-20230913
REV-00034140-BOT,SKU-0009056,user_9031871,Tracy Figueroa,5,"Absolutely love it, works perfectly!",2023-09-13,False,POSITIVE,0,SOURCE_G_REVIEWS,reviews_2023.csv,2023-09-13T07:22:04.145821570,BATCH-G-20230913
REV-00034144,SKU-0001029,user_9015437,Andrew Ellis,5,"Absolutely love it, works perfectly!",2023-11-08,False,POSITIVE,2,SOURCE_G_REVIEWS,reviews_2023.csv,2023-11-09T00:00:26.091611232,BATCH-G-20231108
REV-00034149,SKU-0017229,user_51136,Paul Brown,4,"Solid build quality, no complaints.",2023-01-30,True,POSITIVE,2,SOURCE_G_REVIEWS,reviews_2023.csv,2023-01-30T03:52:58.881496259,BATCH-G-20230130
REV-00034150,SKU-0005285,user_9013227,Harold,2,"बहुत अच्छा उत्पाद है, पैसा वसूल! Poor packaging, item was defective.",2023-02-05,True,NEGATIVE,1,SOURCE_G_REVIEWS,reviews_2023.csv,2023-02-05T02:10:10.763822833,BATCH-G-20230205
REV-00034153,SKU-0012298,,Anonymous,N/A,Highly recommend this product.,2023-11-13,False,POSITIVE,4,SOURCE_G_REVIEWS,reviews_2023.csv,2023-11-13T05:37:36.591264681,BATCH-G-20231113
REV-00034157,SKU-0013993,user_9033319,Daniel,4,Exceeded my expectations.,2023-07-15,True,POSITIVE,1,SOURCE_G_REVIEWS,reviews_2023.csv,2023-07-16T04:19:26.306164385,BATCH-G-20230715
REV-00034166,SKU-0000072,user_13117,Daniel Glover,4,Great value for money.,2023-07-20,False,POSITIVE,0,SOURCE_G_REVIEWS,reviews_2023.csv,2023-07-20T01:23:21.708275177,BATCH-G-20230720
REV-00034178,SKU-0008074,user_9003064,Joseph,5,"Solid build quality, no complaints.",2023-04-16,True,POSITIVE,3,SOURCE_G_REVIEWS,reviews_2023.csv,2023-04-16T16:39:01.340754435,BATCH-G-20230416
REV-00034195,SKU-0009688,user_9033373,Charles Schultz,4,Excellent rapport qualité-prix.,2023-05-18,False,POSITIVE,1,SOURCE_G_REVIEWS,reviews_2023.csv,2023-05-18T16:36:39.509376351,BATCH-G-20230518
REV-00034204,SKU-0019430,,Anonymous,4,"बहुत अच्छा उत्पाद है, पैसा वसूल! Exceeded my expectations.",2023-12-07,True,POSITIVE,1,SOURCE_G_REVIEWS,reviews_2023.csv,2023-12-07T00:39:48.538781736,BATCH-G-20231207
REV-00034212,SKU-0017305,,Anonymous,4,"Absolutely love it, works perfectly!",2023-06-16,True,POSITIVE,0,SOURCE_G_REVIEWS,reviews_2023.csv,2023-06-16T18:05:47.628922262,BATCH-G-20230616
REV-00034214,SKU-0007456,user_9015797,Nicholas Mitchell,1,Stopped working after a week.,2023-05-06,False,NEGATIVE,8,SOURCE_G_REVIEWS,reviews_2023.csv,2023-05-06T08:10:25.246505748,BATCH-G-20230506
REV-00034214-DUP,SKU-0007456,user_9015797,Nicholas Mitchell,1,Stopped working after a week.,2023-05-06,False,NEGATIVE,8,SOURCE_G_REVIEWS,reviews_2023.csv,2023-05-06T08:44:25.246505748,BATCH-G-20230506
REV-00034226,SKU-0008773,user_40062,Keith,5,Great value for money.,2023-06-02,True,POSITIVE,0,SOURCE_G_REVIEWS,reviews_2023.csv,2023-06-02T09:52:07.718588414,BATCH-G-20230602
REV-00034241,SKU-0002222,user_37049,Christian Frey,4,"Absolutely love it, works perfectly! 😐",2023-05-09,True,POSITIVE,0,SOURCE_G_REVIEWS,reviews_2023.csv,2023-05-10T01:07:50.591920272,BATCH-G-20230509
REV-00034241-DUP,SKU-0002222,user_37049,Christian Frey,4,"Absolutely love it, works perfectly! 😐",2023-05-09,True,POSITIVE,0,SOURCE_G_REVIEWS,reviews_2023.csv,2023-05-10T01:19:50.591920272,BATCH-G-20230509
REV-00034244,SKU-0009129,user_9018730,Virginia,4,"Livraison très lente, déçu. Better than I expected for the price.",2023-12-19,True,POSITIVE,3,SOURCE_G_REVIEWS,reviews_2023.csv,2023-12-20T05:41:27.609956109,BATCH-G-20231219
REV-00034254,SKU-0019092,user_67208,Dale,5,Exceeded my expectations.,2023-02-28,False,POSITIVE,6,SOURCE_G_REVIEWS,reviews_2023.csv,2023-02-28T16:02:53.058860800,BATCH-G-20230228
REV-00034268,SKU-0017604,,Anonymous,5,"Exactly as described, very happy.",2023-03-20,True,POSITIVE,1,SOURCE_G_REVIEWS,reviews_2023.csv,2023-03-20T16:30:01.437541309,BATCH-G-20230320
REV-00034291,SKU-0013170,user_45201,Paul Preston,3,"Livraison très lente, déçu. Not bad, not great either.",2023-11-16,False,NEUTRAL,1,SOURCE_G_REVIEWS,reviews_2023.csv,2023-11-16T01:23:47.039900887,BATCH-G-20231116
REV-00034304,SKU-0018981,,Anonymous,5,"Matches the description, no issues.",2023-01-05,True,NEUTRAL,5,SOURCE_G_REVIEWS,reviews_2023.csv,2023-01-05T01:34:29.133866165,BATCH-G-20230105
REV-00034305,SKU-0002112,user_24016,Christopher White,3,Works fine but delivery was slow.,2023-12-19,False,NEUTRAL,0,SOURCE_G_REVIEWS,reviews_2023.csv,2023-12-19T08:03:16.368624887,BATCH-G-20231219
REV-00034318,SKU-0018839,user_9009448,Daniel,3,Works fine but delivery was slow.,2023-02-20,False,NEUTRAL,4,SOURCE_G_REVIEWS,reviews_2023.csv,2023-02-20T22:12:53.187149792,BATCH-G-20230220
REV-00034320,SKU-9939811,,Anonymous,-1,Better than I expected for the price.,2023-04-06,True,POSITIVE,1,SOURCE_G_REVIEWS,reviews_2023.csv,2023-04-06T08:21:08.925948166,BATCH-G-20230406
REV-00034324,SKU-0002974,user_21730,Danielle Smith,4,Will definitely buy again.,2023-05-22,False,POSITIVE,1,SOURCE_G_REVIEWS,reviews_2023.csv,2023-05-22T10:59:49.450957854,BATCH-G-20230522
REV-00034326,SKU-0018300,user_9027108,Latasha Murillo,4,"Average quality, nothing special.",2023-06-02,True,NEUTRAL,1,SOURCE_G_REVIEWS,reviews_2023.csv,2023-06-02T09:19:46.598345536,BATCH-G-20230602
REV-00034337,SKU-0000129,user_9031959,Fernando Baker,2,Wrong item was shipped to me.,2023-08-25,False,NEGATIVE,2,SOURCE_G_REVIEWS,reviews_2023.csv,2023-08-25T00:31:29.006945563,BATCH-G-20230825
REV-00034365,SKU-0010303,user_18843,Tim Brown,5,Highly recommend this product.,2023-01-07,True,POSITIVE,8,SOURCE_G_REVIEWS,reviews_2023.csv,2023-01-07T12:35:31.717675822,BATCH-G-20230107
REV-00034375,SKU-0018523,user_9025833,Amanda,1,Very disappointed with the quality.,2023-03-23,True,NEGATIVE,2,SOURCE_G_REVIEWS,reviews_2023.csv,2023-03-23T00:53:42.947223115,BATCH-G-20230323
REV-00034380,SKU-0003622,user_69552,Cindy Palmer,4,"Solid build quality, no complaints.",2023-07-12,True,POSITIVE,7,SOURCE_G_REVIEWS,reviews_2023.csv,2023-07-12T02:55:05.470444401,BATCH-G-20230712
REV-00034383,SKU-0015443,user_13085,Michelle Jensen,5,"Absolutely love it, works perfectly!",2023-05-30,True,POSITIVE,1,SOURCE_G_REVIEWS,reviews_2023.csv,2023-05-31T05:29:50.112352764,BATCH-G-20230530
REV-00034387,SKU-0008589,user_2712,Victoria,5,"Solid build quality, no complaints.",2023-04-10,True,POSITIVE,0,SOURCE_G_REVIEWS,reviews_2023.csv,2023-04-10T14:20:31.449750945,BATCH-G-20230410
REV-00034393,SKU-9967803,user_5146,Michael Alvarez,-,&nbsp;Fast delivery and great quality.<i>edited</i>,2023-08-10,False,POSITIVE,10,SOURCE_G_REVIEWS,reviews_2023.csv,2023-08-10T16:09:58.552230834,BATCH-G-20230810
REV-00034396,SKU-0006938,user_9020190,Theresa Peters,5,Better than I expected for the price.,2023-12-31,False,POSITIVE,6,SOURCE_G_REVIEWS,reviews_2023.csv,2023-12-31T09:43:21.868468411,BATCH-G-20231231
REV-00034407,SKU-0016561,,Anonymous,1,   Stopped  working  after  a  week.   ,2023-08-14,True,NEGATIVE,2,SOURCE_G_REVIEWS,reviews_2023.csv,2023-08-14T22:59:39.788526581,BATCH-G-20230814
REV-00034412,SKU-9988033,,Anonymous,5,"Solid build quality, no complaints.",2023-04-14,False,POSITIVE,2,SOURCE_G_REVIEWS,reviews_2023.csv,2023-04-15T01:14:59.721802341,BATCH-G-20230414
REV-00034414,SKU-0003939,user_35215,Mary Johnson,2,Not as described at all.,2023-04-06,True,NEGATIVE,0,SOURCE_G_REVIEWS,reviews_2023.csv,2023-04-07T03:25:39.989565601,BATCH-G-20230406
REV-00034423,SKU-0016642,,Anonymous,4,"Absolutely love it, works perfectly!",2023-08-09,True,POSITIVE,0,SOURCE_G_REVIEWS,reviews_2023.csv,2023-08-09T18:01:45.837557576,BATCH-G-20230809
REV-00034433,SKU-0009864,user_9009315,Craig French,1,"Muy buen producto, lo recomiendo.",2023-12-31,True,NEGATIVE,2,SOURCE_G_REVIEWS,reviews_2023.csv,2023-12-31T00:36:38.507465656,BATCH-G-20231231
REV-00034435,SKU-0007203,user_19765,Veronica Sellers,4,Exceeded my expectations.,2023-10-30,False,POSITIVE,9,SOURCE_G_REVIEWS,reviews_2023.csv,2023-10-30T03:14:59.723129986,BATCH-G-20231030
REV-00034439,SKU-0007650,user_5453,David Mitchell,4,Fast delivery and great quality.,2023-04-13,False,POSITIVE,10,SOURCE_G_REVIEWS,reviews_2023.csv,2023-04-13T02:52:43.708609925,BATCH-G-20230413
REV-00034445,SKU-0014150,,Anonymous,1,Arrived damaged and support was unhelpful.,2023-04-15,True,NEGATIVE,4,SOURCE_G_REVIEWS,reviews_2023.csv,2023-04-13T14:00:00,BATCH-G-20230415
REV-00034459,SKU-0000778,user_9027647,Judith,5,"   Solid  build  quality,  no  complaints.   ",2023-07-31,False,POSITIVE,4,SOURCE_G_REVIEWS,reviews_2023.csv,2023-07-31T11:57:28.449893839,BATCH-G-20230731
REV-00034462,SKU-0001631,user_20241,Olivia Smith,1,Wrong item was shipped to me. 😀💯,2023-08-16,True,NEGATIVE,0,SOURCE_G_REVIEWS,reviews_2023.csv,2023-08-16T04:30:30.151964466,BATCH-G-20230816
REV-00034462-DUP,SKU-0001631,user_20241,Olivia Smith,1,Wrong item was shipped to me. 😀💯,2023-08-16,True,NEGATIVE,0,SOURCE_G_REVIEWS,reviews_2023.csv,2023-08-16T04:44:30.151964466,BATCH-G-20230816
REV-00034472,SKU-0004549,user_36975,Toni,5,Great value for money.,2023-07-24,True,POSITIVE,2,SOURCE_G_REVIEWS,reviews_2023.csv,2023-07-25T05:35:30.001759387,BATCH-G-20230724
REV-00034479,SKU-0007022,user_9007219,Crystal,4,"Waste of money, do not buy.",2023-09-23,True,NEGATIVE,2,SOURCE_G_REVIEWS,reviews_2023.csv,2023-09-23T14:16:30.185217900,BATCH-G-20230923
REV-00034481,SKU-0007453,user_9025626,Leah,-1,Better than I expected for the price.,2023-10-04,True,POSITIVE,12,SOURCE_G_REVIEWS,reviews_2023.csv,2023-10-04T15:38:03.725894249,BATCH-G-20231004
REV-00034487,SKU-0010306,,Anonymous,5,Better than I expected for the price.,2023-09-16,True,POSITIVE,0,SOURCE_G_REVIEWS,reviews_2023.csv,2023-09-16T18:37:04.985769939,BATCH-G-20230916
REV-00034491,SKU-0000283,user_9002512,Sue Johnson,5,Better than I expected for the price. 💯,2023-12-20,True,POSITIVE,0,SOURCE_G_REVIEWS,reviews_2023.csv,2023-12-21T05:57:10.978106024,BATCH-G-20231220
REV-00034509,SKU-0019296,,Anonymous,5,Highly recommend this product.,2023-02-20,False,POSITIVE,0,SOURCE_G_REVIEWS,reviews_2023.csv,2023-02-20T08:28:55.997438152,BATCH-G-20230220
REV-00034510,SKU-0004513,user_9003348,Elizabeth Jacobs MD,5,"Exactly as described, very happy.",2023-01-20,True,POSITIVE,0,SOURCE_G_REVIEWS,reviews_2023.csv,2023-01-20T04:35:54.911882495,BATCH-G-20230120
REV-00034521,SKU-0013662,user_23257,Juan Ellis,5,Will definitely buy again.,2023-11-21,True,POSITIVE,0,SOURCE_G_REVIEWS,reviews_2023.csv,2023-11-22T02:15:12.434113928,BATCH-G-20231121
REV-00034524,SKU-0001576,user_9004882,Bernard Schwartz,5,"Perfect gift, they loved it!",2023-12-07,True,POSITIVE,1,SOURCE_G_REVIEWS,reviews_2023.csv,2023-12-07T10:13:05.725773502,BATCH-G-20231207
REV-00034531,SKU-0006168,user_9015242,Douglas,2,Not as described at all.,2023-06-26,False,NEGATIVE,1,SOURCE_G_REVIEWS,reviews_2023.csv,2023-06-26T16:00:32.884466276,BATCH-G-20230626
REV-00034533,SKU-0019488,user_9019415,Jason Hebert,6,Very disappointed with the quality.,2023-07-03,True,NEGATIVE,0,SOURCE_G_REVIEWS,reviews_2023.csv,2023-07-03T18:25:34.498293188,BATCH-G-20230703
REV-00034540,SKU-0003973,user_9027337,William Green,3,Works fine but delivery was slow.,2023-06-20,True,NEUTRAL,0,SOURCE_G_REVIEWS,reviews_2023.csv,2023-06-20T05:44:12.117564579,BATCH-G-20230620
REV-00034545,SKU-0000450,user_28381,Barbara Huff,5,"Perfect gift, they loved it!",2023-12-17,True,POSITIVE,0,SOURCE_G_REVIEWS,reviews_2023.csv,2023-12-17T04:20:38.846199047,BATCH-G-20231217
REV-00034560,SKU-0019742,user_9009062,Pamela,5,Exceeded my expectations.,2023-06-17,False,POSITIVE,1,SOURCE_G_REVIEWS,reviews_2023.csv,2023-06-18T03:02:01.365530600,BATCH-G-20230617
REV-00034562,SKU-0008932,user_4286,Leslie Rodriguez,4,"Perfect gift, they loved it!",2023-01-11,True,POSITIVE,3,SOURCE_G_REVIEWS,reviews_2023.csv,2023-01-11T10:32:25.164388414,BATCH-G-20230111
REV-00034564,SKU-9908881,,Anonymous,4,Fast delivery and great quality.,2023-02-02,False,POSITIVE,4,SOURCE_G_REVIEWS,reviews_2023.csv,2023-02-03T03:50:25.808416818,BATCH-G-20230202
REV-00034567,SKU-0013358,user_64315,Amanda,5,Highly recommend this product.,2023-08-23,False,POSITIVE,0,SOURCE_G_REVIEWS,reviews_2023.csv,2023-08-24T00:46:07.214180585,BATCH-G-20230823
REV-00034577,SKU-0007866,user_9003719,Monique Williams,4,"Absolutely love it, works perfectly!",2023-11-07,False,POSITIVE,1,SOURCE_G_REVIEWS,reviews_2023.csv,2023-11-07T18:00:15.211474,BATCH-G-20231107
REV-00034593,SKU-0005881,,Anonymous,3,"It's okay, does the job. ⭐",2023-03-04,False,NEUTRAL,1,SOURCE_G_REVIEWS,reviews_2023.csv,2023-03-04T16:27:48.460624202,BATCH-G-20230304
REV-00034599,SKU-0012212,user_9006823,Michael,4,Great value for money.,2023-04-05,True,POSITIVE,2,SOURCE_G_REVIEWS,reviews_2023.csv,2023-04-05T13:46:41.332862315,BATCH-G-20230405
REV-00034610,SKU-0006842,,Anonymous,4,"Perfect gift, they loved it!",2023-05-03,True,POSITIVE,1,SOURCE_G_REVIEWS,reviews_2023.csv,2023-05-04T04:55:36.946505508,BATCH-G-20230503
REV-00034645,SKU-0008026,user_9008985,Whitney Woods,5,"Exactly as described, very happy.",2023-08-23,True,POSITIVE,0,SOURCE_G_REVIEWS,reviews_2023.csv,2023-08-23T13:18:22.047142778,BATCH-G-20230823
REV-00034646,SKU-0018122,,Anonymous,5,"Solid build quality, no complaints. 😐",2023-01-24,True,POSITIVE,4,SOURCE_G_REVIEWS,reviews_2023.csv,2023-01-24T22:25:21.345050719,BATCH-G-20230124
REV-00034647,SKU-0003395,user_9021031,Sherry Perry,4,Great value for money. 😀😐,2023-12-29,True,POSITIVE,0,SOURCE_G_REVIEWS,reviews_2023.csv,2023-12-29T22:11:10.256476050,BATCH-G-20231229
REV-00034654,SKU-0013551,user_9027403,Johnny,2,Arrived damaged and support was unhelpful.,2023-10-13,True,NEGATIVE,0,SOURCE_G_REVIEWS,reviews_2023.csv,2023-10-13T08:07:02.865195990,BATCH-G-20231013
REV-00034662,SKU-0002572,user_50674,Ashley Hines,null,"It's okay, does the job.",2023-09-19,True,NEUTRAL,1,SOURCE_G_REVIEWS,reviews_2023.csv,2023-09-19T22:43:27.565396852,BATCH-G-20230919
REV-00034663,SKU-0006261,user_34783,Lisa Jones,4,"&nbsp;Exactly as described, very happy.<br>",2023-06-03,True,POSITIVE,9,SOURCE_G_REVIEWS,reviews_2023.csv,2023-06-03T10:57:29.428934388,BATCH-G-20230603
REV-00034664,SKU-0008572,user_23941,Steven Howard,2,"Cheaply made, broke immediately.",2023-08-19,False,NEGATIVE,7,SOURCE_G_REVIEWS,reviews_2023.csv,2023-08-19T08:59:02.490546590,BATCH-G-20230819
REV-00034669,SKU-0018338,user_52218,Roger Le,4,Great value for money.,2023-04-28,True,POSITIVE,0,SOURCE_G_REVIEWS,reviews_2023.csv,2023-04-28T09:39:39.492849189,BATCH-G-20230428
REV-00034679,SKU-0015115,user_16865,Brian Barr,4,Fast delivery and great quality.,2023-02-03,True,POSITIVE,0,SOURCE_G_REVIEWS,reviews_2023.csv,2023-02-03T15:25:32.275976260,BATCH-G-20230203
REV-00034684,SKU-0015616,user_22461,Kevin Sanders,1,</p>Not as described at all.<br>,2023-10-14,True,NEGATIVE,2,SOURCE_G_REVIEWS,reviews_2023.csv,2023-10-15T00:41:01.377644723,BATCH-G-20231014
REV-00034689,SKU-0009249,user_9005534,Meghan,3,"It's okay, does the job.",2023-07-22,False,NEUTRAL,0,SOURCE_G_REVIEWS,reviews_2023.csv,2023-07-22T01:13:45.459107356,BATCH-G-20230722
REV-00034696,SKU-0004405,,Anonymous,5,Fast delivery and great quality.,2023-04-03,True,POSITIVE,2,SOURCE_G_REVIEWS,reviews_2023.csv,2023-04-03T20:27:53.196585701,BATCH-G-20230403
REV-00034698,SKU-0015240,user_9006413,Frank Anthony,4,गुणवत्ता ठीक नहीं थी।,2023-08-31,False,POSITIVE,4,SOURCE_G_REVIEWS,reviews_2023.csv,2023-08-31T14:30:07.895596197,BATCH-G-20230831
REV-00034699,SKU-9934626,user_9020793,Ryan Hansen,2,"Poor packaging, item was defective.",2023-04-14,True,NEGATIVE,7,SOURCE_G_REVIEWS,reviews_2023.csv,2023-04-14T05:14:45.065827454,BATCH-G-20230414
REV-00034703,SKU-0008409,user_9000673,Jim Gray,4,"It's okay, does the job.",2023-05-25,True,NEUTRAL,7,SOURCE_G_REVIEWS,reviews_2023.csv,2023-05-26T04:01:11.204730340,BATCH-G-20230525
REV-00034711,SKU-0004263,,Anonymous,5,Exceeded my expectations.,2023-03-29,True,POSITIVE,7,SOURCE_G_REVIEWS,reviews_2023.csv,2023-03-30T03:30:40.335883200,BATCH-G-20230329
REV-00034712,SKU-0018839,user_54689,Jay Martinez,3,"<br>Muy buen producto, lo recomiendo. Decent but overpriced a bit.<br>",2023-10-13,True,NEUTRAL,3,SOURCE_G_REVIEWS,reviews_2023.csv,2023-10-14T03:02:33.615746749,BATCH-G-20231013
REV-00034726,SKU-0011115,user_25998,Julie,4,Great value for money.,2023-11-22,True,POSITIVE,0,SOURCE_G_REVIEWS,reviews_2023.csv,2023-11-22T12:38:01.879105670,BATCH-G-20231122
REV-00034733,SKU-0017795,user_11995,Vicki Marquez,5,Great value for money.,2023-01-23,True,POSITIVE,0,SOURCE_G_REVIEWS,reviews_2023.csv,2023-01-23T19:52:22.083051556,BATCH-G-20230123
REV-00034744,SKU-0017694,user_9032621,Sarah,2,"Cheaply made, broke immediately.",2023-10-27,True,NEGATIVE,0,SOURCE_G_REVIEWS,reviews_2023.csv,2023-10-27T17:53:09.064589949,BATCH-G-20231027
REV-00034752,SKU-0004238,user_29472,Scott,5,Exceeded my expectations.,2023-12-07,True,POSITIVE,1,SOURCE_G_REVIEWS,reviews_2023.csv,2023-12-07T16:56:21.186474907,BATCH-G-20231207
REV-00034772,SKU-0005313,user_9028235,Jennifer,4,   Highly  recommend  this  product.   ,2023-11-23,True,POSITIVE,0,SOURCE_G_REVIEWS,reviews_2023.csv,2023-11-24T05:43:56.011544331,BATCH-G-20231123
REV-00034832,SKU-0015235,user_19693,Mark,5,गुणवत्ता ठीक नहीं थी। Fast delivery and great quality.,2023-08-21,True,POSITIVE,6,SOURCE_G_REVIEWS,reviews_2023.csv,2023-08-21T23:20:57.408974564,BATCH-G-20230821
REV-00034834,SKU-0001291,user_3798,Robert,4,Will definitely buy again.,2023-12-04,True,POSITIVE,2,SOURCE_G_REVIEWS,reviews_2023.csv,2023-12-04T20:53:25.845333553,BATCH-G-20231204
REV-00034836,SKU-0001786,user_9022177,Thomas,3,null,2023-02-20,True,NEUTRAL,4,SOURCE_G_REVIEWS,reviews_2023.csv,2023-02-20T23:06:05.267881993,BATCH-G-20230220
REV-00034839,SKU-0016977,,Anonymous,4,Exceeded my expectations.,2023-09-04,False,POSITIVE,0,SOURCE_G_REVIEWS,reviews_2023.csv,2023-09-04T04:11:47.996606901,BATCH-G-20230904
REV-00034840,SKU-0007216,user_13406,Michael Owen,4,Will definitely buy again.,2023-09-11,False,POSITIVE,0,SOURCE_G_REVIEWS,reviews_2023.csv,2023-09-11T20:52:21.249100740,BATCH-G-20230911
REV-00034849,SKU-0007745,user_27013,Jamie Griffin,5,Highly recommend this product.,2023-08-26,True,POSITIVE,8,SOURCE_G_REVIEWS,reviews_2023.csv,2023-08-26T18:03:34.421596699,BATCH-G-20230826
REV-00034864,SKU-0002051,user_30765,Jesse Sandoval,5,"</p>Not bad, not great either.&nbsp;",2023-01-23,True,NEUTRAL,1,SOURCE_G_REVIEWS,reviews_2023.csv,2023-01-24T02:12:15.354306971,BATCH-G-20230123
REV-00034871,SKU-0014186,,Anonymous,3,"Average quality, nothing special.",2023-07-12,True,NEUTRAL,5,SOURCE_G_REVIEWS,reviews_2023.csv,2023-07-13T04:33:39.787019441,BATCH-G-20230712
REV-00034894,SKU-0011208,,Anonymous,1,Arrived damaged and support was unhelpful.,2023-07-18,False,NEGATIVE,3,SOURCE_G_REVIEWS,reviews_2023.csv,2023-07-18T07:03:07.952573044,BATCH-G-20230718
REV-00034897,SKU-0015802,user_9005286,Anthony,4,Excellent rapport qualité-prix.,2023-10-14,True,POSITIVE,3,SOURCE_G_REVIEWS,reviews_2023.csv,2023-10-14T04:05:51.558184656,BATCH-G-20231014
REV-00034908,SKU-0019900,user_65744,Travis Rodriguez,5,Exceeded my expectations.,2023-10-13,True,POSITIVE,0,SOURCE_G_REVIEWS,reviews_2023.csv,2023-10-13T15:48:22.503588384,BATCH-G-20231013
REV-00034915,SKU-0018182,user_9024429,Brandon Leblanc,5,"Solid build quality, no complaints.",2023-11-15,True,POSITIVE,8,SOURCE_G_REVIEWS,reviews_2023.csv,2023-11-15T10:58:46.725534576,BATCH-G-20231115
REV-00034926,SKU-0002102,user_5758,Sarah Mills,5,"Perfect gift, they loved it!",2023-11-30,False,POSITIVE,2,SOURCE_G_REVIEWS,reviews_2023.csv,2023-12-01T02:46:06.657162116,BATCH-G-20231130
REV-00034935,SKU-0018794,user_40485,Shannon Robinson,5,Great value for money.,2023-04-08,True,POSITIVE,1,SOURCE_G_REVIEWS,reviews_2023.csv,2023-04-08T04:16:29.075818368,BATCH-G-20230408
REV-00034938,SKU-0018227,,Anonymous,5,Better than I expected for the price.,2023-08-14,True,POSITIVE,0,SOURCE_G_REVIEWS,reviews_2023.csv,2023-08-14T03:42:41.913815655,BATCH-G-20230814
REV-00034947,SKU-0007632,user_9014596,Michelle Rodriguez,2,Not as described at all.,2023-02-17,True,NEGATIVE,4,SOURCE_G_REVIEWS,reviews_2023.csv,2023-02-18T03:43:05.901508341,BATCH-G-20230217
REV-00034951,SKU-0013388,user_9016504,Carol,5,"Perfect gift, they loved it!",2023-08-03,True,POSITIVE,2,SOURCE_G_REVIEWS,reviews_2023.csv,2023-08-03T02:56:11.696031186,BATCH-G-20230803
REV-00034960,SKU-0008120,user_9001656,Christopher,5,"Solid build quality, no complaints.",2023-01-23,False,POSITIVE,2,SOURCE_G_REVIEWS,reviews_2023.csv,2023-01-23T22:38:58.624029176,BATCH-G-20230123
REV-00034966,SKU-0017744,user_44398,Robert,5,"Absolutely love it, works perfectly!",2023-11-24,False,POSITIVE,1,SOURCE_G_REVIEWS,reviews_2023.csv,2023-11-25T03:32:08.442396107,BATCH-G-20231124
REV-00034991,SKU-0003788,user_49056,John,1,No cumplió mis expectativas. Stopped working after a week.,2023-08-25,True,NEGATIVE,2,SOURCE_G_REVIEWS,reviews_2023.csv,2023-08-25T22:08:11.737328273,BATCH-G-20230825
REV-00034994,SKU-0012135,user_14364,Eric Petersen,5,Better than I expected for the price.,2023-06-09,True,POSITIVE,0,SOURCE_G_REVIEWS,reviews_2023.csv,2023-06-10T02:54:31.642772154,BATCH-G-20230609
REV-00034996,SKU-0018585,user_66891,Mr. Andrew Bolton,3,"Not bad, not great either.",2023-01-17,True,NEUTRAL,0,SOURCE_G_REVIEWS,reviews_2023.csv,2023-01-17T22:27:31.705244754,BATCH-G-20230117
REV-00035001,SKU-0001696,user_40026,Olivia Little,4,"Muy buen producto, lo recomiendo.",2023-08-27,True,POSITIVE,5,SOURCE_G_REVIEWS,reviews_2023.csv,2023-08-27T06:47:59.091621718,BATCH-G-20230827
REV-00035006,SKU-0015375,user_9020349,Michael Russo,4,"Absolutely love it, works perfectly!",2023-01-07,True,POSITIVE,8,SOURCE_G_REVIEWS,reviews_2023.csv,2023-01-07T21:08:25.251908708,BATCH-G-20230107
REV-00035019,SKU-0000789,,Anonymous,4,"Solid build quality, no complaints.",2023-06-14,True,POSITIVE,5,SOURCE_G_REVIEWS,reviews_2023.csv,2023-06-14T11:41:05.554238172,BATCH-G-20230614
REV-00035021,SKU-0013770,user_62690,Steven Brown,4,Exceeded my expectations.,2023-11-29,True,POSITIVE,0,SOURCE_G_REVIEWS,reviews_2023.csv,2023-11-29T08:11:10.345487586,BATCH-G-20231129
REV-00035023,SKU-0005406,user_9032383,Kevin Mcintyre,5,Highly recommend this product. 😐,2023-06-11,True,POSITIVE,2,SOURCE_G_REVIEWS,reviews_2023.csv,2023-06-11T22:25:57.394436697,BATCH-G-20230611
REV-00035026,SKU-0007678,user_57097,Nicholas Humphrey,5,"Absolutely love it, works perfectly! 😐",2023-11-12,True,POSITIVE,2,SOURCE_G_REVIEWS,reviews_2023.csv,2023-11-12T00:33:50.673881459,BATCH-G-20231112
REV-00035032,SKU-0014643,user_9024901,Michelle Murphy,4,Better than I expected for the price.,2023-09-08,True,POSITIVE,0,SOURCE_G_REVIEWS,reviews_2023.csv,2023-09-08T13:47:19.965713039,BATCH-G-20230908
REV-00035035,SKU-0019738,user_35020,Heather Colon,4,<p>Will definitely buy again.&nbsp;,2023-01-16,False,POSITIVE,3,SOURCE_G_REVIEWS,reviews_2023.csv,2023-01-17T04:48:07.180077874,BATCH-G-20230116
REV-00035053,SKU-0019332,user_43652,Felicia Johnston,5,"   Exactly  as  described,  very  happy.   ",2023-09-28,True,POSITIVE,2,SOURCE_G_REVIEWS,reviews_2023.csv,2023-09-29T03:35:39.584820754,BATCH-G-20230928
REV-00035061,SKU-0016540,user_35317,Anna Crawford,5,"Exactly as described, very happy.",2023-06-30,True,POSITIVE,5,SOURCE_G_REVIEWS,reviews_2023.csv,2023-06-30T23:54:13.466343381,BATCH-G-20230630
REV-00035065,SKU-9907704,user_30629,Grace,3,"Matches the description, no issues.",2023-12-10,True,NEUTRAL,0,SOURCE_G_REVIEWS,reviews_2023.csv,2023-12-10T06:51:25.886077348,BATCH-G-20231210
REV-00035067,SKU-0016794,user_9025089,Roberta Mcintosh,-,Great value for money.,2023-09-29,False,POSITIVE,3,SOURCE_G_REVIEWS,reviews_2023.csv,2023-09-30T05:17:04.486971884,BATCH-G-20230929
REV-00035069,SKU-0013693,user_2155,Robin Wood,4,Exceeded my expectations.,2023-12-26,True,POSITIVE,3,SOURCE_G_REVIEWS,reviews_2023.csv,2023-12-26T19:09:45.372956744,BATCH-G-20231226
REV-00035082,SKU-0000473,,Anonymous,3,"Not bad, not great either.",2023-12-28,False,NEUTRAL,6,SOURCE_G_REVIEWS,reviews_2023.csv,2023-12-28T23:36:56.884254548,BATCH-G-20231228
REV-00035083,SKU-0006674,user_9019894,Dr. Vincent Rivers DVM,1,"Poor packaging, item was defective.",2023-08-29,True,NEGATIVE,0,SOURCE_G_REVIEWS,reviews_2023.csv,2023-08-29T12:19:12.092805777,BATCH-G-20230829
REV-00035089,SKU-0012891,user_18795,Ryan,5,Great value for money.,2023-02-26,False,POSITIVE,2,SOURCE_G_REVIEWS,reviews_2023.csv,2023-02-26T17:01:47.632220901,BATCH-G-20230226
REV-00035097,SKU-0011851,user_9017374,David Cannon,1,"Poor packaging, item was defective.",2023-05-18,True,NEGATIVE,5,SOURCE_G_REVIEWS,reviews_2023.csv,2023-05-18T01:43:45.417773472,BATCH-G-20230518
REV-00035102,SKU-9993198,,Anonymous,4,Great value for money.,2023-10-07,True,POSITIVE,0,SOURCE_G_REVIEWS,reviews_2023.csv,2023-10-08T02:36:56.129642527,BATCH-G-20231007
REV-00035106,SKU-0019044,user_24383,Jill Rodgers,5,Fast delivery and great quality.,2023-09-23,True,POSITIVE,0,SOURCE_G_REVIEWS,reviews_2023.csv,2023-09-23T20:49:34.551766858,BATCH-G-20230923
REV-00035106-DUP,SKU-0019044,user_24383,Jill Rodgers,5,Fast delivery and great quality.,2023-09-23,True,POSITIVE,0,SOURCE_G_REVIEWS,reviews_2023.csv,2023-09-23T21:07:34.551766858,BATCH-G-20230923
REV-00035117,SKU-0005483,,Anonymous,5,Fast delivery and great quality.,2023-12-24,True,POSITIVE,3,SOURCE_G_REVIEWS,reviews_2023.csv,2023-12-24T02:46:57.337966654,BATCH-G-20231224
REV-00035118,SKU-0010123,,Anonymous,1,Wrong item was shipped to me.,2023-06-11,False,NEGATIVE,0,SOURCE_G_REVIEWS,reviews_2023.csv,2023-06-11T05:30:23.275011785,BATCH-G-20230611
REV-00035122,SKU-0005168,user_42207,Randy Russo,NULL,"It's okay, does the job.",2023-02-06,True,NEUTRAL,0,SOURCE_G_REVIEWS,reviews_2023.csv,2023-02-06T13:53:02.337031997,BATCH-G-20230206
REV-00035147,SKU-0013613,user_53679,Valerie Alvarez,4,Great value for money.,2023-12-23,True,POSITIVE,4,SOURCE_G_REVIEWS,reviews_2023.csv,2023-12-23T04:19:16.320487682,BATCH-G-20231223
REV-00035150,SKU-0005645,user_61424,Laura Hamilton,1,Stopped working after a week.,2023-07-05,True,NEGATIVE,1,SOURCE_G_REVIEWS,reviews_2023.csv,2023-07-06T04:14:18.829117799,BATCH-G-20230705
REV-00035176,SKU-0013712,,Anonymous,4,"<b>Update:</b>Absolutely love it, works perfectly!<p>",2023-11-13,False,POSITIVE,0,SOURCE_G_REVIEWS,reviews_2023.csv,2023-11-13T03:05:50.189237275,BATCH-G-20231113
REV-00035183,SKU-0016232,user_9034334,Stanley Kim,5,Better than I expected for the price.,2023-01-18,False,POSITIVE,3,SOURCE_G_REVIEWS,reviews_2023.csv,2023-01-18T14:00:36.060352660,BATCH-G-20230118
REV-00035187,SKU-0010735,,Anonymous,5,"Absolutely love it, works perfectly!",2023-01-05,True,POSITIVE,0,SOURCE_G_REVIEWS,reviews_2023.csv,2023-01-05T10:16:34.718062886,BATCH-G-20230105
REV-00035200,SKU-0012909,user_9032667,Kathy Fernandez,2,"Cheaply made, broke immediately.",2023-02-13,True,NEGATIVE,0,SOURCE_G_REVIEWS,reviews_2023.csv,2023-02-14T00:25:46.050905531,BATCH-G-20230213
REV-00035208,SKU-0017222,,Anonymous,5,"Exactly as described, very happy.",2023-08-21,False,POSITIVE,0,SOURCE_G_REVIEWS,reviews_2023.csv,2023-08-21T03:24:51.649845209,BATCH-G-20230821
REV-00035217,SKU-0007988,,Anonymous,5,Fast delivery and great quality.,2023-12-11,True,POSITIVE,0,SOURCE_G_REVIEWS,reviews_2023.csv,2023-12-12T05:34:58.978984788,BATCH-G-20231211
REV-00035259,SKU-0007762,,Anonymous,5,Fast delivery and great quality.,2023-01-08,True,POSITIVE,1,SOURCE_G_REVIEWS,reviews_2023.csv,2023-01-08T10:06:23.578494228,BATCH-G-20230108
REV-00035262,SKU-0005701,user_33723,Gabriela Hurst,4,Better than I expected for the price.,2023-02-22,True,POSITIVE,2,SOURCE_G_REVIEWS,reviews_2023.csv,2023-02-23T03:25:44.414071364,BATCH-G-20230222
REV-00035263,SKU-0018389,user_9007705,Jeffrey Fletcher,4,Fast delivery and great quality.,2023-11-11,True,POSITIVE,4,SOURCE_G_REVIEWS,reviews_2023.csv,2023-11-11T23:15:14.796238892,BATCH-G-20231111
REV-00035268,SKU-0003136,user_9023459,Julie,5,Fast delivery and great quality.,2023-04-10,True,POSITIVE,5,SOURCE_G_REVIEWS,reviews_2023.csv,2023-04-10T02:11:24.627596634,BATCH-G-20230410
REV-00035272,SKU-0011900,user_9023236,Kent Henderson,5,Exceeded my expectations. ⭐,2023-07-23,True,POSITIVE,3,SOURCE_G_REVIEWS,reviews_2023.csv,2023-07-23T05:05:29.141422733,BATCH-G-20230723
REV-00035279,SKU-0019425,user_9019902,Amanda,5,   Will  definitely  buy  again.   ,2023-12-19,False,POSITIVE,2,SOURCE_G_REVIEWS,reviews_2023.csv,2023-12-19T17:45:24.503482235,BATCH-G-20231219
REV-00035291,SKU-0008601,user_9000693,Juan Rodriguez,2,   Not  as  described  at  all.   ,2023-06-20,True,NEGATIVE,0,SOURCE_G_REVIEWS,reviews_2023.csv,2023-06-20T02:47:29.541846058,BATCH-G-20230620
REV-00035301,SKU-0004244,,Anonymous,5,Exceeded my expectations.,2023-12-22,False,POSITIVE,1,SOURCE_G_REVIEWS,reviews_2023.csv,2023-12-22T03:59:58.815154132,BATCH-G-20231222
REV-00035309,SKU-0005452,user_9000300,Jamie Simmons,5,Highly recommend this product.,2023-08-01,True,POSITIVE,3,SOURCE_G_REVIEWS,reviews_2023.csv,2023-08-01T02:23:18.512249236,BATCH-G-20230801
REV-00035315,SKU-0002702,user_69672,Laura Brooks,4,"Matches the description, no issues.",2023-07-16,False,NEUTRAL,1,SOURCE_G_REVIEWS,reviews_2023.csv,2023-07-16T19:40:10.429733048,BATCH-G-20230716
REV-00035330,SKU-0020129,user_9028196,Laura,4,Fast delivery and great quality.,2023-04-23,False,POSITIVE,0,SOURCE_G_REVIEWS,reviews_2023.csv,2023-04-23T11:36:25.806057563,BATCH-G-20230423
REV-00035365,SKU-0000548,user_9027002,Michael,4,"Livraison très lente, déçu. Will definitely buy again.",2023-12-16,False,POSITIVE,4,SOURCE_G_REVIEWS,reviews_2023.csv,2023-12-17T05:39:16.050485835,BATCH-G-20231216
REV-00035373,SKU-0010331,,Anonymous,4,"Exactly as described, very happy. 💯🙏",2023-06-18,True,POSITIVE,0,SOURCE_G_REVIEWS,reviews_2023.csv,2023-06-18T08:12:07.590754092,BATCH-G-20230618
REV-00035377,SKU-0010113,user_9020507,Troy Cole,5,Highly recommend this product. 🔥,2023-11-15,True,POSITIVE,1,SOURCE_G_REVIEWS,reviews_2023.csv,2023-11-15T08:47:46.922112089,BATCH-G-20231115
REV-00035391,SKU-0007170,user_9005074,Christopher,4,"Perfect gift, they loved it!",2023-11-29,False,POSITIVE,5,SOURCE_G_REVIEWS,reviews_2023.csv,2023-11-29T00:40:56.345896070,BATCH-G-20231129
REV-00035395,SKU-0011109,,Anonymous,5,गुणवत्ता ठीक नहीं थी।,2023-05-17,False,POSITIVE,4,SOURCE_G_REVIEWS,reviews_2023.csv,2023-05-17T17:36:56.788580739,BATCH-G-20230517
REV-00035401,SKU-0009158,user_9029033,David Davies,4,Highly recommend this product.,2023-01-22,False,POSITIVE,0,SOURCE_G_REVIEWS,reviews_2023.csv,2023-01-22T16:12:14.580645471,BATCH-G-20230122
REV-00035401-DUP,SKU-0009158,user_9029033,David Davies,4,Highly recommend this product.,2023-01-22,False,POSITIVE,0,SOURCE_G_REVIEWS,reviews_2023.csv,2023-01-22T17:04:14.580645471,BATCH-G-20230122
REV-00035417,SKU-0017815,user_47477,Tracy Rogers,5,Fast delivery and great quality.,2023-05-08,True,POSITIVE,1,SOURCE_G_REVIEWS,reviews_2023.csv,2023-05-08T14:44:19.240271419,BATCH-G-20230508
REV-00035418,SKU-0010504,user_30106,Lisa,4,"   Solid  build  quality,  no  complaints.   ",2023-06-14,True,POSITIVE,3,SOURCE_G_REVIEWS,reviews_2023.csv,2023-06-14T22:16:58.692392684,BATCH-G-20230614
REV-00035422,SKU-0002716,,Anonymous,N/A,Will definitely buy again.,2023-07-02,False,POSITIVE,5,SOURCE_G_REVIEWS,reviews_2023.csv,2023-07-02T05:33:11.459222622,BATCH-G-20230702
REV-00035427,SKU-0007758,,Anonymous,4,Exceeded my expectations.,2023-05-12,False,POSITIVE,0,SOURCE_G_REVIEWS,reviews_2023.csv,2023-05-12T06:16:52.484957994,BATCH-G-20230512
REV-00035452,SKU-0004159,user_9008091,Thomas Dennis,4,Wrong item was shipped to me.,2023-03-12,True,NEGATIVE,0,SOURCE_G_REVIEWS,reviews_2023.csv,2023-03-12T06:29:43.368307221,BATCH-G-20230312
REV-00035458,SKU-0007525,user_9014937,Anthony Morton,4,"<b>Update:</b>Perfect gift, they loved it!<p>",2023-12-18,True,POSITIVE,0,SOURCE_G_REVIEWS,reviews_2023.csv,2023-12-19T05:20:50.275456425,BATCH-G-20231218
REV-00035465,SKU-0019062,user_9980,Elizabeth Wright,NA,Will definitely buy again.,2023-09-19,False,POSITIVE,2,SOURCE_G_REVIEWS,reviews_2023.csv,2023-09-20T03:43:25.878558965,BATCH-G-20230919
REV-00035473,SKU-0016328,user_38517,Margaret Hamilton,4,Better than I expected for the price.,2023-02-14,True,POSITIVE,5,SOURCE_G_REVIEWS,reviews_2023.csv,2023-02-14T15:54:44.865817645,BATCH-G-20230214
REV-00035476,SKU-0017660,user_9026536,Janet,5,"Solid build quality, no complaints.",2023-02-21,True,POSITIVE,10,SOURCE_G_REVIEWS,reviews_2023.csv,2023-02-22T01:39:59.824018308,BATCH-G-20230221
REV-00035482,SKU-0018858,user_15393,Steven Williams,4,"Perfect gift, they loved it!",2023-12-17,True,POSITIVE,6,SOURCE_G_REVIEWS,reviews_2023.csv,2023-12-17T03:33:02.883338081,BATCH-G-20231217
REV-00035488,SKU-0016315,user_22753,Corey Harrell,4,"Exactly as described, very happy.",2023-10-23,True,POSITIVE,2,SOURCE_G_REVIEWS,reviews_2023.csv,2023-10-23T23:35:24.371809551,BATCH-G-20231023
REV-00035494,SKU-0018352,user_41164,Dale,1,Arrived damaged and support was unhelpful. 😀,2023-01-03,True,NEGATIVE,3,SOURCE_G_REVIEWS,reviews_2023.csv,2023-01-03T19:30:32.058499235,BATCH-G-20230103
REV-00035497,SKU-0000907,user_9000522,Brett,5,?,2023-11-13,False,POSITIVE,2,SOURCE_G_REVIEWS,reviews_2023.csv,2023-11-14T04:52:10.716723893,BATCH-G-20231113
REV-00035505,SKU-0011051,user_64266,Mrs. Jessica Moore DDS,4,"Solid build quality, no complaints. 💯😀",2023-05-27,True,POSITIVE,2,SOURCE_G_REVIEWS,reviews_2023.csv,2023-06-03T17:00:00,BATCH-G-20230527
REV-00035510,SKU-0013264,user_9016293,Hunter Hampton,4,"Solid build quality, no complaints.",2023-11-27,True,POSITIVE,0,SOURCE_G_REVIEWS,reviews_2023.csv,2023-11-27T07:18:04.073359844,BATCH-G-20231127
REV-00035511,SKU-0012737,user_9003676,Lisa Smith,5,"Solid build quality, no complaints.",2023-07-22,True,POSITIVE,1,SOURCE_G_REVIEWS,reviews_2023.csv,2023-07-22T21:11:11.688044372,BATCH-G-20230722
REV-00035512,SKU-0006846,user_9012356,Brian Williams,5,"Solid build quality, no complaints.",2023-03-02,True,POSITIVE,0,SOURCE_G_REVIEWS,reviews_2023.csv,2023-03-03T04:34:30.637969147,BATCH-G-20230302
REV-00035516,SKU-0003851,,Anonymous,4,"Exactly as described, very happy.",2023-05-04,False,POSITIVE,5,SOURCE_G_REVIEWS,reviews_2023.csv,2023-05-04T23:38:55.417116524,BATCH-G-20230504
REV-00035535,SKU-0003542,user_9026864,Bethany Cook,3,Decent but overpriced a bit.,2023-10-16,True,NEUTRAL,0,SOURCE_G_REVIEWS,reviews_2023.csv,2023-10-16T23:02:14.667249605,BATCH-G-20231016
REV-00035543,SKU-0002605,user_16379,Kevin Simpson,1,Highly recommend this product. 🔥,2023-10-24,False,POSITIVE,2,SOURCE_G_REVIEWS,reviews_2023.csv,2023-10-24T11:55:14.388699888,BATCH-G-20231024
REV-00035550,SKU-0008713,user_9031574,Amanda Nunez,3,"   It's  okay,  does  the  job.   ",2023-07-11,True,NEUTRAL,2,SOURCE_G_REVIEWS,reviews_2023.csv,2023-07-11T17:46:46.460842470,BATCH-G-20230711
REV-00035567,SKU-0016479,,Anonymous,1,"Cheaply made, broke immediately.",2023-01-06,True,NEGATIVE,5,SOURCE_G_REVIEWS,reviews_2023.csv,2023-01-06T13:28:44.974873142,BATCH-G-20230106
REV-00035575,SKU-0011156,,Anonymous,4,Better than I expected for the price. 💯😡,2023-05-21,True,POSITIVE,3,SOURCE_G_REVIEWS,reviews_2023.csv,2023-05-21T01:16:51.196553222,BATCH-G-20230521
REV-00035577,SKU-9916418,user_43912,Emily Lane,null,"Waste of money, do not buy.",2023-11-22,False,NEGATIVE,4,SOURCE_G_REVIEWS,reviews_2023.csv,2023-11-23T00:36:18.094177520,BATCH-G-20231122
REV-00035585,SKU-0001780,user_9001936,Lisa Barnes,4,Great value for money.,2023-02-19,False,POSITIVE,2,SOURCE_G_REVIEWS,reviews_2023.csv,2023-02-19T00:45:16.292971861,BATCH-G-20230219
REV-00035592,SKU-0011619,user_9009635,Kimberly Garcia,5,Better than I expected for the price.,2023-11-25,False,POSITIVE,0,SOURCE_G_REVIEWS,reviews_2023.csv,2023-11-26T05:38:26.191852104,BATCH-G-20231125
REV-00035605,SKU-0000580,user_53056,Erik Beck,4,Better than I expected for the price.,2023-11-16,True,POSITIVE,0,SOURCE_G_REVIEWS,reviews_2023.csv,2023-11-16T20:40:01.475307951,BATCH-G-20231116
REV-00035607,SKU-0007291,user_9025304,John Patel,3,"Average quality, nothing special.",2023-11-01,True,NEUTRAL,8,SOURCE_G_REVIEWS,reviews_2023.csv,2023-11-01T23:46:40.225657327,BATCH-G-20231101
REV-00035619,SKU-0016196,user_9016742,Benjamin Garner,1,"Cheaply made, broke immediately.",2023-02-03,True,NEGATIVE,2,SOURCE_G_REVIEWS,reviews_2023.csv,2023-02-03T12:51:52.697853368,BATCH-G-20230203
REV-00035632,SKU-9981531,user_22474,Mary Villegas,5,Fast delivery and great quality.,2023-01-25,True,POSITIVE,6,SOURCE_G_REVIEWS,reviews_2023.csv,2023-01-26T05:33:26.286302972,BATCH-G-20230125
REV-00035635,SKU-0013543,,Anonymous,4,Great value for money.,2023-06-27,True,POSITIVE,0,SOURCE_G_REVIEWS,reviews_2023.csv,2023-06-27T02:01:35.662087574,BATCH-G-20230627
REV-00035638,SKU-0004378,user_23473,Anthony Bell,2,Very disappointed with the quality.,2023-08-25,False,NEGATIVE,2,SOURCE_G_REVIEWS,reviews_2023.csv,2023-08-25T17:44:41.880282691,BATCH-G-20230825
REV-00035642,SKU-9946080,user_9024024,Bryan,4,Works fine but delivery was slow.,2023-09-23,True,NEUTRAL,1,SOURCE_G_REVIEWS,reviews_2023.csv,2023-10-08T00:00:00,BATCH-G-20230923
REV-00035645,SKU-0006583,user_9012641,Pamela Russell,3,"Not bad, not great either.",2023-05-21,False,NEUTRAL,0,SOURCE_G_REVIEWS,reviews_2023.csv,2023-05-21T09:02:19.032997461,BATCH-G-20230521
REV-00035651,SKU-0010773,user_15560,Vanessa Barnett,,"Solid build quality, no complaints.",2023-08-08,False,POSITIVE,3,SOURCE_G_REVIEWS,reviews_2023.csv,2023-08-08T15:16:37.641535154,BATCH-G-20230808
REV-00035665,SKU-9956803,,Anonymous,5,"Exactly as described, very happy.",2023-11-16,False,POSITIVE,1,SOURCE_G_REVIEWS,reviews_2023.csv,2023-11-16T13:10:58.165619047,BATCH-G-20231116
REV-00035670,SKU-0016161,user_9029501,Michael Hess,1,"   Poor  packaging,  item  was  defective.   ",2023-07-16,True,NEGATIVE,1,SOURCE_G_REVIEWS,reviews_2023.csv,2023-07-16T17:38:42.230583021,BATCH-G-20230716
REV-00035687,SKU-0000667,user_45482,Ricky Gonzales,4,Exceeded my expectations.,2023-11-25,False,POSITIVE,4,SOURCE_G_REVIEWS,reviews_2023.csv,2023-11-26T00:38:15.900340488,BATCH-G-20231125
REV-00035706,SKU-0000152,user_45474,Jeremy Coleman,1,"Waste of money, do not buy.",2023-01-04,False,NEGATIVE,2,SOURCE_G_REVIEWS,reviews_2023.csv,2023-01-04T04:50:01.124156215,BATCH-G-20230104
REV-00035720,SKU-0004219,,Anonymous,5,Not as described at all.,2023-09-03,True,NEGATIVE,3,SOURCE_G_REVIEWS,reviews_2023.csv,2023-09-03T15:15:22.021628570,BATCH-G-20230903
REV-00035723,SKU-0004381,user_9006426,Lisa,5,Great value for money.,2023-01-01,True,POSITIVE,0,SOURCE_G_REVIEWS,reviews_2023.csv,2023-01-01T21:20:15.211523057,BATCH-G-20230101
REV-00035733,SKU-0000039,,Anonymous,3,"Not bad, not great either.",2023-12-14,True,NEUTRAL,2,SOURCE_G_REVIEWS,reviews_2023.csv,2023-12-14T21:30:15.327873179,BATCH-G-20231214
REV-00035740,SKU-0003015,user_68889,Christopher Garcia,1,Arrived damaged and support was unhelpful.,2023-12-02,False,NEGATIVE,0,SOURCE_G_REVIEWS,reviews_2023.csv,2023-12-03T03:52:54.089959053,BATCH-G-20231202
REV-00035741,SKU-0018673,user_2887,Jasmine Ward,4,"Absolutely love it, works perfectly!",2023-10-23,True,POSITIVE,1,SOURCE_G_REVIEWS,reviews_2023.csv,2023-10-24T04:18:52.615182801,BATCH-G-20231023
REV-00035754,SKU-0019599,user_17705,Cheryl,1,"Poor packaging, item was defective. 🔥",2023-03-12,True,NEGATIVE,1,SOURCE_G_REVIEWS,reviews_2023.csv,2023-03-13T05:19:46.804583753,BATCH-G-20230312
REV-00035757,SKU-0010477,user_9032786,Evan,1,   Not  as  described  at  all.   ,2023-12-21,True,NEGATIVE,4,SOURCE_G_REVIEWS,reviews_2023.csv,2023-12-22T05:25:17.821967270,BATCH-G-20231221
REV-00035769,SKU-0008911,user_66460,Travis,1,Arrived damaged and support was unhelpful.,2023-02-05,True,NEGATIVE,2,SOURCE_G_REVIEWS,reviews_2023.csv,2023-02-05T00:30:18.774152788,BATCH-G-20230205
REV-00035790,SKU-0002105,user_9024209,Thomas Herman,5,"Absolutely love it, works perfectly! 😡🔥",2023-06-09,True,POSITIVE,1,SOURCE_G_REVIEWS,reviews_2023.csv,2023-06-09T03:01:41.177551866,BATCH-G-20230609
REV-00035810,SKU-0006907,user_9028503,Kimberly,4,"Perfect gift, they loved it!",2023-08-11,True,POSITIVE,0,SOURCE_G_REVIEWS,reviews_2023.csv,2023-08-12T01:18:04.710505863,BATCH-G-20230811
REV-00035827,SKU-0010003,user_9031800,Christian,4,Better than I expected for the price.,2023-12-21,False,POSITIVE,4,SOURCE_G_REVIEWS,reviews_2023.csv,2023-12-22T01:15:53.217235639,BATCH-G-20231221
REV-00035834,SKU-0019054,user_46899,Jennifer,5,Highly recommend this product.,2023-11-24,True,POSITIVE,3,SOURCE_G_REVIEWS,reviews_2023.csv,2023-11-24T13:50:57.557057705,BATCH-G-20231124
REV-00035854,SKU-0005209,user_16678,Ashley Grant,4,"Solid build quality, no complaints.",2023-07-28,False,POSITIVE,1,SOURCE_G_REVIEWS,reviews_2023.csv,2023-07-28T06:14:15.352993500,BATCH-G-20230728
REV-00035854-DUP,SKU-0005209,user_16678,Ashley Grant,4,"Solid build quality, no complaints.",2023-07-28,False,POSITIVE,1,SOURCE_G_REVIEWS,reviews_2023.csv,2023-07-28T06:22:15.352993500,BATCH-G-20230728
REV-00035858,SKU-0012677,user_30506,Robert Turner,5,"Perfect gift, they loved it!",2023-03-30,False,POSITIVE,0,SOURCE_G_REVIEWS,reviews_2023.csv,2023-03-30T21:34:31.208176905,BATCH-G-20230330
REV-00035860,SKU-0007132,,Anonymous,4,Will definitely buy again.,2023-05-09,True,POSITIVE,10,SOURCE_G_REVIEWS,reviews_2023.csv,2023-05-09T23:55:13.208751248,BATCH-G-20230509
REV-00035862,SKU-0015877,,Anonymous,3,"Average quality, nothing special.",2023-01-06,False,NEUTRAL,0,SOURCE_G_REVIEWS,reviews_2023.csv,2023-01-06T18:02:13.788881660,BATCH-G-20230106
REV-00035872,SKU-0008770,user_47485,Eric Riggs,5,Fast delivery and great quality.,2023-02-27,True,POSITIVE,0,SOURCE_G_REVIEWS,reviews_2023.csv,2023-02-27T10:45:58.434063936,BATCH-G-20230227
REV-00035883,SKU-0000516,user_21511,Julia,4,Fast delivery and great quality.,2023-05-23,False,POSITIVE,7,SOURCE_G_REVIEWS,reviews_2023.csv,2023-05-23T17:58:53.911150104,BATCH-G-20230523
REV-00035888,SKU-0006253,user_61917,Ralph Esparza,2,"Waste of money, do not buy.",2023-12-04,True,NEGATIVE,3,SOURCE_G_REVIEWS,reviews_2023.csv,2023-12-04T22:34:38.585557328,BATCH-G-20231204
REV-00035901,SKU-0009612,user_61259,John Gomez,3,"Matches the description, no issues.",2023-09-24,False,NEUTRAL,0,SOURCE_G_REVIEWS,reviews_2023.csv,2023-09-24T20:14:32.492550276,BATCH-G-20230924
REV-00035905,SKU-0004520,user_9023899,Veronica Long,3,Decent but overpriced a bit. 😡,2023-03-25,True,NEUTRAL,0,SOURCE_G_REVIEWS,reviews_2023.csv,2023-03-25T12:56:55.914088570,BATCH-G-20230325
REV-00035919,SKU-0009027,user_47197,Tyler Thompson DDS,4,Exceeded my expectations.,2023-06-23,True,POSITIVE,1,SOURCE_G_REVIEWS,reviews_2023.csv,2023-06-23T21:59:45.270963792,BATCH-G-20230623
REV-00035921,SKU-0009692,user_9005497,Franklin Thompson,5,"Muy buen producto, lo recomiendo. Absolutely love it, works perfectly!",2023-11-14,False,POSITIVE,5,SOURCE_G_REVIEWS,reviews_2023.csv,2023-11-14T10:38:23.583667098,BATCH-G-20231114
REV-00035922,SKU-0007252,user_9013281,Michael Kemp,5,"Muy buen producto, lo recomiendo. Exactly as described, very happy. 😀🙏",2023-06-05,False,POSITIVE,0,SOURCE_G_REVIEWS,reviews_2023.csv,2023-06-06T00:28:27.538920510,BATCH-G-20230605
REV-00035933,SKU-0002233,user_23560,Antonio Alvarez,5,Better than I expected for the price.,2023-06-25,False,POSITIVE,0,SOURCE_G_REVIEWS,reviews_2023.csv,2023-06-25T11:25:42.152019190,BATCH-G-20230625
REV-00035938,SKU-0007818,user_19414,Nathan Guerra,1,Very disappointed with the quality.,2023-02-05,True,NEGATIVE,2,SOURCE_G_REVIEWS,reviews_2023.csv,2023-02-05T02:46:52.467848792,BATCH-G-20230205
REV-00035957,SKU-0003712,user_9016775,Jade Clark,5,Exceeded my expectations.,2023-03-15,False,POSITIVE,0,SOURCE_G_REVIEWS,reviews_2023.csv,2023-03-15T17:05:12.320096125,BATCH-G-20230315
REV-00035961,SKU-0015763,user_36467,Linda Wilkinson,5,"Exactly as described, very happy.",2023-10-07,False,POSITIVE,2,SOURCE_G_REVIEWS,reviews_2023.csv,2023-10-08T01:26:07.445651259,BATCH-G-20231007
REV-00035986,SKU-0010359,user_69371,Gabrielle Rogers,4,<i>edited</i>Great value for money.</p>,2023-03-25,True,POSITIVE,1,SOURCE_G_REVIEWS,reviews_2023.csv,2023-03-25T20:22:10.136861697,BATCH-G-20230325
REV-00036000,SKU-0014168,user_9032091,Shannon Gibson,5,Better than I expected for the price.,2023-04-20,True,POSITIVE,0,SOURCE_G_REVIEWS,reviews_2023.csv,2023-04-20T11:43:29.112086532,BATCH-G-20230420
REV-00036000-DUP,SKU-0014168,user_9032091,Shannon Gibson,5,Better than I expected for the price.,2023-04-20,True,POSITIVE,0,SOURCE_G_REVIEWS,reviews_2023.csv,2023-04-20T12:42:29.112086532,BATCH-G-20230420
REV-00036017,SKU-0016132,user_9030081,Kimberly Miller,5,Exceeded my expectations.,2023-11-15,False,POSITIVE,2,SOURCE_G_REVIEWS,reviews_2023.csv,2023-11-15T03:10:50.404041500,BATCH-G-20231115
REV-00036025,SKU-0007919,user_9013010,Morgan,5,No cumplió mis expectativas.,2023-03-30,True,POSITIVE,3,SOURCE_G_REVIEWS,reviews_2023.csv,2023-03-30T04:52:01.886031704,BATCH-G-20230330
REV-00036036,SKU-0005598,user_9004717,Sarah Henderson,1,Very disappointed with the quality.,2023-06-22,False,NEGATIVE,5,SOURCE_G_REVIEWS,reviews_2023.csv,2023-06-23T02:11:24.767808127,BATCH-G-20230622
REV-00036051,SKU-0013664,user_9002498,Colin,2,Not as described at all.,2023-06-13,True,NEGATIVE,1,SOURCE_G_REVIEWS,reviews_2023.csv,2023-06-14T01:12:44.406189694,BATCH-G-20230613
REV-00036053,SKU-0014402,user_9004693,Sharon Reed,2,   Very  disappointed  with  the  quality.   ,2023-09-28,True,NEGATIVE,2,SOURCE_G_REVIEWS,reviews_2023.csv,2023-09-28T05:03:14.662485719,BATCH-G-20230928
REV-00036065,SKU-0019245,user_9005743,Stephanie Vazquez,5,"Solid build quality, no complaints.",2023-10-23,False,POSITIVE,1,SOURCE_G_REVIEWS,reviews_2023.csv,2023-10-23T11:42:24.811270639,BATCH-G-20231023
REV-00036071,SKU-0010026,,Anonymous,2,Not as described at all.,2023-11-18,True,NEGATIVE,4,SOURCE_G_REVIEWS,reviews_2023.csv,2023-11-18T05:15:21.185686659,BATCH-G-20231118
REV-00036073,SKU-0006202,user_9030330,Randy Tucker,4,"Absolutely love it, works perfectly!",2023-01-22,True,POSITIVE,4,SOURCE_G_REVIEWS,reviews_2023.csv,2023-01-22T04:38:32.457465909,BATCH-G-20230122
REV-00036075,SKU-0015761,user_9014226,John Huerta,5,&nbsp;Great value for money.<br>,2023-07-04,True,POSITIVE,2,SOURCE_G_REVIEWS,reviews_2023.csv,2023-07-05T01:02:22.942138620,BATCH-G-20230704
REV-00036098,SKU-0003789,user_9024530,Jared Lewis,5,Fast delivery and great quality.,2023-05-30,True,POSITIVE,9,SOURCE_G_REVIEWS,reviews_2023.csv,2023-05-30T20:12:11.148806494,BATCH-G-20230530
REV-00036108,SKU-9911055,user_9005905,Michael Mcintyre,4,"Exactly as described, very happy.",2023-05-30,True,POSITIVE,2,SOURCE_G_REVIEWS,reviews_2023.csv,2023-05-30T12:19:10.383581233,BATCH-G-20230530
REV-00036109,SKU-9996196,user_4758,Cheryl Webster,5,No cumplió mis expectativas. 😢⭐,2023-02-08,True,POSITIVE,0,SOURCE_G_REVIEWS,reviews_2023.csv,2023-02-08T06:20:56.759477268,BATCH-G-20230208
REV-00036111,SKU-0017058,user_9022210,Bryan Castaneda,3,Works fine but delivery was slow.,2023-04-24,False,NEUTRAL,0,SOURCE_G_REVIEWS,reviews_2023.csv,2023-04-24T19:47:21.116261397,BATCH-G-20230424
REV-00036132,SKU-0017820,user_9018756,Patrick,5,Will definitely buy again.,2023-10-13,False,POSITIVE,1,SOURCE_G_REVIEWS,reviews_2023.csv,2023-10-13T20:30:03.522836940,BATCH-G-20231013
REV-00036146,SKU-9961010,user_3803,Elizabeth Branch,5,"<p>It's okay, does the job.</p>",2023-02-02,False,NEUTRAL,1,SOURCE_G_REVIEWS,reviews_2023.csv,2023-02-02T20:58:35.680044281,BATCH-G-20230202
REV-00036156,SKU-0016935,user_9030551,Zachary,4,Exceeded my expectations.,2023-01-20,False,POSITIVE,7,SOURCE_G_REVIEWS,reviews_2023.csv,2023-01-21T02:59:24.968292537,BATCH-G-20230120
REV-00036166,SKU-0008213,user_9018319,Erika Hutchinson,5,"Absolutely love it, works perfectly!",2023-07-22,True,POSITIVE,0,SOURCE_G_REVIEWS,reviews_2023.csv,2023-07-23T04:52:29.614103747,BATCH-G-20230722
REV-00036168,SKU-0004410,user_60061,Jennifer Munoz,5,"Absolutely love it, works perfectly!",2023-12-29,True,POSITIVE,1,SOURCE_G_REVIEWS,reviews_2023.csv,2023-12-29T12:59:54.549285482,BATCH-G-20231229
REV-00036182,SKU-0008273,user_25854,Nicole Gregory MD,3,   Decent  but  overpriced  a  bit.   ,2023-05-31,True,NEUTRAL,0,SOURCE_G_REVIEWS,reviews_2023.csv,2023-06-01T04:13:10.847689916,BATCH-G-20230531
REV-00036195,SKU-0004568,user_9004982,Jose,3,<b>Update:</b>No cumplió mis expectativas. Works fine but delivery was slow.</p>,2023-03-01,True,NEUTRAL,0,SOURCE_G_REVIEWS,reviews_2023.csv,2023-03-01T08:19:03.926255688,BATCH-G-20230301
REV-00036200,SKU-0002696,user_9032988,Lauren Anderson,5,Better than I expected for the price.,2023-07-01,True,POSITIVE,0,SOURCE_G_REVIEWS,reviews_2023.csv,2023-07-01T16:50:01.813571109,BATCH-G-20230701
REV-00036200-DUP,SKU-0002696,user_9032988,Lauren Anderson,5,Better than I expected for the price.,2023-07-01,True,POSITIVE,0,SOURCE_G_REVIEWS,reviews_2023.csv,2023-07-01T17:26:01.813571109,BATCH-G-20230701
REV-00036205,SKU-0014464,user_9002322,Melissa Allen,3,No cumplió mis expectativas.,2023-08-31,True,NEUTRAL,5,SOURCE_G_REVIEWS,reviews_2023.csv,2023-09-01T03:32:22.861835640,BATCH-G-20230831
REV-00036206,SKU-0006176,user_9032328,Danny Gonzalez,4,   Will  definitely  buy  again.  🙏   ,2023-10-07,False,POSITIVE,1,SOURCE_G_REVIEWS,reviews_2023.csv,2023-10-07T02:32:56.317229412,BATCH-G-20231007
REV-00036209,SKU-9952761,user_69594,Jacqueline Hall,5,"Perfect gift, they loved it!",2023-04-14,True,POSITIVE,6,SOURCE_G_REVIEWS,reviews_2023.csv,2023-04-14T23:54:12.746142318,BATCH-G-20230414
REV-00036224,SKU-0017379,user_9021769,Alison,4,"Perfect gift, they loved it!",2023-02-04,False,POSITIVE,4,SOURCE_G_REVIEWS,reviews_2023.csv,2023-02-04T20:13:42.655142247,BATCH-G-20230204
REV-00036230,SKU-0004214,,Anonymous,5,Great value for money. 🙏,2023-05-08,False,POSITIVE,4,SOURCE_G_REVIEWS,reviews_2023.csv,2023-05-08T13:46:52.878720968,BATCH-G-20230508
REV-00036238,SKU-0005586,user_9026803,Jared Baker,1,Not as described at all.,2023-02-10,True,NEGATIVE,1,SOURCE_G_REVIEWS,reviews_2023.csv,2023-02-10T11:38:58.106170112,BATCH-G-20230210
REV-00036246,SKU-0005134,user_9007165,Richard,4,Better than I expected for the price.,2023-10-01,False,POSITIVE,7,SOURCE_G_REVIEWS,reviews_2023.csv,2023-10-01T14:37:35.168276719,BATCH-G-20231001
REV-00036255,SKU-0005097,user_10192,Natasha Mcclure,4,"Perfect gift, they loved it! ⭐😐",2023-11-26,False,POSITIVE,3,SOURCE_G_REVIEWS,reviews_2023.csv,2023-11-26T11:12:42.706658048,BATCH-G-20231126
REV-00036259,SKU-0002293,user_9013741,John Nguyen,2,"Perfect gift, they loved it!",2023-07-13,False,POSITIVE,3,SOURCE_G_REVIEWS,reviews_2023.csv,2023-07-13T22:17:33.262317480,BATCH-G-20230713
REV-00036264,SKU-0005702,user_9011079,Brandon,5,"Exactly as described, very happy.",2023-09-26,True,POSITIVE,1,SOURCE_G_REVIEWS,reviews_2023.csv,2023-09-26T09:51:19.464099634,BATCH-G-20230926
REV-00036266,SKU-9922883,,Anonymous,3,"Average quality, nothing special.",2023-08-04,True,NEUTRAL,1,SOURCE_G_REVIEWS,reviews_2023.csv,2023-08-04T17:26:24.448549903,BATCH-G-20230804
REV-00036267,SKU-0010016,user_9010540,John,5,"Absolutely love it, works perfectly!",2023-12-31,True,POSITIVE,0,SOURCE_G_REVIEWS,reviews_2023.csv,2024-01-01T01:43:09.846815352,BATCH-G-20231231
REV-00036276,SKU-0018861,user_9018732,Barbara Mercado,4,NULL,2023-11-25,True,POSITIVE,3,SOURCE_G_REVIEWS,reviews_2023.csv,2023-11-25T22:46:34.662839079,BATCH-G-20231125
REV-00036284,SKU-0019791,user_60158,Christopher Pierce,1,Stopped working after a week.,2023-03-25,False,NEGATIVE,1,SOURCE_G_REVIEWS,reviews_2023.csv,2023-03-25T05:38:45.670938492,BATCH-G-20230325
REV-00036299,SKU-0006297,user_68035,Carla Miller,4,Fast delivery and great quality.,2023-02-21,False,POSITIVE,2,SOURCE_G_REVIEWS,reviews_2023.csv,2023-02-21T22:46:03.623828249,BATCH-G-20230221
REV-00036300,SKU-0015764,user_46651,Dr.,3,"It's okay, does the job.",2023-02-27,True,NEUTRAL,3,SOURCE_G_REVIEWS,reviews_2023.csv,2023-03-08T06:00:00,BATCH-G-20230227
REV-00036301,SKU-0004092,user_9031530,Kristen Mendez,5,   Great  value  for  money.   ,2023-09-28,True,POSITIVE,0,SOURCE_G_REVIEWS,reviews_2023.csv,2023-09-28T12:22:35.372620727,BATCH-G-20230928
REV-00036314,SKU-0014161,,Anonymous,3,"It's okay, does the job.",2023-06-08,True,NEUTRAL,9,SOURCE_G_REVIEWS,reviews_2023.csv,2023-06-08T20:35:26.328244054,BATCH-G-20230608
REV-00036325,SKU-0008192,user_9011925,Michael,3,"Average quality, nothing special.",2023-07-20,False,NEUTRAL,1,SOURCE_G_REVIEWS,reviews_2023.csv,2023-07-20T13:35:17.237963277,BATCH-G-20230720
REV-00036327,SKU-0008097,user_39801,Jason Alvarez,5,Better than I expected for the price.,2023-10-01,False,POSITIVE,10,SOURCE_G_REVIEWS,reviews_2023.csv,2023-10-01T02:35:35.812118050,BATCH-G-20231001
REV-00036333,SKU-0010470,user_9000198,Barbara Johnson,4,Fast delivery and great quality.,2023-02-28,False,POSITIVE,0,SOURCE_G_REVIEWS,reviews_2023.csv,2023-02-28T05:49:25.072107770,BATCH-G-20230228
REV-00036334,SKU-0014173,user_69478,Joel Taylor,5,"Exactly as described, very happy.",2023-01-12,True,POSITIVE,3,SOURCE_G_REVIEWS,reviews_2023.csv,2023-01-12T02:00:03.038803948,BATCH-G-20230112
REV-00036339,SKU-0006917,user_59854,Todd,4,Fast delivery and great quality.,2023-05-23,True,POSITIVE,3,SOURCE_G_REVIEWS,reviews_2023.csv,2023-05-23T21:05:24.887884590,BATCH-G-20230523
REV-00036347,SKU-0019594,user_9034670,Sarah Yoder,4, ,2023-04-02,False,NEGATIVE,2,SOURCE_G_REVIEWS,reviews_2023.csv,2023-04-02T10:57:29.519331545,BATCH-G-20230402
REV-00036354,SKU-0017657,user_9019294,Steve Sanchez,5,Highly recommend this product.,2023-09-28,True,POSITIVE,1,SOURCE_G_REVIEWS,reviews_2023.csv,2023-09-28T12:54:35.610979633,BATCH-G-20230928
REV-00036360,SKU-0013940,user_9023710,Joseph Salazar,5,Fast delivery and great quality.,2023-06-08,True,POSITIVE,0,SOURCE_G_REVIEWS,reviews_2023.csv,2023-06-09T05:35:24.955229767,BATCH-G-20230608
REV-00036362,SKU-9980436,user_9016430,Nicole Rodriguez,4,"Perfect gift, they loved it!",2023-06-12,False,POSITIVE,1,SOURCE_G_REVIEWS,reviews_2023.csv,2023-06-13T02:07:51.936731054,BATCH-G-20230612
REV-00036370,SKU-0006579,user_10421,Morgan Cannon,3,"Matches the description, no issues. 😀",2023-07-11,True,NEUTRAL,4,SOURCE_G_REVIEWS,reviews_2023.csv,2023-07-11T18:51:48.849729077,BATCH-G-20230711
REV-00036379,SKU-0001958,,Anonymous,5,Highly recommend this product.,2023-11-30,True,POSITIVE,1,SOURCE_G_REVIEWS,reviews_2023.csv,2023-11-30T06:06:28.705532907,BATCH-G-20231130
REV-00036386,SKU-0003540,user_37067,Thomas Martinez,5,Arrived damaged and support was unhelpful.,2023-08-21,False,NEGATIVE,0,SOURCE_G_REVIEWS,reviews_2023.csv,2023-08-21T14:49:25.631980032,BATCH-G-20230821
REV-00036398,SKU-0000567,user_64474,Susan,2,"Poor packaging, item was defective.",2023-02-05,True,NEGATIVE,4,SOURCE_G_REVIEWS,reviews_2023.csv,2023-02-05T17:59:34.384943653,BATCH-G-20230205
REV-00036405,SKU-0001213,user_30133,Bridget Hayes,3,"गुणवत्ता ठीक नहीं थी। It's okay, does the job.",2023-06-22,False,NEUTRAL,0,SOURCE_G_REVIEWS,reviews_2023.csv,2023-06-23T04:25:59.942412326,BATCH-G-20230622
REV-00036407,SKU-0000330,user_29168,Kelli Bell,3,"Average quality, nothing special.",2023-07-23,True,NEUTRAL,0,SOURCE_G_REVIEWS,reviews_2023.csv,2023-07-23T06:28:13.583013523,BATCH-G-20230723
REV-00036412,SKU-0011847,user_9005305,David Rios,4,   Great  value  for  money.   ,2023-04-14,False,POSITIVE,0,SOURCE_G_REVIEWS,reviews_2023.csv,2023-04-14T23:15:25.473031951,BATCH-G-20230414
REV-00036412-BOT,SKU-0011847,user_35709,Jennifer Edwards,4,   Great  value  for  money.   ,2023-04-14,False,POSITIVE,0,SOURCE_G_REVIEWS,reviews_2023.csv,2023-04-14T23:15:25.473031951,BATCH-G-20230414
REV-00036414,SKU-0002654,user_9015106,Jennifer,2,"Waste of money, do not buy.",2023-08-24,True,NEGATIVE,0,SOURCE_G_REVIEWS,reviews_2023.csv,2023-08-24T08:37:55.890086033,BATCH-G-20230824
REV-00036414-DUP,SKU-0002654,user_9015106,Jennifer,2,"Waste of money, do not buy.",2023-08-24,True,NEGATIVE,0,SOURCE_G_REVIEWS,reviews_2023.csv,2023-08-24T08:40:55.890086033,BATCH-G-20230824
REV-00036435,SKU-9938911,user_30946,James Stewart,4,"Exactly as described, very happy.",2023-02-16,True,POSITIVE,2,SOURCE_G_REVIEWS,reviews_2023.csv,2023-02-17T02:34:36.060740422,BATCH-G-20230216
REV-00036440,SKU-0000690,user_35649,Chad,3,"Not bad, not great either.",2023-11-29,False,NEUTRAL,1,SOURCE_G_REVIEWS,reviews_2023.csv,2023-11-29T20:22:24.282569327,BATCH-G-20231129
REV-00036441,SKU-0009874,user_9016401,Gary King,4,"Muy buen producto, lo recomiendo. Solid build quality, no complaints.",2023-10-10,True,POSITIVE,5,SOURCE_G_REVIEWS,reviews_2023.csv,2023-10-10T06:34:12.659974384,BATCH-G-20231010
REV-00036445,SKU-0016773,user_62622,Robert Evans,5,"Exactly as described, very happy.",2023-04-21,False,POSITIVE,3,SOURCE_G_REVIEWS,reviews_2023.csv,2023-04-21T16:21:09.490303229,BATCH-G-20230421
REV-00036454,SKU-0016503,,Anonymous,5,"   Perfect  gift,  they  loved  it!   ",2023-01-21,True,POSITIVE,4,SOURCE_G_REVIEWS,reviews_2023.csv,2023-01-21T09:17:11.054409677,BATCH-G-20230121
REV-00036458,SKU-0001026,user_40504,Adrienne,2,Arrived damaged and support was unhelpful.,2023-10-17,True,NEGATIVE,5,SOURCE_G_REVIEWS,reviews_2023.csv,2023-10-17T11:43:19.154623768,BATCH-G-20231017
REV-00036478,SKU-9901085,user_19755,Martha Hicks,1,"Waste of money, do not buy.",2023-05-14,False,NEGATIVE,0,SOURCE_G_REVIEWS,reviews_2023.csv,2023-05-14T07:27:40.393659018,BATCH-G-20230514
REV-00036490,SKU-0006813,,Anonymous,4,Will definitely buy again.,2023-11-16,False,POSITIVE,1,SOURCE_G_REVIEWS,reviews_2023.csv,2023-11-16T21:28:33.884821747,BATCH-G-20231116
REV-00036493,SKU-0000479,user_46521,Anthony Anderson,3,"Matches the description, no issues.",2023-09-10,True,NEUTRAL,0,SOURCE_G_REVIEWS,reviews_2023.csv,2023-09-11T01:15:15.855839154,BATCH-G-20230910
REV-00036512,SKU-9948930,user_31371,Rodney Lewis,5,Exceeded my expectations. 😡,2023-01-01,False,POSITIVE,5,SOURCE_G_REVIEWS,reviews_2023.csv,2023-01-01T18:29:49.794745336,BATCH-G-20230101
REV-00036517,SKU-0015003,user_9022356,Jessica Davis,5,Highly recommend this product.,2023-10-11,True,POSITIVE,1,SOURCE_G_REVIEWS,reviews_2023.csv,2023-10-15T09:00:00,BATCH-G-20231011
REV-00036527,SKU-0007401,user_34179,Colton Mueller,3,"Not bad, not great either.",2023-10-04,False,NEUTRAL,1,SOURCE_G_REVIEWS,reviews_2023.csv,2023-10-04T03:20:37.636910793,BATCH-G-20231004
REV-00036530,SKU-9953141,user_9032934,Mark,2,"Waste of money, do not buy.",2023-03-29,False,NEGATIVE,1,SOURCE_G_REVIEWS,reviews_2023.csv,2023-03-29T19:16:19.519008965,BATCH-G-20230329
REV-00036531,SKU-0017324,user_10949,Lisa Carroll,3,"Average quality, nothing special.",2023-01-23,True,NEUTRAL,1,SOURCE_G_REVIEWS,reviews_2023.csv,2023-01-24T00:00:02.367271376,BATCH-G-20230123
REV-00036538,SKU-0014946,user_45775,Mr.,4,"Muy buen producto, lo recomiendo.",2023-01-16,True,POSITIVE,1,SOURCE_G_REVIEWS,reviews_2023.csv,2023-01-16T02:32:05.807435979,BATCH-G-20230116
REV-00036541,SKU-0009907,user_9009298,Kim Johnson,5,Fast delivery and great quality.,2023-09-27,True,POSITIVE,5,SOURCE_G_REVIEWS,reviews_2023.csv,2023-09-27T05:21:07.044920444,BATCH-G-20230927
REV-00036544,SKU-0013673,user_9009190,Jack Benitez,5,Exceeded my expectations.,2023-05-10,False,POSITIVE,2,SOURCE_G_REVIEWS,reviews_2023.csv,2023-05-10T16:13:05.324693625,BATCH-G-20230510
REV-00036550,SKU-0018250,user_46641,Ms. Angie Dickerson,4,"Perfect gift, they loved it!",2023-04-26,True,POSITIVE,3,SOURCE_G_REVIEWS,reviews_2023.csv,2023-04-26T22:45:49.306996855,BATCH-G-20230426
REV-00036553,SKU-0009525,,Anonymous,1,"Poor packaging, item was defective.",2023-06-12,True,NEGATIVE,1,SOURCE_G_REVIEWS,reviews_2023.csv,2023-06-13T05:14:03.059235895,BATCH-G-20230612
REV-00036555,SKU-0010066,user_9014988,Kimberly Griffith,5,Better than I expected for the price.,2023-12-03,False,POSITIVE,3,SOURCE_G_REVIEWS,reviews_2023.csv,2023-12-03T13:03:16.991817486,BATCH-G-20231203
REV-00036557,SKU-9923872,user_13606,David,1,Very disappointed with the quality.,2023-11-23,False,NEGATIVE,0,SOURCE_G_REVIEWS,reviews_2023.csv,2023-11-23T04:18:32.691410164,BATCH-G-20231123
REV-00036572,SKU-0017114,user_9027969,Terry Peterson,4,"Perfect gift, they loved it!",2023-05-27,False,POSITIVE,2,SOURCE_G_REVIEWS,reviews_2023.csv,2023-05-27T05:39:47.866515195,BATCH-G-20230527
REV-00036579,SKU-0018241,user_9027734,Matthew,5,"Exactly as described, very happy.",2023-04-11,True,POSITIVE,0,SOURCE_G_REVIEWS,reviews_2023.csv,2023-04-12T01:15:14.368877199,BATCH-G-20230411
REV-00036590,SKU-0017437,user_29550,Alicia Hall,5,Exceeded my expectations.,2023-06-26,False,POSITIVE,2,SOURCE_G_REVIEWS,reviews_2023.csv,2023-06-27T05:22:53.155620932,BATCH-G-20230626
REV-00036604,SKU-0017612,user_9005379,John Hansen,,"Cheaply made, broke immediately.",2023-04-27,False,NEGATIVE,6,SOURCE_G_REVIEWS,reviews_2023.csv,2023-04-28T02:30:59.612217599,BATCH-G-20230427
REV-00036607,SKU-0016765,user_9012904,Zachary Davis,5,"Exactly as described, very happy.",2023-03-29,True,POSITIVE,0,SOURCE_G_REVIEWS,reviews_2023.csv,2023-03-30T05:27:58.519770890,BATCH-G-20230329
REV-00036610,SKU-0007137,user_56954,Sarah Ruiz,5,Will definitely buy again.,2023-07-06,True,POSITIVE,3,SOURCE_G_REVIEWS,reviews_2023.csv,2023-07-07T01:46:28.373301471,BATCH-G-20230706
REV-00036620,SKU-0006467,,Anonymous,5,Great value for money.,2023-12-26,False,POSITIVE,1,SOURCE_G_REVIEWS,reviews_2023.csv,2023-12-26T01:46:43.083717793,BATCH-G-20231226
REV-00036624,SKU-0010466,user_9011348,Kevin Baldwin,-,Great value for money.,2023-12-21,True,POSITIVE,3,SOURCE_G_REVIEWS,reviews_2023.csv,2023-12-21T07:14:00.413459371,BATCH-G-20231221
REV-00036629,SKU-0001194,,Anonymous,5,"Perfect gift, they loved it!",2023-05-03,False,POSITIVE,7,SOURCE_G_REVIEWS,reviews_2023.csv,2023-05-03T12:54:21.662052063,BATCH-G-20230503
REV-00036633,SKU-0003575,user_58262,Laurie,5,"Exactly as described, very happy.",2023-12-09,False,POSITIVE,1,SOURCE_G_REVIEWS,reviews_2023.csv,2023-12-09T22:19:11.815094747,BATCH-G-20231209
REV-00036636,SKU-0008533,user_9013394,Crystal Gutierrez,5,Great value for money.,2023-08-13,True,POSITIVE,0,SOURCE_G_REVIEWS,reviews_2023.csv,2023-08-25T19:00:00,BATCH-G-20230813
REV-00036646,SKU-0010996,user_9028229,Michael Ruiz,5,"Perfect gift, they loved it!",2023-04-21,False,POSITIVE,3,SOURCE_G_REVIEWS,reviews_2023.csv,2023-04-21T05:18:30.338027756,BATCH-G-20230421
REV-00036647,SKU-0008591,user_43577,Michael Jackson,5,Great value for money.,2023-10-28,False,POSITIVE,5,SOURCE_G_REVIEWS,reviews_2023.csv,2023-10-28T05:13:30.369285004,BATCH-G-20231028
REV-00036659,SKU-0014395,user_9027513,Bethany Reynolds,1,"Exactly as described, very happy.",2023-05-23,False,POSITIVE,1,SOURCE_G_REVIEWS,reviews_2023.csv,2023-05-23T02:12:13.466746435,BATCH-G-20230523
REV-00036670,SKU-0007601,,Anonymous,2,Very disappointed with the quality.,2023-07-13,True,NEGATIVE,0,SOURCE_G_REVIEWS,reviews_2023.csv,2023-07-14T05:09:59.831037355,BATCH-G-20230713
REV-00036674,SKU-0010408,user_45833,Corey,5,गुणवत्ता ठीक नहीं थी। Will definitely buy again.,2023-05-02,False,POSITIVE,4,SOURCE_G_REVIEWS,reviews_2023.csv,2023-05-02T22:42:18.959012712,BATCH-G-20230502
REV-00036675,SKU-0017796,user_9008695,Michelle,5,"Exactly as described, very happy.",2023-01-17,True,POSITIVE,2,SOURCE_G_REVIEWS,reviews_2023.csv,2023-01-18T00:24:00.808511754,BATCH-G-20230117
REV-00036679,SKU-0017788,user_9011759,Erika Kemp,4,"Perfect gift, they loved it!",2023-07-24,True,POSITIVE,5,SOURCE_G_REVIEWS,reviews_2023.csv,2023-07-24T13:50:30.438292299,BATCH-G-20230724
REV-00036680,SKU-0010998,user_9002226,Tracy,5,"Perfect gift, they loved it!",2023-10-05,False,POSITIVE,2,SOURCE_G_REVIEWS,reviews_2023.csv,2023-10-05T14:30:50.544102427,BATCH-G-20231005
REV-00036686,SKU-0016141,user_9004955,Ms. Karen Thompson,2,"Cheaply made, broke immediately.",2023-05-30,True,NEGATIVE,4,SOURCE_G_REVIEWS,reviews_2023.csv,2023-05-30T18:14:56.041696697,BATCH-G-20230530
REV-00036690,SKU-0015447,user_24943,Maria,1,"Muy buen producto, lo recomiendo.",2023-12-03,True,POSITIVE,0,SOURCE_G_REVIEWS,reviews_2023.csv,2023-12-03T11:21:16.049814774,BATCH-G-20231203
REV-00036695,SKU-0017512,,Anonymous,3,"It's okay, does the job.",2023-11-27,False,NEUTRAL,3,SOURCE_G_REVIEWS,reviews_2023.csv,2023-11-27T10:42:29.257755820,BATCH-G-20231127
REV-00036705,SKU-0006419,user_60616,Elizabeth Gentry,5,"Exactly as described, very happy.",2023-06-06,False,POSITIVE,0,SOURCE_G_REVIEWS,reviews_2023.csv,2023-06-07T05:21:58.410619002,BATCH-G-20230606
REV-00036740,SKU-0013044,user_17276,Mrs.,4,Better than I expected for the price.,2023-04-09,True,POSITIVE,2,SOURCE_G_REVIEWS,reviews_2023.csv,2023-04-10T03:10:23.313368501,BATCH-G-20230409
REV-00036744,SKU-0006654,user_9014689,Peggy Duran,5,Better than I expected for the price.,2023-03-04,True,POSITIVE,5,SOURCE_G_REVIEWS,reviews_2023.csv,2023-03-04T09:40:56.926223405,BATCH-G-20230304
REV-00036754,SKU-0003495,user_9008394,Jessica Richmond,4,Highly recommend this product.,2023-12-20,True,POSITIVE,7,SOURCE_G_REVIEWS,reviews_2023.csv,2023-12-20T13:10:39.311180324,BATCH-G-20231220
REV-00036785,SKU-0003882,user_9013343,Michael,4,Better than I expected for the price.,2023-08-12,True,POSITIVE,2,SOURCE_G_REVIEWS,reviews_2023.csv,2023-08-12T16:55:56.058182806,BATCH-G-20230812
REV-00036789,SKU-0005757,user_382,Kayla Long,4,Fast delivery and great quality.,2023-06-04,False,POSITIVE,7,SOURCE_G_REVIEWS,reviews_2023.csv,2023-06-04T02:56:23.467932281,BATCH-G-20230604
REV-00036790,SKU-0012422,,Anonymous,4,Fast delivery and great quality.,2023-11-19,True,POSITIVE,0,SOURCE_G_REVIEWS,reviews_2023.csv,2023-11-19T08:56:20.979792901,BATCH-G-20231119
REV-00036796,SKU-9956945,,Anonymous,4,Better than I expected for the price.,2023-09-29,True,POSITIVE,0,SOURCE_G_REVIEWS,reviews_2023.csv,2023-09-29T05:16:47.532297619,BATCH-G-20230929
REV-00036802,SKU-0000697,,Anonymous,6,   Very  disappointed  with  the  quality.   ,2023-12-26,True,NEGATIVE,5,SOURCE_G_REVIEWS,reviews_2023.csv,2023-12-27T05:57:03.211884978,BATCH-G-20231226
REV-00036806,SKU-0015059,user_9002594,Karen,5,Better than I expected for the price.,2023-12-15,False,POSITIVE,4,SOURCE_G_REVIEWS,reviews_2023.csv,2023-12-15T15:34:01.954229194,BATCH-G-20231215
REV-00036817,SKU-0001608,user_20060,Heather,5,Better than I expected for the price.,2023-08-06,True,POSITIVE,0,SOURCE_G_REVIEWS,reviews_2023.csv,2023-08-06T11:38:23.246562017,BATCH-G-20230806
REV-00036825,SKU-0003282,user_9007650,Ryan Thomas,2,Wrong item was shipped to me.,2023-12-31,False,NEGATIVE,8,SOURCE_G_REVIEWS,reviews_2023.csv,2023-12-31T18:01:22.982050761,BATCH-G-20231231
REV-00036832,SKU-9995086,user_9014226,John Huerta,4,"</p>Perfect gift, they loved it!<b>Update:</b>",2023-05-24,True,POSITIVE,3,SOURCE_G_REVIEWS,reviews_2023.csv,2023-05-25T03:27:34.836204918,BATCH-G-20230524
REV-00036836,SKU-0019841,,Anonymous,5,Will definitely buy again.,2023-04-06,True,POSITIVE,5,SOURCE_G_REVIEWS,reviews_2023.csv,2023-04-07T01:10:23.331595098,BATCH-G-20230406
REV-00036855,SKU-0011000,,Anonymous,3,"Average quality, nothing special.",2023-11-16,True,NEUTRAL,0,SOURCE_G_REVIEWS,reviews_2023.csv,2023-11-16T03:50:38.893927841,BATCH-G-20231116
REV-00036860,SKU-0018982,user_559,Jessica,5,"Absolutely love it, works perfectly!",2023-05-13,False,POSITIVE,5,SOURCE_G_REVIEWS,reviews_2023.csv,2023-05-13T03:00:20.836461392,BATCH-G-20230513
REV-00036867,SKU-0016855,,Anonymous,2,Works fine but delivery was slow. 🙏,2023-06-05,True,NEUTRAL,1,SOURCE_G_REVIEWS,reviews_2023.csv,2023-06-05T09:10:40.151505573,BATCH-G-20230605
REV-00036875,SKU-0009652,user_9001016,Thomas Washington,4,"Exactly as described, very happy.",2023-03-11,True,POSITIVE,9,SOURCE_G_REVIEWS,reviews_2023.csv,2023-03-11T21:05:24.474341935,BATCH-G-20230311
REV-00036903,SKU-0010342,user_58578,Andrew,4,Highly recommend this product.,2023-12-11,True,POSITIVE,3,SOURCE_G_REVIEWS,reviews_2023.csv,2023-12-11T04:37:29.420251707,BATCH-G-20231211
REV-00036912,SKU-0003265,user_9016035,Alicia Holden,4,"Perfect gift, they loved it!",2023-02-09,True,POSITIVE,1,SOURCE_G_REVIEWS,reviews_2023.csv,2023-02-09T02:49:11.708397665,BATCH-G-20230209
REV-00036912-DUP,SKU-0003265,user_9016035,Alicia Holden,4,"Perfect gift, they loved it!",2023-02-09,True,POSITIVE,1,SOURCE_G_REVIEWS,reviews_2023.csv,2023-02-09T03:22:11.708397665,BATCH-G-20230209
REV-00036917,SKU-0003489,user_26141,Nicole,3,Excellent rapport qualité-prix.,2023-03-18,False,NEUTRAL,4,SOURCE_G_REVIEWS,reviews_2023.csv,2023-03-18T21:20:34.998162501,BATCH-G-20230318
REV-00036929,SKU-0018836,user_9025205,Robert Richards,4,"Exactly as described, very happy.",2023-02-10,True,POSITIVE,8,SOURCE_G_REVIEWS,reviews_2023.csv,2023-02-10T08:42:45.841892849,BATCH-G-20230210
REV-00036929-BOT,SKU-0018836,user_9019067,Cheryl,4,"Exactly as described, very happy.",2023-02-10,False,POSITIVE,0,SOURCE_G_REVIEWS,reviews_2023.csv,2023-02-10T08:42:45.841892849,BATCH-G-20230210
REV-00036932,SKU-0000867,user_9022497,Dorothy Nguyen,4,Exceeded my expectations.,2023-08-13,True,POSITIVE,9,SOURCE_G_REVIEWS,reviews_2023.csv,2023-08-13T06:32:40.241949240,BATCH-G-20230813
REV-00036933,SKU-0013863,,Anonymous,3,"Not bad, not great either.",2023-05-13,True,NEUTRAL,0,SOURCE_G_REVIEWS,reviews_2023.csv,2023-05-13T18:46:44.492682220,BATCH-G-20230513
REV-00036946,SKU-0015745,user_67109,Patrick Howard,4,"Exactly as described, very happy.",2023-12-03,False,POSITIVE,7,SOURCE_G_REVIEWS,reviews_2023.csv,2023-12-03T05:52:43.601343565,BATCH-G-20231203
REV-00036947,SKU-0004563,user_9033967,George,4,<br>Fast delivery and great quality.&nbsp;,2023-05-09,False,POSITIVE,2,SOURCE_G_REVIEWS,reviews_2023.csv,2023-05-09T06:26:07.560682531,BATCH-G-20230509
REV-00036961,SKU-0001494,user_9010790,Ricardo Dean,4,Better than I expected for the price.,2023-11-24,True,POSITIVE,0,SOURCE_G_REVIEWS,reviews_2023.csv,2023-11-24T13:44:15.154445954,BATCH-G-20231124
REV-00036963,SKU-0012571,user_9025434,Shawn Nash III,4,"Perfect gift, they loved it!",2023-06-05,True,POSITIVE,3,SOURCE_G_REVIEWS,reviews_2023.csv,2023-06-05T21:12:18.365638924,BATCH-G-20230605
REV-00036969,SKU-0007263,user_9034417,Andrea Herrera,5,"Perfect gift, they loved it!",2023-11-15,False,POSITIVE,0,SOURCE_G_REVIEWS,reviews_2023.csv,2023-11-15T12:40:41.728427660,BATCH-G-20231115
REV-00036973,SKU-0001160,,Anonymous,5,"Exactly as described, very happy.",2023-12-28,False,POSITIVE,5,SOURCE_G_REVIEWS,reviews_2023.csv,2023-12-28T20:46:59.184014047,BATCH-G-20231228
REV-00036975,SKU-0006995,user_9007837,Jason Vance,5,Better than I expected for the price.,2023-05-04,True,POSITIVE,3,SOURCE_G_REVIEWS,reviews_2023.csv,2023-05-05T00:37:25.086626154,BATCH-G-20230504
REV-00036975-BOT,SKU-0006995,user_65482,Laura Hale,5,Better than I expected for the price.,2023-05-04,False,POSITIVE,0,SOURCE_G_REVIEWS,reviews_2023.csv,2023-05-05T00:37:25.086626154,BATCH-G-20230504
REV-00036990,SKU-0008622,user_9000456,Deborah Odom,2,"Exactly as described, very happy.",2023-11-29,False,POSITIVE,0,SOURCE_G_REVIEWS,reviews_2023.csv,2023-11-29T17:13:41.133688472,BATCH-G-20231129
REV-00036991,SKU-0011042,user_9004314,Thomas,1,Fast delivery and great quality.,2023-05-14,False,POSITIVE,0,SOURCE_G_REVIEWS,reviews_2023.csv,2023-05-14T18:09:41.514446634,BATCH-G-20230514
REV-00036993,SKU-0016367,user_9012973,Savannah,4,गुणवत्ता ठीक नहीं थी। Exceeded my expectations.,2023-03-16,True,POSITIVE,2,SOURCE_G_REVIEWS,reviews_2023.csv,2023-03-16T20:27:22.590257986,BATCH-G-20230316
REV-00036995,SKU-0015187,user_22964,Wesley Rocha,5,"Absolutely love it, works perfectly!",2023-01-13,False,POSITIVE,0,SOURCE_G_REVIEWS,reviews_2023.csv,2023-01-13T20:46:53.228129189,BATCH-G-20230113
REV-00036997,SKU-0004626,user_23385,Michael Pena,1,Exceeded my expectations.,2023-08-29,True,POSITIVE,1,SOURCE_G_REVIEWS,reviews_2023.csv,2023-08-30T02:43:40.694922716,BATCH-G-20230829
REV-00037005,SKU-0010069,user_849,Joseph Olson,3,"Average quality, nothing special.",2023-03-12,True,NEUTRAL,0,SOURCE_G_REVIEWS,reviews_2023.csv,2023-03-12T16:43:34.511782835,BATCH-G-20230312
REV-00037007,SKU-0006842,user_9011746,Marcus Murphy,5,"गुणवत्ता ठीक नहीं थी। Solid build quality, no complaints.",2023-05-28,True,POSITIVE,6,SOURCE_G_REVIEWS,reviews_2023.csv,2023-05-28T18:32:46.727007944,BATCH-G-20230528
REV-00037009,SKU-0013109,user_44912,Judy Sheppard,4,NULL,2023-03-25,False,POSITIVE,3,SOURCE_G_REVIEWS,reviews_2023.csv,2023-03-25T09:04:30.890652709,BATCH-G-20230325
REV-00037016,SKU-0019735,user_9355,Lindsey Clark,4,"Solid build quality, no complaints.",2023-03-13,True,POSITIVE,0,SOURCE_G_REVIEWS,reviews_2023.csv,2023-03-13T11:41:53.839785290,BATCH-G-20230313
REV-00037021,SKU-9982174,user_9024816,Courtney Gilmore,4,Exceeded my expectations.,2023-11-27,False,POSITIVE,6,SOURCE_G_REVIEWS,reviews_2023.csv,2023-11-27T23:35:01.726431460,BATCH-G-20231127
REV-00037030,SKU-0017727,user_44933,April Mccarthy,5,"Exactly as described, very happy.",2023-01-24,False,POSITIVE,0,SOURCE_G_REVIEWS,reviews_2023.csv,2023-01-25T00:38:18.904914815,BATCH-G-20230124
REV-00037035,SKU-0018614,user_24170,Gabrielle Skinner,5,"Solid build quality, no complaints.",2023-12-30,False,POSITIVE,0,SOURCE_G_REVIEWS,reviews_2023.csv,2023-12-30T18:23:34.446394073,BATCH-G-20231230
REV-00037043,SKU-0019551,user_67432,Patrick,2,"Cheaply made, broke immediately.",2023-06-05,False,NEGATIVE,1,SOURCE_G_REVIEWS,reviews_2023.csv,2023-06-05T22:22:34.127837193,BATCH-G-20230605
REV-00037046,SKU-0012416,user_9030458,Matthew,3,"Not bad, not great either.",2023-05-13,True,NEUTRAL,5,SOURCE_G_REVIEWS,reviews_2023.csv,2023-05-13T22:48:04.889314480,BATCH-G-20230513
REV-00037065,SKU-0016600,,Anonymous,4,Highly recommend this product.,2023-09-14,True,POSITIVE,0,SOURCE_G_REVIEWS,reviews_2023.csv,2023-09-15T00:15:06.553981577,BATCH-G-20230914
REV-00037073,SKU-0014114,user_9004083,Sydney,5,"Perfect gift, they loved it!",2023-12-10,False,POSITIVE,0,SOURCE_G_REVIEWS,reviews_2023.csv,2023-12-10T15:44:01.450351610,BATCH-G-20231210
REV-00037087,SKU-0003928,user_9029622,Taylor Davis,2,Wrong item was shipped to me.,2023-10-29,False,NEGATIVE,0,SOURCE_G_REVIEWS,reviews_2023.csv,2023-10-29T01:43:26.965907293,BATCH-G-20231029
REV-00037105,SKU-0012124,user_9588,Raymond Cunningham,4,Better than I expected for the price.,2023-10-24,True,POSITIVE,3,SOURCE_G_REVIEWS,reviews_2023.csv,2023-10-25T03:42:42.718354596,BATCH-G-20231024
REV-00037113,SKU-0012453,,Anonymous,1,Stopped working after a week.,2023-02-22,True,NEGATIVE,1,SOURCE_G_REVIEWS,reviews_2023.csv,2023-02-22T02:24:53.487020555,BATCH-G-20230222
REV-00037135,SKU-0007087,,Anonymous,3,"It's okay, does the job.",2023-10-06,True,NEUTRAL,5,SOURCE_G_REVIEWS,reviews_2023.csv,2023-10-07T05:50:14.001479632,BATCH-G-20231006
REV-00037137,SKU-0019950,user_20191,Robert,4,Fast delivery and great quality.,2023-09-26,False,POSITIVE,1,SOURCE_G_REVIEWS,reviews_2023.csv,2023-09-26T01:56:57.946624733,BATCH-G-20230926
REV-00037145,SKU-0013177,,Anonymous,7,Fast delivery and great quality.,2023-01-29,True,POSITIVE,0,SOURCE_G_REVIEWS,reviews_2023.csv,2023-01-29T22:09:04.625161651,BATCH-G-20230129
REV-00037150,SKU-0001653,user_63964,Victor,5,"Muy buen producto, lo recomiendo. Solid build quality, no complaints.",2023-12-13,True,POSITIVE,0,SOURCE_G_REVIEWS,reviews_2023.csv,2023-12-13T14:25:05.182295592,BATCH-G-20231213
REV-00037158,SKU-0004441,user_35429,Peter,3,Decent but overpriced a bit.,2023-10-25,False,NEUTRAL,2,SOURCE_G_REVIEWS,reviews_2023.csv,2023-10-25T22:03:09.866253537,BATCH-G-20231025
REV-00037161,SKU-0013047,user_36779,Marcia Andersen,5,"Exactly as described, very happy.",2023-12-19,True,POSITIVE,6,SOURCE_G_REVIEWS,reviews_2023.csv,2023-12-19T01:35:23.482141419,BATCH-G-20231219
REV-00037163,SKU-0013270,user_47424,Beth,4,Will definitely buy again. 😐🙏,2023-01-13,True,POSITIVE,5,SOURCE_G_REVIEWS,reviews_2023.csv,2023-01-13T22:27:53.617897457,BATCH-G-20230113
REV-00037164,SKU-0013179,user_61853,Rachel Martinez,3,"Average quality, nothing special.",2023-05-05,True,NEUTRAL,2,SOURCE_G_REVIEWS,reviews_2023.csv,2023-05-05T14:51:11.590268658,BATCH-G-20230505
REV-00037174,SKU-0004352,user_9006769,Abigail Hill,3,"Matches the description, no issues. 💯",2023-10-22,False,NEUTRAL,0,SOURCE_G_REVIEWS,reviews_2023.csv,2023-10-22T06:59:51.711473937,BATCH-G-20231022
REV-00037175,SKU-0016380,,Anonymous,4,"Exactly as described, very happy. 😀",2023-12-05,False,POSITIVE,2,SOURCE_G_REVIEWS,reviews_2023.csv,2023-12-05T23:17:32.060787602,BATCH-G-20231205
REV-00037187,SKU-0009170,,Anonymous,4,Highly recommend this product.,2023-07-24,False,POSITIVE,0,SOURCE_G_REVIEWS,reviews_2023.csv,2023-07-24T19:40:44.324673002,BATCH-G-20230724
REV-00037200,SKU-0010510,user_63784,Peter Reyes,5,Fast delivery and great quality.,2023-04-27,False,POSITIVE,2,SOURCE_G_REVIEWS,reviews_2023.csv,2023-04-27T17:17:39.966419297,BATCH-G-20230427
REV-00037204,SKU-0016381,,Anonymous,5,Better than I expected for the price.,2023-05-09,True,POSITIVE,-3,SOURCE_G_REVIEWS,reviews_2023.csv,2023-05-10T04:53:39.448612972,BATCH-G-20230509
REV-00037212,SKU-0003207,user_9029976,Diane,3,Decent but overpriced a bit.,2023-05-18,False,NEUTRAL,1,SOURCE_G_REVIEWS,reviews_2023.csv,2023-05-18T22:04:14.527813963,BATCH-G-20230518
REV-00037218,SKU-0020168,user_32784,Jason Clarke,4,Will definitely buy again.,2023-08-31,True,POSITIVE,6,SOURCE_G_REVIEWS,reviews_2023.csv,2023-08-31T16:51:27.572090069,BATCH-G-20230831
REV-00037218-BOT,SKU-0020168,user_9003645,Ashley Warren,4,Will definitely buy again.,2023-08-31,False,POSITIVE,0,SOURCE_G_REVIEWS,reviews_2023.csv,2023-08-31T16:51:27.572090069,BATCH-G-20230831
REV-00037227,SKU-0012235,user_30024,George Hernandez,5,"Perfect gift, they loved it!",2023-12-18,False,POSITIVE,0,SOURCE_G_REVIEWS,reviews_2023.csv,2023-12-18T10:58:34.930160877,BATCH-G-20231218
REV-00037228,SKU-0008100,user_9020421,Susan Kim,5,   Highly  recommend  this  product.   ,2023-11-10,True,POSITIVE,0,SOURCE_G_REVIEWS,reviews_2023.csv,2023-11-10T13:46:50.459201395,BATCH-G-20231110
REV-00037237,SKU-0014066,user_9011626,Amanda Harmon,4,Exceeded my expectations.,2023-08-31,False,POSITIVE,1,SOURCE_G_REVIEWS,reviews_2023.csv,2023-08-31T05:44:35.149109721,BATCH-G-20230831
REV-00037239,SKU-0013785,user_9026812,Amanda,5,"   Exactly  as  described,  very  happy.   ",2023-11-12,False,POSITIVE,2,SOURCE_G_REVIEWS,reviews_2023.csv,2023-11-12T01:02:56.858818811,BATCH-G-20231112
REV-00037240,SKU-0012983,user_40529,Douglas Valenzuela,3,Works fine but delivery was slow.,2023-07-28,True,NEUTRAL,1,SOURCE_G_REVIEWS,reviews_2023.csv,2023-07-28T19:29:12.236477973,BATCH-G-20230728
REV-00037247,SKU-9957057,user_50068,Joanna Taylor,4,Exceeded my expectations.,2023-12-12,False,POSITIVE,1,SOURCE_G_REVIEWS,reviews_2023.csv,2023-12-12T21:36:26.086227644,BATCH-G-20231212
REV-00037251,SKU-0019766,user_43349,Maureen Griffith,1,Arrived damaged and support was unhelpful.,2023-06-03,False,NEGATIVE,2,SOURCE_G_REVIEWS,reviews_2023.csv,2023-06-03T08:48:18.658366826,BATCH-G-20230603
REV-00037254,SKU-0018717,user_9001066,Samuel,5,"   Solid  build  quality,  no  complaints.   ",2023-11-14,True,POSITIVE,0,SOURCE_G_REVIEWS,reviews_2023.csv,2023-11-14T10:50:23.680742001,BATCH-G-20231114
REV-00037261,SKU-0002771,user_684,Matthew,4,"Cheaply made, broke immediately.",2023-05-19,True,NEGATIVE,0,SOURCE_G_REVIEWS,reviews_2023.csv,2023-05-20T02:23:12.197515,BATCH-G-20230519
REV-00037270,SKU-0003297,user_22859,Ian,2,Not as described at all.,2023-01-25,True,NEGATIVE,0,SOURCE_G_REVIEWS,reviews_2023.csv,2023-01-26T03:36:28.063101529,BATCH-G-20230125
REV-00037272,SKU-0000848,user_9028906,Michelle Pham,5,No cumplió mis expectativas.,2023-06-15,True,POSITIVE,1,SOURCE_G_REVIEWS,reviews_2023.csv,2023-06-15T20:50:10.318503310,BATCH-G-20230615
REV-00037280,SKU-0006655,user_50476,Samuel,5,"Perfect gift, they loved it!",2023-11-03,True,POSITIVE,0,SOURCE_G_REVIEWS,reviews_2023.csv,2023-11-03T05:56:26.127097828,BATCH-G-20231103
REV-00037284,SKU-0007726,user_9021329,Roger Bradford,5,"Perfect gift, they loved it!",2023-05-06,True,POSITIVE,0,SOURCE_G_REVIEWS,reviews_2023.csv,2023-05-06T17:43:47.872798246,BATCH-G-20230506
REV-00037292,SKU-0008291,user_9031953,Rhonda Velazquez,5,"Exactly as described, very happy.",2023-08-29,False,POSITIVE,1,SOURCE_G_REVIEWS,reviews_2023.csv,2023-08-29T02:38:47.995697878,BATCH-G-20230829
REV-00037295,SKU-0011891,user_9029447,Jacob,4,"Absolutely love it, works perfectly!",2023-08-15,False,POSITIVE,1,SOURCE_G_REVIEWS,reviews_2023.csv,2023-08-15T20:44:21.025671030,BATCH-G-20230815
REV-00037324,SKU-0004828,user_9007906,Ms.,3,"Not bad, not great either.",2023-08-20,True,NEUTRAL,0,SOURCE_G_REVIEWS,reviews_2023.csv,2023-08-20T09:22:47.187569181,BATCH-G-20230820
REV-00037334,SKU-0015613,,Anonymous,3,"बहुत अच्छा उत्पाद है, पैसा वसूल!",2023-06-03,False,NEUTRAL,4,SOURCE_G_REVIEWS,reviews_2023.csv,2023-06-03T16:29:50.619774710,BATCH-G-20230603
REV-00037337,SKU-0007282,,Anonymous,5,Will definitely buy again.,2023-01-05,False,POSITIVE,7,SOURCE_G_REVIEWS,reviews_2023.csv,2023-01-05T16:23:38.950142151,BATCH-G-20230105
REV-00037356,SKU-0003286,user_466,Teresa Stephens,5,Fast delivery and great quality.,2023-12-07,True,POSITIVE,3,SOURCE_G_REVIEWS,reviews_2023.csv,2023-12-07T15:02:42.825050071,BATCH-G-20231207
REV-00037358,SKU-0009516,user_9014957,Danielle Richardson,5,Highly recommend this product.,2023-12-13,False,POSITIVE,1,SOURCE_G_REVIEWS,reviews_2023.csv,2023-12-13T05:12:33.090474915,BATCH-G-20231213
REV-00037360,SKU-9995474,user_51140,Dr. Rebecca Santiago MD,5,   Will  definitely  buy  again.   ,2023-11-23,False,POSITIVE,0,SOURCE_G_REVIEWS,reviews_2023.csv,2023-11-23T17:39:54.236737221,BATCH-G-20231123
REV-00037364,SKU-0007967,user_8210,Ian Shields,4,</p>Exceeded my expectations.<br>,2023-07-15,False,POSITIVE,1,SOURCE_G_REVIEWS,reviews_2023.csv,2023-07-15T06:52:00.048909197,BATCH-G-20230715
REV-00037366,SKU-0000225,user_27698,Sherry,1,Not as described at all.,2023-12-22,True,NEGATIVE,10,SOURCE_G_REVIEWS,reviews_2023.csv,2023-12-31T20:00:00,BATCH-G-20231222
REV-00037368,SKU-0016769,user_50075,Stephen,1,Not as described at all.,2023-02-14,True,NEGATIVE,1,SOURCE_G_REVIEWS,reviews_2023.csv,2023-02-14T15:39:50.092828485,BATCH-G-20230214
REV-00037369,SKU-9938572,user_28622,Vanessa Alexander,5,Highly recommend this product.,2023-11-17,True,POSITIVE,3,SOURCE_G_REVIEWS,reviews_2023.csv,2023-11-17T03:09:56.951923381,BATCH-G-20231117
REV-00037373,SKU-0002673,user_26697,Wendy Mason,3,"   Average  quality,  nothing  special.   ",2023-08-15,True,NEUTRAL,0,SOURCE_G_REVIEWS,reviews_2023.csv,2023-08-16T01:27:53.869602607,BATCH-G-20230815
REV-00037382,SKU-0006362,user_9033320,Valerie Sanchez,5,"&nbsp;Muy buen producto, lo recomiendo.<br>",2023-11-15,False,POSITIVE,0,SOURCE_G_REVIEWS,reviews_2023.csv,2023-11-15T02:12:00.940405409,BATCH-G-20231115
REV-00037390,SKU-0008921,user_9034818,Penny,5,"Solid build quality, no complaints.",2023-06-15,True,POSITIVE,0,SOURCE_G_REVIEWS,reviews_2023.csv,2023-06-16T01:30:04.883191918,BATCH-G-20230615
REV-00037395,SKU-0019681,user_51862,Martha Cruz,1,"Waste of money, do not buy.",2023-05-16,True,NEGATIVE,4,SOURCE_G_REVIEWS,reviews_2023.csv,2023-05-16T20:48:03.975296402,BATCH-G-20230516
REV-00037399,SKU-0016919,,Anonymous,2,"Poor packaging, item was defective.",2023-02-21,False,NEGATIVE,0,SOURCE_G_REVIEWS,reviews_2023.csv,2023-02-21T10:45:00.057829321,BATCH-G-20230221
REV-00037403,SKU-9997949,user_19609,Donna Rivera,5,"Solid build quality, no complaints.",2023-11-19,True,POSITIVE,1,SOURCE_G_REVIEWS,reviews_2023.csv,2023-11-19T14:15:48.628475708,BATCH-G-20231119
REV-00037405,SKU-0012477,user_53396,John Hernandez,4,"Absolutely love it, works perfectly!",2023-03-19,False,POSITIVE,4,SOURCE_G_REVIEWS,reviews_2023.csv,2023-03-19T12:55:42.462361408,BATCH-G-20230319
REV-00037406,SKU-0010525,user_9025126,Sharon Gordon,4,Better than I expected for the price.,2023-01-21,False,POSITIVE,1,SOURCE_G_REVIEWS,reviews_2023.csv,2023-01-21T07:38:54.287784664,BATCH-G-20230121
REV-00037417,SKU-0013770,user_9027741,Daniel Krueger,5,Will definitely buy again.,2023-07-15,True,POSITIVE,2,SOURCE_G_REVIEWS,reviews_2023.csv,2023-07-15T21:31:18.101846539,BATCH-G-20230715
REV-00037419,SKU-0010558,user_3689,Michelle,2,Wrong item was shipped to me.,2023-07-30,False,NEGATIVE,5,SOURCE_G_REVIEWS,reviews_2023.csv,2023-08-11T04:00:00,BATCH-G-20230730
REV-00037421,SKU-0002714,user_12984,Samantha Perez,4,Fast delivery and great quality.,2023-06-17,False,POSITIVE,0,SOURCE_G_REVIEWS,reviews_2023.csv,2023-06-17T17:19:46.099487913,BATCH-G-20230617
REV-00037437,SKU-0006729,user_9033848,Robert,4,"Exactly as described, very happy.",2023-08-25,False,POSITIVE,2,SOURCE_G_REVIEWS,reviews_2023.csv,2023-08-26T01:04:29.596867772,BATCH-G-20230825
REV-00037440,SKU-0004080,user_35062,Rebecca Stanley,4,"Solid build quality, no complaints.",2023-01-28,True,POSITIVE,1,SOURCE_G_REVIEWS,reviews_2023.csv,2023-01-28T07:39:39.410817889,BATCH-G-20230128
REV-00037458,SKU-0006429,user_9034423,Kayla Mcdonald,1,"Muy buen producto, lo recomiendo.",2023-02-15,True,NEGATIVE,0,SOURCE_G_REVIEWS,reviews_2023.csv,2023-02-15T10:57:30.869680179,BATCH-G-20230215
REV-00037461,SKU-9924429,user_9004546,Caitlyn,4,Great value for money.,2023-10-03,True,POSITIVE,1,SOURCE_G_REVIEWS,reviews_2023.csv,2023-10-20T17:00:00,BATCH-G-20231003
REV-00037470,SKU-0019664,,Anonymous,5,Fast delivery and great quality.,2023-09-01,False,POSITIVE,1,SOURCE_G_REVIEWS,reviews_2023.csv,2023-09-01T08:03:03.159859296,BATCH-G-20230901
REV-00037471,SKU-0019209,,Anonymous,5,"Absolutely love it, works perfectly!",2023-07-23,True,POSITIVE,9,SOURCE_G_REVIEWS,reviews_2023.csv,2023-07-23T15:01:09.365369453,BATCH-G-20230723
REV-00037472,SKU-0011565,user_64014,Jonathan Cobb,5,Fast delivery and great quality.,2023-10-19,True,POSITIVE,12,SOURCE_G_REVIEWS,reviews_2023.csv,2023-10-19T19:00:55.218894452,BATCH-G-20231019
REV-00037495,SKU-0008403,user_32165,Justin Smith,5,"Exactly as described, very happy.",2023-10-22,True,POSITIVE,5,SOURCE_G_REVIEWS,reviews_2023.csv,2023-10-22T19:46:06.932702130,BATCH-G-20231022
REV-00037505,SKU-0000088,user_9016302,Jeffrey,5,"Muy buen producto, lo recomiendo. Will definitely buy again.",2023-04-11,True,POSITIVE,1,SOURCE_G_REVIEWS,reviews_2023.csv,2023-04-12T03:01:34.959482465,BATCH-G-20230411
REV-00037508,SKU-0001798,user_46216,Stacy,5,Better than I expected for the price.,2023-02-08,True,POSITIVE,8,SOURCE_G_REVIEWS,reviews_2023.csv,2023-02-08T17:35:14.777032308,BATCH-G-20230208
REV-00037513,SKU-0018060,user_9003440,Lawrence,2,"Poor packaging, item was defective.",2023-11-03,True,NEGATIVE,0,SOURCE_G_REVIEWS,reviews_2023.csv,2023-11-03T18:08:40.796977263,BATCH-G-20231103
REV-00037529,SKU-0018848,user_9028504,Tammy Tran,5,Great value for money.,2023-08-22,False,POSITIVE,4,SOURCE_G_REVIEWS,reviews_2023.csv,2023-08-22T14:24:36.857880826,BATCH-G-20230822
REV-00037538,SKU-0003309,user_62508,Ashley,3,"Not bad, not great either.",2023-09-03,True,NEUTRAL,2,SOURCE_G_REVIEWS,reviews_2023.csv,2023-09-03T02:18:33.701480273,BATCH-G-20230903
REV-00037540,SKU-0011304,user_4318,George,4,"Exactly as described, very happy.",2023-05-21,False,POSITIVE,2,SOURCE_G_REVIEWS,reviews_2023.csv,2023-05-21T14:45:03.570644888,BATCH-G-20230521
REV-00037543,SKU-0014298,user_29645,Joshua,5,"Exactly as described, very happy.",2023-09-29,True,POSITIVE,6,SOURCE_G_REVIEWS,reviews_2023.csv,2023-09-30T02:36:03.508860175,BATCH-G-20230929
REV-00037550,SKU-0019033,user_37429,Christopher Diaz,5,Great value for money.,2023-11-06,False,POSITIVE,0,SOURCE_G_REVIEWS,reviews_2023.csv,2023-11-06T05:29:43.057645699,BATCH-G-20231106
REV-00037568,SKU-0018377,user_9027992,Jeffrey Phillips,5,Fast delivery and great quality.,2023-06-18,True,POSITIVE,0,SOURCE_G_REVIEWS,reviews_2023.csv,2023-06-18T21:11:04.393420219,BATCH-G-20230618
REV-00037577,SKU-0007802,,Anonymous,5,Highly recommend this product.,2023-06-29,True,POSITIVE,0,SOURCE_G_REVIEWS,reviews_2023.csv,2023-06-29T13:00:51.504489075,BATCH-G-20230629
REV-00037581,SKU-0015748,user_9006663,Kimberly Miller,5,Better than I expected for the price.,2023-08-05,False,POSITIVE,1,SOURCE_G_REVIEWS,reviews_2023.csv,2023-08-06T02:06:24.668910076,BATCH-G-20230805
REV-00037606,SKU-0018945,user_24487,Gregory Robertson,4,Will definitely buy again.,2023-09-14,True,POSITIVE,6,SOURCE_G_REVIEWS,reviews_2023.csv,2023-09-14T09:17:28.957346881,BATCH-G-20230914
REV-00037613,SKU-0001675,user_20645,Melissa Rodriguez,5,"Absolutely love it, works perfectly!",2023-10-10,True,POSITIVE,7,SOURCE_G_REVIEWS,reviews_2023.csv,2023-10-11T02:32:43.772067949,BATCH-G-20231010
REV-00037617,SKU-0002755,user_9015122,Michael,5,"Muy buen producto, lo recomiendo. Solid build quality, no complaints.",2023-04-16,False,POSITIVE,1,SOURCE_G_REVIEWS,reviews_2023.csv,2023-04-16T06:52:48.785799265,BATCH-G-20230416
REV-00037621,SKU-0009642,,Anonymous,2,"Cheaply made, broke immediately.",2023-07-20,False,NEGATIVE,2,SOURCE_G_REVIEWS,reviews_2023.csv,2023-07-20T14:05:54.526751765,BATCH-G-20230720
REV-00037632,SKU-0003491,user_35297,Laurie Mosley,4,"&nbsp;Perfect gift, they loved it!</p>",2023-04-11,True,POSITIVE,5,SOURCE_G_REVIEWS,reviews_2023.csv,2023-04-11T14:13:10.575004626,BATCH-G-20230411
REV-00037636,SKU-0013709,,Anonymous,3,<i>edited</i>Exceeded my expectations.</p>,2023-10-22,True,POSITIVE,8,SOURCE_G_REVIEWS,reviews_2023.csv,2023-10-23T05:17:39.806970478,BATCH-G-20231022
REV-00037641,SKU-0011383,,Anonymous,Unknown,Fast delivery and great quality.,2023-05-09,False,POSITIVE,1,SOURCE_G_REVIEWS,reviews_2023.csv,2023-05-10T02:14:55.177010448,BATCH-G-20230509
REV-00037643,SKU-0004234,user_38802,Judy Lin,5,"Absolutely love it, works perfectly!",2023-12-28,True,POSITIVE,6,SOURCE_G_REVIEWS,reviews_2023.csv,2023-12-28T03:30:36.467419067,BATCH-G-20231228
REV-00037644,SKU-0001990,user_44427,John,5,"Excellent rapport qualité-prix. Solid build quality, no complaints.",2023-08-23,False,POSITIVE,0,SOURCE_G_REVIEWS,reviews_2023.csv,2023-08-23T22:43:20.801245501,BATCH-G-20230823
REV-00037658,SKU-0007064,user_9031910,Richard,1,"Cheaply made, broke immediately.",2023-12-31,False,NEGATIVE,1,SOURCE_G_REVIEWS,reviews_2023.csv,2023-12-31T12:20:13.902351232,BATCH-G-20231231
REV-00037673,SKU-0000099,user_22228,Cameron Cook,1,"Poor packaging, item was defective.",2023-08-18,True,NEGATIVE,0,SOURCE_G_REVIEWS,reviews_2023.csv,2023-08-18T06:48:13.021775255,BATCH-G-20230818
REV-00037674,SKU-0002617,,Anonymous,2,Not as described at all.,2023-04-10,True,NEGATIVE,1,SOURCE_G_REVIEWS,reviews_2023.csv,2023-04-11T04:40:32.579519706,BATCH-G-20230410
REV-00037678,SKU-0017785,,Anonymous,4,"Exactly as described, very happy.",2023-08-23,True,POSITIVE,3,SOURCE_G_REVIEWS,reviews_2023.csv,2023-08-23T08:22:55.680910117,BATCH-G-20230823
REV-00037687,SKU-9993223,user_9014329,Chad,4,Highly recommend this product.,2023-01-25,True,POSITIVE,0,SOURCE_G_REVIEWS,reviews_2023.csv,2023-01-25T14:50:22.377087408,BATCH-G-20230125
REV-00037688,SKU-0002754,user_61816,Tracy Tran,0,Highly recommend this product.,2023-01-01,False,POSITIVE,0,SOURCE_G_REVIEWS,reviews_2023.csv,2023-01-02T03:26:27.848119090,BATCH-G-20230101
REV-00037693,SKU-0009418,user_5148,Yvonne Smith,3,"It's okay, does the job.",2023-08-18,True,NEUTRAL,4,SOURCE_G_REVIEWS,reviews_2023.csv,2023-08-18T22:53:53.229092491,BATCH-G-20230818
REV-00037696,SKU-0008912,user_9011282,Carlos Ball,5,"Exactly as described, very happy.",2023-01-11,True,POSITIVE,1,SOURCE_G_REVIEWS,reviews_2023.csv,2023-01-11T07:31:06.939063855,BATCH-G-20230111
REV-00037700,SKU-0011229,,Anonymous,2,Very disappointed with the quality.,2023-01-11,False,NEGATIVE,14,SOURCE_G_REVIEWS,reviews_2023.csv,2023-01-11T04:06:19.246738208,BATCH-G-20230111
REV-00037703,SKU-0011733,user_25594,Thomas Valentine,5,Exceeded my expectations.,2023-10-20,True,POSITIVE,2,SOURCE_G_REVIEWS,reviews_2023.csv,2023-10-20T10:06:43.757510179,BATCH-G-20231020
REV-00037704,SKU-0000338,user_5493,Sheila Murphy,1,Wrong item was shipped to me.,2023-12-31,False,NEGATIVE,1,SOURCE_G_REVIEWS,reviews_2023.csv,2023-12-31T13:40:01.430653713,BATCH-G-20231231
REV-00037725,SKU-0010989,,Anonymous,4,Exceeded my expectations.,2023-08-27,True,POSITIVE,1,SOURCE_G_REVIEWS,reviews_2023.csv,2023-08-27T23:53:07.539366586,BATCH-G-20230827
REV-00037727,SKU-0006651,user_273,Richard Valentine,2,"Poor packaging, item was defective.",2023-09-01,True,NEGATIVE,5,SOURCE_G_REVIEWS,reviews_2023.csv,2023-09-01T14:17:31.278462507,BATCH-G-20230901
REV-00037732,SKU-0000258,,Anonymous,5,<i>edited</i>Fast delivery and great quality.<b>Update:</b>,2023-02-13,True,POSITIVE,3,SOURCE_G_REVIEWS,reviews_2023.csv,2023-02-13T21:29:31.692095561,BATCH-G-20230213
REV-00037739,SKU-0010141,,Anonymous,4,"Livraison très lente, déçu.",2023-01-10,True,POSITIVE,0,SOURCE_G_REVIEWS,reviews_2023.csv,2023-01-10T04:43:53.193454293,BATCH-G-20230110
REV-00037744,SKU-0009520,user_9017996,Edwin Jones,4,Fast delivery and great quality.,2023-09-28,True,POSITIVE,0,SOURCE_G_REVIEWS,reviews_2023.csv,2023-09-28T09:47:10.380662159,BATCH-G-20230928
REV-00037753,SKU-0013547,user_54360,Vanessa Morrison,5,<p>Better than I expected for the price.</p>,2023-11-25,True,POSITIVE,3,SOURCE_G_REVIEWS,reviews_2023.csv,2023-11-25T19:07:25.803933668,BATCH-G-20231125
REV-00037760,SKU-0010702,user_9005784,David,4,Highly recommend this product.,2023-12-31,False,POSITIVE,1,SOURCE_G_REVIEWS,reviews_2023.csv,2023-12-31T18:03:18.505320188,BATCH-G-20231231
REV-00037768,SKU-0017935,,Anonymous,4,   Great  value  for  money.   ,2023-01-30,True,POSITIVE,1,SOURCE_G_REVIEWS,reviews_2023.csv,2023-01-30T22:25:49.943073560,BATCH-G-20230130
REV-00037769,SKU-0018527,user_9027108,Latasha Murillo,4,Fast delivery and great quality.,2023-12-14,False,POSITIVE,2,SOURCE_G_REVIEWS,reviews_2023.csv,2023-12-14T16:40:40.246590602,BATCH-G-20231214
REV-00037771,SKU-0006904,user_56562,Taylor Green,5,Highly recommend this product.,2023-02-17,True,POSITIVE,18,SOURCE_G_REVIEWS,reviews_2023.csv,2023-02-17T11:51:12.101519776,BATCH-G-20230217
REV-00037772,SKU-0010475,user_9003025,Tina Parks,5,<i>edited</i>Highly recommend this product.<br>,2023-05-20,False,POSITIVE,6,SOURCE_G_REVIEWS,reviews_2023.csv,2023-05-21T02:36:00.336022174,BATCH-G-20230520
REV-00037778,SKU-0015970,user_18926,Robin Diaz,3,Works fine but delivery was slow.,2023-07-28,True,NEUTRAL,0,SOURCE_G_REVIEWS,reviews_2023.csv,2023-07-28T15:58:14.968390564,BATCH-G-20230728
REV-00037781,SKU-0005723,user_9020543,Rachel,2,"Poor packaging, item was defective.",2023-08-16,True,NEGATIVE,0,SOURCE_G_REVIEWS,reviews_2023.csv,2023-08-16T13:22:41.287015577,BATCH-G-20230816
REV-00037785,SKU-9935470,user_51888,Tammy,5,"Perfect gift, they loved it!",2023-01-15,True,POSITIVE,2,SOURCE_G_REVIEWS,reviews_2023.csv,2023-01-16T02:55:36.737016144,BATCH-G-20230115
REV-00037787,SKU-0009349,user_38580,Lori Mason,6,"Perfect gift, they loved it!",2023-06-19,True,POSITIVE,0,SOURCE_G_REVIEWS,reviews_2023.csv,2023-06-19T22:45:18.586833940,BATCH-G-20230619
REV-00037794,SKU-0008479,user_48585,Bailey,5,Highly recommend this product.,2023-11-24,False,POSITIVE,2,SOURCE_G_REVIEWS,reviews_2023.csv,2023-11-24T07:53:19.955199340,BATCH-G-20231124
REV-00037797,SKU-0003666,user_9030573,Jamie,5,"Livraison très lente, déçu.",2023-04-16,True,POSITIVE,7,SOURCE_G_REVIEWS,reviews_2023.csv,2023-04-15T02:00:00,BATCH-G-20230416
REV-00037800,SKU-0003802,user_58053,Daniel Castillo MD,5,Highly recommend this product.,2023-01-06,True,POSITIVE,2,SOURCE_G_REVIEWS,reviews_2023.csv,2023-01-06T06:43:39.092077151,BATCH-G-20230106
REV-00037804,SKU-0001449,user_63696,Larry Sanchez,4,Not as described at all.,2023-12-18,False,NEGATIVE,3,SOURCE_G_REVIEWS,reviews_2023.csv,2023-12-18T06:15:34.453114441,BATCH-G-20231218
REV-00037805,SKU-9912881,user_9033358,Tony Mullins,2,Arrived damaged and support was unhelpful.,2023-04-06,True,NEGATIVE,1,SOURCE_G_REVIEWS,reviews_2023.csv,2023-04-06T11:25:14.637432747,BATCH-G-20230406
REV-00037809,SKU-0002154,user_9012929,Robert Williams,3,No cumplió mis expectativas.,2023-04-14,True,NEUTRAL,0,SOURCE_G_REVIEWS,reviews_2023.csv,2023-04-14T13:20:18.348245592,BATCH-G-20230414
REV-00037812,SKU-0012581,user_50900,James,4,"   Absolutely  love  it,  works  perfectly!   ",2023-04-20,False,POSITIVE,1,SOURCE_G_REVIEWS,reviews_2023.csv,2023-04-21T00:26:05.184343966,BATCH-G-20230420
REV-00037812-BOT,SKU-0012581,user_63554,Mallory,4,"   Absolutely  love  it,  works  perfectly!   ",2023-04-20,False,POSITIVE,0,SOURCE_G_REVIEWS,reviews_2023.csv,2023-04-21T00:26:05.184343966,BATCH-G-20230420
REV-00037815,SKU-0001553,user_9005090,Jessica Conway,2,गुणवत्ता ठीक नहीं थी।,2023-07-12,True,NEGATIVE,1,SOURCE_G_REVIEWS,reviews_2023.csv,2023-07-24T20:00:00,BATCH-G-20230712
REV-00037818,SKU-0003114,user_9034508,Colton,5,"Exactly as described, very happy.",2023-01-03,False,POSITIVE,1,SOURCE_G_REVIEWS,reviews_2023.csv,2023-01-03T08:18:27.853618203,BATCH-G-20230103
REV-00037821,SKU-0002581,user_9031087,Joseph Davidson,4,Will definitely buy again.,2023-07-27,True,POSITIVE,0,SOURCE_G_REVIEWS,reviews_2023.csv,2023-07-28T02:07:15.057124383,BATCH-G-20230727
REV-00037829,SKU-0000723,user_31849,Jennifer,2,Very disappointed with the quality.,2023-02-02,True,NEGATIVE,2,SOURCE_G_REVIEWS,reviews_2023.csv,2023-02-02T06:08:43.716550876,BATCH-G-20230202
REV-00037829-DUP,SKU-0000723,user_31849,Jennifer,2,Very disappointed with the quality.,2023-02-02,True,NEGATIVE,2,SOURCE_G_REVIEWS,reviews_2023.csv,2023-02-02T06:29:43.716550876,BATCH-G-20230202
REV-00037846,SKU-9931369,user_48782,Shane Hernandez,3,"Matches the description, no issues.",2023-07-09,True,NEUTRAL,2,SOURCE_G_REVIEWS,reviews_2023.csv,2023-07-09T18:11:15.786720549,BATCH-G-20230709
REV-00037848,SKU-0006771,user_40095,Elizabeth Barry,3,"Not bad, not great either.",2023-12-04,True,NEUTRAL,5,SOURCE_G_REVIEWS,reviews_2023.csv,2023-12-04T20:10:25.606102648,BATCH-G-20231204
REV-00037852,SKU-0001070,user_46757,Jason Odonnell,4,"Muy buen producto, lo recomiendo.",2023-07-07,False,POSITIVE,5,SOURCE_G_REVIEWS,reviews_2023.csv,2023-07-07T18:51:20.390433347,BATCH-G-20230707
REV-00037861,SKU-0010615,user_9026114,Lauren Owens,3,"It's okay, does the job.",2023-05-25,True,NEUTRAL,1,SOURCE_G_REVIEWS,reviews_2023.csv,2023-05-25T19:27:36.470545581,BATCH-G-20230525
REV-00037863,SKU-0010516,,Anonymous,4,"Solid build quality, no complaints.",2023-01-22,False,POSITIVE,1,SOURCE_G_REVIEWS,reviews_2023.csv,2023-01-22T19:41:19.641778511,BATCH-G-20230122
REV-00037864,SKU-0000382,,Anonymous,4,"Perfect gift, they loved it!",2023-10-26,True,POSITIVE,0,SOURCE_G_REVIEWS,reviews_2023.csv,2023-10-27T04:20:24.891095841,BATCH-G-20231026
REV-00037878,SKU-0008033,,Anonymous,4,Fast delivery and great quality.,2023-11-28,False,POSITIVE,2,SOURCE_G_REVIEWS,reviews_2023.csv,2023-11-29T03:20:03.689431351,BATCH-G-20231128
REV-00037882,SKU-0006488,user_9011589,Alicia,5,Highly recommend this product.,2023-03-18,True,POSITIVE,0,SOURCE_G_REVIEWS,reviews_2023.csv,2023-03-18T18:04:10.715304120,BATCH-G-20230318
REV-00037890,SKU-0018911,user_9773,John Thomas,1,Arrived damaged and support was unhelpful.,2023-02-05,True,NEGATIVE,16,SOURCE_G_REVIEWS,reviews_2023.csv,2023-02-06T05:40:35.805537284,BATCH-G-20230205
REV-00037905,SKU-0000031,,Anonymous,3,"Not bad, not great either.",2023-03-28,False,NEUTRAL,0,SOURCE_G_REVIEWS,reviews_2023.csv,2023-03-28T12:56:46.212303392,BATCH-G-20230328
REV-00037917,SKU-0015715,user_9024529,Cassidy Garcia,5,"Absolutely love it, works perfectly!",2023-10-15,True,POSITIVE,9,SOURCE_G_REVIEWS,reviews_2023.csv,2023-10-15T23:10:53.328111439,BATCH-G-20231015
REV-00037922,SKU-0017320,user_9016886,Ian,2,"Livraison très lente, déçu.",2023-08-18,True,NEGATIVE,0,SOURCE_G_REVIEWS,reviews_2023.csv,2023-08-18T12:41:49.097495668,BATCH-G-20230818
REV-00037923,SKU-0000036,user_9011535,Ashley Long,4,गुणवत्ता ठीक नहीं थी।,2023-04-05,True,POSITIVE,2,SOURCE_G_REVIEWS,reviews_2023.csv,2023-04-05T10:27:49.036760724,BATCH-G-20230405
REV-00037929,SKU-0017583,user_24082,Sherry Jacobs,1,"Cheaply made, broke immediately.",2023-11-23,False,NEGATIVE,2,SOURCE_G_REVIEWS,reviews_2023.csv,2023-11-23T09:46:41.641808298,BATCH-G-20231123
REV-00037931,SKU-0002685,,Anonymous,5,Better than I expected for the price.,2023-03-19,False,POSITIVE,1,SOURCE_G_REVIEWS,reviews_2023.csv,2023-03-19T13:33:47.109847910,BATCH-G-20230319
REV-00037931-BOT,SKU-0002685,user_2718,Richard Gomez,5,Better than I expected for the price.,2023-03-19,False,POSITIVE,0,SOURCE_G_REVIEWS,reviews_2023.csv,2023-03-19T13:33:47.109847910,BATCH-G-20230319
REV-00037943,SKU-9955504,user_25316,Maria Taylor,4,"Perfect gift, they loved it!",2023-06-04,True,POSITIVE,5,SOURCE_G_REVIEWS,reviews_2023.csv,2023-06-04T16:51:31.988955029,BATCH-G-20230604
REV-00037945,SKU-0015588,user_9004342,Lawrence,3,Decent but overpriced a bit. 😍,2023-07-02,True,NEUTRAL,5,SOURCE_G_REVIEWS,reviews_2023.csv,2023-07-02T00:34:48.911306518,BATCH-G-20230702
REV-00037981,SKU-0009163,user_9022442,Amanda Cook,1,"Poor packaging, item was defective.",2023-09-22,False,NEGATIVE,3,SOURCE_G_REVIEWS,reviews_2023.csv,2023-09-22T13:22:22.112418303,BATCH-G-20230922
REV-00037989,SKU-0001003,,Anonymous,5,Fast delivery and great quality.,2023-07-18,True,POSITIVE,2,SOURCE_G_REVIEWS,reviews_2023.csv,2023-07-18T00:30:56.222413733,BATCH-G-20230718
REV-00037994,SKU-0015940,user_9008532,Bradley,5,"बहुत अच्छा उत्पाद है, पैसा वसूल!",2023-10-29,False,POSITIVE,2,SOURCE_G_REVIEWS,reviews_2023.csv,2023-10-29T13:33:27.028098242,BATCH-G-20231029
REV-00037996,SKU-0015209,user_9023892,Todd,5,Better than I expected for the price.,2023-12-17,False,POSITIVE,4,SOURCE_G_REVIEWS,reviews_2023.csv,2023-12-18T05:11:47.701991619,BATCH-G-20231217
REV-00038008,SKU-0014197,user_62109,Thomas Taylor,5,   Great  value  for  money.   ,2023-04-16,False,POSITIVE,0,SOURCE_G_REVIEWS,reviews_2023.csv,2023-04-15T17:00:00,BATCH-G-20230416
REV-00038016,SKU-0008314,user_4770,Christopher George,4,Will definitely buy again.,2023-10-20,False,POSITIVE,16,SOURCE_G_REVIEWS,reviews_2023.csv,2023-10-21T00:53:11.186185081,BATCH-G-20231020
REV-00038022,SKU-0001082,user_9031650,Hunter,5,Will definitely buy again.,2023-12-04,True,POSITIVE,1,SOURCE_G_REVIEWS,reviews_2023.csv,2023-12-19T16:00:00,BATCH-G-20231204
REV-00038024,SKU-0001207,user_21275,David Murphy,5,Exceeded my expectations. 😢,2023-01-04,True,POSITIVE,1,SOURCE_G_REVIEWS,reviews_2023.csv,2023-01-05T04:15:05.540721533,BATCH-G-20230104
REV-00038042,SKU-0019372,user_47738,Michael Evans,3,"It's okay, does the job.",2023-11-25,False,NEUTRAL,0,SOURCE_G_REVIEWS,reviews_2023.csv,2023-11-25T03:26:24.556840596,BATCH-G-20231125
REV-00038049,SKU-0009192,,Anonymous,5,Fast delivery and great quality.,2023-10-01,True,POSITIVE,0,SOURCE_G_REVIEWS,reviews_2023.csv,2023-10-02T01:04:16.200908842,BATCH-G-20231001
REV-00038055,SKU-0010629,user_32383,Hannah,,Wrong item was shipped to me.,2023-05-26,False,NEGATIVE,0,SOURCE_G_REVIEWS,reviews_2023.csv,2023-05-26T08:08:50.429842629,BATCH-G-20230526
REV-00038059,SKU-0013902,,Anonymous,4,"Muy buen producto, lo recomiendo.",2023-02-28,True,POSITIVE,1,SOURCE_G_REVIEWS,reviews_2023.csv,2023-02-28T04:19:21.133488686,BATCH-G-20230228
REV-00038064,SKU-0004196,user_9013095,Vanessa,5,Exceeded my expectations.,2023-07-20,True,POSITIVE,2,SOURCE_G_REVIEWS,reviews_2023.csv,2023-07-20T19:51:16.967879675,BATCH-G-20230720
REV-00038067,SKU-0002487,user_9010627,Mark,4,   Excellent  rapport  qualité-prix.  Exceeded  my  expectations.   ,2023-02-28,True,POSITIVE,1,SOURCE_G_REVIEWS,reviews_2023.csv,2023-03-01T02:51:54.318412152,BATCH-G-20230228
REV-00038073,SKU-0004914,user_64408,Joshua Marshall,2,"Waste of money, do not buy.",2023-04-08,True,NEGATIVE,6,SOURCE_G_REVIEWS,reviews_2023.csv,2023-04-08T22:08:07.435136853,BATCH-G-20230408
REV-00038074,SKU-0018179,user_9000128,Morgan Mendoza,3,,2023-01-20,False,NEUTRAL,2,SOURCE_G_REVIEWS,reviews_2023.csv,2023-01-20T05:58:32.662462331,BATCH-G-20230120
REV-00038086,SKU-0008267,user_9034189,Mary Fuller,5,Better than I expected for the price.,2023-06-04,True,POSITIVE,0,SOURCE_G_REVIEWS,reviews_2023.csv,2023-06-04T06:33:11.739854415,BATCH-G-20230604
REV-00038089,SKU-0000159,user_23103,Jenna Fuller,5,"Perfect gift, they loved it!",2023-12-14,True,POSITIVE,0,SOURCE_G_REVIEWS,reviews_2023.csv,2023-12-14T19:28:08.527666287,BATCH-G-20231214
REV-00038093,SKU-0013232,user_9032849,Charles Scott,4,Fast delivery and great quality.,2023-06-29,False,POSITIVE,0,SOURCE_G_REVIEWS,reviews_2023.csv,2023-06-29T20:05:26.145941461,BATCH-G-20230629
REV-00038095,SKU-0004644,user_9016862,Nicole,4,"Absolutely love it, works perfectly!",2023-12-16,False,POSITIVE,0,SOURCE_G_REVIEWS,reviews_2023.csv,2023-12-16T09:28:19.664103750,BATCH-G-20231216
REV-00038095-BOT,SKU-0004644,user_9032377,Steven,4,"Absolutely love it, works perfectly!",2023-12-16,False,POSITIVE,0,SOURCE_G_REVIEWS,reviews_2023.csv,2023-12-16T09:28:19.664103750,BATCH-G-20231216
REV-00038099,SKU-0013349,,Anonymous,4,   Will  definitely  buy  again.   ,2023-05-12,True,POSITIVE,2,SOURCE_G_REVIEWS,reviews_2023.csv,2023-05-13T03:28:24.992510341,BATCH-G-20230512
REV-00038108,SKU-0002337,user_14175,Justin Jackson,4,"Exactly as described, very happy.",2023-03-10,True,POSITIVE,2,SOURCE_G_REVIEWS,reviews_2023.csv,2023-03-11T03:17:32.263637928,BATCH-G-20230310
REV-00038109,SKU-0005882,user_9018412,Mark,5,"Absolutely love it, works perfectly!",2023-10-23,False,POSITIVE,6,SOURCE_G_REVIEWS,reviews_2023.csv,2023-10-24T04:00:58.671627635,BATCH-G-20231023
REV-00038113,SKU-0014246,user_11667,Anne Jones,5,"Solid build quality, no complaints.",2023-08-03,False,POSITIVE,0,SOURCE_G_REVIEWS,reviews_2023.csv,2023-08-03T22:15:18.033531757,BATCH-G-20230803
REV-00038117,SKU-0000257,user_57895,Dean,5,Highly recommend this product.,2023-10-23,True,POSITIVE,0,SOURCE_G_REVIEWS,reviews_2023.csv,2023-10-23T08:34:29.624784579,BATCH-G-20231023
REV-00038119,SKU-0006821,user_9013084,Dorothy James,5,"   Exactly  as  described,  very  happy.   ",2023-04-21,True,POSITIVE,4,SOURCE_G_REVIEWS,reviews_2023.csv,2023-04-21T08:37:48.340279010,BATCH-G-20230421
REV-00038127,SKU-0014231,user_5386,Adam Hernandez,4,No cumplió mis expectativas. Fast delivery and great quality.,2023-06-30,True,POSITIVE,0,SOURCE_G_REVIEWS,reviews_2023.csv,2023-06-30T16:02:49.682847874,BATCH-G-20230630
REV-00038147,SKU-9980065,user_9031933,Paula Greene,3,Excellent rapport qualité-prix.,2023-02-06,True,NEUTRAL,0,SOURCE_G_REVIEWS,reviews_2023.csv,2023-02-06T21:48:10.937802240,BATCH-G-20230206
REV-00038154,SKU-0018309,user_9019311,Bradley Marshall,4,"Solid build quality, no complaints.",2023-10-21,True,POSITIVE,4,SOURCE_G_REVIEWS,reviews_2023.csv,2023-10-21T14:12:45.830993116,BATCH-G-20231021
REV-00038157,SKU-0017839,user_9031205,Amy Gonzalez,3,"Matches the description, no issues.",2023-06-20,True,NEUTRAL,18,SOURCE_G_REVIEWS,reviews_2023.csv,2023-06-21T01:23:50.487085948,BATCH-G-20230620
REV-00038161,SKU-0019970,user_9005774,Christopher Moore,3,Excellent rapport qualité-prix.,2023-02-28,True,NEUTRAL,7,SOURCE_G_REVIEWS,reviews_2023.csv,2023-02-28T11:07:41.293251538,BATCH-G-20230228
REV-00038170,SKU-0010433,user_10882,Pam Brooks,5,Highly recommend this product.,2023-10-03,False,POSITIVE,9,SOURCE_G_REVIEWS,reviews_2023.csv,2023-10-03T14:52:42.666041528,BATCH-G-20231003
REV-00038180,SKU-0011913,user_67148,Erika,4,"Absolutely love it, works perfectly!",2023-07-28,True,POSITIVE,4,SOURCE_G_REVIEWS,reviews_2023.csv,2023-07-28T10:23:25.082780153,BATCH-G-20230728
REV-00038187,SKU-0004086,user_9014777,Sandra Jackson,1,Wrong item was shipped to me.,2023-06-17,True,NEGATIVE,7,SOURCE_G_REVIEWS,reviews_2023.csv,2023-06-17T18:47:58.569117808,BATCH-G-20230617
REV-00038190,SKU-0014916,user_9907,Anthony Blevins,3,"It's okay, does the job.",2023-08-20,False,NEUTRAL,3,SOURCE_G_REVIEWS,reviews_2023.csv,2023-08-21T04:30:46.053263030,BATCH-G-20230820
REV-00038198,SKU-0008201,user_11634,Michelle Gardner,2,Very disappointed with the quality.,2023-07-10,False,NEGATIVE,1,SOURCE_G_REVIEWS,reviews_2023.csv,2023-07-10T06:10:24.275984902,BATCH-G-20230710
REV-00038203,SKU-0005872,user_9018183,Sarah White,4,"बहुत अच्छा उत्पाद है, पैसा वसूल! Perfect gift, they loved it!",2023-05-02,False,POSITIVE,1,SOURCE_G_REVIEWS,reviews_2023.csv,2023-05-02T21:39:09.337715748,BATCH-G-20230502
REV-00038211,SKU-0000153,user_8080,Jake Combs,5,"Perfect gift, they loved it!",2023-03-12,False,POSITIVE,5,SOURCE_G_REVIEWS,reviews_2023.csv,2023-03-13T05:08:11.272342468,BATCH-G-20230312
REV-00038212,SKU-0006517,user_9007022,Margaret Mckay,4,"Exactly as described, very happy.",2023-06-14,True,POSITIVE,3,SOURCE_G_REVIEWS,reviews_2023.csv,2023-06-15T01:37:46.833360049,BATCH-G-20230614
REV-00038233,SKU-0014345,user_9007567,Natalie Brown,4,Great value for money.,2023-11-30,True,POSITIVE,2,SOURCE_G_REVIEWS,reviews_2023.csv,2023-11-30T08:03:48.725416375,BATCH-G-20231130
REV-00038249,SKU-0019823,,Anonymous,5,Will definitely buy again.,2023-11-12,False,POSITIVE,18,SOURCE_G_REVIEWS,reviews_2023.csv,2023-11-12T16:56:13.744849173,BATCH-G-20231112
REV-00038259,SKU-0016520,user_9023181,Katherine,5,"Absolutely love it, works perfectly!",2023-10-11,False,POSITIVE,2,SOURCE_G_REVIEWS,reviews_2023.csv,2023-10-12T05:24:03.077004478,BATCH-G-20231011
REV-00038268,SKU-0017645,user_9008359,Mackenzie,2,   Stopped  working  after  a  week.   ,2023-10-27,True,NEGATIVE,1,SOURCE_G_REVIEWS,reviews_2023.csv,2023-10-27T06:44:35.518739718,BATCH-G-20231027
REV-00038285,SKU-0001285,user_9016387,Travis Allison,3,गुणवत्ता ठीक नहीं थी।,2023-10-22,True,NEUTRAL,4,SOURCE_G_REVIEWS,reviews_2023.csv,2023-10-22T10:18:58.827776749,BATCH-G-20231022
REV-00038289,SKU-0002266,user_17992,Samuel Smith,4,"Exactly as described, very happy.",2023-11-07,True,POSITIVE,2,SOURCE_G_REVIEWS,reviews_2023.csv,2023-11-07T19:17:35.993164949,BATCH-G-20231107
REV-00038293,SKU-0013740,user_13762,Brittany Clark,5,   Exceeded  my  expectations.   ,2023-07-28,False,POSITIVE,1,SOURCE_G_REVIEWS,reviews_2023.csv,2023-07-29T01:00:45.084421506,BATCH-G-20230728
REV-00038306,SKU-0006853,,Anonymous,4,"Exactly as described, very happy.",2023-06-03,False,POSITIVE,4,SOURCE_G_REVIEWS,reviews_2023.csv,2023-06-03T03:46:04.506731450,BATCH-G-20230603
REV-00038309,SKU-0006150,user_59141,Lisa Lawrence,4,"Solid build quality, no complaints.",2023-11-27,False,POSITIVE,1,SOURCE_G_REVIEWS,reviews_2023.csv,2023-11-28T00:13:42.733794116,BATCH-G-20231127
REV-00038314,SKU-0012502,,Anonymous,3,Decent but overpriced a bit.,2023-09-30,True,NEUTRAL,1,SOURCE_G_REVIEWS,reviews_2023.csv,2023-09-30T12:45:06.746861714,BATCH-G-20230930
REV-00038331,SKU-0007664,user_54643,Garrett,2,"Poor packaging, item was defective.",2023-01-02,False,NEGATIVE,0,SOURCE_G_REVIEWS,reviews_2023.csv,2023-01-02T10:28:28.544416268,BATCH-G-20230102
REV-00038342,SKU-0004229,user_10399,Nichole Horne,5,"Matches the description, no issues.",2023-05-17,True,NEUTRAL,1,SOURCE_G_REVIEWS,reviews_2023.csv,2023-05-17T05:25:54.501073394,BATCH-G-20230517
REV-00038352,SKU-0005993,user_69276,Eric Wright,5,Great value for money.,2023-12-29,False,POSITIVE,0,SOURCE_G_REVIEWS,reviews_2023.csv,2023-12-29T16:40:52.796865980,BATCH-G-20231229
REV-00038354,SKU-0015581,user_9001619,Jessica Green,5,"बहुत अच्छा उत्पाद है, पैसा वसूल! Fast delivery and great quality.",2023-02-04,True,POSITIVE,0,SOURCE_G_REVIEWS,reviews_2023.csv,2023-02-05T05:23:10.957025760,BATCH-G-20230204
REV-00038361,SKU-0018564,,Anonymous,4,"Perfect gift, they loved it!",2023-12-13,True,POSITIVE,0,SOURCE_G_REVIEWS,reviews_2023.csv,2023-12-13T22:45:09.796112006,BATCH-G-20231213
REV-00038363,SKU-0016029,user_26624,Robert Davis,3,"Matches the description, no issues.",2023-08-23,True,NEUTRAL,0,SOURCE_G_REVIEWS,reviews_2023.csv,2023-08-23T11:51:24.532590336,BATCH-G-20230823
REV-00038373,SKU-0011042,user_16925,Christina,2,   Arrived  damaged  and  support  was  unhelpful.   ,2023-08-06,True,NEGATIVE,2,SOURCE_G_REVIEWS,reviews_2023.csv,2023-08-06T11:47:49.536136513,BATCH-G-20230806
REV-00038380,SKU-0019653,user_9011057,Robert Brown,3,Excellent rapport qualité-prix.,2023-12-27,True,NEUTRAL,1,SOURCE_G_REVIEWS,reviews_2023.csv,2023-12-27T09:11:54.777952236,BATCH-G-20231227
REV-00038386,SKU-0014132,user_9015598,Kimberly,5,Wrong item was shipped to me.,2023-12-10,True,NEGATIVE,1,SOURCE_G_REVIEWS,reviews_2023.csv,2023-12-11T01:31:30.853524918,BATCH-G-20231210
REV-00038391,SKU-0009302,user_9006199,Bobby,5,"Perfect gift, they loved it! 🔥",2023-08-18,True,POSITIVE,4,SOURCE_G_REVIEWS,reviews_2023.csv,2023-08-18T10:07:20.946986501,BATCH-G-20230818
REV-00038400,SKU-0016953,user_9033777,Elizabeth Miller,1,"   Poor  packaging,  item  was  defective.   ",2023-08-29,True,NEGATIVE,6,SOURCE_G_REVIEWS,reviews_2023.csv,2023-08-29T22:37:18.743754195,BATCH-G-20230829
REV-00038406,SKU-0014884,user_9010730,Dr. Dennis Allen,4,Fast delivery and great quality.,2023-12-19,True,POSITIVE,0,SOURCE_G_REVIEWS,reviews_2023.csv,2023-12-19T17:59:02.570531128,BATCH-G-20231219
REV-00038413,SKU-0000803,user_9022464,Brett Garrett,4,Highly recommend this product.,2023-12-17,False,POSITIVE,5,SOURCE_G_REVIEWS,reviews_2023.csv,2023-12-17T02:47:29.669383909,BATCH-G-20231217
REV-00038425,SKU-0007747,user_23238,Tracy,3,गुणवत्ता ठीक नहीं थी।,2023-01-23,True,NEUTRAL,2,SOURCE_G_REVIEWS,reviews_2023.csv,2023-01-23T09:46:58.752549959,BATCH-G-20230123
REV-00038432,SKU-0016299,user_24730,Kim Young,5,Fast delivery and great quality.,2023-01-18,True,POSITIVE,0,SOURCE_G_REVIEWS,reviews_2023.csv,2023-01-18T17:34:57.535177652,BATCH-G-20230118
REV-00038442,SKU-0014410,user_9021929,Christopher Carpenter,3,"It's okay, does the job.",2023-11-13,True,NEUTRAL,0,SOURCE_G_REVIEWS,reviews_2023.csv,2023-11-13T15:09:32.618765173,BATCH-G-20231113
REV-00038445,SKU-0019555,user_27352,Tracy Johnson,4,"बहुत अच्छा उत्पाद है, पैसा वसूल!",2023-04-21,False,POSITIVE,4,SOURCE_G_REVIEWS,reviews_2023.csv,2023-04-21T16:56:47.274848698,BATCH-G-20230421
REV-00038445-DUP,SKU-0019555,user_27352,Tracy Johnson,4,"बहुत अच्छा उत्पाद है, पैसा वसूल!",2023-04-21,False,POSITIVE,4,SOURCE_G_REVIEWS,reviews_2023.csv,2023-04-21T17:23:47.274848698,BATCH-G-20230421
REV-00038447,SKU-0009296,user_9015135,Julie Hoover,5,Fast delivery and great quality.,2023-10-04,True,POSITIVE,5,SOURCE_G_REVIEWS,reviews_2023.csv,2023-10-04T09:36:11.169875054,BATCH-G-20231004
REV-00038448,SKU-0006001,user_66899,Kimberly Parker DDS,5,Great value for money.,2023-10-27,True,POSITIVE,2,SOURCE_G_REVIEWS,reviews_2023.csv,2023-10-27T12:47:42.209418650,BATCH-G-20231027
REV-00038458,SKU-0003140,,Anonymous,4,Exceeded my expectations.,2023-02-06,True,POSITIVE,0,SOURCE_G_REVIEWS,reviews_2023.csv,2023-02-07T05:54:23.786894336,BATCH-G-20230206
REV-00038460,SKU-0006226,,Anonymous,5,Better than I expected for the price.,2023-08-13,True,POSITIVE,2,SOURCE_G_REVIEWS,reviews_2023.csv,2023-08-13T19:37:44.259046233,BATCH-G-20230813
REV-00038465,SKU-0010616,,Anonymous,4,Fast delivery and great quality.,2023-06-20,False,POSITIVE,1,SOURCE_G_REVIEWS,reviews_2023.csv,2023-06-20T04:07:51.327549089,BATCH-G-20230620
REV-00038468,SKU-0004943,,Anonymous,5,Fast delivery and great quality.,2023-08-08,True,POSITIVE,2,SOURCE_G_REVIEWS,reviews_2023.csv,2023-08-09T03:19:38.252812320,BATCH-G-20230808
REV-00038470,SKU-0008084,user_25861,Erika,3,"Not bad, not great either.",2023-11-14,True,NEUTRAL,3,SOURCE_G_REVIEWS,reviews_2023.csv,2023-11-14T19:19:37.938772610,BATCH-G-20231114
REV-00038480,SKU-0016566,user_8722,Matthew Jones,5,Highly recommend this product.,2023-02-27,True,POSITIVE,1,SOURCE_G_REVIEWS,reviews_2023.csv,2023-02-27T18:53:49.591991965,BATCH-G-20230227
REV-00038493,SKU-0011167,user_10086,Matthew Morrison,4,"Solid build quality, no complaints.",2023-12-05,True,POSITIVE,2,SOURCE_G_REVIEWS,reviews_2023.csv,2023-12-05T16:47:00.239386321,BATCH-G-20231205
REV-00038495,SKU-0003547,,Anonymous,1,No cumplió mis expectativas.,2023-07-08,False,NEGATIVE,3,SOURCE_G_REVIEWS,reviews_2023.csv,2023-07-08T13:32:02.332901947,BATCH-G-20230708
REV-00038511,SKU-0016182,user_35672,Matthew Young,3,"Average quality, nothing special.",2023-03-04,False,NEUTRAL,1,SOURCE_G_REVIEWS,reviews_2023.csv,2023-03-04T04:11:40.038515467,BATCH-G-20230304
REV-00038524,SKU-0015481,user_43492,Mary,3,Stopped working after a week.,2023-03-28,False,NEGATIVE,2,SOURCE_G_REVIEWS,reviews_2023.csv,2023-03-28T12:03:04.180782894,BATCH-G-20230328
REV-00038537,SKU-0000377,,Anonymous,4,"Absolutely love it, works perfectly!",2023-09-12,False,POSITIVE,5,SOURCE_G_REVIEWS,reviews_2023.csv,2023-09-12T17:35:28.672903946,BATCH-G-20230912
REV-00038555,SKU-0003563,user_5698,Robert Johnson,5,Great value for money.,2023-09-22,True,POSITIVE,1,SOURCE_G_REVIEWS,reviews_2023.csv,2023-09-22T21:27:42.995693630,BATCH-G-20230922
REV-00038570,SKU-0009807,user_58053,Daniel Castillo MD,5,"<b>Update:</b>Solid build quality, no complaints.<p>",2023-04-06,True,POSITIVE,3,SOURCE_G_REVIEWS,reviews_2023.csv,2023-04-07T04:37:49.478685261,BATCH-G-20230406
REV-00038572,SKU-0020047,user_6235,Chris,4,Decent but overpriced a bit.,2023-06-08,True,NEUTRAL,1,SOURCE_G_REVIEWS,reviews_2023.csv,2023-06-08T18:29:43.944090711,BATCH-G-20230608
REV-00038574,SKU-0013389,user_2517,Mr.,1,"Waste of money, do not buy.",2023-09-06,False,NEGATIVE,2,SOURCE_G_REVIEWS,reviews_2023.csv,2023-09-06T20:32:34.879336246,BATCH-G-20230906
REV-00038576,SKU-9920087,,Anonymous,3,"   Matches  the  description,  no  issues.   ",2023-11-28,False,NEUTRAL,2,SOURCE_G_REVIEWS,reviews_2023.csv,2023-11-29T01:30:22.008477927,BATCH-G-20231128
REV-00038578,SKU-0004427,,Anonymous,5,"Perfect gift, they loved it!",2023-05-02,True,POSITIVE,2,SOURCE_G_REVIEWS,reviews_2023.csv,2023-05-02T15:05:16.216619215,BATCH-G-20230502
REV-00038579,SKU-0001451,user_9005016,Julie Mclean,4,Fast delivery and great quality.,2023-10-08,True,POSITIVE,14,SOURCE_G_REVIEWS,reviews_2023.csv,2023-10-08T08:23:06.697773147,BATCH-G-20231008
REV-00038584,SKU-9965499,user_30350,Judy Castillo DVM,4,Exceeded my expectations. 😍,2023-10-23,True,POSITIVE,3,SOURCE_G_REVIEWS,reviews_2023.csv,2023-10-24T04:47:36.919073615,BATCH-G-20231023
REV-00038587,SKU-0003420,user_3310,Heidi,3,"Not bad, not great either.",2023-05-18,True,NEUTRAL,16,SOURCE_G_REVIEWS,reviews_2023.csv,2023-05-18T22:48:24.259345662,BATCH-G-20230518
REV-00038601,SKU-0015231,user_46499,Robert,1,"Cheaply made, broke immediately.",2023-10-26,True,NEGATIVE,2,SOURCE_G_REVIEWS,reviews_2023.csv,2023-10-26T10:54:56.247826538,BATCH-G-20231026
REV-00038627,SKU-0006537,user_4051,Christine,2,"Cheaply made, broke immediately.",2023-09-10,True,NEGATIVE,0,SOURCE_G_REVIEWS,reviews_2023.csv,2023-09-10T13:17:09.521033565,BATCH-G-20230910
REV-00038627-DUP,SKU-0006537,user_4051,Christine,2,"Cheaply made, broke immediately.",2023-09-10,True,NEGATIVE,0,SOURCE_G_REVIEWS,reviews_2023.csv,2023-09-10T14:07:09.521033565,BATCH-G-20230910
REV-00038631,SKU-0000958,user_9021889,Nathan Vaughn,5,"Livraison très lente, déçu.",2023-12-20,True,POSITIVE,1,SOURCE_G_REVIEWS,reviews_2023.csv,2023-12-20T22:17:52.349444824,BATCH-G-20231220
REV-00038634,SKU-0004681,user_61478,Tracy Mcguire,1,"Waste of money, do not buy.",2023-06-30,False,NEGATIVE,1,SOURCE_G_REVIEWS,reviews_2023.csv,2023-06-30T04:36:38.339556635,BATCH-G-20230630
REV-00038641,SKU-0011738,user_48444,Christopher,3,"Matches the description, no issues. 😀😀",2023-03-11,False,NEUTRAL,0,SOURCE_G_REVIEWS,reviews_2023.csv,2023-03-11T23:35:14.109237672,BATCH-G-20230311
REV-00038673,SKU-0012908,user_33876,Bryan,6,Works fine but delivery was slow.,2023-12-02,False,NEUTRAL,6,SOURCE_G_REVIEWS,reviews_2023.csv,2023-12-02T09:46:35.711029489,BATCH-G-20231202
REV-00038676,SKU-0004214,user_9019081,Eric Miller,5,Great value for money.,2023-01-11,True,POSITIVE,3,SOURCE_G_REVIEWS,reviews_2023.csv,2023-01-11T13:18:15.959134282,BATCH-G-20230111
REV-00038680,SKU-0011119,,Anonymous,3,Decent but overpriced a bit.,2023-06-18,True,NEUTRAL,2,SOURCE_G_REVIEWS,reviews_2023.csv,2023-06-18T06:18:42.708972582,BATCH-G-20230618
REV-00038681,SKU-9930295,,Anonymous,5,"Exactly as described, very happy.",2023-04-15,True,POSITIVE,5,SOURCE_G_REVIEWS,reviews_2023.csv,2023-04-16T03:39:40.417259610,BATCH-G-20230415
REV-00038688,SKU-0014835,user_9011440,Cesar Lopez,5,Fast delivery and great quality.,2023-06-24,False,POSITIVE,1,SOURCE_G_REVIEWS,reviews_2023.csv,2023-06-25T04:32:11.701610082,BATCH-G-20230624
REV-00038688-DUP,SKU-0014835,user_9011440,Cesar Lopez,5,Fast delivery and great quality.,2023-06-24,False,POSITIVE,1,SOURCE_G_REVIEWS,reviews_2023.csv,2023-06-25T05:05:11.701610082,BATCH-G-20230624
REV-00038697,SKU-0014560,user_64779,Jeremy Beck,3,"Average quality, nothing special.",2023-10-28,True,NEUTRAL,0,SOURCE_G_REVIEWS,reviews_2023.csv,2023-10-28T08:17:18.976629075,BATCH-G-20231028
REV-00038701,SKU-0005144,user_28234,Bradley,4,"Absolutely love it, works perfectly!",2023-01-22,False,POSITIVE,3,SOURCE_G_REVIEWS,reviews_2023.csv,2023-01-22T02:49:39.169186832,BATCH-G-20230122
REV-00038713,SKU-0009104,,Anonymous,5,"Perfect gift, they loved it!",2023-07-12,False,POSITIVE,2,SOURCE_G_REVIEWS,reviews_2023.csv,2023-07-12T20:27:52.260717620,BATCH-G-20230712
REV-00038723,SKU-0019741,,Anonymous,5,Will definitely buy again.,2023-04-24,False,POSITIVE,0,SOURCE_G_REVIEWS,reviews_2023.csv,2023-04-24T16:05:42.232511891,BATCH-G-20230424
REV-00038724,SKU-0011562,user_4229,Thomas,5,"Exactly as described, very happy.",2023-01-04,False,POSITIVE,4,SOURCE_G_REVIEWS,reviews_2023.csv,2023-01-04T05:02:39.023248172,BATCH-G-20230104
REV-00038745,SKU-0016086,user_39756,Tammy,4,Will definitely buy again.,2023-01-01,False,POSITIVE,9,SOURCE_G_REVIEWS,reviews_2023.csv,2023-01-01T06:33:55.753515,BATCH-G-20230101
REV-00038751,SKU-0000415,,Anonymous,3,"It's okay, does the job.",2023-02-06,True,NEUTRAL,0,SOURCE_G_REVIEWS,reviews_2023.csv,2023-02-06T14:43:27.490632113,BATCH-G-20230206
REV-00038771,SKU-0002510,user_67008,Dawn,4,Great value for money.,2023-12-28,False,POSITIVE,0,SOURCE_G_REVIEWS,reviews_2023.csv,2023-12-28T19:03:43.669314256,BATCH-G-20231228
REV-00038774,SKU-0005763,user_9011918,Rodney Patterson,4,Exceeded my expectations.,2023-11-12,False,POSITIVE,7,SOURCE_G_REVIEWS,reviews_2023.csv,2023-11-12T09:22:44.592729325,BATCH-G-20231112
REV-00038781,SKU-0013188,,Anonymous,4,Highly recommend this product.,2023-07-02,True,POSITIVE,2,SOURCE_G_REVIEWS,reviews_2023.csv,2023-07-02T19:44:02.783555585,BATCH-G-20230702
REV-00038787,SKU-0000357,user_6143,Kenneth,4,</p>Exceeded my expectations.&nbsp;,2023-06-24,True,POSITIVE,2,SOURCE_G_REVIEWS,reviews_2023.csv,2023-06-24T04:39:33.228639916,BATCH-G-20230624
REV-00038791,SKU-0006651,user_58064,Amanda Schultz,1,"Cheaply made, broke immediately.",2023-08-31,True,NEGATIVE,0,SOURCE_G_REVIEWS,reviews_2023.csv,2023-08-31T10:22:05.244224584,BATCH-G-20230831
REV-00038805,SKU-0004242,user_22691,John,4,Great value for money.,2023-02-14,False,POSITIVE,0,SOURCE_G_REVIEWS,reviews_2023.csv,2023-02-14T16:03:50.779942325,BATCH-G-20230214
REV-00038826,SKU-0010732,,Anonymous,5,"Solid build quality, no complaints.",2023-11-13,True,POSITIVE,2,SOURCE_G_REVIEWS,reviews_2023.csv,2023-11-13T22:14:14.111042849,BATCH-G-20231113
REV-00038842,SKU-0019785,user_9018614,Alexis Allen,4,"It's okay, does the job.",2023-09-08,False,NEUTRAL,0,SOURCE_G_REVIEWS,reviews_2023.csv,2023-09-08T21:06:04.062423229,BATCH-G-20230908
REV-00038847,SKU-0017112,,Anonymous,5,"Absolutely love it, works perfectly!",2023-09-03,True,POSITIVE,1,SOURCE_G_REVIEWS,reviews_2023.csv,2023-09-03T06:50:14.618608945,BATCH-G-20230903
REV-00038874,SKU-0006658,user_43831,Johnathan Salazar,5,Will definitely buy again.,2023-04-30,False,POSITIVE,7,SOURCE_G_REVIEWS,reviews_2023.csv,2023-04-30T22:58:58.392981986,BATCH-G-20230430
REV-00038898,SKU-0015556,user_67411,Tamara,NULL,"It's okay, does the job.",2023-08-14,True,NEUTRAL,0,SOURCE_G_REVIEWS,reviews_2023.csv,2023-08-14T12:21:03.055200799,BATCH-G-20230814
REV-00038900,SKU-9928782,user_32791,Michael,3,"Average quality, nothing special.",2023-10-05,True,NEUTRAL,3,SOURCE_G_REVIEWS,reviews_2023.csv,2023-10-05T03:48:21.023618464,BATCH-G-20231005
REV-00038901,SKU-0007944,user_9008251,Gregory Hamilton,2,"Poor packaging, item was defective.",2023-03-04,True,NEGATIVE,1,SOURCE_G_REVIEWS,reviews_2023.csv,2023-03-04T08:29:14.722939190,BATCH-G-20230304
REV-00038905,SKU-0019716,user_24369,Jerry Waters,4,NULL,2023-10-19,False,POSITIVE,1,SOURCE_G_REVIEWS,reviews_2023.csv,2023-10-20T01:19:35.459783282,BATCH-G-20231019
REV-00038906,SKU-0005581,user_9028033,James,4,Great value for money.,2023-06-20,False,POSITIVE,4,SOURCE_G_REVIEWS,reviews_2023.csv,2023-06-20T00:37:09.527008240,BATCH-G-20230620
REV-00038908,SKU-0003964,user_50910,Donna Cook,4,No cumplió mis expectativas.,2023-03-29,True,POSITIVE,4,SOURCE_G_REVIEWS,reviews_2023.csv,2023-03-29T06:33:40.399198185,BATCH-G-20230329
REV-00038921,SKU-0009138,user_20350,Tonya Wilson,2,Wrong item was shipped to me.,2023-05-02,False,NEGATIVE,0,SOURCE_G_REVIEWS,reviews_2023.csv,2023-05-02T16:35:50.231354178,BATCH-G-20230502
REV-00038922,SKU-0012270,,Anonymous,2,"Waste of money, do not buy.",2023-07-23,False,NEGATIVE,-2,SOURCE_G_REVIEWS,reviews_2023.csv,2023-07-24T03:13:24.032116059,BATCH-G-20230723
REV-00038922-DUP,SKU-0012270,,Anonymous,2,"Waste of money, do not buy.",2023-07-23,False,NEGATIVE,-2,SOURCE_G_REVIEWS,reviews_2023.csv,2023-07-24T03:25:24.032116059,BATCH-G-20230723
REV-00038926,SKU-0013246,user_9033015,Patrick,4,"बहुत अच्छा उत्पाद है, पैसा वसूल!",2023-02-11,True,POSITIVE,1,SOURCE_G_REVIEWS,reviews_2023.csv,2023-02-11T18:01:12.709565329,BATCH-G-20230211
REV-00038934,SKU-0017021,user_9009849,Krista Jones,1,Arrived damaged and support was unhelpful.,2023-09-10,False,NEGATIVE,0,SOURCE_G_REVIEWS,reviews_2023.csv,2023-09-10T01:50:01.847084158,BATCH-G-20230910
REV-00038941,SKU-0019690,user_37504,Joshua Bass,5,Great value for money.,2023-12-11,False,POSITIVE,2,SOURCE_G_REVIEWS,reviews_2023.csv,2023-12-12T03:50:23.100383306,BATCH-G-20231211
REV-00038943,SKU-0014076,user_9031333,Michelle Gilbert,5,"Livraison très lente, déçu. Will definitely buy again.",2023-08-03,True,POSITIVE,6,SOURCE_G_REVIEWS,reviews_2023.csv,2023-08-04T02:58:10.525091295,BATCH-G-20230803
REV-00038952,SKU-0006724,user_9012237,Brian Moore,4,Great value for money.,2023-07-13,False,POSITIVE,1,SOURCE_G_REVIEWS,reviews_2023.csv,2023-07-13T14:27:37.079026084,BATCH-G-20230713
REV-00038954,SKU-0019008,user_8826,Krista,5,"Absolutely love it, works perfectly!",2023-11-11,True,POSITIVE,1,SOURCE_G_REVIEWS,reviews_2023.csv,2023-11-11T20:39:21.149189263,BATCH-G-20231111
REV-00038969,SKU-0011553,user_43996,Arthur,4,Will definitely buy again.,2023-06-08,False,POSITIVE,2,SOURCE_G_REVIEWS,reviews_2023.csv,2023-06-08T15:30:42.661047951,BATCH-G-20230608
REV-00038972,SKU-0004586,user_9019159,Anita Ramirez,4,Better than I expected for the price.,2023-04-30,True,POSITIVE,6,SOURCE_G_REVIEWS,reviews_2023.csv,2023-04-30T06:08:11.645720835,BATCH-G-20230430
REV-00038987,SKU-0009483,user_46490,Frank Deleon,1,"Waste of money, do not buy.",2023-12-10,True,NEGATIVE,0,SOURCE_G_REVIEWS,reviews_2023.csv,2023-12-10T13:00:02.470582691,BATCH-G-20231210
REV-00039002,SKU-0015432,user_9019782,Neil,5,Better than I expected for the price.,2023-04-17,False,POSITIVE,7,SOURCE_G_REVIEWS,reviews_2023.csv,2023-04-17T05:44:01.273206734,BATCH-G-20230417
REV-00039005,SKU-0008321,user_9001679,Ian Singleton,4,"<br>Perfect gift, they loved it!</p>",2023-11-25,False,POSITIVE,1,SOURCE_G_REVIEWS,reviews_2023.csv,2023-11-25T23:19:56.861029116,BATCH-G-20231125
REV-00039012,SKU-0009845,user_9014741,Tyler Griffith,5,Exceeded my expectations.,2023-03-22,True,POSITIVE,0,SOURCE_G_REVIEWS,reviews_2023.csv,2023-03-22T02:15:37.214543908,BATCH-G-20230322
REV-00039027,SKU-0010545,user_9010735,April Nelson,4,"Exactly as described, very happy.",2023-04-06,False,POSITIVE,8,SOURCE_G_REVIEWS,reviews_2023.csv,2023-04-06T17:55:57.488450675,BATCH-G-20230406
REV-00039032,SKU-0006658,user_40356,Ashley Holder,4,Highly recommend this product.,2023-03-26,True,POSITIVE,1,SOURCE_G_REVIEWS,reviews_2023.csv,2023-03-26T01:46:28.624079374,BATCH-G-20230326
REV-00039040,SKU-0005353,user_9014592,Craig Pearson,4,NA,2023-10-27,False,POSITIVE,7,SOURCE_G_REVIEWS,reviews_2023.csv,2023-10-27T03:16:44.444433659,BATCH-G-20231027
REV-00039041,SKU-0009902,user_9023051,Sarah Velazquez,5,"Exactly as described, very happy.",2023-12-19,True,POSITIVE,0,SOURCE_G_REVIEWS,reviews_2023.csv,2023-12-19T23:40:18.516913338,BATCH-G-20231219
REV-00039043,SKU-0000659,user_42764,Richard,4,Fast delivery and great quality.,2023-04-28,True,POSITIVE,6,SOURCE_G_REVIEWS,reviews_2023.csv,2023-04-28T22:36:41.687526754,BATCH-G-20230428
REV-00039046,SKU-0008478,user_62511,Jasmine Harper,4,"Perfect gift, they loved it!",2023-05-11,True,POSITIVE,2,SOURCE_G_REVIEWS,reviews_2023.csv,2023-05-11T08:18:22.879653031,BATCH-G-20230511
REV-00039046-DUP,SKU-0008478,user_62511,Jasmine Harper,4,"Perfect gift, they loved it!",2023-05-11,True,POSITIVE,2,SOURCE_G_REVIEWS,reviews_2023.csv,2023-05-11T08:20:22.879653031,BATCH-G-20230511
REV-00039047,SKU-0011807,user_32359,Michael Kaufman,5,"Livraison très lente, déçu.",2023-08-25,False,POSITIVE,5,SOURCE_G_REVIEWS,reviews_2023.csv,2023-08-26T03:57:52.036271836,BATCH-G-20230825
REV-00039059,SKU-0009159,,Anonymous,3,Decent but overpriced a bit.,2023-12-19,False,NEUTRAL,2,SOURCE_G_REVIEWS,reviews_2023.csv,2023-12-19T06:04:50.129194988,BATCH-G-20231219
REV-00039070,SKU-0012679,user_28065,Rachel Smith,5,Exceeded my expectations.,2023-12-29,True,POSITIVE,2,SOURCE_G_REVIEWS,reviews_2023.csv,2023-12-29T12:56:27.206949413,BATCH-G-20231229
REV-00039076,SKU-9974039,user_9023273,Jennifer Manning, ,"Perfect gift, they loved it!",2023-01-25,True,POSITIVE,0,SOURCE_G_REVIEWS,reviews_2023.csv,2023-01-25T08:52:55.167677068,BATCH-G-20230125
REV-00039112,SKU-0004124,user_12682,Deborah Mitchell,5,Fast delivery and great quality.,2023-05-30,True,POSITIVE,0,SOURCE_G_REVIEWS,reviews_2023.csv,2023-05-30T11:52:45.381188119,BATCH-G-20230530
REV-00039113,SKU-9949224,user_52751,Patrick Johnson,4,Great value for money.,2023-10-05,True,POSITIVE,0,SOURCE_G_REVIEWS,reviews_2023.csv,2023-10-06T00:41:22.360107573,BATCH-G-20231005
REV-00039121,SKU-0012507,user_25426,Martin Johnson,3,Works fine but delivery was slow.,2023-03-14,False,NEUTRAL,4,SOURCE_G_REVIEWS,reviews_2023.csv,2023-03-14T05:18:22.219949257,BATCH-G-20230314
REV-00039154,SKU-0013410,user_55769,Karen Smith,1,"Cheaply made, broke immediately.",2023-12-12,False,NEGATIVE,2,SOURCE_G_REVIEWS,reviews_2023.csv,2023-12-12T08:29:31.799277117,BATCH-G-20231212
REV-00039158,SKU-0009356,user_9015026,Stephanie Watkins,5,"Muy buen producto, lo recomiendo.",2023-01-05,False,POSITIVE,4,SOURCE_G_REVIEWS,reviews_2023.csv,2023-01-05T17:52:45.648707109,BATCH-G-20230105
REV-00039164,SKU-0005927,user_9001790,Whitney,5,"Solid build quality, no complaints.",2023-01-21,True,POSITIVE,8,SOURCE_G_REVIEWS,reviews_2023.csv,2023-01-21T19:23:24.824768270,BATCH-G-20230121
REV-00039174,SKU-0011996,user_9014116,Laura Rodriguez,3,"Average quality, nothing special. 😐",2023-12-24,True,NEUTRAL,2,SOURCE_G_REVIEWS,reviews_2023.csv,2023-12-24T03:51:13.756308037,BATCH-G-20231224
REV-00039177,SKU-0013355,user_65485,Jeffery Mueller,2,Wrong item was shipped to me.,2023-03-19,True,NEGATIVE,6,SOURCE_G_REVIEWS,reviews_2023.csv,2023-03-19T16:00:49.411094706,BATCH-G-20230319
REV-00039178,SKU-0018925,user_38147,Alejandro Stewart,4,Fast delivery and great quality.,2023-10-06,True,POSITIVE,5,SOURCE_G_REVIEWS,reviews_2023.csv,2023-10-06T17:09:07.508437237,BATCH-G-20231006
REV-00039187,SKU-0007217,user_33421,Curtis Miller,5,<i>edited</i>Highly recommend this product. ⭐💯<br>,2023-06-02,True,POSITIVE,8,SOURCE_G_REVIEWS,reviews_2023.csv,2023-06-02T06:45:11.241405519,BATCH-G-20230602
REV-00039197,SKU-0012100,user_4825,Jessica Combs,5,Great value for money.,2023-04-19,False,POSITIVE,0,SOURCE_G_REVIEWS,reviews_2023.csv,2023-04-19T05:15:48.665847395,BATCH-G-20230419
REV-00039201,SKU-0015012,user_63050,Alicia,3,<br>Works fine but delivery was slow. 😡<i>edited</i>,2023-08-12,False,NEUTRAL,0,SOURCE_G_REVIEWS,reviews_2023.csv,2023-08-12T14:18:51.237686082,BATCH-G-20230812
REV-00039209,SKU-0015913,,Anonymous,4,Great value for money.,2023-11-12,False,POSITIVE,0,SOURCE_G_REVIEWS,reviews_2023.csv,2023-11-12T21:39:53.959519511,BATCH-G-20231112
REV-00039210,SKU-0011629,user_9002935,Alicia Murphy,4,Fast delivery and great quality.,2023-01-04,False,POSITIVE,0,SOURCE_G_REVIEWS,reviews_2023.csv,2023-01-04T14:31:00.079121724,BATCH-G-20230104
REV-00039213,SKU-0016449,user_3729,Kimberly Horton,4,Exceeded my expectations.,2023-08-13,True,POSITIVE,5,SOURCE_G_REVIEWS,reviews_2023.csv,2023-08-13T13:15:15.028767837,BATCH-G-20230813
REV-00039229,SKU-0017400,user_9028233,Karen Martin,5,"Livraison très lente, déçu. Perfect gift, they loved it!",2023-07-23,True,POSITIVE,3,SOURCE_G_REVIEWS,reviews_2023.csv,2023-07-23T10:56:27.810922059,BATCH-G-20230723
REV-00039237,SKU-0011343,,Anonymous,5,Great value for money.,2023-04-03,False,POSITIVE,0,SOURCE_G_REVIEWS,reviews_2023.csv,2023-04-03T15:43:44.935425491,BATCH-G-20230403
REV-00039238,SKU-0008977,,Anonymous,4,,2023-12-22,False,POSITIVE,1,SOURCE_G_REVIEWS,reviews_2023.csv,2023-12-22T16:16:06.845997933,BATCH-G-20231222
REV-00039255,SKU-0004801,user_23740,Robert,1,Stopped working after a week.,2023-08-19,True,NEGATIVE,2,SOURCE_G_REVIEWS,reviews_2023.csv,2023-08-20T03:43:45.551994372,BATCH-G-20230819
REV-00039256,SKU-0008747,user_9033417,Tracy,5,No cumplió mis expectativas. Highly recommend this product.,2023-06-09,True,POSITIVE,0,SOURCE_G_REVIEWS,reviews_2023.csv,2023-06-09T11:12:50.605144735,BATCH-G-20230609
REV-00039260,SKU-0006194,user_14491,Jackson Watkins,5,Will definitely buy again.,2023-01-11,False,POSITIVE,1,SOURCE_G_REVIEWS,reviews_2023.csv,2023-01-11T08:49:26.969793113,BATCH-G-20230111
REV-00039262,SKU-0016745,,Anonymous,4,Highly recommend this product.,2023-10-11,False,POSITIVE,0,SOURCE_G_REVIEWS,reviews_2023.csv,2023-10-11T06:05:49.584094284,BATCH-G-20231011
REV-00039264,SKU-0010151,user_17995,Stephanie Robertson,5,Better than I expected for the price.,2023-04-14,True,POSITIVE,1,SOURCE_G_REVIEWS,reviews_2023.csv,2023-04-14T02:29:37.287235599,BATCH-G-20230414
REV-00039269,SKU-0013148,user_9013610,Richard Webb,4,No cumplió mis expectativas. Fast delivery and great quality.,2023-12-07,True,POSITIVE,0,SOURCE_G_REVIEWS,reviews_2023.csv,2023-12-07T16:11:36.442925010,BATCH-G-20231207
REV-00039272,SKU-0012046,user_9015985,Megan Miller,5,No cumplió mis expectativas.,2023-02-03,False,POSITIVE,1,SOURCE_G_REVIEWS,reviews_2023.csv,2023-02-03T23:44:11.809198640,BATCH-G-20230203
REV-00039276,SKU-0013422,user_9011244,Richard Dickson,5,Will definitely buy again.,2023-12-19,False,POSITIVE,0,SOURCE_G_REVIEWS,reviews_2023.csv,2023-12-19T08:06:54.279409876,BATCH-G-20231219
REV-00039277,SKU-0007061,user_68496,Todd Johnson,5,Will definitely buy again.,2023-09-25,False,POSITIVE,0,SOURCE_G_REVIEWS,reviews_2023.csv,2023-09-26T05:35:50.964032444,BATCH-G-20230925
REV-00039281,SKU-0015447,user_24751,Darren,2,"Poor packaging, item was defective.",2023-04-13,True,NEGATIVE,0,SOURCE_G_REVIEWS,reviews_2023.csv,2023-04-13T04:07:20.086451080,BATCH-G-20230413
REV-00039282,SKU-0015544,user_37026,Kimberly Anderson,5,गुणवत्ता ठीक नहीं थी।,2023-07-28,True,POSITIVE,2,SOURCE_G_REVIEWS,reviews_2023.csv,2023-07-28T20:12:41.316109329,BATCH-G-20230728
REV-00039284,SKU-9953141,user_9032887,Judy Garrison,5,Will definitely buy again.,2023-01-04,True,POSITIVE,3,SOURCE_G_REVIEWS,reviews_2023.csv,2023-01-04T09:34:51.437481874,BATCH-G-20230104
REV-00039291,SKU-0001525,user_9006102,Chad Holland,5,"Solid build quality, no complaints.",2023-02-16,False,POSITIVE,5,SOURCE_G_REVIEWS,reviews_2023.csv,2023-02-16T16:39:46.380344690,BATCH-G-20230216
REV-00039310,SKU-0000968,user_20064,James Collins,4,"   बहुत  अच्छा  उत्पाद  है,  पैसा  वसूल!   ",2023-01-23,True,POSITIVE,0,SOURCE_G_REVIEWS,reviews_2023.csv,2023-01-23T14:36:00.429066683,BATCH-G-20230123
REV-00039311,SKU-9969045,user_9028000,John Carlson,5,Great value for money.,2023-01-06,True,POSITIVE,0,SOURCE_G_REVIEWS,reviews_2023.csv,2023-01-06T22:33:03.978440301,BATCH-G-20230106
REV-00039313,SKU-0018172,user_9025150,Todd Gregory,5,Exceeded my expectations.,2023-11-22,True,POSITIVE,0,SOURCE_G_REVIEWS,reviews_2023.csv,2023-11-23T04:09:41.284391382,BATCH-G-20231122
REV-00039315,SKU-0010997,user_9008080,Marie Brown,4,Fast delivery and great quality.,2023-11-30,True,POSITIVE,2,SOURCE_G_REVIEWS,reviews_2023.csv,2023-11-30T11:09:28.672004506,BATCH-G-20231130
REV-00039318,SKU-0017089,user_67784,Hannah,5,"Perfect gift, they loved it!",2023-10-23,True,POSITIVE,2,SOURCE_G_REVIEWS,reviews_2023.csv,2023-10-24T02:08:12.752900822,BATCH-G-20231023
REV-00039320,SKU-0002981,user_9020420,Destiny,4,"Absolutely love it, works perfectly!",2023-11-07,True,POSITIVE,1,SOURCE_G_REVIEWS,reviews_2023.csv,2023-11-07T13:21:05.113918042,BATCH-G-20231107
REV-00039321,SKU-0010952,user_44598,Charles Short,5,Will definitely buy again.,2023-07-07,False,POSITIVE,11,SOURCE_G_REVIEWS,reviews_2023.csv,2023-07-07T18:07:36.637357653,BATCH-G-20230707
REV-00039329,SKU-0011693,,Anonymous,5,Very disappointed with the quality.,2023-01-03,True,NEGATIVE,0,SOURCE_G_REVIEWS,reviews_2023.csv,2023-01-03T05:25:10.649917999,BATCH-G-20230103
REV-00039333,SKU-0017999,user_62233,Ashley Wheeler,2,Wrong item was shipped to me.,2023-12-17,False,NEGATIVE,2,SOURCE_G_REVIEWS,reviews_2023.csv,2023-12-17T22:52:49.610359868,BATCH-G-20231217
REV-00039336,SKU-0008239,user_9011744,Melissa Thornton,4,"Absolutely love it, works perfectly!",2023-07-17,False,POSITIVE,1,SOURCE_G_REVIEWS,reviews_2023.csv,2023-07-18T01:13:14.941610561,BATCH-G-20230717
REV-00039361,SKU-0003848,user_9017874,Lisa Marquez,4,"Poor packaging, item was defective.",2023-07-09,False,NEGATIVE,0,SOURCE_G_REVIEWS,reviews_2023.csv,2023-07-10T00:19:57.975877679,BATCH-G-20230709
REV-00039364,SKU-0003452,user_9030489,Christian Ruiz,5,Fast delivery and great quality.,2023-02-01,False,POSITIVE,0,SOURCE_G_REVIEWS,reviews_2023.csv,2023-02-01T01:37:53.703915149,BATCH-G-20230201
REV-00039368,SKU-0013826,user_56223,Nathan,2,Very disappointed with the quality.,2023-06-15,False,NEGATIVE,1,SOURCE_G_REVIEWS,reviews_2023.csv,2023-06-16T02:35:49.136072422,BATCH-G-20230615
REV-00039370,SKU-0012404,user_45950,Michael Lucas,4,"Exactly as described, very happy.",2023-11-11,True,POSITIVE,0,SOURCE_G_REVIEWS,reviews_2023.csv,2023-11-11T05:58:57.929869222,BATCH-G-20231111
REV-00039371,SKU-0004196,user_28239,Julie Flores,5,"Absolutely love it, works perfectly!",2023-08-18,True,POSITIVE,0,SOURCE_G_REVIEWS,reviews_2023.csv,2023-08-18T19:15:20.213309908,BATCH-G-20230818
REV-00039378,SKU-0006418,user_9009130,Carrie Luna,5,Will definitely buy again.,2023-01-06,True,POSITIVE,0,SOURCE_G_REVIEWS,reviews_2023.csv,2023-01-06T02:00:32.195595943,BATCH-G-20230106
REV-00039381,SKU-0019942,,Anonymous,2,Very disappointed with the quality.,2023-07-20,True,NEGATIVE,4,SOURCE_G_REVIEWS,reviews_2023.csv,2023-07-21T04:51:00.777470911,BATCH-G-20230720
REV-00039385,SKU-0011762,,Anonymous,5,Exceeded my expectations.,2023-11-25,False,POSITIVE,2,SOURCE_G_REVIEWS,reviews_2023.csv,2023-11-25T10:55:27.732828016,BATCH-G-20231125
REV-00039401,SKU-0004532,user_51920,Melissa Cook,5,Highly recommend this product.,2023-01-17,True,POSITIVE,0,SOURCE_G_REVIEWS,reviews_2023.csv,2023-01-18T00:02:54.344308546,BATCH-G-20230117
REV-00039404,SKU-0005577,user_167,Steven Moore,3,Works fine but delivery was slow.,2023-08-15,False,NEUTRAL,0,SOURCE_G_REVIEWS,reviews_2023.csv,2023-08-16T02:49:28.656112060,BATCH-G-20230815
REV-00039404-DUP,SKU-0005577,user_167,Steven Moore,3,Works fine but delivery was slow.,2023-08-15,False,NEUTRAL,0,SOURCE_G_REVIEWS,reviews_2023.csv,2023-08-16T02:51:28.656112060,BATCH-G-20230815
REV-00039412,SKU-9985986,,Anonymous,5,"Absolutely love it, works perfectly!",2023-12-17,True,POSITIVE,2,SOURCE_G_REVIEWS,reviews_2023.csv,2023-12-17T13:19:36.029629852,BATCH-G-20231217
REV-00039417,SKU-0003567,user_52259,Kimberly,5,"Solid build quality, no complaints.",2023-04-17,True,POSITIVE,2,SOURCE_G_REVIEWS,reviews_2023.csv,2023-04-17T09:37:30.181328273,BATCH-G-20230417
REV-00039422,SKU-0011989,user_9000498,William Holt,4,"Solid build quality, no complaints.",2023-04-25,True,POSITIVE,3,SOURCE_G_REVIEWS,reviews_2023.csv,2023-04-25T18:17:54.238027158,BATCH-G-20230425
REV-00039434,SKU-0011966,user_32789,Kimberly Sharp,3,"Average quality, nothing special.",2023-09-07,False,NEUTRAL,3,SOURCE_G_REVIEWS,reviews_2023.csv,2023-09-08T04:07:17.733333964,BATCH-G-20230907
REV-00039450,SKU-0002929,user_9026223,Deborah,5,Fast delivery and great quality.,2023-03-25,True,POSITIVE,4,SOURCE_G_REVIEWS,reviews_2023.csv,2023-03-25T08:55:44.751939397,BATCH-G-20230325
REV-00039451,SKU-0006364,,Anonymous,5,Great value for money.,2023-04-09,False,POSITIVE,4,SOURCE_G_REVIEWS,reviews_2023.csv,2023-04-09T15:09:03.763050879,BATCH-G-20230409
REV-00039458,SKU-0008713,user_7304,William Stout,5,Will definitely buy again.,2023-07-17,True,POSITIVE,0,SOURCE_G_REVIEWS,reviews_2023.csv,2023-07-17T04:49:32.343634303,BATCH-G-20230717
REV-00039460,SKU-0017848,user_9004453,Melissa Holmes,2,Excellent rapport qualité-prix.,2023-06-23,True,NEGATIVE,3,SOURCE_G_REVIEWS,reviews_2023.csv,2023-06-23T03:06:34.411762962,BATCH-G-20230623
REV-00039465,SKU-0015465,user_9018370,John,5,Better than I expected for the price.,2023-11-28,False,POSITIVE,0,SOURCE_G_REVIEWS,reviews_2023.csv,2023-11-28T11:24:40.106846191,BATCH-G-20231128
REV-00039472,SKU-0004760,user_9011904,Jennifer,,Highly recommend this product.,2023-11-25,False,POSITIVE,1,SOURCE_G_REVIEWS,reviews_2023.csv,2023-11-26T00:23:56.892070710,BATCH-G-20231125
REV-00039480,SKU-0006883,user_27463,Margaret,5,Will definitely buy again.,2023-03-22,False,POSITIVE,5,SOURCE_G_REVIEWS,reviews_2023.csv,2023-03-22T06:13:19.222237641,BATCH-G-20230322
REV-00039482,SKU-0003804,user_9031312,Kevin White,4,Exceeded my expectations.,2023-12-16,False,POSITIVE,0,SOURCE_G_REVIEWS,reviews_2023.csv,2023-12-16T07:58:58.477072854,BATCH-G-20231216
REV-00039498,SKU-0017758,,Anonymous,1,No cumplió mis expectativas.,2023-01-24,True,NEGATIVE,1,SOURCE_G_REVIEWS,reviews_2023.csv,2023-01-24T11:56:35.816323606,BATCH-G-20230124
REV-00039501,SKU-0019578,user_9006333,Mallory Young,3,"It's okay, does the job.",2023-03-03,True,NEUTRAL,2,SOURCE_G_REVIEWS,reviews_2023.csv,2023-03-03T03:16:10.227597331,BATCH-G-20230303
REV-00039513,SKU-0008422,user_29227,Brian,5,"Perfect gift, they loved it!",2023-02-26,False,POSITIVE,1,SOURCE_G_REVIEWS,reviews_2023.csv,2023-02-26T18:39:32.633773119,BATCH-G-20230226
REV-00039515,SKU-0013911,user_9003980,Patrick Mcdonald,4,"Absolutely love it, works perfectly!",2023-06-17,True,POSITIVE,3,SOURCE_G_REVIEWS,reviews_2023.csv,2023-06-17T11:04:49.120475355,BATCH-G-20230617
REV-00039521,SKU-0006167,user_29863,Raymond Brown,5,"Solid build quality, no complaints.",2023-02-23,True,POSITIVE,0,SOURCE_G_REVIEWS,reviews_2023.csv,2023-02-23T02:54:44.028822170,BATCH-G-20230223
REV-00039522,SKU-9972784,user_9034836,Jacqueline,4,Highly recommend this product.,2023-07-14,False,POSITIVE,0,SOURCE_G_REVIEWS,reviews_2023.csv,2023-07-15T00:28:30.552306545,BATCH-G-20230714
REV-00039528,SKU-0002379,user_5707,Kevin,4,Will definitely buy again.,2023-01-24,False,POSITIVE,13,SOURCE_G_REVIEWS,reviews_2023.csv,2023-01-24T19:33:09.336361333,BATCH-G-20230124
REV-00039556,SKU-0009766,user_9003080,Brian Simpson,5,Highly recommend this product.,2023-12-19,False,POSITIVE,0,SOURCE_G_REVIEWS,reviews_2023.csv,2023-12-19T14:02:57.408948945,BATCH-G-20231219
REV-00039557,SKU-0001046,user_1104,Heidi Martinez,5,   <br>Highly  recommend  this  product.<i>edited</i>   ,2023-10-26,False,POSITIVE,1,SOURCE_G_REVIEWS,reviews_2023.csv,2023-10-26T18:33:52.791245080,BATCH-G-20231026
REV-00039559,SKU-0002140,user_9026509,Erika Robertson,5,"Perfect gift, they loved it!",2023-12-22,True,POSITIVE,0,SOURCE_G_REVIEWS,reviews_2023.csv,2023-12-22T10:59:32.343091869,BATCH-G-20231222
REV-00039566,SKU-0004392,,Anonymous,3,"Average quality, nothing special.",2023-01-23,True,NEUTRAL,0,SOURCE_G_REVIEWS,reviews_2023.csv,2023-01-23T10:41:50.349771121,BATCH-G-20230123
REV-00039577,SKU-0011734,,Anonymous,3,"Average quality, nothing special.",2023-08-31,False,NEUTRAL,2,SOURCE_G_REVIEWS,reviews_2023.csv,2023-08-31T09:49:48.053272727,BATCH-G-20230831
REV-00039589,SKU-0016221,,Anonymous,5,"Perfect gift, they loved it!",2023-12-19,False,POSITIVE,9,SOURCE_G_REVIEWS,reviews_2023.csv,2023-12-19T20:53:53.043843216,BATCH-G-20231219
REV-00039593,SKU-0016874,,Anonymous,4,"Solid build quality, no complaints.",2023-11-06,True,POSITIVE,1,SOURCE_G_REVIEWS,reviews_2023.csv,2023-11-06T03:46:48.799698680,BATCH-G-20231106
REV-00039595,SKU-0015752,user_23501,Leslie Morrison,1,"Muy buen producto, lo recomiendo.",2023-03-10,True,NEGATIVE,1,SOURCE_G_REVIEWS,reviews_2023.csv,2023-03-10T23:15:02.690355907,BATCH-G-20230310
REV-00039597,SKU-0019394,user_9002738,Richard Conway,2,"Poor packaging, item was defective.",2023-01-22,True,NEGATIVE,3,SOURCE_G_REVIEWS,reviews_2023.csv,2023-01-23T01:07:46.282255905,BATCH-G-20230122
REV-00039600,SKU-0019026,user_9029837,Danielle,3,"Average quality, nothing special. 🔥😐",2023-07-26,False,NEUTRAL,3,SOURCE_G_REVIEWS,reviews_2023.csv,2023-07-26T14:01:29.050096243,BATCH-G-20230726
REV-00039602,SKU-0015709,user_9011677,James Boyle,2,"Waste of money, do not buy.",2023-09-03,False,NEGATIVE,4,SOURCE_G_REVIEWS,reviews_2023.csv,2023-09-03T05:22:08.284745521,BATCH-G-20230903
REV-00039603,SKU-0012166,user_9013534,Rebecca Pierce,5,Fast delivery and great quality.,2023-01-03,True,POSITIVE,4,SOURCE_G_REVIEWS,reviews_2023.csv,2023-01-03T07:40:25.877171823,BATCH-G-20230103
REV-00039624,SKU-0000092,user_61090,Jeffrey Carrillo,4,Highly recommend this product.,2023-11-11,True,POSITIVE,0,SOURCE_G_REVIEWS,reviews_2023.csv,2023-11-11T17:26:35.951999416,BATCH-G-20231111
REV-00039628,SKU-0019182,,Anonymous,5,Better than I expected for the price.,2023-07-14,False,POSITIVE,1,SOURCE_G_REVIEWS,reviews_2023.csv,2023-07-14T13:47:06.636892071,BATCH-G-20230714
REV-00039633,SKU-0011244,,Anonymous,5,Highly recommend this product.,2023-06-03,False,POSITIVE,0,SOURCE_G_REVIEWS,reviews_2023.csv,2023-06-03T05:30:48.086848135,BATCH-G-20230603
REV-00039636,SKU-0001036,,Anonymous,4,"Matches the description, no issues.",2023-07-22,True,NEUTRAL,1,SOURCE_G_REVIEWS,reviews_2023.csv,2023-07-22T23:55:28.894228809,BATCH-G-20230722
REV-00039639,SKU-0018504,user_9028324,Edward Steele,3,"<br>Matches the description, no issues.<i>edited</i>",2023-12-10,True,NEUTRAL,3,SOURCE_G_REVIEWS,reviews_2023.csv,2023-12-10T19:20:08.864184633,BATCH-G-20231210
REV-00039644,SKU-0012538,user_9019899,Martin,2,Excellent rapport qualité-prix.,2023-11-23,True,NEGATIVE,3,SOURCE_G_REVIEWS,reviews_2023.csv,2023-11-23T03:19:54.135724609,BATCH-G-20231123
REV-00039656,SKU-0015467,user_9019173,Angelica,2,Not as described at all.,2023-01-07,False,NEGATIVE,4,SOURCE_G_REVIEWS,reviews_2023.csv,2023-01-07T15:27:03.088772498,BATCH-G-20230107
REV-00039664,SKU-0001272,user_69284,Eric Johnson,5,"Absolutely love it, works perfectly!",2023-08-21,True,POSITIVE,0,SOURCE_G_REVIEWS,reviews_2023.csv,2023-08-22T04:53:27.628788056,BATCH-G-20230821
REV-00039669,SKU-0016422,user_9012149,Ruth Carroll,5,Exceeded my expectations.,2023-06-11,False,POSITIVE,2,SOURCE_G_REVIEWS,reviews_2023.csv,2023-06-11T02:38:56.507433160,BATCH-G-20230611
REV-00039698,SKU-0000701,user_9020894,James Dougherty,4,Better than I expected for the price.,2023-12-25,False,POSITIVE,1,SOURCE_G_REVIEWS,reviews_2023.csv,2023-12-25T02:15:30.147902404,BATCH-G-20231225
REV-00039711,SKU-0003326,,Anonymous,5,"Perfect gift, they loved it!",2023-02-02,True,POSITIVE,3,SOURCE_G_REVIEWS,reviews_2023.csv,2023-02-02T04:32:55.410719285,BATCH-G-20230202
REV-00039720,SKU-0013261,user_9024647,Kimberly Herman MD,4,Better than I expected for the price. 😢,2023-11-26,True,POSITIVE,4,SOURCE_G_REVIEWS,reviews_2023.csv,2023-11-26T15:25:36.437786815,BATCH-G-20231126
REV-00039721,SKU-0012381,user_9021719,Tara,5,"Solid build quality, no complaints.",2023-12-13,True,POSITIVE,0,SOURCE_G_REVIEWS,reviews_2023.csv,2023-12-14T05:08:34.684461776,BATCH-G-20231213
REV-00039730,SKU-0014647,user_3338,Courtney,NULL,"Cheaply made, broke immediately.",2023-03-31,True,NEGATIVE,11,SOURCE_G_REVIEWS,reviews_2023.csv,2023-03-31T00:40:46.968874705,BATCH-G-20230331
REV-00039741,SKU-0007642,user_42067,Tracy,3,Decent but overpriced a bit.,2023-07-22,True,NEUTRAL,2,SOURCE_G_REVIEWS,reviews_2023.csv,2023-07-22T16:47:34.066193571,BATCH-G-20230722
REV-00039744,SKU-0017089,user_9016037,Jessica Jones,5,Better than I expected for the price.,2023-02-02,True,POSITIVE,1,SOURCE_G_REVIEWS,reviews_2023.csv,2023-02-02T07:04:24.712657205,BATCH-G-20230202
REV-00039749,SKU-0013926,user_9012466,Julie Nguyen,2,Stopped working after a week.,2023-06-21,True,NEGATIVE,2,SOURCE_G_REVIEWS,reviews_2023.csv,2023-06-21T19:53:40.187350225,BATCH-G-20230621
REV-00039763,SKU-0010680,user_9031941,George Gardner,4,"Exactly as described, very happy.",2023-04-07,False,POSITIVE,0,SOURCE_G_REVIEWS,reviews_2023.csv,2023-04-07T11:51:55.190036738,BATCH-G-20230407
REV-00039766,SKU-0010945,user_46688,Heather,5,Fast delivery and great quality.,2023-04-21,True,POSITIVE,11,SOURCE_G_REVIEWS,reviews_2023.csv,2023-04-21T16:43:01.325004120,BATCH-G-20230421
REV-00039776,SKU-0007388,user_5755,Willie Diaz,1,null,2023-08-29,True,NEGATIVE,2,SOURCE_G_REVIEWS,reviews_2023.csv,2023-08-29T11:53:17.847825823,BATCH-G-20230829
REV-00039782,SKU-0001633,user_42186,Michael Castaneda,3,Works fine but delivery was slow. 😐🔥,2023-11-24,False,NEUTRAL,5,SOURCE_G_REVIEWS,reviews_2023.csv,2023-11-25T04:45:03.393764793,BATCH-G-20231124
REV-00039783,SKU-0012221,,Anonymous,1,"Waste of money, do not buy.",2023-08-17,True,NEGATIVE,0,SOURCE_G_REVIEWS,reviews_2023.csv,2023-08-17T05:24:04.914377375,BATCH-G-20230817
REV-00039789,SKU-0009450,,Anonymous,4,Better than I expected for the price.,2023-05-08,False,POSITIVE,0,SOURCE_G_REVIEWS,reviews_2023.csv,2023-05-08T09:09:52.504724295,BATCH-G-20230508
REV-00039798,SKU-0000501,user_2043,Alyssa Benitez MD,4,   Better  than  I  expected  for  the  price.   ,2023-10-02,True,POSITIVE,2,SOURCE_G_REVIEWS,reviews_2023.csv,2023-10-02T03:14:23.763736966,BATCH-G-20231002
REV-00039815,SKU-9985131,user_65322,Karen Williams,2,Very disappointed with the quality.,2023-02-04,True,NEGATIVE,0,SOURCE_G_REVIEWS,reviews_2023.csv,2023-02-05T02:48:48.352048625,BATCH-G-20230204
REV-00039818,SKU-0014379,,Anonymous,5,Fast delivery and great quality.,2023-12-14,True,POSITIVE,2,SOURCE_G_REVIEWS,reviews_2023.csv,2023-12-15T00:08:36.200662468,BATCH-G-20231214
REV-00039820,SKU-0007602,user_25084,Raven Novak,4,"Solid build quality, no complaints.",2023-04-17,True,POSITIVE,5,SOURCE_G_REVIEWS,reviews_2023.csv,2023-04-17T01:04:15.859023273,BATCH-G-20230417
REV-00039827,SKU-0001901,user_9019444,Leah,2,"Waste of money, do not buy.",2023-11-22,True,NEGATIVE,3,SOURCE_G_REVIEWS,reviews_2023.csv,2023-11-22T00:48:57.995349021,BATCH-G-20231122
REV-00039838,SKU-0002649,,Anonymous,4,"Solid build quality, no complaints.",2023-11-05,False,POSITIVE,2,SOURCE_G_REVIEWS,reviews_2023.csv,2023-11-05T21:53:40.335028357,BATCH-G-20231105
REV-00039840,SKU-0005244,,Anonymous,4,Great value for money.,2023-10-18,False,POSITIVE,3,SOURCE_G_REVIEWS,reviews_2023.csv,2023-10-19T05:32:09.627397221,BATCH-G-20231018
REV-00039843,SKU-0014197,,Anonymous,4,"बहुत अच्छा उत्पाद है, पैसा वसूल! Exceeded my expectations.",2023-03-20,True,POSITIVE,0,SOURCE_G_REVIEWS,reviews_2023.csv,2023-03-20T05:15:31.250173539,BATCH-G-20230320
REV-00039845,SKU-0019949,user_18276,Laura,3,Decent but overpriced a bit.,2023-01-26,True,NEUTRAL,1,SOURCE_G_REVIEWS,reviews_2023.csv,2023-01-26T08:33:54.046962007,BATCH-G-20230126
REV-00039848,SKU-0007155,user_46829,Kevin Crane,1,"Exactly as described, very happy.",2023-05-26,True,POSITIVE,2,SOURCE_G_REVIEWS,reviews_2023.csv,2023-05-26T11:24:43.131803447,BATCH-G-20230526
REV-00039854,SKU-0009256,,Anonymous,3,"Matches the description, no issues.",2023-09-04,False,NEUTRAL,0,SOURCE_G_REVIEWS,reviews_2023.csv,2023-09-04T07:39:16.974008264,BATCH-G-20230904
REV-00039872,SKU-0015798,user_7926,Mark Collins,5,Great value for money.,2023-06-24,False,POSITIVE,3,SOURCE_G_REVIEWS,reviews_2023.csv,2023-06-24T07:27:57.560141560,BATCH-G-20230624
REV-00039892,SKU-0018771,,Anonymous,4,Will definitely buy again.,2023-09-18,True,POSITIVE,2,SOURCE_G_REVIEWS,reviews_2023.csv,2023-09-18T11:05:11.481525779,BATCH-G-20230918
REV-00039930,SKU-0011950,user_9013875,Samuel Brennan,5,Great value for money.,2023-12-11,False,POSITIVE,6,SOURCE_G_REVIEWS,reviews_2023.csv,2023-12-12T01:35:43.441405784,BATCH-G-20231211
REV-00039940,SKU-0016308,,Anonymous,4,"Exactly as described, very happy.",2023-07-09,False,POSITIVE,0,SOURCE_G_REVIEWS,reviews_2023.csv,2023-07-09T16:58:36.115553435,BATCH-G-20230709
REV-00039950,SKU-0009131,user_30576,Miss Phyllis Melton MD,5,Highly recommend this product.,2023-04-10,True,POSITIVE,0,SOURCE_G_REVIEWS,reviews_2023.csv,2023-04-10T05:37:56.442757599,BATCH-G-20230410
REV-00039951,SKU-0007556,,Anonymous,4,Highly recommend this product.,2023-08-19,True,POSITIVE,5,SOURCE_G_REVIEWS,reviews_2023.csv,2023-08-20T05:43:38.644368375,BATCH-G-20230819
REV-00039959,SKU-0015155,user_9004476,Michael,6,"Matches the description, no issues.",2023-07-25,False,NEUTRAL,9,SOURCE_G_REVIEWS,reviews_2023.csv,2023-07-25T03:02:46.552672261,BATCH-G-20230725
REV-00039968,SKU-0006154,,Anonymous,5,Fast delivery and great quality.,2023-05-05,True,POSITIVE,1,SOURCE_G_REVIEWS,reviews_2023.csv,2023-05-05T10:50:27.193550952,BATCH-G-20230505
REV-00039974,SKU-0020087,user_37331,David Harris,5,"Solid build quality, no complaints.",2023-07-17,False,POSITIVE,1,SOURCE_G_REVIEWS,reviews_2023.csv,2023-07-18T05:55:51.332632451,BATCH-G-20230717
REV-00039981,SKU-0014984,user_9616,Miss Kimberly Williams,2,Wrong item was shipped to me.,2023-01-07,True,NEGATIVE,0,SOURCE_G_REVIEWS,reviews_2023.csv,2023-01-07T02:15:19.303304180,BATCH-G-20230107
REV-00039985,SKU-0001182,user_9024633,Thomas Parker,4,Will definitely buy again.,2023-12-29,False,POSITIVE,3,SOURCE_G_REVIEWS,reviews_2023.csv,2023-12-29T10:49:50.348394268,BATCH-G-20231229
REV-00040000,SKU-0003511,,Anonymous,5,<i>edited</i>Exceeded my expectations.<br>,2023-10-06,False,POSITIVE,0,SOURCE_G_REVIEWS,reviews_2023.csv,2023-10-06T12:50:18.223443454,BATCH-G-20231006
REV-00040001,SKU-0005499,user_9012831,William,5,"Perfect gift, they loved it!",2023-01-20,True,POSITIVE,0,SOURCE_G_REVIEWS,reviews_2023.csv,2023-01-20T16:07:37.931894286,BATCH-G-20230120
REV-00040010,SKU-0008253,,Anonymous,3,"   Matches  the  description,  no  issues.   ",2023-10-23,False,NEUTRAL,1,SOURCE_G_REVIEWS,reviews_2023.csv,2023-10-24T00:12:12.318183617,BATCH-G-20231023
REV-00040018,SKU-0017963,user_9012342,Mason Brown,4,Great value for money.,2023-09-17,True,POSITIVE,0,SOURCE_G_REVIEWS,reviews_2023.csv,2023-09-17T22:14:00.753314292,BATCH-G-20230917
REV-00040021,SKU-0019400,user_6109,Steven Adams,4,Fast delivery and great quality.,2023-12-20,False,POSITIVE,0,SOURCE_G_REVIEWS,reviews_2023.csv,2023-12-20T01:35:59.072666253,BATCH-G-20231220
REV-00040042,SKU-0009162,user_69481,Molly Odonnell,4,Highly recommend this product.,2023-02-11,False,POSITIVE,1,SOURCE_G_REVIEWS,reviews_2023.csv,2023-02-12T03:32:00.337338439,BATCH-G-20230211
REV-00040042-DUP,SKU-0009162,user_69481,Molly Odonnell,4,Highly recommend this product.,2023-02-11,False,POSITIVE,1,SOURCE_G_REVIEWS,reviews_2023.csv,2023-02-12T04:26:00.337338439,BATCH-G-20230211
REV-00040073,SKU-0007167,,Anonymous,2,Stopped working after a week.,2023-12-06,True,NEGATIVE,5,SOURCE_G_REVIEWS,reviews_2023.csv,2023-12-06T11:18:12.793280045,BATCH-G-20231206
REV-00040078,SKU-0019595,user_15294,Linda Hall,4,Great value for money.,2023-02-18,True,POSITIVE,2,SOURCE_G_REVIEWS,reviews_2023.csv,2023-02-18T11:57:56.965157533,BATCH-G-20230218
REV-00040078-BOT,SKU-0019595,user_9021013,Paul Romero,4,Great value for money.,2023-02-18,False,POSITIVE,0,SOURCE_G_REVIEWS,reviews_2023.csv,2023-02-18T11:57:56.965157533,BATCH-G-20230218
REV-00040080,SKU-0019123,user_9016922,Tracy Johnson,3,Works fine but delivery was slow.,2023-05-21,True,NEUTRAL,4,SOURCE_G_REVIEWS,reviews_2023.csv,2023-05-21T15:56:43.062909640,BATCH-G-20230521
REV-00040086,SKU-0005572,user_11798,Courtney Mendez,5,Great value for money.,2023-11-03,True,POSITIVE,0,SOURCE_G_REVIEWS,reviews_2023.csv,2023-11-04T01:11:38.481792854,BATCH-G-20231103
REV-00040091,SKU-0018902,user_10801,Carrie Hoffman,5,Fast delivery and great quality.,2023-06-25,True,POSITIVE,2,SOURCE_G_REVIEWS,reviews_2023.csv,2023-06-25T13:44:25.828994869,BATCH-G-20230625
REV-00040107,SKU-0017725,user_9029891,Jason Martin,4,Highly recommend this product.,2023-11-28,False,POSITIVE,1,SOURCE_G_REVIEWS,reviews_2023.csv,2023-11-28T03:26:10.752466809,BATCH-G-20231128
REV-00040110,SKU-0011273,user_9003710,Phillip Lewis,5,Better than I expected for the price.,2023-05-02,False,POSITIVE,3,SOURCE_G_REVIEWS,reviews_2023.csv,2023-05-02T01:17:35.017009555,BATCH-G-20230502
REV-00040117,SKU-0018162,user_32546,David,4,Will definitely buy again.,2023-07-19,False,POSITIVE,3,SOURCE_G_REVIEWS,reviews_2023.csv,2023-07-19T17:11:21.003313184,BATCH-G-20230719
REV-00040124,SKU-0016567,user_5031,Nicholas Serrano,4,"Perfect gift, they loved it!",2023-01-01,False,POSITIVE,4,SOURCE_G_REVIEWS,reviews_2023.csv,2023-01-01T20:14:55.438033556,BATCH-G-20230101
REV-00040126,SKU-0002191,user_9001722,Dana Tapia,5,"Absolutely love it, works perfectly!",2023-02-03,True,POSITIVE,5,SOURCE_G_REVIEWS,reviews_2023.csv,2023-02-03T05:02:09.106766258,BATCH-G-20230203
REV-00040128,SKU-0009983,user_46590,Jeffery Leach,5,"Perfect gift, they loved it!",2023-05-17,False,POSITIVE,0,SOURCE_G_REVIEWS,reviews_2023.csv,2023-05-17T05:07:07.208727698,BATCH-G-20230517
REV-00040137,SKU-0019362,user_9015589,Amanda Bowman,4,&nbsp;Will definitely buy again.<i>edited</i>,2023-01-14,True,POSITIVE,4,SOURCE_G_REVIEWS,reviews_2023.csv,2023-01-14T12:37:12.524978073,BATCH-G-20230114
REV-00040139,SKU-0008921,user_59325,Daniel Jimenez,NA,Arrived damaged and support was unhelpful.,2023-03-25,False,NEGATIVE,6,SOURCE_G_REVIEWS,reviews_2023.csv,2023-03-25T01:29:13.559325382,BATCH-G-20230325
REV-00040150,SKU-0011155,user_9024579,Margaret Krueger,4,Great value for money.,2023-07-27,True,POSITIVE,0,SOURCE_G_REVIEWS,reviews_2023.csv,2023-07-28T00:56:13.535783932,BATCH-G-20230727
REV-00040171,SKU-0011135,user_33417,James Brooks,4,"Exactly as described, very happy. 💯😡",2023-02-26,False,POSITIVE,2,SOURCE_G_REVIEWS,reviews_2023.csv,2023-02-27T03:14:30.258174613,BATCH-G-20230226
REV-00040178,SKU-0004667,user_67333,David,4,Exceeded my expectations.,2023-08-19,True,POSITIVE,14,SOURCE_G_REVIEWS,reviews_2023.csv,2023-08-20T01:05:06.392227647,BATCH-G-20230819
REV-00040184,SKU-0006057,user_60378,Lauren,4,"   Perfect  gift,  they  loved  it!   ",2023-04-10,True,POSITIVE,2,SOURCE_G_REVIEWS,reviews_2023.csv,2023-04-10T11:50:57.992083370,BATCH-G-20230410
REV-00040185,SKU-0006591,user_38628,Joshua Tate,5,Fast delivery and great quality. 😐,2023-07-28,True,POSITIVE,0,SOURCE_G_REVIEWS,reviews_2023.csv,2023-07-28T10:00:58.506854039,BATCH-G-20230728
REV-00040187,SKU-0009664,,Anonymous,3,"Average quality, nothing special.",2023-07-28,True,NEUTRAL,4,SOURCE_G_REVIEWS,reviews_2023.csv,2023-07-28T12:50:17.835355087,BATCH-G-20230728
REV-00040193,SKU-0003849,user_9018545,Kelli Wagner,5,"Exactly as described, very happy.",2023-10-24,True,POSITIVE,0,SOURCE_G_REVIEWS,reviews_2023.csv,2023-10-24T22:45:20.972650445,BATCH-G-20231024
REV-00040202,SKU-0007606,user_9009252,Elizabeth Sutton,5,Exceeded my expectations.,2023-10-20,True,POSITIVE,1,SOURCE_G_REVIEWS,reviews_2023.csv,2023-10-20T00:46:25.348639201,BATCH-G-20231020
REV-00040208,SKU-0006866,user_9027865,Martha,5,Great value for money.,2023-12-18,False,POSITIVE,1,SOURCE_G_REVIEWS,reviews_2023.csv,2023-12-18T01:05:41.667291505,BATCH-G-20231218
REV-00040211,SKU-0003032,user_9028418,Cheryl,5,Highly recommend this product.,2023-11-26,False,POSITIVE,4,SOURCE_G_REVIEWS,reviews_2023.csv,2023-11-26T07:55:05.296675901,BATCH-G-20231126
REV-00040216,SKU-0018258,user_62503,Joshua Phelps,4,Fast delivery and great quality.,2023-07-10,True,POSITIVE,0,SOURCE_G_REVIEWS,reviews_2023.csv,2023-07-10T09:15:30.367319603,BATCH-G-20230710
REV-00040216-DUP,SKU-0018258,user_62503,Joshua Phelps,4,Fast delivery and great quality.,2023-07-10,True,POSITIVE,0,SOURCE_G_REVIEWS,reviews_2023.csv,2023-07-10T09:54:30.367319603,BATCH-G-20230710
REV-00040217,SKU-0011293,user_9027050,Deborah,NA,"Perfect gift, they loved it!",2023-09-21,True,POSITIVE,7,SOURCE_G_REVIEWS,reviews_2023.csv,2023-09-22T01:23:16.375399567,BATCH-G-20230921
REV-00040226,SKU-0008936,user_8057,Jacob Hayes, ,Very disappointed with the quality.,2023-04-20,False,NEGATIVE,2,SOURCE_G_REVIEWS,reviews_2023.csv,2023-04-20T02:20:39.210897991,BATCH-G-20230420
REV-00040237,SKU-0008355,user_9034701,Jessica Francis,2,Stopped working after a week.,2023-06-05,True,NEGATIVE,8,SOURCE_G_REVIEWS,reviews_2023.csv,2023-06-05T18:04:33.927386478,BATCH-G-20230605
REV-00040239,SKU-0008218,user_9008806,Alicia Bailey,2,"Cheaply made, broke immediately.",2023-05-03,False,NEGATIVE,7,SOURCE_G_REVIEWS,reviews_2023.csv,2023-05-03T05:25:35.002259602,BATCH-G-20230503
REV-00040245,SKU-0009421,,Anonymous,5,"Exactly as described, very happy.",2023-11-18,False,POSITIVE,2,SOURCE_G_REVIEWS,reviews_2023.csv,2023-11-18T17:10:42.200454839,BATCH-G-20231118
REV-00040256,SKU-0010101,,Anonymous,,Great value for money.,2023-08-28,True,POSITIVE,4,SOURCE_G_REVIEWS,reviews_2023.csv,2023-08-28T16:07:08.379568993,BATCH-G-20230828
REV-00040257,SKU-0000455,user_62891,Carolyn Harris,3,"Muy buen producto, lo recomiendo.",2023-02-06,False,NEUTRAL,3,SOURCE_G_REVIEWS,reviews_2023.csv,2023-02-06T22:14:11.982309455,BATCH-G-20230206
REV-00040280,SKU-9966608,user_9019617,Elizabeth Daniel DDS,5,Great value for money.,2023-12-18,True,POSITIVE,12,SOURCE_G_REVIEWS,reviews_2023.csv,2023-12-18T20:26:26.934123733,BATCH-G-20231218
REV-00040289,SKU-0010974,user_9007843,Ashley Chase,5,Better than I expected for the price.,2023-07-19,True,POSITIVE,2,SOURCE_G_REVIEWS,reviews_2023.csv,2023-07-19T17:40:50.072095118,BATCH-G-20230719
REV-00040310,SKU-0012783,user_9025329,Dawn Williams,1,"Cheaply made, broke immediately.",2023-07-01,True,NEGATIVE,5,SOURCE_G_REVIEWS,reviews_2023.csv,2023-07-01T10:48:40.711685569,BATCH-G-20230701
REV-00040330,SKU-0012101,,Anonymous,3,"   Not  bad,  not  great  either.  💯   ",2023-01-29,True,NEUTRAL,4,SOURCE_G_REVIEWS,reviews_2023.csv,2023-01-29T03:17:28.797477499,BATCH-G-20230129
REV-00040339,SKU-0005470,,Anonymous,1,"बहुत अच्छा उत्पाद है, पैसा वसूल!",2023-01-13,False,NEGATIVE,1,SOURCE_G_REVIEWS,reviews_2023.csv,2023-01-13T19:16:25.945604627,BATCH-G-20230113
REV-00040340,SKU-0005653,user_33659,Amanda Smith,4,Better than I expected for the price.,2023-09-22,True,POSITIVE,5,SOURCE_G_REVIEWS,reviews_2023.csv,2023-09-22T04:57:07.501211691,BATCH-G-20230922
REV-00040342,SKU-0003552,user_9013091,Jordan Good,4,Better than I expected for the price.,2023-09-26,True,POSITIVE,2,SOURCE_G_REVIEWS,reviews_2023.csv,2023-09-26T18:40:20.717448853,BATCH-G-20230926
REV-00040363,SKU-0018358,user_43825,Bradley Clark,5,Fast delivery and great quality.,2023-12-24,True,POSITIVE,1,SOURCE_G_REVIEWS,reviews_2023.csv,2023-12-24T18:23:52.986456314,BATCH-G-20231224
REV-00040371,SKU-0003805,user_9028889,Jose,5,No cumplió mis expectativas.,2023-09-11,False,POSITIVE,-1,SOURCE_G_REVIEWS,reviews_2023.csv,2023-09-11T11:22:20.778695853,BATCH-G-20230911
REV-00040379,SKU-0017872,user_9014133,Mallory Hinton,3,"Not bad, not great either.",2023-03-02,False,NEUTRAL,5,SOURCE_G_REVIEWS,reviews_2023.csv,2023-03-03T04:07:58.508150529,BATCH-G-20230302
REV-00040383,SKU-0013035,user_30306,Tina Whitney,2,"Cheaply made, broke immediately.",2023-07-09,True,NEGATIVE,5,SOURCE_G_REVIEWS,reviews_2023.csv,2023-07-09T23:40:45.516521209,BATCH-G-20230709
REV-00040387,SKU-0016028,user_9011489,James Simon,4,Great value for money.,2023-08-28,True,POSITIVE,1,SOURCE_G_REVIEWS,reviews_2023.csv,2023-08-29T04:32:45.652602210,BATCH-G-20230828
REV-00040414,SKU-0019779,user_9001805,Alexander Stewart,5,   Fast  delivery  and  great  quality.   ,2023-12-16,False,POSITIVE,0,SOURCE_G_REVIEWS,reviews_2023.csv,2023-12-16T17:14:37.707110942,BATCH-G-20231216
REV-00040417,SKU-0000417,user_39551,Derek Cochran,1,"Cheaply made, broke immediately.",2023-05-13,True,NEGATIVE,3,SOURCE_G_REVIEWS,reviews_2023.csv,2023-05-13T18:18:45.600524656,BATCH-G-20230513
REV-00040420,SKU-0006582,,Anonymous,1,"Poor packaging, item was defective.",2023-12-25,True,NEGATIVE,2,SOURCE_G_REVIEWS,reviews_2023.csv,2023-12-25T02:45:25.618775191,BATCH-G-20231225
REV-00040427,SKU-9934262,user_9032700,Christina Wilson,4,"Waste of money, do not buy.",2023-11-14,True,NEGATIVE,3,SOURCE_G_REVIEWS,reviews_2023.csv,2023-11-14T03:08:57.947402089,BATCH-G-20231114
REV-00040437,SKU-0014601,user_67483,Gregory Howe,5,Fast delivery and great quality.,2023-04-06,True,POSITIVE,5,SOURCE_G_REVIEWS,reviews_2023.csv,2023-04-06T21:48:49.958878958,BATCH-G-20230406
REV-00040441,SKU-0015100,,Anonymous,,"Absolutely love it, works perfectly!",2023-11-30,True,POSITIVE,1,SOURCE_G_REVIEWS,reviews_2023.csv,2023-11-30T04:14:42.440386181,BATCH-G-20231130
REV-00040447,SKU-0003125,,Anonymous,5,Exceeded my expectations.,2023-03-10,True,POSITIVE,0,SOURCE_G_REVIEWS,reviews_2023.csv,2023-03-10T12:23:40.019476214,BATCH-G-20230310
REV-00040452,SKU-0008919,user_9028715,John Larson,5,Great value for money.,2023-05-13,False,POSITIVE,4,SOURCE_G_REVIEWS,reviews_2023.csv,2023-05-14T05:58:23.619569455,BATCH-G-20230513
REV-00040470,SKU-0014577,user_34967,Corey,4,"Absolutely love it, works perfectly!",2023-01-06,True,POSITIVE,4,SOURCE_G_REVIEWS,reviews_2023.csv,2023-01-06T23:43:54.707542753,BATCH-G-20230106
REV-00040487,SKU-0007997,,Anonymous,4,Highly recommend this product.,2023-01-26,True,POSITIVE,14,SOURCE_G_REVIEWS,reviews_2023.csv,2023-01-27T00:37:46.767879450,BATCH-G-20230126
REV-00040491,SKU-0001330,,Anonymous,5,"Absolutely love it, works perfectly!",2023-03-18,True,POSITIVE,0,SOURCE_G_REVIEWS,reviews_2023.csv,2023-03-18T06:08:54.101220867,BATCH-G-20230318
REV-00040494,SKU-0018160,user_9008299,Zachary,1,Not as described at all.,2023-01-26,False,NEGATIVE,3,SOURCE_G_REVIEWS,reviews_2023.csv,2023-01-26T11:06:43.786581618,BATCH-G-20230126
REV-00040534,SKU-0019845,user_9005919,Michael,5,Exceeded my expectations.,2023-12-28,True,POSITIVE,0,SOURCE_G_REVIEWS,reviews_2023.csv,2023-12-28T06:30:16.468136317,BATCH-G-20231228
REV-00040535,SKU-0017095,,Anonymous,5,Fast delivery and great quality.,2023-09-06,False,POSITIVE,5,SOURCE_G_REVIEWS,reviews_2023.csv,2023-09-06T15:09:17.752483660,BATCH-G-20230906
REV-00040542,SKU-0008840,user_33406,John Gomez,1,Very disappointed with the quality.,2023-11-28,False,NEGATIVE,11,SOURCE_G_REVIEWS,reviews_2023.csv,2023-11-29T04:28:36.591972801,BATCH-G-20231128
REV-00040573,SKU-0008256,,Anonymous,4,Will definitely buy again.,2023-04-28,True,POSITIVE,0,SOURCE_G_REVIEWS,reviews_2023.csv,2023-04-28T07:09:48.487142908,BATCH-G-20230428
REV-00040579,SKU-0003506,user_7782,Brad Warren,5,"Absolutely love it, works perfectly!",2023-04-19,True,POSITIVE,6,SOURCE_G_REVIEWS,reviews_2023.csv,2023-04-19T19:39:54.934022716,BATCH-G-20230419
REV-00040593,SKU-0009294,user_296,Matthew Gay,5,Fast delivery and great quality.,2023-04-14,True,POSITIVE,0,SOURCE_G_REVIEWS,reviews_2023.csv,2023-04-15T02:58:36.990292713,BATCH-G-20230414
REV-00040615,SKU-0002444,,Anonymous,5,"Average quality, nothing special.",2023-01-26,True,NEUTRAL,1,SOURCE_G_REVIEWS,reviews_2023.csv,2023-01-26T17:56:30.729294671,BATCH-G-20230126
REV-00040624,SKU-9993600,user_9030665,Joshua,2,Stopped working after a week.,2023-06-03,False,NEGATIVE,1,SOURCE_G_REVIEWS,reviews_2023.csv,2023-06-03T11:42:09.654081800,BATCH-G-20230603
REV-00040642,SKU-0014702,user_9026925,Rebecca,1,"Not bad, not great either.",2023-03-05,True,NEUTRAL,5,SOURCE_G_REVIEWS,reviews_2023.csv,2023-03-05T09:28:48.260180899,BATCH-G-20230305
REV-00040658,SKU-0012424,user_60943,David Garcia,4,"Solid build quality, no complaints.",2023-12-30,True,POSITIVE,15,SOURCE_G_REVIEWS,reviews_2023.csv,2023-12-31T03:57:30.102854894,BATCH-G-20231230
REV-00040659,SKU-0017341,,Anonymous,5,Highly recommend this product.,2023-03-30,True,POSITIVE,1,SOURCE_G_REVIEWS,reviews_2023.csv,2023-03-30T20:14:12.925585159,BATCH-G-20230330
REV-00040662,SKU-0006602,,Anonymous,4,No cumplió mis expectativas.,2023-09-04,True,POSITIVE,0,SOURCE_G_REVIEWS,reviews_2023.csv,2023-09-05T02:50:49.091737230,BATCH-G-20230904
REV-00040664,SKU-0010293,user_29308,Lori Aguilar,5,Better than I expected for the price.,2023-02-11,False,POSITIVE,11,SOURCE_G_REVIEWS,reviews_2023.csv,2023-02-11T14:24:15.155813525,BATCH-G-20230211
REV-00040674,SKU-0014456,,Anonymous,3,गुणवत्ता ठीक नहीं थी।,2023-12-24,True,NEUTRAL,0,SOURCE_G_REVIEWS,reviews_2023.csv,2023-12-24T17:20:24.510273049,BATCH-G-20231224
REV-00040682,SKU-0000376,user_9006174,John Ayala,5,Fast delivery and great quality.,2023-12-05,True,POSITIVE,5,SOURCE_G_REVIEWS,reviews_2023.csv,2023-12-05T03:14:52.350233223,BATCH-G-20231205
REV-00040693,SKU-0006621,user_9025275,Vincent,1,Stopped working after a week.,2023-07-24,True,NEGATIVE,2,SOURCE_G_REVIEWS,reviews_2023.csv,2023-07-25T00:39:29.293828035,BATCH-G-20230724
REV-00040700,SKU-0010884,user_65664,Nathan Good,5,Better than I expected for the price.,2023-01-23,False,POSITIVE,1,SOURCE_G_REVIEWS,reviews_2023.csv,2023-01-23T06:50:24.689641498,BATCH-G-20230123
REV-00040705,SKU-0014010,user_9030035,James,5,-,2023-10-15,False,POSITIVE,1,SOURCE_G_REVIEWS,reviews_2023.csv,2023-10-15T01:49:28.298967552,BATCH-G-20231015
REV-00040705-DUP,SKU-0014010,user_9030035,James,5,-,2023-10-15,False,POSITIVE,1,SOURCE_G_REVIEWS,reviews_2023.csv,2023-10-15T02:26:28.298967552,BATCH-G-20231015
REV-00040710,SKU-0010456,user_9010177,Harold Herman,2,Very disappointed with the quality.,2023-10-10,True,NEGATIVE,3,SOURCE_G_REVIEWS,reviews_2023.csv,2023-10-10T18:58:29.553813186,BATCH-G-20231010
REV-00040721,SKU-0002529,user_56875,Daniel,4,Highly recommend this product.,2023-07-04,True,POSITIVE,0,SOURCE_G_REVIEWS,reviews_2023.csv,2023-07-04T20:02:33.060148064,BATCH-G-20230704
REV-00040730,SKU-0017062,user_67358,Kimberly,5,Highly recommend this product.,2023-06-30,True,POSITIVE,8,SOURCE_G_REVIEWS,reviews_2023.csv,2023-06-30T12:02:47.227869275,BATCH-G-20230630
REV-00040750,SKU-0006545,user_9034350,Lori,1,Stopped working after a week.,2023-04-23,True,NEGATIVE,0,SOURCE_G_REVIEWS,reviews_2023.csv,2023-04-23T16:37:53.266251908,BATCH-G-20230423
REV-00040752,SKU-0013636,user_39381,Ethan,5,"Absolutely love it, works perfectly!",2023-05-07,False,POSITIVE,3,SOURCE_G_REVIEWS,reviews_2023.csv,2023-05-07T19:48:05.492812388,BATCH-G-20230507
REV-00040779,SKU-0001585,,Anonymous,2,"Waste of money, do not buy.",2023-03-06,False,NEGATIVE,2,SOURCE_G_REVIEWS,reviews_2023.csv,2023-03-07T04:56:23.959799998,BATCH-G-20230306
REV-00040782,SKU-0007371,user_9028803,Kimberly,4,Great value for money.,2023-08-23,True,POSITIVE,7,SOURCE_G_REVIEWS,reviews_2023.csv,2023-08-23T21:46:43.062883920,BATCH-G-20230823
REV-00040783,SKU-0003754,,Anonymous,5,Better than I expected for the price. 🙏,2023-02-09,True,POSITIVE,1,SOURCE_G_REVIEWS,reviews_2023.csv,2023-02-10T04:49:52.955492771,BATCH-G-20230209
REV-00040783-DUP,SKU-0003754,,Anonymous,5,Better than I expected for the price. 🙏,2023-02-09,True,POSITIVE,1,SOURCE_G_REVIEWS,reviews_2023.csv,2023-02-10T05:26:52.955492771,BATCH-G-20230209
REV-00040811,SKU-0019294,user_41077,Matthew,4,"   <p>Not  bad,  not  great  either.<b>Update:</b>   ",2023-01-02,False,NEUTRAL,2,SOURCE_G_REVIEWS,reviews_2023.csv,2023-01-02T21:27:48.733460522,BATCH-G-20230102
REV-00040819,SKU-0002499,user_11168,Mckenzie,4,Highly recommend this product.,2023-12-19,False,POSITIVE,3,SOURCE_G_REVIEWS,reviews_2023.csv,2023-12-31T21:00:00,BATCH-G-20231219
REV-00040828,SKU-0017552,,Anonymous,1,Decent but overpriced a bit.,2023-06-06,False,NEUTRAL,0,SOURCE_G_REVIEWS,reviews_2023.csv,2023-06-06T23:59:14.478325028,BATCH-G-20230606
REV-00040835,SKU-0008108,user_9008799,Hannah Armstrong,5,Better than I expected for the price.,2023-12-16,False,POSITIVE,6,SOURCE_G_REVIEWS,reviews_2023.csv,2023-12-16T02:26:11.502705715,BATCH-G-20231216
REV-00040845,SKU-0001005,user_68539,Tracy Kelly,-,Will definitely buy again.,2023-11-08,False,POSITIVE,13,SOURCE_G_REVIEWS,reviews_2023.csv,2023-11-08T03:21:24.070784627,BATCH-G-20231108
REV-00040849,SKU-0013681,user_9009866,Sergio Oneal,1,"Average quality, nothing special.",2023-04-22,False,NEUTRAL,4,SOURCE_G_REVIEWS,reviews_2023.csv,2023-04-22T20:15:19.982114757,BATCH-G-20230422
REV-00040851,SKU-0017252,,Anonymous,5,"Absolutely love it, works perfectly!",2023-12-15,False,POSITIVE,1,SOURCE_G_REVIEWS,reviews_2023.csv,2023-12-16T00:15:38.628431150,BATCH-G-20231215
REV-00040852,SKU-0001083,user_58982,Gregory Rice,2,Arrived damaged and support was unhelpful.,2023-03-06,True,NEGATIVE,8,SOURCE_G_REVIEWS,reviews_2023.csv,2023-03-07T01:55:01.382386788,BATCH-G-20230306
REV-00040858,SKU-9920783,user_9010032,Sarah,2,"Cheaply made, broke immediately.",2023-06-27,False,NEGATIVE,2,SOURCE_G_REVIEWS,reviews_2023.csv,2023-06-27T01:41:06.297784442,BATCH-G-20230627
REV-00040864,SKU-0003135,user_22822,Tanya,5,Highly recommend this product.,2023-03-25,True,POSITIVE,1,SOURCE_G_REVIEWS,reviews_2023.csv,2023-03-26T05:48:36.244623739,BATCH-G-20230325
REV-00040880,SKU-0017087,user_5104,Anita,4,</p>Highly recommend this product.<p>,2023-07-01,True,POSITIVE,0,SOURCE_G_REVIEWS,reviews_2023.csv,2023-07-01T21:39:22.095040121,BATCH-G-20230701
REV-00040886,SKU-0006857,user_68362,Sandra Harding,4,Fast delivery and great quality.,2023-09-09,True,POSITIVE,0,SOURCE_G_REVIEWS,reviews_2023.csv,2023-09-09T07:25:54.765912143,BATCH-G-20230909
REV-00040887,SKU-0002656,user_9005332,Mary Johnson,-,"बहुत अच्छा उत्पाद है, पैसा वसूल! Not as described at all.",2023-12-07,True,NEGATIVE,1,SOURCE_G_REVIEWS,reviews_2023.csv,2023-12-07T06:04:01.745173271,BATCH-G-20231207
REV-00040902,SKU-0017653,user_9000838,Karen Allen,2,Not as described at all.,2023-07-14,False,NEGATIVE,2,SOURCE_G_REVIEWS,reviews_2023.csv,2023-07-14T18:08:50.420462980,BATCH-G-20230714
REV-00040913,SKU-0000934,user_9018483,Lisa Smith,4,Better than I expected for the price.,2023-10-05,False,POSITIVE,1,SOURCE_G_REVIEWS,reviews_2023.csv,2023-10-05T14:11:43.463207485,BATCH-G-20231005
REV-00040918,SKU-0014213,user_24768,Robert Shelton,3,Decent but overpriced a bit.,2023-06-03,True,NEUTRAL,1,SOURCE_G_REVIEWS,reviews_2023.csv,2023-06-03T19:09:51.544299979,BATCH-G-20230603
REV-00040920,SKU-0009726,user_37735,Eric,5,"Perfect gift, they loved it!",2023-07-18,False,POSITIVE,0,SOURCE_G_REVIEWS,reviews_2023.csv,2023-07-18T01:27:28.343871036,BATCH-G-20230718
REV-00040921,SKU-0014710,user_9027658,Tracey Pennington,5,Exceeded my expectations.,2023-05-26,True,POSITIVE,0,SOURCE_G_REVIEWS,reviews_2023.csv,2023-05-26T02:57:10.704812783,BATCH-G-20230526
REV-00040923,SKU-0000302,user_9020495,Heather,5,Better than I expected for the price.,2023-02-11,False,POSITIVE,0,SOURCE_G_REVIEWS,reviews_2023.csv,2023-02-11T05:28:21.380593373,BATCH-G-20230211
REV-00040930,SKU-0013930,user_9003657,Ross Glenn,1,Arrived damaged and support was unhelpful.,2023-04-12,False,NEGATIVE,1,SOURCE_G_REVIEWS,reviews_2023.csv,2023-04-12T15:21:07.579066432,BATCH-G-20230412
REV-00040931,SKU-0007444,user_67272,Jessica Zimmerman,5,"Absolutely love it, works perfectly!",2023-09-12,True,POSITIVE,0,SOURCE_G_REVIEWS,reviews_2023.csv,2023-09-12T11:16:02.677657153,BATCH-G-20230912
REV-00040937,SKU-0010424,user_9014369,Lauren Rhodes,5,Highly recommend this product.,2023-09-15,False,POSITIVE,0,SOURCE_G_REVIEWS,reviews_2023.csv,2023-09-16T04:43:19.815045120,BATCH-G-20230915
REV-00040946,SKU-0013245,user_9001252,Mario Brooks,2,"Waste of money, do not buy.",2023-09-24,True,NEGATIVE,4,SOURCE_G_REVIEWS,reviews_2023.csv,2023-09-24T08:33:41.875324765,BATCH-G-20230924
REV-00040948,SKU-0004832,user_9034873,Timothy,5,Great value for money.,2023-03-20,True,POSITIVE,0,SOURCE_G_REVIEWS,reviews_2023.csv,2023-03-20T07:22:24.272299976,BATCH-G-20230320
REV-00040955,SKU-0003377,user_9000757,Amy,4,Fast delivery and great quality.,2023-10-21,True,POSITIVE,6,SOURCE_G_REVIEWS,reviews_2023.csv,2023-10-21T10:25:26.791368251,BATCH-G-20231021
REV-00040956,SKU-0009608,user_9013263,Veronica Hernandez,4,No cumplió mis expectativas.,2023-10-27,False,POSITIVE,3,SOURCE_G_REVIEWS,reviews_2023.csv,2023-10-27T02:58:20.750103521,BATCH-G-20231027
REV-00040961,SKU-0017004,user_68885,Roberto Martin,2,"Poor packaging, item was defective.",2023-01-13,True,NEGATIVE,1,SOURCE_G_REVIEWS,reviews_2023.csv,2023-01-14T05:38:01.864037120,BATCH-G-20230113
REV-00040986,SKU-0004124,user_29831,Sue Jordan,4,"Absolutely love it, works perfectly!",2023-03-31,True,POSITIVE,0,SOURCE_G_REVIEWS,reviews_2023.csv,2023-03-31T05:37:51.841589742,BATCH-G-20230331
REV-00040987,SKU-0014211,,Anonymous,3,Decent but overpriced a bit.,2023-12-13,True,NEUTRAL,0,SOURCE_G_REVIEWS,reviews_2023.csv,2023-12-13T05:11:05.298551218,BATCH-G-20231213
REV-00040989,SKU-0018957,user_7264,Cynthia Yu,4,Better than I expected for the price.,2023-04-18,True,POSITIVE,5,SOURCE_G_REVIEWS,reviews_2023.csv,2023-04-18T21:23:53.899578238,BATCH-G-20230418
REV-00040991,SKU-0001444,user_68714,Christopher Robinson,5,"Exactly as described, very happy.",2023-11-23,False,POSITIVE,0,SOURCE_G_REVIEWS,reviews_2023.csv,2023-11-23T04:49:31.520027268,BATCH-G-20231123
REV-00040997,SKU-0015354,user_9002482,Richard Martin,4,Fast delivery and great quality.,2023-10-23,True,POSITIVE,8,SOURCE_G_REVIEWS,reviews_2023.csv,2023-10-24T01:50:01.585850649,BATCH-G-20231023
REV-00041002,SKU-0012655,user_64327,David,5,Highly recommend this product.,2023-08-10,True,POSITIVE,5,SOURCE_G_REVIEWS,reviews_2023.csv,2023-08-10T06:57:23.737719732,BATCH-G-20230810
REV-00041007,SKU-0003894,user_9020257,Krystal Nguyen,3,"It's okay, does the job.",2023-05-06,True,NEUTRAL,1,SOURCE_G_REVIEWS,reviews_2023.csv,2023-05-06T18:42:15.430118491,BATCH-G-20230506
REV-00041016,SKU-0002197,,Anonymous,5,"Solid build quality, no complaints.",2023-07-28,True,POSITIVE,2,SOURCE_G_REVIEWS,reviews_2023.csv,2023-07-28T03:47:56.344998916,BATCH-G-20230728
REV-00041017,SKU-0015852,,Anonymous,3,Works fine but delivery was slow.,2023-05-03,True,NEUTRAL,2,SOURCE_G_REVIEWS,reviews_2023.csv,2023-05-03T06:16:58.361568181,BATCH-G-20230503
REV-00041051,SKU-0019673,user_32378,Tim Hughes,2,</p>Wrong item was shipped to me.<b>Update:</b>,2023-05-02,False,NEGATIVE,5,SOURCE_G_REVIEWS,reviews_2023.csv,2023-05-03T01:03:14.551650080,BATCH-G-20230502
REV-00041066,SKU-0000108,user_9032139,Lisa Dennis,3,Decent but overpriced a bit.,2023-12-06,True,NEUTRAL,2,SOURCE_G_REVIEWS,reviews_2023.csv,2023-12-06T01:09:54.348840346,BATCH-G-20231206
REV-00041069,SKU-0002852,user_59713,John Stuart,2,"Waste of money, do not buy.",2023-11-27,True,NEGATIVE,1,SOURCE_G_REVIEWS,reviews_2023.csv,2023-11-27T08:02:45.457980691,BATCH-G-20231127
REV-00041070,SKU-0009125,user_59805,Cristina Smith,4,"बहुत अच्छा उत्पाद है, पैसा वसूल!",2023-11-27,True,NEGATIVE,0,SOURCE_G_REVIEWS,reviews_2023.csv,2023-11-27T23:21:58.096050969,BATCH-G-20231127
REV-00041070-DUP,SKU-0009125,user_59805,Cristina Smith,4,"बहुत अच्छा उत्पाद है, पैसा वसूल!",2023-11-27,True,NEGATIVE,0,SOURCE_G_REVIEWS,reviews_2023.csv,2023-11-28T00:19:58.096050969,BATCH-G-20231127
REV-00041075,SKU-0003890,user_40968,Sarah Johnson,1,Arrived damaged and support was unhelpful.,2023-02-02,True,NEGATIVE,3,SOURCE_G_REVIEWS,reviews_2023.csv,2023-02-03T04:24:18.567969179,BATCH-G-20230202
REV-00041076,SKU-0017173,user_61335,Thomas,4,"Exactly as described, very happy.",2023-12-28,True,POSITIVE,0,SOURCE_G_REVIEWS,reviews_2023.csv,2023-12-28T13:54:45.631042148,BATCH-G-20231228
REV-00041081,SKU-0019511,,Anonymous,4,"Matches the description, no issues.",2023-08-17,True,NEUTRAL,0,SOURCE_G_REVIEWS,reviews_2023.csv,2023-08-17T11:05:21.539645856,BATCH-G-20230817
REV-00041097,SKU-0011357,user_9030877,Candace Graham,5,"Absolutely love it, works perfectly! 😍",2023-06-17,True,POSITIVE,0,SOURCE_G_REVIEWS,reviews_2023.csv,2023-06-18T02:55:45.690097323,BATCH-G-20230617
REV-00041097-DUP,SKU-0011357,user_9030877,Candace Graham,5,"Absolutely love it, works perfectly! 😍",2023-06-17,True,POSITIVE,0,SOURCE_G_REVIEWS,reviews_2023.csv,2023-06-18T02:59:45.690097323,BATCH-G-20230617
REV-00041100,SKU-0006987,user_9000353,Robert Wilkins,1,Stopped working after a week.,2023-11-09,False,NEGATIVE,4,SOURCE_G_REVIEWS,reviews_2023.csv,2023-11-09T07:28:56.373374045,BATCH-G-20231109
REV-00041120,SKU-0013053,user_9004236,Joseph Brown,4,"Poor packaging, item was defective.",2023-01-23,True,NEGATIVE,2,SOURCE_G_REVIEWS,reviews_2023.csv,2023-01-23T10:50:59.818168050,BATCH-G-20230123
REV-00041121,SKU-0016809,user_7815,Sarah Medina,4,Stopped working after a week.,2023-10-20,True,NEGATIVE,3,SOURCE_G_REVIEWS,reviews_2023.csv,2023-10-20T02:43:03.958604987,BATCH-G-20231020
REV-00041122,SKU-0015315,,Anonymous,2,"   Muy  buen  producto,  lo  recomiendo.  Waste  of  money,  do  not  buy.   ",2023-09-03,False,NEGATIVE,8,SOURCE_G_REVIEWS,reviews_2023.csv,2023-09-03T03:15:43.750179333,BATCH-G-20230903
REV-00041123,SKU-0018839,user_9004140,Gregory,5,"Livraison très lente, déçu. Great value for money.",2023-10-01,True,POSITIVE,5,SOURCE_G_REVIEWS,reviews_2023.csv,2023-10-01T21:24:44.440010391,BATCH-G-20231001
REV-00041124,SKU-0014731,user_9003231,David,5,"&nbsp;Absolutely love it, works perfectly!<i>edited</i>",2023-09-27,False,POSITIVE,4,SOURCE_G_REVIEWS,reviews_2023.csv,2023-09-27T05:01:25.397559792,BATCH-G-20230927
REV-00041129,SKU-0001843,user_30017,Charlene Carlson,5,"Absolutely love it, works perfectly!",2023-09-23,False,POSITIVE,0,SOURCE_G_REVIEWS,reviews_2023.csv,2023-09-23T15:19:11.688251236,BATCH-G-20230923
REV-00041154,SKU-0009036,user_9003836,Jonathan,3,No cumplió mis expectativas.,2023-11-26,False,NEUTRAL,0,SOURCE_G_REVIEWS,reviews_2023.csv,2023-11-26T17:31:28.071950896,BATCH-G-20231126
REV-00041159,SKU-0007635,user_9014373,Stacy,4,"Perfect gift, they loved it!",2023-07-08,False,POSITIVE,1,SOURCE_G_REVIEWS,reviews_2023.csv,2023-07-08T21:20:24.802970907,BATCH-G-20230708
REV-00041162,SKU-0002679,,Anonymous,5,"Absolutely love it, works perfectly!",2023-04-17,True,POSITIVE,1,SOURCE_G_REVIEWS,reviews_2023.csv,2023-04-18T01:46:46.886773553,BATCH-G-20230417
REV-00041177,SKU-0019535,user_9023859,Shannon Miles,1,"Cheaply made, broke immediately.",2023-12-16,False,NEGATIVE,7,SOURCE_G_REVIEWS,reviews_2023.csv,2023-12-16T15:41:40.912843514,BATCH-G-20231216
REV-00041193,SKU-0012933,user_9367,Matthew Lyons,4,"Exactly as described, very happy.",2023-03-11,False,POSITIVE,0,SOURCE_G_REVIEWS,reviews_2023.csv,2023-03-29T03:00:00,BATCH-G-20230311
REV-00041195,SKU-0009771,user_9021542,Richard Flores,1,"Waste of money, do not buy.",2023-11-26,False,NEGATIVE,0,SOURCE_G_REVIEWS,reviews_2023.csv,2023-11-26T01:01:11.732882239,BATCH-G-20231126
REV-00041197,SKU-0018056,user_44890,Miguel,4,"Perfect gift, they loved it!",2023-02-09,True,POSITIVE,0,SOURCE_G_REVIEWS,reviews_2023.csv,2023-02-09T18:30:11.624952808,BATCH-G-20230209
REV-00041202,SKU-9976602,user_9028859,Brittany Ball,4,"Solid build quality, no complaints.",2023-10-06,True,POSITIVE,0,SOURCE_G_REVIEWS,reviews_2023.csv,2023-10-06T08:19:18.482823146,BATCH-G-20231006
REV-00041216,SKU-0018667,,Anonymous,3,</p>Decent but overpriced a bit.&nbsp;,2023-12-08,True,NEUTRAL,1,SOURCE_G_REVIEWS,reviews_2023.csv,2023-12-08T01:08:55.928241021,BATCH-G-20231208
REV-00041225,SKU-0012096,user_57733,Allison Frazier,4,Great value for money.,2023-11-15,True,POSITIVE,0,SOURCE_G_REVIEWS,reviews_2023.csv,2023-11-15T03:43:24.279649117,BATCH-G-20231115
REV-00041234,SKU-0019075,user_9012963,Jennifer Stanton,5,Fast delivery and great quality.,2023-12-08,True,POSITIVE,4,SOURCE_G_REVIEWS,reviews_2023.csv,2023-12-08T17:01:21.950672440,BATCH-G-20231208
REV-00041241,SKU-0008882,,Anonymous,3,Works fine but delivery was slow. 😡,2023-05-06,False,NEUTRAL,6,SOURCE_G_REVIEWS,reviews_2023.csv,2023-05-06T11:25:40.323148898,BATCH-G-20230506
REV-00041243,SKU-0011716,user_9021764,Hailey Crawford,4,Will definitely buy again.,2023-01-22,False,POSITIVE,6,SOURCE_G_REVIEWS,reviews_2023.csv,2023-01-22T13:48:02.046464484,BATCH-G-20230122
REV-00041246,SKU-0007644,user_66133,Martin Trevino,2,Very disappointed with the quality.,2023-01-15,True,NEGATIVE,0,SOURCE_G_REVIEWS,reviews_2023.csv,2023-01-15T20:45:09.566169956,BATCH-G-20230115
REV-00041249,SKU-0005584,user_26008,Jonathan Combs,4,"Perfect gift, they loved it!",2023-01-10,True,POSITIVE,0,SOURCE_G_REVIEWS,reviews_2023.csv,2023-01-10T15:47:36.714770905,BATCH-G-20230110
REV-00041251,SKU-0001434,user_55413,Jennifer,4,Highly recommend this product.,2023-11-10,True,POSITIVE,0,SOURCE_G_REVIEWS,reviews_2023.csv,2023-11-10T13:20:40.318464736,BATCH-G-20231110
REV-00041252,SKU-0008462,user_9020751,Randy,4,Better than I expected for the price.,2023-05-24,False,POSITIVE,1,SOURCE_G_REVIEWS,reviews_2023.csv,2023-05-24T08:43:26.120524086,BATCH-G-20230524
REV-00041266,SKU-0001014,,Anonymous,4,"Perfect gift, they loved it!",2023-01-22,True,POSITIVE,0,SOURCE_G_REVIEWS,reviews_2023.csv,2023-01-22T13:59:52.546175306,BATCH-G-20230122
REV-00041273,SKU-0012384,user_2710,Caleb Kline,5,Fast delivery and great quality.,2023-02-27,False,POSITIVE,0,SOURCE_G_REVIEWS,reviews_2023.csv,2023-02-27T14:08:50.564436320,BATCH-G-20230227
REV-00041293,SKU-0018796,user_9011383,Katherine Fleming,2,"It's okay, does the job.",2023-02-09,False,NEUTRAL,1,SOURCE_G_REVIEWS,reviews_2023.csv,2023-02-09T23:21:56.649493474,BATCH-G-20230209
REV-00041310,SKU-9966968,user_9007661,Christina Ball,5,Great value for money.,2023-01-07,False,POSITIVE,0,SOURCE_G_REVIEWS,reviews_2023.csv,2023-01-07T17:01:27.800722123,BATCH-G-20230107
REV-00041311,SKU-0011910,user_49785,Christopher Allen,4,Highly recommend this product.,2023-10-08,False,POSITIVE,0,SOURCE_G_REVIEWS,reviews_2023.csv,2023-10-08T17:20:21.561411139,BATCH-G-20231008
REV-00041323,SKU-0005088,user_41152,Joseph,1,Arrived damaged and support was unhelpful.,2023-08-28,False,NEGATIVE,2,SOURCE_G_REVIEWS,reviews_2023.csv,2023-08-29T02:43:05.814804577,BATCH-G-20230828
REV-00041324,SKU-0010222,user_9003320,Susan,5,Exceeded my expectations.,2023-03-16,True,POSITIVE,3,SOURCE_G_REVIEWS,reviews_2023.csv,2023-03-16T20:15:36.643503975,BATCH-G-20230316
REV-00041325,SKU-9937045,user_52889,Karen Alvarez,4,Better than I expected for the price.,2023-02-16,False,POSITIVE,12,SOURCE_G_REVIEWS,reviews_2023.csv,2023-02-17T01:14:01.798783424,BATCH-G-20230216
REV-00041331,SKU-9929833,user_12984,Samantha Perez,5,Great value for money.,2023-11-04,False,POSITIVE,0,SOURCE_G_REVIEWS,reviews_2023.csv,2023-11-04T13:17:07.415181906,BATCH-G-20231104
REV-00041332,SKU-9976697,,Anonymous,4,Fast delivery and great quality.,2023-02-19,True,POSITIVE,1,SOURCE_G_REVIEWS,reviews_2023.csv,2023-02-19T21:37:06.400139010,BATCH-G-20230219
REV-00041342,SKU-0007475,user_10614,Daniel,5,"Solid build quality, no complaints.",2023-09-18,True,POSITIVE,0,SOURCE_G_REVIEWS,reviews_2023.csv,2023-09-19T04:26:53.250399632,BATCH-G-20230918
REV-00041345,SKU-0004970,,Anonymous,4,"Solid build quality, no complaints.",2023-02-18,False,POSITIVE,0,SOURCE_G_REVIEWS,reviews_2023.csv,2023-02-18T03:22:25.594536549,BATCH-G-20230218
REV-00041353,SKU-0017367,user_43284,Erica,4,"Solid build quality, no complaints.",2023-06-04,True,POSITIVE,7,SOURCE_G_REVIEWS,reviews_2023.csv,2023-06-04T03:41:05.588230010,BATCH-G-20230604
REV-00041361,SKU-0008640,user_9010704,Rebecca,5,"Not bad, not great either.",2023-01-22,False,NEUTRAL,0,SOURCE_G_REVIEWS,reviews_2023.csv,2023-01-23T04:32:02.141761719,BATCH-G-20230122
REV-00041365,SKU-0008747,user_9004085,Lindsay Page,4,"Exactly as described, very happy.",2023-06-25,False,POSITIVE,0,SOURCE_G_REVIEWS,reviews_2023.csv,2023-06-25T00:59:51.619634285,BATCH-G-20230625
REV-00041367,SKU-0013409,,Anonymous,3,"Matches the description, no issues.",2023-08-05,True,NEUTRAL,7,SOURCE_G_REVIEWS,reviews_2023.csv,2023-08-06T00:55:11.996331964,BATCH-G-20230805
REV-00041373,SKU-0001154,user_30116,Aaron Bell,4,Works fine but delivery was slow.,2023-12-12,True,NEUTRAL,4,SOURCE_G_REVIEWS,reviews_2023.csv,2023-12-13T05:13:28.447145536,BATCH-G-20231212
REV-00041375,SKU-0000524,,Anonymous,4,Fast delivery and great quality.,2023-09-22,True,POSITIVE,7,SOURCE_G_REVIEWS,reviews_2023.csv,2023-09-22T08:27:04.643514103,BATCH-G-20230922
REV-00041380,SKU-0002925,user_35241,Gary,5,<b>Update:</b>Will definitely buy again.<br>,2023-01-16,True,POSITIVE,3,SOURCE_G_REVIEWS,reviews_2023.csv,2023-01-16T20:09:45.465639056,BATCH-G-20230116
REV-00041392,SKU-9926682,user_9027813,Margaret Flores,5,Better than I expected for the price.,2023-05-09,True,POSITIVE,4,SOURCE_G_REVIEWS,reviews_2023.csv,2023-05-09T16:50:37.622326069,BATCH-G-20230509
REV-00041405,SKU-0017617,,Anonymous,3,"Not bad, not great either.",2023-01-14,True,NEUTRAL,2,SOURCE_G_REVIEWS,reviews_2023.csv,2023-01-14T16:56:37.610696049,BATCH-G-20230114
REV-00041418,SKU-0000725,user_23728,Alex Chen,4,Great value for money.,2023-04-19,True,POSITIVE,2,SOURCE_G_REVIEWS,reviews_2023.csv,2023-04-19T07:49:21.329651309,BATCH-G-20230419
REV-00041421,SKU-0013349,user_9026188,Thomas Woods,4,Exceeded my expectations.,2023-06-02,True,POSITIVE,0,SOURCE_G_REVIEWS,reviews_2023.csv,2023-06-02T20:17:31.135933903,BATCH-G-20230602
REV-00041425,SKU-0017520,,Anonymous,5,Great value for money. 😀🔥,2023-11-16,False,POSITIVE,5,SOURCE_G_REVIEWS,reviews_2023.csv,2023-11-16T22:47:35.419837366,BATCH-G-20231116
REV-00041432,SKU-0016247,user_46282,Jeffrey,5,No cumplió mis expectativas.,2023-09-18,True,POSITIVE,5,SOURCE_G_REVIEWS,reviews_2023.csv,2023-09-18T21:09:49.883296296,BATCH-G-20230918
REV-00041443,SKU-0007506,user_9032767,Mr. Ricky Gordon,5,"Solid build quality, no complaints.",2023-04-14,True,POSITIVE,0,SOURCE_G_REVIEWS,reviews_2023.csv,2023-04-14T02:58:34.630083262,BATCH-G-20230414
REV-00041445,SKU-0012823,user_9033286,Michael Yates,1,Arrived damaged and support was unhelpful.,2023-12-15,True,NEGATIVE,1,SOURCE_G_REVIEWS,reviews_2023.csv,2023-12-15T13:26:53.223541020,BATCH-G-20231215
REV-00041446,SKU-0006649,user_45892,Chris Spencer,2,Very disappointed with the quality. 😍,2023-11-17,True,NEGATIVE,2,SOURCE_G_REVIEWS,reviews_2023.csv,2023-11-17T11:08:20.290021311,BATCH-G-20231117
REV-00041458,SKU-0003338,user_49203,Jennifer Bush,5,"Solid build quality, no complaints.",2023-12-13,False,POSITIVE,2,SOURCE_G_REVIEWS,reviews_2023.csv,2023-12-13T07:25:00.242539192,BATCH-G-20231213
REV-00041464,SKU-0002168,user_9023309,Christopher Lane,5,Better than I expected for the price.,2023-12-17,True,POSITIVE,0,SOURCE_G_REVIEWS,reviews_2023.csv,2023-12-17T06:45:55.579699557,BATCH-G-20231217
REV-00041466,SKU-0011037,user_46041,Susan Calderon,3,Decent but overpriced a bit. 😢,2023-02-04,True,NEUTRAL,11,SOURCE_G_REVIEWS,reviews_2023.csv,2023-02-04T08:35:09.241243630,BATCH-G-20230204
REV-00041473,SKU-0000803,user_9023379,Andrew,4,Highly recommend this product.,2023-09-30,True,POSITIVE,2,SOURCE_G_REVIEWS,reviews_2023.csv,2023-09-30T06:04:28.416693482,BATCH-G-20230930
REV-00041477,SKU-9985986,user_58737,Jon Gay,5,"Muy buen producto, lo recomiendo.",2023-12-01,True,POSITIVE,0,SOURCE_G_REVIEWS,reviews_2023.csv,2023-12-01T02:53:58.658955095,BATCH-G-20231201
REV-00041478,SKU-0007150,user_18100,Daisy Lucas,4,Exceeded my expectations.,2023-09-24,False,POSITIVE,5,SOURCE_G_REVIEWS,reviews_2023.csv,2023-09-24T04:05:47.058273459,BATCH-G-20230924
REV-00041494,SKU-0004159,user_9034459,Nathaniel,4,"Solid build quality, no complaints. 😍",2023-11-16,True,POSITIVE,2,SOURCE_G_REVIEWS,reviews_2023.csv,2023-11-16T07:38:30.655943230,BATCH-G-20231116
REV-00041505,SKU-9969431,user_9009209,Mr. Ray Stewart,3,"बहुत अच्छा उत्पाद है, पैसा वसूल! It's okay, does the job. 😐",2023-06-14,True,NEUTRAL,1,SOURCE_G_REVIEWS,reviews_2023.csv,2023-06-14T10:49:19.092940785,BATCH-G-20230614
REV-00041512,SKU-0013978,user_36641,Christopher Davis,5,"   Absolutely  love  it,  works  perfectly!   ",2023-08-13,True,POSITIVE,1,SOURCE_G_REVIEWS,reviews_2023.csv,2023-08-13T23:07:00.647330795,BATCH-G-20230813
REV-00041519,SKU-0008459,user_41326,Meghan,1,Stopped working after a week.,2023-06-11,False,NEGATIVE,5,SOURCE_G_REVIEWS,reviews_2023.csv,2023-06-12T04:09:20.063153524,BATCH-G-20230611
REV-00041537,SKU-0011787,user_49251,Angela Nelson,1,"बहुत अच्छा उत्पाद है, पैसा वसूल! ⭐",2023-12-31,True,NEGATIVE,6,SOURCE_G_REVIEWS,reviews_2023.csv,2023-12-31T10:04:42.210010235,BATCH-G-20231231
REV-00041542,SKU-0002101,user_30270,Mark,5,"Absolutely love it, works perfectly!",2023-07-25,True,POSITIVE,16,SOURCE_G_REVIEWS,reviews_2023.csv,2023-07-25T19:18:36.962691643,BATCH-G-20230725
REV-00041543,SKU-0012219,,Anonymous, ,"Perfect gift, they loved it! 😐",2023-05-26,False,POSITIVE,5,SOURCE_G_REVIEWS,reviews_2023.csv,2023-05-26T14:19:06.639784534,BATCH-G-20230526
REV-00041550,SKU-0007001,user_15939,Francisco Gray,0,Wrong item was shipped to me.,2023-12-14,False,NEGATIVE,1,SOURCE_G_REVIEWS,reviews_2023.csv,2023-12-15T01:06:50.399744310,BATCH-G-20231214
REV-00041552,SKU-0017813,user_36140,Lindsay Burke,4,"Exactly as described, very happy.",2023-11-09,False,POSITIVE,0,SOURCE_G_REVIEWS,reviews_2023.csv,2023-11-09T20:06:57.157496492,BATCH-G-20231109
REV-00041557,SKU-0000066,user_9033381,Robert Hamilton,3,"Average quality, nothing special.",2023-12-14,True,NEUTRAL,1,SOURCE_G_REVIEWS,reviews_2023.csv,2023-12-14T18:59:01.606220853,BATCH-G-20231214
REV-00041559,SKU-0016800,,Anonymous,4,"Exactly as described, very happy. 😡",2023-07-04,True,POSITIVE,3,SOURCE_G_REVIEWS,reviews_2023.csv,2023-07-04T17:50:24.040730239,BATCH-G-20230704
REV-00041560,SKU-0010488,,Anonymous,3,<br>No cumplió mis expectativas.<p>,2023-01-01,False,NEGATIVE,3,SOURCE_G_REVIEWS,reviews_2023.csv,2023-01-01T17:33:05.736285536,BATCH-G-20230101
REV-00041572,SKU-0007246,user_9015692,Matthew Sherman,4,Will definitely buy again.,2023-12-25,True,POSITIVE,2,SOURCE_G_REVIEWS,reviews_2023.csv,2023-12-25T20:02:50.375485350,BATCH-G-20231225
REV-00041581,SKU-0007415,user_60506,Craig Pearson,1,Very disappointed with the quality.,2023-02-28,True,NEGATIVE,1,SOURCE_G_REVIEWS,reviews_2023.csv,2023-02-28T16:46:34.828264784,BATCH-G-20230228
REV-00041584,SKU-0015486,user_9018322,Matthew Simmons,5,Great value for money.,2023-12-29,True,POSITIVE,1,SOURCE_G_REVIEWS,reviews_2023.csv,2023-12-29T02:10:02.172407580,BATCH-G-20231229
REV-00041601,SKU-0002597,user_9027758,Paul Salas,0,"Waste of money, do not buy.",2023-07-29,True,NEGATIVE,0,SOURCE_G_REVIEWS,reviews_2023.csv,2023-07-29T17:55:54.389907178,BATCH-G-20230729
REV-00041604,SKU-0006322,user_9028333,Katherine Roberts,4,"Livraison très lente, déçu. Highly recommend this product. 🙏",2023-02-25,True,POSITIVE,0,SOURCE_G_REVIEWS,reviews_2023.csv,2023-02-26T04:18:31.308225975,BATCH-G-20230225
REV-00041615,SKU-0013586,user_46154,Brenda Rodriguez,4,Exceeded my expectations.,2023-09-05,False,POSITIVE,0,SOURCE_G_REVIEWS,reviews_2023.csv,2023-09-06T01:55:04.145729503,BATCH-G-20230905
REV-00041639,SKU-0019200,user_17850,Casey Cardenas,5,"Exactly as described, very happy.",2023-12-30,True,POSITIVE,2,SOURCE_G_REVIEWS,reviews_2023.csv,2023-12-31T05:51:33.896423143,BATCH-G-20231230
REV-00041650,SKU-0008986,user_9033606,Anna Jones,5,Better than I expected for the price.,2023-09-27,False,POSITIVE,2,SOURCE_G_REVIEWS,reviews_2023.csv,2023-09-27T06:25:18.679681119,BATCH-G-20230927
REV-00041659,SKU-0004968,,Anonymous,3,Works fine but delivery was slow.,2023-07-22,False,NEUTRAL,4,SOURCE_G_REVIEWS,reviews_2023.csv,2023-07-22T07:28:20.640840748,BATCH-G-20230722
REV-00041684,SKU-0003468,user_9016541,Ronald,1,Arrived damaged and support was unhelpful.,2023-06-17,True,NEGATIVE,7,SOURCE_G_REVIEWS,reviews_2023.csv,2023-06-17T06:24:49.230218575,BATCH-G-20230617
REV-00041685,SKU-0013384,user_8317,Crystal Anderson,5,Exceeded my expectations.,2023-10-09,True,POSITIVE,1,SOURCE_G_REVIEWS,reviews_2023.csv,2023-10-09T11:34:35.346062929,BATCH-G-20231009
REV-00041693,SKU-0002806,user_9025860,John,5,"Perfect gift, they loved it!",2023-06-19,True,POSITIVE,2,SOURCE_G_REVIEWS,reviews_2023.csv,2023-06-19T01:43:15.886400294,BATCH-G-20230619
REV-00041701,SKU-0001965,,Anonymous,5,Exceeded my expectations.,2023-02-01,True,POSITIVE,2,SOURCE_G_REVIEWS,reviews_2023.csv,2023-02-01T04:56:50.911808686,BATCH-G-20230201
REV-00041704,SKU-0007492,user_9023904,Howard,5,Fast delivery and great quality.,2023-11-07,False,POSITIVE,4,SOURCE_G_REVIEWS,reviews_2023.csv,2023-11-07T09:40:31.325375785,BATCH-G-20231107
REV-00041712,SKU-0017962,user_53849,Tim,,"Solid build quality, no complaints.",2023-10-02,True,POSITIVE,5,SOURCE_G_REVIEWS,reviews_2023.csv,2023-10-03T00:14:33.623278031,BATCH-G-20231002
REV-00041723,SKU-0003515,user_47720,Terry,3,Decent but overpriced a bit.,2023-09-08,False,NEUTRAL,2,SOURCE_G_REVIEWS,reviews_2023.csv,2023-09-25T06:00:00,BATCH-G-20230908
REV-00041742,SKU-0004957,user_66202,Samantha,2,Wrong item was shipped to me.,2023-06-20,False,NEGATIVE,3,SOURCE_G_REVIEWS,reviews_2023.csv,2023-06-20T03:36:54.689682222,BATCH-G-20230620
REV-00041742-DUP,SKU-0004957,user_66202,Samantha,2,Wrong item was shipped to me.,2023-06-20,False,NEGATIVE,3,SOURCE_G_REVIEWS,reviews_2023.csv,2023-06-20T04:15:54.689682222,BATCH-G-20230620
REV-00041744,SKU-0012240,user_11755,Peter Carr,3,"<i>edited</i>Matches the description, no issues.<b>Update:</b>",2023-11-10,True,NEUTRAL,8,SOURCE_G_REVIEWS,reviews_2023.csv,2023-11-10T04:06:54.995669249,BATCH-G-20231110
REV-00041746,SKU-0001303,user_49699,Juan,4,"Absolutely love it, works perfectly!",2023-04-29,True,POSITIVE,1,SOURCE_G_REVIEWS,reviews_2023.csv,2023-04-30T03:38:59.799677667,BATCH-G-20230429
REV-00041752,SKU-0019643,user_16058,Mr.,4,Exceeded my expectations. 😀,2023-03-27,True,POSITIVE,0,SOURCE_G_REVIEWS,reviews_2023.csv,2023-03-27T18:04:02.236624718,BATCH-G-20230327
REV-00041771,SKU-0009455,user_9016256,Janice,1,"Absolutely love it, works perfectly!",2023-12-28,True,POSITIVE,7,SOURCE_G_REVIEWS,reviews_2023.csv,2023-12-28T11:26:34.826219400,BATCH-G-20231228
REV-00041779,SKU-0001986,user_56361,Amy,5,Highly recommend this product.,2023-10-11,False,POSITIVE,9,SOURCE_G_REVIEWS,reviews_2023.csv,2023-10-11T14:28:29.954216530,BATCH-G-20231011
REV-00041788,SKU-0008488,user_69319,Andrea Wilson,3,"It's okay, does the job.",2023-02-25,False,NEUTRAL,1,SOURCE_G_REVIEWS,reviews_2023.csv,2023-02-25T23:41:58.499822051,BATCH-G-20230225
REV-00041834,SKU-0017794,,Anonymous,,"Average quality, nothing special.",2023-12-08,False,NEUTRAL,0,SOURCE_G_REVIEWS,reviews_2023.csv,2023-12-08T04:08:33.806461236,BATCH-G-20231208
REV-00041837,SKU-0012911,user_13133,Christine Simmons,2,Arrived damaged and support was unhelpful.,2023-03-20,True,NEGATIVE,2,SOURCE_G_REVIEWS,reviews_2023.csv,2023-03-20T00:47:59.810980036,BATCH-G-20230320
REV-00041852,SKU-0010315,user_56040,Nicole Church,5,"Exactly as described, very happy.",2023-10-19,True,POSITIVE,1,SOURCE_G_REVIEWS,reviews_2023.csv,2023-10-20T00:02:04.074945731,BATCH-G-20231019
REV-00041853,SKU-0018990,,Anonymous,3,"Matches the description, no issues. 🔥",2023-05-31,False,NEUTRAL,5,SOURCE_G_REVIEWS,reviews_2023.csv,2023-05-31T09:45:32.174093590,BATCH-G-20230531
REV-00041854,SKU-0003945,user_9005576,Elaine Stevenson,3,   Decent  but  overpriced  a  bit.  😐   ,2023-04-26,True,NEUTRAL,3,SOURCE_G_REVIEWS,reviews_2023.csv,2023-04-26T19:04:31.357766031,BATCH-G-20230426
REV-00041855,SKU-0010758,user_9015598,Kimberly,1,"Waste of money, do not buy. 😀",2023-01-17,True,NEGATIVE,1,SOURCE_G_REVIEWS,reviews_2023.csv,2023-01-17T23:47:19.146361734,BATCH-G-20230117
REV-00041858,SKU-0014781,user_66323,Billy Gomez,5,Exceeded my expectations.,2023-12-24,True,POSITIVE,3,SOURCE_G_REVIEWS,reviews_2023.csv,2023-12-24T11:57:39.477412243,BATCH-G-20231224
REV-00041859,SKU-0002009,user_2382,James,2,"Waste of money, do not buy.",2023-11-09,False,NEGATIVE,1,SOURCE_G_REVIEWS,reviews_2023.csv,2023-11-10T03:47:07.732126199,BATCH-G-20231109
REV-00041874,SKU-0019882,user_9013205,Brian Moreno,5,"Absolutely love it, works perfectly!",2023-01-22,True,POSITIVE,2,SOURCE_G_REVIEWS,reviews_2023.csv,2023-01-22T10:52:45.993406276,BATCH-G-20230122
REV-00041881,SKU-0013501,user_9026978,Patricia Williams,3,"Matches the description, no issues.",2023-01-24,True,NEUTRAL,7,SOURCE_G_REVIEWS,reviews_2023.csv,2023-01-24T13:19:03.994480082,BATCH-G-20230124
REV-00041883,SKU-0016891,user_4279,Richard,4,"Solid build quality, no complaints.",2023-11-27,False,POSITIVE,0,SOURCE_G_REVIEWS,reviews_2023.csv,2023-11-28T01:36:10.357569688,BATCH-G-20231127
REV-00041889,SKU-0005988,,Anonymous,2,Wrong item was shipped to me.,2023-02-27,False,NEGATIVE,0,SOURCE_G_REVIEWS,reviews_2023.csv,2023-02-27T10:09:14.146353031,BATCH-G-20230227
REV-00041905,SKU-0014692,user_30345,Katherine,4,Fast delivery and great quality.,2023-10-27,True,POSITIVE,1,SOURCE_G_REVIEWS,reviews_2023.csv,2023-10-27T08:20:08.354289225,BATCH-G-20231027
REV-00041912,SKU-0006669,user_5568,Arthur,1,NA,2023-01-01,False,NEGATIVE,0,SOURCE_G_REVIEWS,reviews_2023.csv,2023-01-01T16:02:27.145034274,BATCH-G-20230101
REV-00041916,SKU-0002842,user_69739,Anthony Montgomery,5,"&nbsp;Absolutely love it, works perfectly!<br>",2023-09-14,True,POSITIVE,2,SOURCE_G_REVIEWS,reviews_2023.csv,2023-09-14T00:31:35.786750641,BATCH-G-20230914
REV-00041917,SKU-0008674,user_61898,Amber Dennis,5,Will definitely buy again.,2023-11-23,False,POSITIVE,0,SOURCE_G_REVIEWS,reviews_2023.csv,2023-11-23T16:12:23.596872183,BATCH-G-20231123
REV-00041918,SKU-0006325,user_9033426,Erica King,5,"Perfect gift, they loved it!",2023-12-14,False,POSITIVE,4,SOURCE_G_REVIEWS,reviews_2023.csv,2023-12-14T04:57:50.752735998,BATCH-G-20231214
REV-00041938,SKU-0015729,user_9000842,Robert,3,"Average quality, nothing special.",2023-05-17,True,NEUTRAL,3,SOURCE_G_REVIEWS,reviews_2023.csv,2023-05-17T09:08:48.239561814,BATCH-G-20230517
REV-00041942,SKU-0001995,user_9020697,Christina Wright,5,"Exactly as described, very happy.",2023-11-17,False,POSITIVE,11,SOURCE_G_REVIEWS,reviews_2023.csv,2023-11-18T04:20:26.290464464,BATCH-G-20231117
REV-00041943,SKU-0014685,user_26497,Donald,5,Excellent rapport qualité-prix.,2023-08-27,True,POSITIVE,7,SOURCE_G_REVIEWS,reviews_2023.csv,2023-08-27T19:29:34.445036191,BATCH-G-20230827
REV-00041950,SKU-0020209,user_9013824,Amy Moody,3,"Matches the description, no issues.",2023-12-11,True,NEUTRAL,6,SOURCE_G_REVIEWS,reviews_2023.csv,2023-12-11T10:26:01.899633098,BATCH-G-20231211
REV-00041951,SKU-0006532,user_59976,Paul Brown,1,"Waste of money, do not buy.",2023-05-03,True,NEGATIVE,0,SOURCE_G_REVIEWS,reviews_2023.csv,2023-05-03T16:19:12.146724178,BATCH-G-20230503
REV-00041963,SKU-0004565,user_7522,Amy Tate,5,"Absolutely love it, works perfectly!",2023-05-08,False,POSITIVE,2,SOURCE_G_REVIEWS,reviews_2023.csv,2023-05-09T02:30:08.404322036,BATCH-G-20230508
REV-00041965,SKU-0001222,user_25643,Paul Green,4,"Exactly as described, very happy.",2023-09-23,True,POSITIVE,7,SOURCE_G_REVIEWS,reviews_2023.csv,2023-09-24T02:19:16.359541950,BATCH-G-20230923
REV-00041975,SKU-0003057,,Anonymous,4,"Perfect gift, they loved it!",2023-12-20,False,POSITIVE,2,SOURCE_G_REVIEWS,reviews_2023.csv,2023-12-21T05:15:36.670664353,BATCH-G-20231220
REV-00042004,SKU-0006010,,Anonymous,null,Great value for money.,2023-04-23,True,POSITIVE,0,SOURCE_G_REVIEWS,reviews_2023.csv,2023-04-23T08:34:38.221430463,BATCH-G-20230423
REV-00042004-DUP,SKU-0006010,,Anonymous,null,Great value for money.,2023-04-23,True,POSITIVE,0,SOURCE_G_REVIEWS,reviews_2023.csv,2023-04-23T09:05:38.221430463,BATCH-G-20230423
REV-00042014,SKU-0002303,user_21515,Eric Pollard,4,"Exactly as described, very happy.",2023-03-21,True,POSITIVE,2,SOURCE_G_REVIEWS,reviews_2023.csv,2023-03-21T09:17:46.219533569,BATCH-G-20230321
REV-00042021,SKU-0016510,user_24523,Thomas Brown,5,Fast delivery and great quality.,2023-12-27,False,POSITIVE,1,SOURCE_G_REVIEWS,reviews_2023.csv,2023-12-31T17:00:00,BATCH-G-20231227
REV-00042028,SKU-0003976,,Anonymous,5,Will definitely buy again.,2023-08-11,True,POSITIVE,3,SOURCE_G_REVIEWS,reviews_2023.csv,2023-08-11T22:15:59.457622822,BATCH-G-20230811
REV-00042031,SKU-0017280,user_30250,Kimberly Sims,5,Great value for money.,2023-06-05,True,POSITIVE,1,SOURCE_G_REVIEWS,reviews_2023.csv,2023-06-06T05:25:18.865087549,BATCH-G-20230605
REV-00042035,SKU-0018406,,Anonymous,2,"Solid build quality, no complaints.",2023-04-20,True,POSITIVE,5,SOURCE_G_REVIEWS,reviews_2023.csv,2023-04-20T02:58:16.134047887,BATCH-G-20230420
REV-00042037,SKU-0008320,user_33100,Tracey Patterson,5,Highly recommend this product.,2023-11-29,False,POSITIVE,11,SOURCE_G_REVIEWS,reviews_2023.csv,2023-11-29T15:57:53.408220982,BATCH-G-20231129
REV-00042044,SKU-0011606,user_9013413,Angela Berg DVM,5,"Solid build quality, no complaints.",2023-09-06,True,POSITIVE,12,SOURCE_G_REVIEWS,reviews_2023.csv,2023-09-07T01:07:20.559552968,BATCH-G-20230906
REV-00042049,SKU-0001382,,Anonymous,1,"गुणवत्ता ठीक नहीं थी। Cheaply made, broke immediately.",2023-07-30,False,NEGATIVE,4,SOURCE_G_REVIEWS,reviews_2023.csv,2023-07-30T03:51:54.168978700,BATCH-G-20230730
REV-00042055,SKU-0006857,user_9006346,Mindy Whitaker,4,Exceeded my expectations. 💯💯,2023-06-24,False,POSITIVE,2,SOURCE_G_REVIEWS,reviews_2023.csv,2023-06-25T04:38:00.804746927,BATCH-G-20230624
REV-00042057,SKU-0010263,user_27641,Kenneth Taylor,5,Will definitely buy again.,2023-11-17,True,POSITIVE,0,SOURCE_G_REVIEWS,reviews_2023.csv,2023-11-17T07:56:36.740735146,BATCH-G-20231117
REV-00042071,SKU-0015405,user_32675,Cory,4,"Absolutely love it, works perfectly!",2023-10-20,False,POSITIVE,2,SOURCE_G_REVIEWS,reviews_2023.csv,2023-10-20T09:33:44.332328036,BATCH-G-20231020
REV-00042071-DUP,SKU-0015405,user_32675,Cory,4,"Absolutely love it, works perfectly!",2023-10-20,False,POSITIVE,2,SOURCE_G_REVIEWS,reviews_2023.csv,2023-10-20T10:32:44.332328036,BATCH-G-20231020
REV-00042082,SKU-0018423,user_9023780,Jorge Stephenson,1,Excellent rapport qualité-prix.,2023-05-31,False,NEGATIVE,5,SOURCE_G_REVIEWS,reviews_2023.csv,2023-05-31T19:12:00.538706891,BATCH-G-20230531
REV-00042098,SKU-0013180,user_9003145,Elizabeth,5,"   Exactly  as  described,  very  happy.   ",2023-12-30,False,POSITIVE,2,SOURCE_G_REVIEWS,reviews_2023.csv,2023-12-30T08:12:03.911883946,BATCH-G-20231230
REV-00042100,SKU-0000754,user_9027002,Michael,2,"Matches the description, no issues.",2023-11-13,True,NEUTRAL,0,SOURCE_G_REVIEWS,reviews_2023.csv,2023-11-13T23:18:59.666022939,BATCH-G-20231113
REV-00042114,SKU-0004606,user_9026190,Mrs.,3,Arrived damaged and support was unhelpful.,2023-06-08,True,NEGATIVE,4,SOURCE_G_REVIEWS,reviews_2023.csv,2023-06-08T23:18:08.748834807,BATCH-G-20230608
REV-00042127,SKU-9995600,,Anonymous,1,"Waste of money, do not buy.",2023-11-24,False,NEGATIVE,0,SOURCE_G_REVIEWS,reviews_2023.csv,2023-11-24T14:04:02.303836169,BATCH-G-20231124
REV-00042129,SKU-0001626,user_9011127,Robert Saunders,2,Excellent rapport qualité-prix.,2023-10-27,True,NEGATIVE,1,SOURCE_G_REVIEWS,reviews_2023.csv,2023-10-28T05:02:21.974994864,BATCH-G-20231027
REV-00042139,SKU-0000822,user_9003880,Tammy Cortez,5,<b>Update:</b>Fast delivery and great quality.</p>,2023-05-13,True,POSITIVE,1,SOURCE_G_REVIEWS,reviews_2023.csv,2023-05-13T12:08:25.598153807,BATCH-G-20230513
REV-00042139-DUP,SKU-0000822,user_9003880,Tammy Cortez,5,<b>Update:</b>Fast delivery and great quality.</p>,2023-05-13,True,POSITIVE,1,SOURCE_G_REVIEWS,reviews_2023.csv,2023-05-13T12:41:25.598153807,BATCH-G-20230513
REV-00042154,SKU-0011250,,Anonymous,4,Fast delivery and great quality.,2023-11-15,True,POSITIVE,0,SOURCE_G_REVIEWS,reviews_2023.csv,2023-11-15T06:03:25.165298394,BATCH-G-20231115
REV-00042160,SKU-0015147,user_9013315,William Phillips,1,Exceeded my expectations.,2023-11-04,True,POSITIVE,1,SOURCE_G_REVIEWS,reviews_2023.csv,2023-11-04T15:15:10.446901593,BATCH-G-20231104
REV-00042170,SKU-0010522,user_46175,Elizabeth Barrera,5,Will definitely buy again.,2023-12-07,False,POSITIVE,0,SOURCE_G_REVIEWS,reviews_2023.csv,2023-12-08T00:22:38.909510426,BATCH-G-20231207
REV-00042172,SKU-0016261,user_9013987,Tyler Smith,4,Fast delivery and great quality.,2023-12-04,False,POSITIVE,1,SOURCE_G_REVIEWS,reviews_2023.csv,2023-12-04T22:32:25.612186831,BATCH-G-20231204
REV-00042177,SKU-0012975,user_9002086,Lauren Bartlett,4,"Livraison très lente, déçu.",2023-08-30,True,POSITIVE,0,SOURCE_G_REVIEWS,reviews_2023.csv,2023-08-31T03:40:12.135108800,BATCH-G-20230830
REV-00042180,SKU-0018858,user_9005189,Heather House,4,Decent but overpriced a bit.,2023-03-18,True,NEUTRAL,1,SOURCE_G_REVIEWS,reviews_2023.csv,2023-03-19T05:37:00.819042125,BATCH-G-20230318
REV-00042182,SKU-0008040,user_9023006,Alexander Miller,5,Great value for money.,2023-11-25,True,POSITIVE,3,SOURCE_G_REVIEWS,reviews_2023.csv,2023-11-25T06:59:12.789170847,BATCH-G-20231125
REV-00042199,SKU-0008955,user_6376,Angela Hughes,5,Fast delivery and great quality.,2023-02-18,True,POSITIVE,1,SOURCE_G_REVIEWS,reviews_2023.csv,2023-02-19T00:51:28.794770510,BATCH-G-20230218
REV-00042200,SKU-0018094,user_9028146,Jose Ryan,4,Better than I expected for the price.,2023-09-04,True,POSITIVE,0,SOURCE_G_REVIEWS,reviews_2023.csv,2023-09-05T05:43:55.167935130,BATCH-G-20230904
REV-00042215,SKU-0001202,user_9013520,Brooke Daniel,3,No cumplió mis expectativas.,2023-04-24,False,NEUTRAL,2,SOURCE_G_REVIEWS,reviews_2023.csv,2023-04-24T12:39:16.967687074,BATCH-G-20230424
REV-00042216,SKU-0017297,user_9017781,Oscar Kelly,5,Will definitely buy again.,2023-10-06,True,POSITIVE,1,SOURCE_G_REVIEWS,reviews_2023.csv,2023-10-06T13:36:06.600109298,BATCH-G-20231006
REV-00042220,SKU-0016464,user_22327,Alicia Cantrell,3,"Muy buen producto, lo recomiendo.",2023-12-16,False,NEUTRAL,4,SOURCE_G_REVIEWS,reviews_2023.csv,2023-12-17T01:20:35.044471702,BATCH-G-20231216
REV-00042239,SKU-0007508,user_9015417,Marissa Dunlap,4,Fast delivery and great quality.,2023-02-26,True,POSITIVE,2,SOURCE_G_REVIEWS,reviews_2023.csv,2023-02-26T05:21:13.309727871,BATCH-G-20230226
REV-00042244,SKU-0003733,user_9020847,Gregory,4,Great value for money.,2023-02-02,True,POSITIVE,4,SOURCE_G_REVIEWS,reviews_2023.csv,2023-02-02T00:58:42.282228255,BATCH-G-20230202
REV-00042252,SKU-0002766,user_9019336,Mrs.,4,"Solid build quality, no complaints.",2023-12-14,True,POSITIVE,2,SOURCE_G_REVIEWS,reviews_2023.csv,2023-12-14T12:41:50.627074707,BATCH-G-20231214
REV-00042272,SKU-0015578,user_1190,Emily Brown,5,"Absolutely love it, works perfectly!",2023-01-04,False,POSITIVE,0,SOURCE_G_REVIEWS,reviews_2023.csv,2023-01-04T02:05:49.026785920,BATCH-G-20230104
REV-00042276,SKU-0017106,user_57922,Christopher Patel,4,Highly recommend this product.,2023-09-27,False,POSITIVE,7,SOURCE_G_REVIEWS,reviews_2023.csv,2023-09-27T06:20:15.388096780,BATCH-G-20230927
REV-00042283,SKU-0002313,user_9027968,Kevin,2,"Waste of money, do not buy.",2023-05-26,False,NEGATIVE,1,SOURCE_G_REVIEWS,reviews_2023.csv,2023-05-27T03:10:30.438936245,BATCH-G-20230526
REV-00042285,SKU-0003735,,Anonymous,5,Better than I expected for the price.,2023-07-25,True,POSITIVE,2,SOURCE_G_REVIEWS,reviews_2023.csv,2023-07-26T02:20:20.063640719,BATCH-G-20230725
REV-00042288,SKU-0017857,user_14189,Jenny Gutierrez,5,"Perfect gift, they loved it!",2023-03-03,False,POSITIVE,7,SOURCE_G_REVIEWS,reviews_2023.csv,2023-03-03T10:40:40.288510206,BATCH-G-20230303
REV-00042298,SKU-0012968,user_9009468,Christopher Horne,2,"Poor packaging, item was defective.",2023-05-08,False,NEGATIVE,0,SOURCE_G_REVIEWS,reviews_2023.csv,2023-05-08T12:06:33.143767987,BATCH-G-20230508
REV-00042300,SKU-0003994,user_9025970,Christopher Brown,3,Decent but overpriced a bit.,2023-10-23,False,NEUTRAL,0,SOURCE_G_REVIEWS,reviews_2023.csv,2023-10-24T00:58:12.943741885,BATCH-G-20231023
REV-00042301,SKU-0019990,user_9027819,Andrea Alvarez,5,"Exactly as described, very happy.",2023-04-07,True,POSITIVE,3,SOURCE_G_REVIEWS,reviews_2023.csv,2023-04-07T19:33:24.470747190,BATCH-G-20230407
REV-00042302,SKU-0011265,user_20644,Joseph Steele,5,Will definitely buy again.,2023-08-24,False,POSITIVE,0,SOURCE_G_REVIEWS,reviews_2023.csv,2023-08-24T06:53:55.101259430,BATCH-G-20230824
REV-00042313,SKU-0000432,user_15329,David,4,Fast delivery and great quality.,2023-05-15,True,POSITIVE,0,SOURCE_G_REVIEWS,reviews_2023.csv,2023-05-15T10:13:59.963081946,BATCH-G-20230515
REV-00042318,SKU-0015305,user_20131,Erin,5,Highly recommend this product.,2023-10-13,False,POSITIVE,4,SOURCE_G_REVIEWS,reviews_2023.csv,2023-10-14T03:34:06.768069933,BATCH-G-20231013
REV-00042325,SKU-0001191,user_36258,April Medina,5,Highly recommend this product.,2023-10-27,True,POSITIVE,0,SOURCE_G_REVIEWS,reviews_2023.csv,2023-10-27T15:52:52.154964211,BATCH-G-20231027
REV-00042329,SKU-0011782,user_8141,Stephen,5,Will definitely buy again.,2023-04-30,False,POSITIVE,13,SOURCE_G_REVIEWS,reviews_2023.csv,2023-04-30T07:11:01.993438079,BATCH-G-20230430
REV-00042334,SKU-0016792,,Anonymous,3,Decent but overpriced a bit.,2023-11-15,False,NEUTRAL,3,SOURCE_G_REVIEWS,reviews_2023.csv,2023-11-15T01:00:06.260463499,BATCH-G-20231115
REV-00042335,SKU-0019548,user_9003846,Adrienne Vance,4,   Will  definitely  buy  again.   ,2023-12-10,False,POSITIVE,0,SOURCE_G_REVIEWS,reviews_2023.csv,2023-12-11T01:32:57.364751985,BATCH-G-20231210
REV-00042343,SKU-0006491,user_9005291,Kimberly White,4,"Perfect gift, they loved it!",2023-08-29,True,POSITIVE,0,SOURCE_G_REVIEWS,reviews_2023.csv,2023-08-29T13:09:53.790631511,BATCH-G-20230829
REV-00042346,SKU-0011528,user_9022672,Mario Richmond,5,Better than I expected for the price. 😍🔥,2023-08-10,False,POSITIVE,0,SOURCE_G_REVIEWS,reviews_2023.csv,2023-08-10T13:56:33.570553902,BATCH-G-20230810
REV-00042364,SKU-0009446,user_62985,Nicole Anderson,5,"Solid build quality, no complaints.",2023-02-02,False,POSITIVE,2,SOURCE_G_REVIEWS,reviews_2023.csv,2023-02-02T06:03:16.574982144,BATCH-G-20230202
REV-00042373,SKU-0009343,user_9007115,Susan,4,Will definitely buy again.,2023-02-01,False,POSITIVE,1,SOURCE_G_REVIEWS,reviews_2023.csv,2023-02-01T13:23:07.667205965,BATCH-G-20230201
REV-00042377,SKU-0008721,user_9027758,Paul Salas,5,Better than I expected for the price.,2023-11-19,False,POSITIVE,2,SOURCE_G_REVIEWS,reviews_2023.csv,2023-11-19T07:21:16.268300755,BATCH-G-20231119
REV-00042384,SKU-0009641,user_68887,John Schroeder,4,"Absolutely love it, works perfectly! 🙏💯",2023-12-21,True,POSITIVE,0,SOURCE_G_REVIEWS,reviews_2023.csv,2023-12-21T08:06:53.364668993,BATCH-G-20231221
REV-00042431,SKU-0006995,user_9030143,Melissa Hernandez,2,Wrong item was shipped to me.,2023-03-05,False,NEGATIVE,1,SOURCE_G_REVIEWS,reviews_2023.csv,2023-03-05T14:32:44.416328908,BATCH-G-20230305
REV-00042459,SKU-9932995,user_5325,William Maldonado,5,<br>Will definitely buy again.<i>edited</i>,2023-02-10,True,POSITIVE,4,SOURCE_G_REVIEWS,reviews_2023.csv,2023-02-10T16:19:06.199315842,BATCH-G-20230210
REV-00042480,SKU-9987378,user_9028057,Donna,4,"बहुत अच्छा उत्पाद है, पैसा वसूल!",2023-02-08,False,POSITIVE,7,SOURCE_G_REVIEWS,reviews_2023.csv,2023-02-09T03:39:35.909176431,BATCH-G-20230208
REV-00042483,SKU-0004572,user_7806,Alexander,5,   Exceeded  my  expectations.   ,2023-12-22,False,POSITIVE,11,SOURCE_G_REVIEWS,reviews_2023.csv,2023-12-22T17:51:09.052673797,BATCH-G-20231222
REV-00042483-DUP,SKU-0004572,user_7806,Alexander,5,   Exceeded  my  expectations.   ,2023-12-22,False,POSITIVE,11,SOURCE_G_REVIEWS,reviews_2023.csv,2023-12-22T17:52:09.052673797,BATCH-G-20231222
REV-00042485,SKU-0011102,user_9001722,Dana Tapia,5,"Absolutely love it, works perfectly!",2023-07-02,False,POSITIVE,0,SOURCE_G_REVIEWS,reviews_2023.csv,2023-07-02T23:57:01.601333029,BATCH-G-20230702
REV-00042486,SKU-0008038,user_9012842,Kyle Gonzalez,5,"Absolutely love it, works perfectly!",2023-12-17,True,POSITIVE,2,SOURCE_G_REVIEWS,reviews_2023.csv,2023-12-17T07:50:26.470813508,BATCH-G-20231217
REV-00042502,SKU-0006641,user_9014912,Mark Zimmerman,4,Exceeded my expectations.,2023-01-01,True,POSITIVE,6,SOURCE_G_REVIEWS,reviews_2023.csv,2023-01-02T04:26:43.129261629,BATCH-G-20230101
REV-00042517,SKU-0007321,user_9027478,David Castillo,4,Exceeded my expectations.,2023-03-04,True,POSITIVE,1,SOURCE_G_REVIEWS,reviews_2023.csv,2023-03-04T02:03:15.429521854,BATCH-G-20230304
REV-00042521,SKU-0012262,user_28385,Michael Oneal,?,"Solid build quality, no complaints.",2023-08-09,True,POSITIVE,0,SOURCE_G_REVIEWS,reviews_2023.csv,2023-08-09T07:06:42.928862716,BATCH-G-20230809
REV-00042522,SKU-0010841,user_9002132,Shelly Sampson,null,Great value for money.,2023-11-01,True,POSITIVE,3,SOURCE_G_REVIEWS,reviews_2023.csv,2023-11-01T12:08:23.756211387,BATCH-G-20231101
REV-00042546,SKU-0011325,user_9020686,Jason,4,"Perfect gift, they loved it!",2023-06-27,True,POSITIVE,1,SOURCE_G_REVIEWS,reviews_2023.csv,2023-06-27T14:59:03.233558909,BATCH-G-20230627
REV-00042551,SKU-0008047,user_9013611,Jacob Mendez,?,"Solid build quality, no complaints.",2023-12-14,True,POSITIVE,0,SOURCE_G_REVIEWS,reviews_2023.csv,2023-12-14T17:08:54.594479242,BATCH-G-20231214
REV-00042560,SKU-0002944,user_9017650,Maria Collins,5,"   Solid  build  quality,  no  complaints.   ",2023-02-18,False,POSITIVE,2,SOURCE_G_REVIEWS,reviews_2023.csv,2023-02-18T19:43:58.468312758,BATCH-G-20230218
REV-00042563,SKU-0009579,user_57193,Anthony Ruiz,2,Highly recommend this product.,2023-09-01,True,POSITIVE,1,SOURCE_G_REVIEWS,reviews_2023.csv,2023-09-02T03:21:03.425932601,BATCH-G-20230901
REV-00042565,SKU-0016953,user_9012698,Craig,1,   Wrong  item  was  shipped  to  me.   ,2023-11-01,False,NEGATIVE,8,SOURCE_G_REVIEWS,reviews_2023.csv,2023-11-01T02:09:41.679995051,BATCH-G-20231101
REV-00042576,SKU-0016064,,Anonymous,5,Great value for money.,2023-06-16,True,POSITIVE,2,SOURCE_G_REVIEWS,reviews_2023.csv,2023-06-17T04:16:31.959495263,BATCH-G-20230616
REV-00042610,SKU-0016129,user_9017968,Tabitha Herman,4,"Solid build quality, no complaints. 🙏",2023-12-10,True,POSITIVE,1,SOURCE_G_REVIEWS,reviews_2023.csv,2023-12-10T19:26:26.809046969,BATCH-G-20231210
REV-00042628,SKU-0019075,user_48193,Elizabeth Lester,5,Exceeded my expectations.,2023-06-20,True,POSITIVE,3,SOURCE_G_REVIEWS,reviews_2023.csv,2023-06-21T05:51:34.319578856,BATCH-G-20230620
REV-00042632,SKU-0008750,user_9023592,Timothy Garcia,5,Will definitely buy again. 🔥,2023-01-02,False,POSITIVE,1,SOURCE_G_REVIEWS,reviews_2023.csv,2023-01-02T16:07:30.800151865,BATCH-G-20230102
REV-00042633,SKU-0003015,user_9028478,Marissa Gordon,Unknown,"Exactly as described, very happy.",2023-01-07,False,POSITIVE,5,SOURCE_G_REVIEWS,reviews_2023.csv,2023-01-07T17:05:24.864781285,BATCH-G-20230107
REV-00042638,SKU-0013900,user_3905,Jessica,4,"Absolutely love it, works perfectly!",2023-12-16,False,POSITIVE,1,SOURCE_G_REVIEWS,reviews_2023.csv,2023-12-17T02:11:31.743859110,BATCH-G-20231216
REV-00042643,SKU-0004386,user_5705,Nancy Ferguson,-,Exceeded my expectations.,2023-03-15,True,POSITIVE,0,SOURCE_G_REVIEWS,reviews_2023.csv,2023-03-15T15:29:37.290192225,BATCH-G-20230315
REV-00042649,SKU-0005060,user_63999,Bradley Gomez,1,"Waste of money, do not buy.",2023-02-25,True,NEGATIVE,2,SOURCE_G_REVIEWS,reviews_2023.csv,2023-02-25T15:46:16.970052663,BATCH-G-20230225
REV-00042677,SKU-0011197,user_39188,Miranda Sparks,1,Stopped working after a week.,2023-12-30,True,NEGATIVE,0,SOURCE_G_REVIEWS,reviews_2023.csv,2023-12-30T03:53:19.151173286,BATCH-G-20231230
REV-00042698,SKU-0013450,user_9029585,James Price,5,"Exactly as described, very happy. 😀",2023-06-10,True,POSITIVE,6,SOURCE_G_REVIEWS,reviews_2023.csv,2023-06-10T01:10:50.737126276,BATCH-G-20230610
REV-00042703,SKU-0001531,user_25857,Danielle Williams,2,Very disappointed with the quality.,2023-12-14,True,NEGATIVE,1,SOURCE_G_REVIEWS,reviews_2023.csv,2023-12-14T05:15:12.093900438,BATCH-G-20231214
REV-00042708,SKU-9989870,,Anonymous,4,"Perfect gift, they loved it!",2023-08-05,True,POSITIVE,2,SOURCE_G_REVIEWS,reviews_2023.csv,2023-08-05T22:08:02.143935052,BATCH-G-20230805
REV-00042710,SKU-0010584,user_9030953,Jessica Brown,1,"Cheaply made, broke immediately.",2023-06-26,True,NEGATIVE,4,SOURCE_G_REVIEWS,reviews_2023.csv,2023-06-27T03:44:29.230612588,BATCH-G-20230626
REV-00042715,SKU-0009360,user_14365,Heather Woods,3,Works fine but delivery was slow.,2023-11-14,True,NEUTRAL,2,SOURCE_G_REVIEWS,reviews_2023.csv,2023-11-14T12:14:35.884959997,BATCH-G-20231114
REV-00042724,SKU-0006905,user_49637,Scott Johnson,3,"Average quality, nothing special.",2023-12-04,False,NEUTRAL,0,SOURCE_G_REVIEWS,reviews_2023.csv,2023-12-04T16:11:25.251799838,BATCH-G-20231204
REV-00042728,SKU-0006729,user_9009103,Michael Stein,2,Excellent rapport qualité-prix. Very disappointed with the quality.,2023-01-27,True,NEGATIVE,6,SOURCE_G_REVIEWS,reviews_2023.csv,2023-01-27T15:24:44.347984358,BATCH-G-20230127
REV-00042752,SKU-0015979,user_8437,Daniel Bennett,3,"Not bad, not great either.",2023-04-16,False,NEUTRAL,0,SOURCE_G_REVIEWS,reviews_2023.csv,2023-04-17T05:04:38.454581729,BATCH-G-20230416
REV-00042760,SKU-0008203,user_69687,Richard,3,"<br>It's okay, does the job.</p>",2023-08-28,False,NEUTRAL,1,SOURCE_G_REVIEWS,reviews_2023.csv,2023-08-28T06:21:58.125696150,BATCH-G-20230828
REV-00042780,SKU-0001477,user_9029099,Cheryl Jackson,2,Very disappointed with the quality.,2023-05-19,True,NEGATIVE,0,SOURCE_G_REVIEWS,reviews_2023.csv,2023-05-19T20:24:18.490079538,BATCH-G-20230519
REV-00042781,SKU-0002847,user_9001170,Kayla Montoya,5,"Solid build quality, no complaints.",2023-01-17,True,POSITIVE,2,SOURCE_G_REVIEWS,reviews_2023.csv,2023-01-17T01:01:17.884495242,BATCH-G-20230117
REV-00042788,SKU-0018538,user_9031181,Scott,5,"   Absolutely  love  it,  works  perfectly!   ",2023-12-21,True,POSITIVE,1,SOURCE_G_REVIEWS,reviews_2023.csv,2023-12-21T12:38:24.985557157,BATCH-G-20231221
REV-00042791,SKU-0011649,user_9029353,Carrie Martin,6,Fast delivery and great quality.,2023-08-18,False,POSITIVE,4,SOURCE_G_REVIEWS,reviews_2023.csv,2023-08-19T02:20:23.010300749,BATCH-G-20230818
REV-00042793,SKU-0006383,user_9015269,Rachel Campbell,5,"Absolutely love it, works perfectly!",2023-12-10,False,POSITIVE,3,SOURCE_G_REVIEWS,reviews_2023.csv,2023-12-10T01:47:03.567001592,BATCH-G-20231210
REV-00042809,SKU-0019354,,Anonymous,4,"Solid build quality, no complaints.",2023-07-06,True,POSITIVE,0,SOURCE_G_REVIEWS,reviews_2023.csv,2023-07-06T21:09:58.278196179,BATCH-G-20230706
REV-00042827,SKU-0015890,,Anonymous,5,"Solid build quality, no complaints.",2023-07-07,True,POSITIVE,2,SOURCE_G_REVIEWS,reviews_2023.csv,2023-07-07T04:43:07.386844543,BATCH-G-20230707
REV-00042831,SKU-0011775,user_9024677,Ariana,2,"Livraison très lente, déçu.",2023-08-23,True,NEGATIVE,1,SOURCE_G_REVIEWS,reviews_2023.csv,2023-08-23T11:42:11.413724524,BATCH-G-20230823
REV-00042837,SKU-0013734,user_11705,Nancy Hendricks,N/A,"<i>edited</i>Waste of money, do not buy.<b>Update:</b>",2023-12-24,True,NEGATIVE,2,SOURCE_G_REVIEWS,reviews_2023.csv,2023-12-24T02:38:21.408346554,BATCH-G-20231224
REV-00042844,SKU-0009327,,Anonymous,1,Not as described at all.,2023-04-03,True,NEGATIVE,1,SOURCE_G_REVIEWS,reviews_2023.csv,2023-04-03T17:21:42.056180483,BATCH-G-20230403
REV-00042846,SKU-0018091,,Anonymous,3,"Average quality, nothing special.",2023-02-19,True,NEUTRAL,0,SOURCE_G_REVIEWS,reviews_2023.csv,2023-02-19T20:31:07.597894258,BATCH-G-20230219
REV-00042859,SKU-0016145,user_12995,Alyssa Perez,3,"It's okay, does the job.",2023-05-28,True,NEUTRAL,1,SOURCE_G_REVIEWS,reviews_2023.csv,2023-05-28T11:56:00.495461335,BATCH-G-20230528
REV-00042861,SKU-0009881,user_9019931,Jonathan Pierce,5,"Solid build quality, no complaints. 🙏",2023-03-19,True,POSITIVE,14,SOURCE_G_REVIEWS,reviews_2023.csv,2023-03-19T23:13:53.957276378,BATCH-G-20230319
REV-00042868,SKU-0011820,user_56780,Troy Gonzalez,5,"Solid build quality, no complaints.",2023-05-23,False,POSITIVE,7,SOURCE_G_REVIEWS,reviews_2023.csv,2023-05-23T18:32:35.070966342,BATCH-G-20230523
REV-00042883,SKU-0008232,,Anonymous,4,"Perfect gift, they loved it!",2023-11-15,True,POSITIVE,3,SOURCE_G_REVIEWS,reviews_2023.csv,2023-11-15T02:02:04.807701082,BATCH-G-20231115
REV-00042894,SKU-0019148,user_37176,Amber Baker,1,"Not bad, not great either.",2023-02-08,True,NEUTRAL,0,SOURCE_G_REVIEWS,reviews_2023.csv,2023-02-09T04:45:55.469138020,BATCH-G-20230208
REV-00042898,SKU-0011256,user_33748,Joseph Hart,1,Stopped working after a week.,2023-09-22,True,NEGATIVE,9,SOURCE_G_REVIEWS,reviews_2023.csv,2023-09-22T02:37:38.449201822,BATCH-G-20230922
REV-00042899,SKU-0010219,,Anonymous,5,Great value for money.,2023-09-22,True,POSITIVE,0,SOURCE_G_REVIEWS,reviews_2023.csv,2023-09-23T03:57:36.622966657,BATCH-G-20230922
REV-00042904,SKU-0002593,user_9030649,Lance Williams,5,"Exactly as described, very happy.",2023-10-13,False,POSITIVE,1,SOURCE_G_REVIEWS,reviews_2023.csv,2023-10-14T04:31:05.694526365,BATCH-G-20231013
REV-00042917,SKU-0019747,,Anonymous,null,Stopped working after a week.,2023-04-07,False,NEGATIVE,0,SOURCE_G_REVIEWS,reviews_2023.csv,2023-04-07T15:24:59.176429440,BATCH-G-20230407
REV-00042920,SKU-0011627,,Anonymous,5,"Solid build quality, no complaints.",2023-12-12,True,POSITIVE,5,SOURCE_G_REVIEWS,reviews_2023.csv,2023-12-13T04:49:34.594849284,BATCH-G-20231212
REV-00042937,SKU-0004378,user_34718,Christy,5,Better than I expected for the price.,2023-05-07,False,POSITIVE,0,SOURCE_G_REVIEWS,reviews_2023.csv,2023-05-08T05:37:58.569986467,BATCH-G-20230507
REV-00042951,SKU-0002023,user_9001386,Troy Moran,5,Excellent rapport qualité-prix.,2023-11-27,True,POSITIVE,1,SOURCE_G_REVIEWS,reviews_2023.csv,2023-12-14T09:00:00,BATCH-G-20231127
REV-00042957,SKU-0005210,user_23808,Kristi Wood DDS,4,Exceeded my expectations.,2023-07-20,True,POSITIVE,-2,SOURCE_G_REVIEWS,reviews_2023.csv,2023-07-20T16:52:04.757227387,BATCH-G-20230720
REV-00042960,SKU-9931369,user_9028369,Angela Mercado,4,Great value for money.,2023-05-19,True,POSITIVE,2,SOURCE_G_REVIEWS,reviews_2023.csv,2023-05-20T02:43:28.311323234,BATCH-G-20230519
REV-00042997,SKU-0010606,user_9028915,Lynn Jones,3,"It's okay, does the job.",2023-10-28,False,NEUTRAL,3,SOURCE_G_REVIEWS,reviews_2023.csv,2023-10-28T22:39:55.034648260,BATCH-G-20231028
REV-00043013,SKU-0009786,user_44293,Jennifer Rice,5,"Perfect gift, they loved it!",2023-12-31,False,POSITIVE,0,SOURCE_G_REVIEWS,reviews_2023.csv,2023-12-31T23:59:47.999636120,BATCH-G-20231231
REV-00043016,SKU-9914643,user_9024114,Scott,5,Highly recommend this product.,2023-07-15,True,POSITIVE,4,SOURCE_G_REVIEWS,reviews_2023.csv,2023-07-16T02:17:03.563635125,BATCH-G-20230715
REV-00043022,SKU-0001088,user_9014373,Stacy,4,"Perfect gift, they loved it!",2023-11-18,True,POSITIVE,1,SOURCE_G_REVIEWS,reviews_2023.csv,2023-11-18T04:41:38.411901291,BATCH-G-20231118
REV-00043028,SKU-0019836,user_27707,Rebecca Thompson,5,Highly recommend this product.,2023-01-26,True,POSITIVE,12,SOURCE_G_REVIEWS,reviews_2023.csv,2023-01-26T18:07:52.880888788,BATCH-G-20230126
REV-00043031,SKU-0019394,,Anonymous,2,Arrived damaged and support was unhelpful.,2023-02-03,True,NEGATIVE,0,SOURCE_G_REVIEWS,reviews_2023.csv,2023-02-03T16:13:23.726875819,BATCH-G-20230203
REV-00043033,SKU-0010075,user_37667,Carrie,4,"Average quality, nothing special.",2023-01-20,True,NEUTRAL,2,SOURCE_G_REVIEWS,reviews_2023.csv,2023-01-20T05:45:16.109442772,BATCH-G-20230120
REV-00043042,SKU-0003121,,Anonymous,2,Arrived damaged and support was unhelpful.,2023-06-14,False,NEGATIVE,1,SOURCE_G_REVIEWS,reviews_2023.csv,2023-06-14T21:37:52.009812760,BATCH-G-20230614
REV-00043044,SKU-0013547,user_9031932,Dawn,5,Will definitely buy again.,2023-12-08,False,POSITIVE,0,SOURCE_G_REVIEWS,reviews_2023.csv,2023-12-08T12:49:28.471601761,BATCH-G-20231208
REV-00043050,SKU-0010898,user_9022246,Margaret,4,"Exactly as described, very happy.",2023-04-24,True,POSITIVE,3,SOURCE_G_REVIEWS,reviews_2023.csv,2023-04-25T03:03:16.401430298,BATCH-G-20230424
REV-00043055,SKU-0009074,user_12295,Kimberly Bailey,4,Will definitely buy again.,2023-06-08,False,POSITIVE,2,SOURCE_G_REVIEWS,reviews_2023.csv,2023-06-09T05:53:45.853982779,BATCH-G-20230608
REV-00043060,SKU-0010592,user_9005605,Nicholas Miller,4,Better than I expected for the price. 💯,2023-03-25,True,POSITIVE,0,SOURCE_G_REVIEWS,reviews_2023.csv,2023-03-26T05:57:05.374490098,BATCH-G-20230325
REV-00043061,SKU-0013036,,Anonymous,5,Will definitely buy again.,2023-07-28,False,POSITIVE,2,SOURCE_G_REVIEWS,reviews_2023.csv,2023-07-28T16:36:11.537614549,BATCH-G-20230728
REV-00043085,SKU-0017384,user_20911,Christine,3,Decent but overpriced a bit. 😢,2023-08-25,True,NEUTRAL,1,SOURCE_G_REVIEWS,reviews_2023.csv,2023-09-10T19:00:00,BATCH-G-20230825
REV-00043110,SKU-0009402,user_9024205,Robert Knight,1,"Cheaply made, broke immediately.",2023-07-20,True,NEGATIVE,3,SOURCE_G_REVIEWS,reviews_2023.csv,2023-07-20T23:57:16.207245436,BATCH-G-20230720
REV-00043116,SKU-0008649,user_41002,Sean Poole,4,"Muy buen producto, lo recomiendo.",2023-09-12,False,POSITIVE,1,SOURCE_G_REVIEWS,reviews_2023.csv,2023-09-13T01:59:19.402957682,BATCH-G-20230912
REV-00043146,SKU-0008082,user_52749,William,5,"Exactly as described, very happy.",2023-08-03,True,POSITIVE,5,SOURCE_G_REVIEWS,reviews_2023.csv,2023-08-03T03:34:00.685273416,BATCH-G-20230803
REV-00043148,SKU-0006510,user_9023748,Michael Kirk,5,"Absolutely love it, works perfectly!",2023-04-10,True,POSITIVE,0,SOURCE_G_REVIEWS,reviews_2023.csv,2023-04-11T03:30:22.593348506,BATCH-G-20230410
REV-00043170,SKU-0000527,user_49852,Frank Morris,5,Will definitely buy again.,2023-06-19,True,POSITIVE,1,SOURCE_G_REVIEWS,reviews_2023.csv,2023-06-20T02:24:07.017717733,BATCH-G-20230619
REV-00043180,SKU-0001989,,Anonymous,3,Not as described at all. 😀,2023-01-17,True,NEGATIVE,1,SOURCE_G_REVIEWS,reviews_2023.csv,2023-01-17T19:32:43.000309402,BATCH-G-20230117
REV-00043183,SKU-0008222,user_9021587,Jillian,4,"Exactly as described, very happy.",2023-11-27,False,POSITIVE,3,SOURCE_G_REVIEWS,reviews_2023.csv,2023-11-27T12:18:45.262132678,BATCH-G-20231127
REV-00043185,SKU-0019551,user_9024920,Taylor Murphy,3,"Average quality, nothing special.",2023-11-26,False,NEUTRAL,5,SOURCE_G_REVIEWS,reviews_2023.csv,2023-11-26T18:25:24.122571542,BATCH-G-20231126
REV-00043188,SKU-0006230,user_38969,Jeremy Roberts,1,Very disappointed with the quality.,2023-10-20,True,NEGATIVE,0,SOURCE_G_REVIEWS,reviews_2023.csv,2023-11-01T22:00:00,BATCH-G-20231020
REV-00043189,SKU-0000770,user_32515,Paula,3,"It's okay, does the job.",2023-04-23,True,NEUTRAL,1,SOURCE_G_REVIEWS,reviews_2023.csv,2023-04-23T16:36:00.851087543,BATCH-G-20230423
REV-00043198,SKU-0014389,user_57735,Daniel Anderson,3,"<i>edited</i>Not bad, not great either.<p>",2023-12-07,True,NEUTRAL,3,SOURCE_G_REVIEWS,reviews_2023.csv,2023-12-07T02:01:29.935721046,BATCH-G-20231207
REV-00043198-DUP,SKU-0014389,user_57735,Daniel Anderson,3,"<i>edited</i>Not bad, not great either.<p>",2023-12-07,True,NEUTRAL,3,SOURCE_G_REVIEWS,reviews_2023.csv,2023-12-07T02:48:29.935721046,BATCH-G-20231207
REV-00043210,SKU-0016643,user_9032784,Tanya Garcia,4,"Absolutely love it, works perfectly!",2023-05-26,False,POSITIVE,0,SOURCE_G_REVIEWS,reviews_2023.csv,2023-05-26T23:27:36.190735606,BATCH-G-20230526
REV-00043212,SKU-0015313,user_9005279,Seth,1,"Absolutely love it, works perfectly!",2023-11-10,True,POSITIVE,1,SOURCE_G_REVIEWS,reviews_2023.csv,2023-11-11T04:40:59.812497091,BATCH-G-20231110
REV-00043213,SKU-0011494,user_9028887,Christina Black,5,"Muy buen producto, lo recomiendo. 😐😍",2023-12-07,True,POSITIVE,3,SOURCE_G_REVIEWS,reviews_2023.csv,2023-12-08T01:32:38.081100839,BATCH-G-20231207
REV-00043218,SKU-0004930,user_9017150,Benjamin Gordon,3,"It's okay, does the job.",2023-01-29,True,NEUTRAL,0,SOURCE_G_REVIEWS,reviews_2023.csv,2023-01-29T20:50:00.481146975,BATCH-G-20230129
REV-00043221,SKU-0011293,user_7940,Sheila,unknown,Arrived damaged and support was unhelpful.,2023-05-17,True,NEGATIVE,1,SOURCE_G_REVIEWS,reviews_2023.csv,2023-05-17T10:46:50.968081963,BATCH-G-20230517
REV-00043223,SKU-0007581,,Anonymous,4,"&nbsp;Perfect gift, they loved it!<b>Update:</b>",2023-12-13,False,POSITIVE,3,SOURCE_G_REVIEWS,reviews_2023.csv,2023-12-14T05:17:31.254811014,BATCH-G-20231213
REV-00043240,SKU-0019161,user_44357,Brian,4,Fast delivery and great quality.,2023-11-13,False,POSITIVE,13,SOURCE_G_REVIEWS,reviews_2023.csv,2023-11-13T18:21:18.938778499,BATCH-G-20231113
REV-00043242,SKU-0003096,user_9033630,Javier,5,Great value for money.,2023-07-16,True,POSITIVE,4,SOURCE_G_REVIEWS,reviews_2023.csv,2023-07-16T01:44:23.900748145,BATCH-G-20230716
REV-00043250,SKU-0013587,user_9023667,Nathan,3,"It's okay, does the job.",2023-10-21,True,NEUTRAL,9,SOURCE_G_REVIEWS,reviews_2023.csv,2023-10-22T00:33:16.368600135,BATCH-G-20231021
REV-00043253,SKU-0001159,user_9010678,Stacey Lewis,5,"Absolutely love it, works perfectly!",2023-12-25,True,POSITIVE,1,SOURCE_G_REVIEWS,reviews_2023.csv,2023-12-25T20:08:53.028569316,BATCH-G-20231225
REV-00043256,SKU-0009054,user_38153,Cassandra Rhodes,5, ,2023-01-06,True,POSITIVE,5,SOURCE_G_REVIEWS,reviews_2023.csv,2023-01-06T08:12:12.251882492,BATCH-G-20230106
REV-00043258,SKU-0019802,user_9391,Mrs.,4,"Solid build quality, no complaints.",2023-07-17,True,POSITIVE,5,SOURCE_G_REVIEWS,reviews_2023.csv,2023-07-17T17:32:21.292593311,BATCH-G-20230717
REV-00043270,SKU-9926682,,Anonymous,5,"Exactly as described, very happy.",2023-04-19,True,POSITIVE,2,SOURCE_G_REVIEWS,reviews_2023.csv,2023-04-20T05:56:56.999665109,BATCH-G-20230419
REV-00043283,SKU-0013655,user_9024520,Samantha Hernandez,4,Stopped working after a week.,2023-03-02,True,NEGATIVE,2,SOURCE_G_REVIEWS,reviews_2023.csv,2023-03-02T11:56:19.351835883,BATCH-G-20230302
REV-00043287,SKU-0010214,,Anonymous,5,"Cheaply made, broke immediately.",2023-03-26,False,NEGATIVE,0,SOURCE_G_REVIEWS,reviews_2023.csv,2023-03-27T05:18:26.359819224,BATCH-G-20230326
REV-00043297,SKU-0009352,user_6481,Kathy Frost,4,NA,2023-09-18,True,POSITIVE,3,SOURCE_G_REVIEWS,reviews_2023.csv,2023-09-18T12:04:12.816565902,BATCH-G-20230918
REV-00043304,SKU-0017833,user_2325,Ricky Kemp,1,"   Poor  packaging,  item  was  defective.  💯   ",2023-10-27,False,NEGATIVE,0,SOURCE_G_REVIEWS,reviews_2023.csv,2023-10-28T01:05:35.040646676,BATCH-G-20231027
REV-00043305,SKU-0007794,user_3051,Erik Flores,4,"Perfect gift, they loved it!",2023-07-24,False,POSITIVE,1,SOURCE_G_REVIEWS,reviews_2023.csv,2023-07-24T04:15:40.355965162,BATCH-G-20230724
REV-00043315,SKU-0007934,user_9021600,George Garcia,5,Better than I expected for the price.,2023-07-29,False,POSITIVE,2,SOURCE_G_REVIEWS,reviews_2023.csv,2023-07-29T20:33:24.633312261,BATCH-G-20230729
REV-00043316,SKU-0019759,,Anonymous,4,Great value for money. 😍,2023-10-28,False,POSITIVE,3,SOURCE_G_REVIEWS,reviews_2023.csv,2023-10-29T03:00:07.116023812,BATCH-G-20231028
REV-00043343,SKU-0000424,user_9024495,Michael Hoffman,5,Better than I expected for the price.,2023-02-26,True,POSITIVE,0,SOURCE_G_REVIEWS,reviews_2023.csv,2023-02-26T16:57:54.478338005,BATCH-G-20230226
REV-00043344,SKU-0020005,user_52398,Christopher Stuart,4,Highly recommend this product.,2023-07-29,False,POSITIVE,1,SOURCE_G_REVIEWS,reviews_2023.csv,2023-07-30T02:28:49.446487108,BATCH-G-20230729
REV-00043350,SKU-0014995,,Anonymous,2,"Cheaply made, broke immediately.",2023-04-21,True,NEGATIVE,2,SOURCE_G_REVIEWS,reviews_2023.csv,2023-04-22T02:09:17.080051278,BATCH-G-20230421
REV-00043355,SKU-0018133,user_49840,Elaine Charles,4,Great value for money.,2023-08-04,False,POSITIVE,1,SOURCE_G_REVIEWS,reviews_2023.csv,2023-08-04T15:58:12.391728541,BATCH-G-20230804
REV-00043357,SKU-0002725,,Anonymous,4,Will definitely buy again.,2023-07-03,False,POSITIVE,2,SOURCE_G_REVIEWS,reviews_2023.csv,2023-07-03T20:23:41.226363470,BATCH-G-20230703
REV-00043368,SKU-0011774,user_58990,Leonard,5,"</p>Absolutely love it, works perfectly!<i>edited</i>",2023-05-22,True,POSITIVE,2,SOURCE_G_REVIEWS,reviews_2023.csv,2023-05-22T22:23:47.526346969,BATCH-G-20230522
REV-00043373,SKU-0009661,,Anonymous,4,Will definitely buy again.,2023-11-23,True,POSITIVE,8,SOURCE_G_REVIEWS,reviews_2023.csv,2023-11-23T23:08:23.026285972,BATCH-G-20231123
REV-00043378,SKU-9965914,user_23574,Ana Clark,4,Fast delivery and great quality.,2023-12-27,False,POSITIVE,0,SOURCE_G_REVIEWS,reviews_2023.csv,2023-12-27T06:49:57.555247756,BATCH-G-20231227
REV-00043379,SKU-0008228,user_9005550,David Weaver,5,"It's okay, does the job.",2023-07-17,True,NEUTRAL,1,SOURCE_G_REVIEWS,reviews_2023.csv,2023-07-18T00:16:01.472141478,BATCH-G-20230717
REV-00043385,SKU-0013823,user_65729,Antonio,3,"Not bad, not great either.",2023-11-13,False,NEUTRAL,2,SOURCE_G_REVIEWS,reviews_2023.csv,2023-11-13T23:37:45.492182735,BATCH-G-20231113
REV-00043388,SKU-0004038,user_5849,Teresa,5,Highly recommend this product.,2023-10-23,False,POSITIVE,1,SOURCE_G_REVIEWS,reviews_2023.csv,2023-10-23T11:54:29.424221165,BATCH-G-20231023
REV-00043390,SKU-0009859,,Anonymous,2,Arrived damaged and support was unhelpful.,2023-07-01,True,NEGATIVE,0,SOURCE_G_REVIEWS,reviews_2023.csv,2023-07-01T11:09:20.922969604,BATCH-G-20230701
REV-00043392,SKU-0013472,user_9030288,Timothy Wyatt,5,Exceeded my expectations.,2023-07-28,True,POSITIVE,0,SOURCE_G_REVIEWS,reviews_2023.csv,2023-07-28T22:00:58.849597089,BATCH-G-20230728
REV-00043395,SKU-0001382,user_9014998,Brian,4,Better than I expected for the price.,2023-04-09,True,POSITIVE,4,SOURCE_G_REVIEWS,reviews_2023.csv,2023-04-10T04:17:35.159239659,BATCH-G-20230409
REV-00043400,SKU-0014443,user_9034159,Ruth Adams,5,"Absolutely love it, works perfectly!",2023-07-29,False,POSITIVE,3,SOURCE_G_REVIEWS,reviews_2023.csv,2023-07-30T04:20:18.306020819,BATCH-G-20230729
REV-00043401,SKU-0008387,user_9028802,Michael Reyes,3,Decent but overpriced a bit. 💯,2023-07-09,True,NEUTRAL,3,SOURCE_G_REVIEWS,reviews_2023.csv,2023-07-12T08:00:00,BATCH-G-20230709
REV-00043409,SKU-0010613,,Anonymous,5,"Perfect gift, they loved it!",2023-05-11,True,POSITIVE,1,SOURCE_G_REVIEWS,reviews_2023.csv,2023-05-11T02:53:35.348142696,BATCH-G-20230511
REV-00043436,SKU-0017537,user_7574,Ryan Luna,5,Highly recommend this product.,2023-04-17,True,POSITIVE,6,SOURCE_G_REVIEWS,reviews_2023.csv,2023-04-18T01:24:46.220151982,BATCH-G-20230417
REV-00043446,SKU-0018521,user_9012549,Kimberly Williams,5,Exceeded my expectations. ⭐😀,2023-12-10,True,POSITIVE,3,SOURCE_G_REVIEWS,reviews_2023.csv,2023-12-10T03:29:15.247079466,BATCH-G-20231210
REV-00043450,SKU-0017328,user_53796,Jeremy,5,Great value for money.,2023-01-26,True,POSITIVE,0,SOURCE_G_REVIEWS,reviews_2023.csv,2023-01-26T20:38:04.284845962,BATCH-G-20230126
REV-00043478,SKU-0009842,user_61353,Daniel,3,"Average quality, nothing special.",2023-01-04,True,NEUTRAL,6,SOURCE_G_REVIEWS,reviews_2023.csv,2023-01-04T01:04:31.202319691,BATCH-G-20230104
REV-00043481,SKU-0003116,,Anonymous,3,Decent but overpriced a bit.,2023-02-09,True,NEUTRAL,0,SOURCE_G_REVIEWS,reviews_2023.csv,2023-02-09T02:50:30.784844637,BATCH-G-20230209
REV-00043493,SKU-0017971,user_52215,Julia,4,"<p>Muy buen producto, lo recomiendo.<br>",2023-02-21,False,POSITIVE,1,SOURCE_G_REVIEWS,reviews_2023.csv,2023-02-21T00:39:45.361040651,BATCH-G-20230221
REV-00043499,SKU-0015691,user_9027122,Jeanne Johnson,1,"Poor packaging, item was defective.",2023-06-16,True,NEGATIVE,3,SOURCE_G_REVIEWS,reviews_2023.csv,2023-06-16T07:22:51.875496029,BATCH-G-20230616
REV-00043500,SKU-0012437,user_5298,Frank Mcdonald,5,Great value for money.,2023-11-11,False,POSITIVE,0,SOURCE_G_REVIEWS,reviews_2023.csv,2023-11-11T21:22:27.999614946,BATCH-G-20231111
REV-00043514,SKU-0010607,,Anonymous,4,Fast delivery and great quality.,2023-03-17,True,POSITIVE,3,SOURCE_G_REVIEWS,reviews_2023.csv,2023-03-17T21:50:55.644773935,BATCH-G-20230317
REV-00043517,SKU-0010206,user_9019653,Kenneth Goodman,1,"बहुत अच्छा उत्पाद है, पैसा वसूल!",2023-09-19,True,NEGATIVE,0,SOURCE_G_REVIEWS,reviews_2023.csv,2023-09-19T08:20:01.041425405,BATCH-G-20230919
REV-00043518,SKU-0005336,user_62645,Debra,5,Better than I expected for the price. 😢,2023-12-20,False,POSITIVE,4,SOURCE_G_REVIEWS,reviews_2023.csv,2023-12-20T05:13:23.746910889,BATCH-G-20231220
REV-00043523,SKU-9965499,user_9001707,Robert Johnson,5,Exceeded my expectations.,2023-11-04,True,POSITIVE,0,SOURCE_G_REVIEWS,reviews_2023.csv,2023-11-04T20:55:56.760319971,BATCH-G-20231104
REV-00043526,SKU-0000727,user_9017127,Stephanie,3,</p>Decent but overpriced a bit.<b>Update:</b>,2023-02-04,False,NEUTRAL,0,SOURCE_G_REVIEWS,reviews_2023.csv,2023-02-04T05:00:30.298149812,BATCH-G-20230204
REV-00043565,SKU-0014108,user_9011114,Lisa Kim,4,"Perfect gift, they loved it!",2023-06-07,False,POSITIVE,0,SOURCE_G_REVIEWS,reviews_2023.csv,2023-06-07T03:23:58.867524457,BATCH-G-20230607
REV-00043579,SKU-0011156,user_9008693,Gary Campos,3,"Muy buen producto, lo recomiendo.",2023-04-03,True,POSITIVE,0,SOURCE_G_REVIEWS,reviews_2023.csv,2023-04-03T23:09:35.548659072,BATCH-G-20230403
REV-00043584,SKU-0017883,user_9023629,Christopher Butler,4,Will definitely buy again.,2023-02-01,True,POSITIVE,3,SOURCE_G_REVIEWS,reviews_2023.csv,2023-02-01T04:58:24.407356103,BATCH-G-20230201
REV-00043587,SKU-0007358,,Anonymous,4,"Exactly as described, very happy.",2023-09-13,True,POSITIVE,4,SOURCE_G_REVIEWS,reviews_2023.csv,2023-09-13T01:29:22.163711573,BATCH-G-20230913
REV-00043599,SKU-0013685,user_9023873,Jason Gaines,4,Exceeded my expectations.,2023-06-14,True,POSITIVE,5,SOURCE_G_REVIEWS,reviews_2023.csv,2023-06-14T06:35:14.104714252,BATCH-G-20230614
REV-00043608,SKU-0012789,user_14185,Nancy Proctor,5,Exceeded my expectations.,2023-02-11,True,POSITIVE,3,SOURCE_G_REVIEWS,reviews_2023.csv,2023-02-11T11:44:13.205359469,BATCH-G-20230211
REV-00043614,SKU-0002790,user_30262,Ashley Kramer MD,5,"   Cheaply  made,  broke  immediately.   ",2023-08-06,False,NEGATIVE,0,SOURCE_G_REVIEWS,reviews_2023.csv,2023-08-06T23:02:01.603106052,BATCH-G-20230806
REV-00043638,SKU-0003800,user_65124,Samantha Lee,5,"Exactly as described, very happy. 👍😍",2023-10-02,True,POSITIVE,0,SOURCE_G_REVIEWS,reviews_2023.csv,2023-10-02T23:57:34.876552571,BATCH-G-20231002
REV-00043638-BOT,SKU-0003800,user_9015249,Brendan Khan,5,"Exactly as described, very happy. 👍😍",2023-10-02,False,POSITIVE,0,SOURCE_G_REVIEWS,reviews_2023.csv,2023-10-02T23:57:34.876552571,BATCH-G-20231002
REV-00043641,SKU-0017799,user_9018414,Derek Johnson,4,Better than I expected for the price.,2023-07-13,False,POSITIVE,4,SOURCE_G_REVIEWS,reviews_2023.csv,2023-07-13T04:25:17.521150847,BATCH-G-20230713
REV-00043643,SKU-0008784,user_3837,Jackson Ramirez,-1,Highly recommend this product.,2023-03-12,False,POSITIVE,1,SOURCE_G_REVIEWS,reviews_2023.csv,2023-03-13T03:10:21.314821034,BATCH-G-20230312
REV-00043653,SKU-0016846,user_9034611,Jason Anderson,5,"Absolutely love it, works perfectly!",2023-07-27,True,POSITIVE,1,SOURCE_G_REVIEWS,reviews_2023.csv,2023-07-28T00:48:01.942380799,BATCH-G-20230727
REV-00043667,SKU-0001143,user_9005055,Jonathan Hale,5,"   Absolutely  love  it,  works  perfectly!   ",2023-10-20,False,POSITIVE,1,SOURCE_G_REVIEWS,reviews_2023.csv,2023-10-20T20:54:45.390189369,BATCH-G-20231020
REV-00043695,SKU-0000957,user_9013315,William Phillips,4,Will definitely buy again.,2023-03-07,False,POSITIVE,7,SOURCE_G_REVIEWS,reviews_2023.csv,2023-03-07T01:00:43.880800580,BATCH-G-20230307
REV-00043704,SKU-0017369,user_9025315,Jeffrey,5,Fast delivery and great quality.,2023-05-21,True,POSITIVE,2,SOURCE_G_REVIEWS,reviews_2023.csv,2023-05-21T17:52:12.257825716,BATCH-G-20230521
REV-00043719,SKU-0010969,,Anonymous,3,"<i>edited</i>Matches the description, no issues.</p>",2023-06-30,False,NEUTRAL,1,SOURCE_G_REVIEWS,reviews_2023.csv,2023-06-30T03:52:33.034133171,BATCH-G-20230630
REV-00043720,SKU-0014601,,Anonymous,4,Great value for money.,2023-11-06,False,POSITIVE,1,SOURCE_G_REVIEWS,reviews_2023.csv,2023-11-07T03:02:49.675415598,BATCH-G-20231106
REV-00043721,SKU-9984785,user_9011148,Kevin,4,Decent but overpriced a bit.,2023-10-24,True,NEUTRAL,3,SOURCE_G_REVIEWS,reviews_2023.csv,2023-10-24T22:10:56.127253364,BATCH-G-20231024
REV-00043726,SKU-0015602,,Anonymous,4,Highly recommend this product.,2023-02-03,True,POSITIVE,0,SOURCE_G_REVIEWS,reviews_2023.csv,2023-02-03T21:37:56.420361591,BATCH-G-20230203
REV-00043743,SKU-0004087,user_23501,Leslie Morrison,4,Fast delivery and great quality.,2023-07-18,True,POSITIVE,0,SOURCE_G_REVIEWS,reviews_2023.csv,2023-07-18T17:49:58.235217683,BATCH-G-20230718
REV-00043745,SKU-0000159,user_9026060,Karen,4,Better than I expected for the price.,2023-01-07,False,POSITIVE,2,SOURCE_G_REVIEWS,reviews_2023.csv,2023-01-08T03:27:57.762266337,BATCH-G-20230107
REV-00043763,SKU-0013044,user_60639,Valerie Adams,1,Very disappointed with the quality.,2023-11-26,True,NEGATIVE,6,SOURCE_G_REVIEWS,reviews_2023.csv,2023-11-26T22:35:06.904407999,BATCH-G-20231126
REV-00043765,SKU-0006387,,Anonymous,3,"Average quality, nothing special.",2023-05-20,True,NEUTRAL,3,SOURCE_G_REVIEWS,reviews_2023.csv,2023-05-20T11:21:16.525802794,BATCH-G-20230520
REV-00043767,SKU-0001433,user_56780,Troy Gonzalez,0,"Poor packaging, item was defective.",2023-04-15,False,NEGATIVE,2,SOURCE_G_REVIEWS,reviews_2023.csv,2023-04-15T07:15:51.225669698,BATCH-G-20230415
REV-00043770,SKU-0001309,,Anonymous,4,N/A,2023-12-26,True,POSITIVE,2,SOURCE_G_REVIEWS,reviews_2023.csv,2023-12-27T02:31:37.016878950,BATCH-G-20231226
REV-00043778,SKU-0017323,user_9029064,Cory,5,Wrong item was shipped to me.,2023-05-30,False,NEGATIVE,0,SOURCE_G_REVIEWS,reviews_2023.csv,2023-05-30T16:50:50.793365786,BATCH-G-20230530
REV-00043780,SKU-0014766,user_9000698,Andrea Newman,5,Better than I expected for the price.,2023-04-20,True,POSITIVE,0,SOURCE_G_REVIEWS,reviews_2023.csv,2023-04-20T12:35:05.745222404,BATCH-G-20230420
REV-00043791,SKU-0001916,user_66231,Karen Jackson,4,Highly recommend this product.,2023-05-20,False,POSITIVE,0,SOURCE_G_REVIEWS,reviews_2023.csv,2023-05-20T05:59:16.998585981,BATCH-G-20230520
REV-00043800,SKU-0015495,,Anonymous,2,"Waste of money, do not buy.",2023-02-24,True,NEGATIVE,1,SOURCE_G_REVIEWS,reviews_2023.csv,2023-02-24T10:05:12.117524907,BATCH-G-20230224
REV-00043806,SKU-0012006,user_478,Phillip Cohen,3,"Average quality, nothing special.",2023-08-24,True,NEUTRAL,2,SOURCE_G_REVIEWS,reviews_2023.csv,2023-08-24T10:27:21.917284648,BATCH-G-20230824
REV-00043809,SKU-0018372,user_20524,Anita Martinez,4,"Solid build quality, no complaints.",2023-09-08,True,POSITIVE,3,SOURCE_G_REVIEWS,reviews_2023.csv,2023-09-08T14:37:41.364177862,BATCH-G-20230908
REV-00043821,SKU-0015108,,Anonymous,4,"Absolutely love it, works perfectly!",2023-07-02,True,POSITIVE,3,SOURCE_G_REVIEWS,reviews_2023.csv,2023-07-02T07:19:00.226967435,BATCH-G-20230702
REV-00043822,SKU-0019476,user_9021596,Dawn,2,"Poor packaging, item was defective. ⭐",2023-04-27,True,NEGATIVE,2,SOURCE_G_REVIEWS,reviews_2023.csv,2023-04-27T14:38:34.168815049,BATCH-G-20230427
REV-00043831,SKU-0011463,user_9025025,Kevin Ramirez,4,Excellent rapport qualité-prix.,2023-03-10,True,POSITIVE,0,SOURCE_G_REVIEWS,reviews_2023.csv,2023-03-10T22:41:43.669232866,BATCH-G-20230310
REV-00043834,SKU-0017935,user_9003421,Andrew,5,"Perfect gift, they loved it! ⭐💯",2023-02-22,True,POSITIVE,4,SOURCE_G_REVIEWS,reviews_2023.csv,2023-02-22T03:12:55.620187916,BATCH-G-20230222
REV-00043835,SKU-0013506,user_9008458,Joshua,3,"It's okay, does the job.",2023-01-01,False,NEUTRAL,2,SOURCE_G_REVIEWS,reviews_2023.csv,2023-01-01T22:07:20.709632571,BATCH-G-20230101
REV-00043836,SKU-0015927,,Anonymous,4,Exceeded my expectations.,2023-07-26,False,POSITIVE,3,SOURCE_G_REVIEWS,reviews_2023.csv,2023-07-26T10:54:28.513870568,BATCH-G-20230726
REV-00043837,SKU-0011754,,Anonymous,5,"Solid build quality, no complaints.",2023-06-01,True,POSITIVE,1,SOURCE_G_REVIEWS,reviews_2023.csv,2023-06-02T02:48:35.195478307,BATCH-G-20230601
REV-00043839,SKU-0018299,user_26759,Gary Hickman,5,Highly recommend this product.,2023-03-10,True,POSITIVE,2,SOURCE_G_REVIEWS,reviews_2023.csv,2023-03-10T09:08:22.202792885,BATCH-G-20230310
REV-00043850,SKU-0016563,,Anonymous,1,"&nbsp;Cheaply made, broke immediately.</p>",2023-03-09,False,NEGATIVE,0,SOURCE_G_REVIEWS,reviews_2023.csv,2023-03-10T03:06:25.238939904,BATCH-G-20230309
REV-00043855,SKU-0007855,user_56260,Lynn,5,No cumplió mis expectativas.,2023-01-15,False,POSITIVE,0,SOURCE_G_REVIEWS,reviews_2023.csv,2023-01-15T21:28:43.307826801,BATCH-G-20230115
REV-00043856,SKU-0006845,user_9025872,Joel,5,Fast delivery and great quality.,2023-01-24,True,POSITIVE,7,SOURCE_G_REVIEWS,reviews_2023.csv,2023-01-24T09:47:03.145357665,BATCH-G-20230124
REV-00043876,SKU-0004949,,Anonymous,4,"Exactly as described, very happy.",2023-03-25,False,POSITIVE,0,SOURCE_G_REVIEWS,reviews_2023.csv,2023-03-25T00:39:13.621220816,BATCH-G-20230325
REV-00043879,SKU-9915379,user_33839,Sandra,4,"Perfect gift, they loved it!",2023-06-30,True,POSITIVE,3,SOURCE_G_REVIEWS,reviews_2023.csv,2023-06-30T10:29:28.608598683,BATCH-G-20230630
REV-00043899,SKU-0013492,user_44596,Tony Reid,5,Exceeded my expectations.,2023-07-27,False,POSITIVE,3,SOURCE_G_REVIEWS,reviews_2023.csv,2023-07-28T01:57:30.024305650,BATCH-G-20230727
REV-00043902,SKU-9951150,user_9022223,Kimberly Holland,5,Exceeded my expectations.,2023-08-07,True,POSITIVE,0,SOURCE_G_REVIEWS,reviews_2023.csv,2023-08-07T00:57:54.951273300,BATCH-G-20230807
REV-00043907,SKU-0017217,user_9003246,Mr.,4,Excellent rapport qualité-prix.,2023-09-03,True,POSITIVE,1,SOURCE_G_REVIEWS,reviews_2023.csv,2023-09-03T02:21:00.554438908,BATCH-G-20230903
REV-00043910,SKU-0018985,user_34434,Diane Flores,4,"Exactly as described, very happy.",2023-02-24,True,POSITIVE,1,SOURCE_G_REVIEWS,reviews_2023.csv,2023-02-24T07:45:34.920465324,BATCH-G-20230224
REV-00043930,SKU-0019438,user_9003080,Brian Simpson,5,Better than I expected for the price.,2023-06-16,True,POSITIVE,0,SOURCE_G_REVIEWS,reviews_2023.csv,2023-06-16T05:35:05.742775593,BATCH-G-20230616
REV-00043934,SKU-0005629,,Anonymous,3,"&nbsp;Not bad, not great either.&nbsp;",2023-01-06,False,NEUTRAL,3,SOURCE_G_REVIEWS,reviews_2023.csv,2023-01-06T14:27:36.794073212,BATCH-G-20230106
REV-00043936,SKU-0014485,user_5282,Brittany,3,Arrived damaged and support was unhelpful.,2023-08-29,False,NEGATIVE,2,SOURCE_G_REVIEWS,reviews_2023.csv,2023-08-29T06:39:04.032021776,BATCH-G-20230829
REV-00043969,SKU-0005222,user_13126,Heather Powell,N/A,"Exactly as described, very happy. 😢",2023-11-09,True,POSITIVE,2,SOURCE_G_REVIEWS,reviews_2023.csv,2023-11-09T20:43:02.130830729,BATCH-G-20231109
REV-00043971,SKU-0018868,user_3126,Joe,3,"Not bad, not great either.",2023-06-21,False,NEUTRAL,0,SOURCE_G_REVIEWS,reviews_2023.csv,2023-06-21T22:06:13.978969690,BATCH-G-20230621
REV-00043976,SKU-0016017,user_9005433,Jason Jackson,4,Great value for money.,2023-12-28,True,POSITIVE,2,SOURCE_G_REVIEWS,reviews_2023.csv,2023-12-29T05:26:29.905338695,BATCH-G-20231228
REV-00043977,SKU-0013288,user_11350,Connie,4,Great value for money.,2023-12-01,False,POSITIVE,1,SOURCE_G_REVIEWS,reviews_2023.csv,2023-12-01T03:10:42.087573030,BATCH-G-20231201
REV-00043989,SKU-0008571,,Anonymous,4,"बहुत अच्छा उत्पाद है, पैसा वसूल!",2023-07-23,False,POSITIVE,0,SOURCE_G_REVIEWS,reviews_2023.csv,2023-07-24T04:35:09.525739821,BATCH-G-20230723
REV-00043990,SKU-0004665,user_850,Shane Watts,3,"Average quality, nothing special.",2023-04-21,True,NEUTRAL,3,SOURCE_G_REVIEWS,reviews_2023.csv,2023-04-21T06:11:19.593879335,BATCH-G-20230421
REV-00043993,SKU-0003040,user_18929,Katherine Gibson,5,Great value for money.,2023-02-10,True,POSITIVE,1,SOURCE_G_REVIEWS,reviews_2023.csv,2023-02-11T02:36:59.296815712,BATCH-G-20230210
REV-00044009,SKU-0013941,user_32205,Melissa,1,Works fine but delivery was slow.,2023-08-22,True,NEUTRAL,0,SOURCE_G_REVIEWS,reviews_2023.csv,2023-08-22T08:58:39.994978439,BATCH-G-20230822
REV-00044026,SKU-0002171,user_9007046,Heather Powell,5,Decent but overpriced a bit.,2023-04-09,False,NEUTRAL,5,SOURCE_G_REVIEWS,reviews_2023.csv,2023-04-09T01:22:20.394314685,BATCH-G-20230409
REV-00044027,SKU-0011319,user_51337,Tiffany Watson,5,&nbsp;Fast delivery and great quality.&nbsp;,2023-04-05,True,POSITIVE,0,SOURCE_G_REVIEWS,reviews_2023.csv,2023-04-05T02:49:15.705104296,BATCH-G-20230405
REV-00044037,SKU-0001775,user_9026461,Andrew,5,"Solid build quality, no complaints.",2023-10-26,False,POSITIVE,1,SOURCE_G_REVIEWS,reviews_2023.csv,2023-10-27T03:27:10.160016528,BATCH-G-20231026
REV-00044047,SKU-0019896,user_9033320,Valerie Sanchez,4,"बहुत अच्छा उत्पाद है, पैसा वसूल!",2023-09-02,True,POSITIVE,6,SOURCE_G_REVIEWS,reviews_2023.csv,2023-09-02T16:02:12.622500105,BATCH-G-20230902
REV-00044075,SKU-9910794,user_9006839,Kelly Warren,1,"Cheaply made, broke immediately.",2023-01-18,False,NEGATIVE,4,SOURCE_G_REVIEWS,reviews_2023.csv,2023-01-18T14:10:15.742250530,BATCH-G-20230118
REV-00044079,SKU-0012859,user_719,Mallory Davis,2,Arrived damaged and support was unhelpful.,2023-11-13,True,NEGATIVE,1,SOURCE_G_REVIEWS,reviews_2023.csv,2023-11-13T18:56:16.542908064,BATCH-G-20231113
REV-00044083,SKU-0019886,,Anonymous,4,Exceeded my expectations.,2023-03-19,True,POSITIVE,2,SOURCE_G_REVIEWS,reviews_2023.csv,2023-03-19T03:27:04.151814538,BATCH-G-20230319
REV-00044094,SKU-0006719,user_9019694,Natasha,2,Wrong item was shipped to me.,2023-10-26,True,NEGATIVE,1,SOURCE_G_REVIEWS,reviews_2023.csv,2023-10-26T23:38:35.879694420,BATCH-G-20231026
REV-00044097,SKU-0010592,user_44196,Emily Nguyen,4,"Solid build quality, no complaints.",2023-05-09,True,POSITIVE,2,SOURCE_G_REVIEWS,reviews_2023.csv,2023-05-09T18:49:15.073221545,BATCH-G-20230509
REV-00044107,SKU-0004717,user_11620,Anthony Adkins,1,Wrong item was shipped to me.,2023-11-09,False,NEGATIVE,-1,SOURCE_G_REVIEWS,reviews_2023.csv,2023-11-09T18:03:07.339365112,BATCH-G-20231109
REV-00044112,SKU-0008692,user_24168,Beth,4,Will definitely buy again.,2023-05-29,False,POSITIVE,1,SOURCE_G_REVIEWS,reviews_2023.csv,2023-05-29T02:34:06.409664519,BATCH-G-20230529
REV-00044113,SKU-0008373,user_9018948,Jonathan Dodson,4,"Perfect gift, they loved it!",2023-10-29,False,POSITIVE,1,SOURCE_G_REVIEWS,reviews_2023.csv,2023-10-29T12:57:50.012997018,BATCH-G-20231029
REV-00044116,SKU-0017729,user_9024361,Gabrielle,2,"Poor packaging, item was defective.",2023-12-08,True,NEGATIVE,4,SOURCE_G_REVIEWS,reviews_2023.csv,2023-12-08T10:19:11.400845259,BATCH-G-20231208
REV-00044119,SKU-0007522,user_9020605,Allen Wright,5,"Solid build quality, no complaints.",2023-10-02,True,POSITIVE,7,SOURCE_G_REVIEWS,reviews_2023.csv,2023-10-02T04:51:29.564311455,BATCH-G-20231002
REV-00044122,SKU-0005256,user_59322,Joshua Jones,5,Exceeded my expectations.,2023-01-06,True,POSITIVE,9,SOURCE_G_REVIEWS,reviews_2023.csv,2023-01-06T11:51:51.403689073,BATCH-G-20230106
REV-00044124,SKU-0015327,,Anonymous,5,Exceeded my expectations.,2023-07-05,True,POSITIVE,2,SOURCE_G_REVIEWS,reviews_2023.csv,2023-07-05T05:59:30.173656284,BATCH-G-20230705
REV-00044132,SKU-0014676,user_54941,Elizabeth Duran,Unknown,<br>Fast delivery and great quality.&nbsp;,2023-06-02,True,POSITIVE,1,SOURCE_G_REVIEWS,reviews_2023.csv,2023-06-02T08:54:53.453627599,BATCH-G-20230602
REV-00044136,SKU-0019362,user_47873,Lynn Gonzalez,5,Will definitely buy again.,2023-02-24,False,POSITIVE,3,SOURCE_G_REVIEWS,reviews_2023.csv,2023-02-24T16:40:16.642006654,BATCH-G-20230224
REV-00044173,SKU-0002065,user_30196,William,4,Great value for money.,2023-11-12,True,POSITIVE,0,SOURCE_G_REVIEWS,reviews_2023.csv,2023-11-12T20:02:19.472700526,BATCH-G-20231112
REV-00044176,SKU-0008187,,Anonymous,3,Decent but overpriced a bit.,2023-05-07,True,NEUTRAL,8,SOURCE_G_REVIEWS,reviews_2023.csv,2023-05-06T15:00:00,BATCH-G-20230507
REV-00044187,SKU-0004934,user_9003375,Joseph Stevens,NA,Better than I expected for the price.,2023-01-29,True,POSITIVE,0,SOURCE_G_REVIEWS,reviews_2023.csv,2023-01-29T05:52:52.189364547,BATCH-G-20230129
REV-00044196,SKU-0003808,user_9014510,Maria,4,Exceeded my expectations.,2023-10-09,True,POSITIVE,0,SOURCE_G_REVIEWS,reviews_2023.csv,2023-10-09T23:57:21.517055361,BATCH-G-20231009
REV-00044212,SKU-0012243,user_32739,Kaitlin Valentine,1,"Poor packaging, item was defective.",2023-03-04,False,NEGATIVE,1,SOURCE_G_REVIEWS,reviews_2023.csv,2023-03-04T13:08:23.809380415,BATCH-G-20230304
REV-00044219,SKU-0016402,user_37692,Matthew,5,"<b>Update:</b>Perfect gift, they loved it!<b>Update:</b>",2023-04-24,False,POSITIVE,3,SOURCE_G_REVIEWS,reviews_2023.csv,2023-04-24T13:56:31.579491547,BATCH-G-20230424
REV-00044223,SKU-0012391,user_28587,Jonathan Mccann,3,Decent but overpriced a bit.,2023-07-31,False,NEUTRAL,3,SOURCE_G_REVIEWS,reviews_2023.csv,2023-07-31T06:47:37.755169671,BATCH-G-20230731
REV-00044226,SKU-0019635,user_62751,Jason Farrell,4,   Better  than  I  expected  for  the  price.   ,2023-03-27,True,POSITIVE,4,SOURCE_G_REVIEWS,reviews_2023.csv,2023-03-28T05:22:04.094439589,BATCH-G-20230327
REV-00044243,SKU-0004520,user_9023766,Kimberly Adams,5,गुणवत्ता ठीक नहीं थी।,2023-10-20,True,POSITIVE,0,SOURCE_G_REVIEWS,reviews_2023.csv,2023-10-20T17:04:46.700351458,BATCH-G-20231020
REV-00044243-DUP,SKU-0004520,user_9023766,Kimberly Adams,5,गुणवत्ता ठीक नहीं थी।,2023-10-20,True,POSITIVE,0,SOURCE_G_REVIEWS,reviews_2023.csv,2023-10-20T17:21:46.700351458,BATCH-G-20231020
REV-00044262,SKU-0000613,user_9006393,Michael Hall,5,"Exactly as described, very happy.",2023-07-02,True,POSITIVE,1,SOURCE_G_REVIEWS,reviews_2023.csv,2023-07-03T02:04:14.400071584,BATCH-G-20230702
REV-00044283,SKU-0013035,,Anonymous,1,"Poor packaging, item was defective.",2023-05-09,True,NEGATIVE,1,SOURCE_G_REVIEWS,reviews_2023.csv,2023-05-09T18:12:23.281868863,BATCH-G-20230509
REV-00044284,SKU-0017778,user_65892,Nicholas George,5,"Muy buen producto, lo recomiendo.",2023-05-08,True,POSITIVE,0,SOURCE_G_REVIEWS,reviews_2023.csv,2023-05-08T08:11:18.003978428,BATCH-G-20230508
REV-00044290,SKU-9925036,,Anonymous,5,Great value for money.,2023-01-03,True,POSITIVE,0,SOURCE_G_REVIEWS,reviews_2023.csv,2023-01-04T04:13:39.418010700,BATCH-G-20230103
REV-00044306,SKU-0008530,user_57662,Yolanda Lewis,5,Exceeded my expectations.,2023-11-10,True,POSITIVE,0,SOURCE_G_REVIEWS,reviews_2023.csv,2023-11-10T07:07:01.485264974,BATCH-G-20231110
REV-00044309,SKU-0019750,user_13541,James Fernandez,5,"Perfect gift, they loved it!",2023-06-03,True,POSITIVE,3,SOURCE_G_REVIEWS,reviews_2023.csv,2023-06-03T09:13:03.221657349,BATCH-G-20230603
REV-00044326,SKU-0007162,user_25081,Connor,4,Better than I expected for the price.,2023-11-10,False,POSITIVE,2,SOURCE_G_REVIEWS,reviews_2023.csv,2023-11-10T10:20:24.497527204,BATCH-G-20231110
REV-00044344,SKU-0004904,user_4714,Shirley Baird,4,"Perfect gift, they loved it!",2023-11-23,False,POSITIVE,0,SOURCE_G_REVIEWS,reviews_2023.csv,2023-11-23T16:15:44.684454681,BATCH-G-20231123
REV-00044346,SKU-0011021,user_7781,Peter Rodriguez,4,"Perfect gift, they loved it!",2023-08-02,True,POSITIVE,7,SOURCE_G_REVIEWS,reviews_2023.csv,2023-08-02T15:52:08.236614595,BATCH-G-20230802
REV-00044348,SKU-0015615,,Anonymous,3,Decent but overpriced a bit.,2023-12-23,True,NEUTRAL,3,SOURCE_G_REVIEWS,reviews_2023.csv,2023-12-23T21:42:00.345787040,BATCH-G-20231223
REV-00044349,SKU-0004367,user_65368,Donald,1,Very disappointed with the quality.,2023-06-24,False,NEGATIVE,3,SOURCE_G_REVIEWS,reviews_2023.csv,2023-06-24T20:39:49.040010543,BATCH-G-20230624
REV-00044353,SKU-0010324,user_50467,Nicole Reyes,4,"Absolutely love it, works perfectly!",2023-01-30,False,POSITIVE,1,SOURCE_G_REVIEWS,reviews_2023.csv,2023-01-30T13:04:32.840724539,BATCH-G-20230130
REV-00044368,SKU-0013316,user_46165,Bernard,3,"Absolutely love it, works perfectly!",2023-04-11,False,POSITIVE,0,SOURCE_G_REVIEWS,reviews_2023.csv,2023-04-11T02:00:30.262997374,BATCH-G-20230411
REV-00044368-BOT,SKU-0013316,user_9018231,Sharon Walker,3,"Absolutely love it, works perfectly!",2023-04-11,False,POSITIVE,0,SOURCE_G_REVIEWS,reviews_2023.csv,2023-04-11T02:00:30.262997374,BATCH-G-20230411
REV-00044370,SKU-0005680,user_9028546,Beverly,5,Better than I expected for the price.,2023-11-12,False,POSITIVE,4,SOURCE_G_REVIEWS,reviews_2023.csv,2023-11-12T07:40:24.586679408,BATCH-G-20231112
REV-00044396,SKU-0018885,user_34733,Ashley Castro,5,"Perfect gift, they loved it!",2023-12-26,False,POSITIVE,2,SOURCE_G_REVIEWS,reviews_2023.csv,2023-12-26T10:39:14.780522668,BATCH-G-20231226
REV-00044405,SKU-0010662,user_55275,Hunter Moreno,2,"Waste of money, do not buy.",2023-09-07,False,NEGATIVE,0,SOURCE_G_REVIEWS,reviews_2023.csv,2023-09-07T21:00:10.307017925,BATCH-G-20230907
REV-00044414,SKU-0005993,user_9003386,Elizabeth,3,Works fine but delivery was slow.,2023-11-19,True,NEUTRAL,0,SOURCE_G_REVIEWS,reviews_2023.csv,2023-11-19T16:55:38.695519116,BATCH-G-20231119
REV-00044417,SKU-0011411,,Anonymous,4,"<b>Update:</b>Perfect gift, they loved it!<br>",2023-10-01,True,POSITIVE,4,SOURCE_G_REVIEWS,reviews_2023.csv,2023-10-01T12:43:17.344737875,BATCH-G-20231001
REV-00044420,SKU-0015388,user_9003006,Rebecca Smith,4,"Exactly as described, very happy.",2023-11-18,True,POSITIVE,6,SOURCE_G_REVIEWS,reviews_2023.csv,2023-11-18T21:14:56.817580715,BATCH-G-20231118
REV-00044422,SKU-0002092,user_12212,Amanda Riddle,6,"Solid build quality, no complaints.",2023-05-10,False,POSITIVE,16,SOURCE_G_REVIEWS,reviews_2023.csv,2023-05-10T21:31:43.193147006,BATCH-G-20230510
REV-00044424,SKU-0012852,user_9002478,Stephen Parker,5,Great value for money.,2023-03-08,False,POSITIVE,0,SOURCE_G_REVIEWS,reviews_2023.csv,2023-03-08T10:55:34.505750078,BATCH-G-20230308
REV-00044427,SKU-0004034,user_9016493,Herbert Clay,5,"Absolutely love it, works perfectly!",2023-12-05,True,POSITIVE,1,SOURCE_G_REVIEWS,reviews_2023.csv,2023-12-05T14:38:42.594961275,BATCH-G-20231205
REV-00044450,SKU-0010963,user_50563,David,4,Great value for money.,2023-01-07,True,POSITIVE,6,SOURCE_G_REVIEWS,reviews_2023.csv,2023-01-08T02:13:13.379223960,BATCH-G-20230107
REV-00044453,SKU-0001644,user_9024082,Danielle Hernandez,4,"Solid build quality, no complaints.",2023-09-05,True,POSITIVE,4,SOURCE_G_REVIEWS,reviews_2023.csv,2023-09-05T10:40:23.694232750,BATCH-G-20230905
REV-00044457,SKU-0005348,,Anonymous,5,"<br>Livraison très lente, déçu. Highly recommend this product.</p>",2023-02-03,True,POSITIVE,7,SOURCE_G_REVIEWS,reviews_2023.csv,2023-02-04T00:27:08.962802329,BATCH-G-20230203
REV-00044498,SKU-0019772,user_9022790,Kathleen,4,"गुणवत्ता ठीक नहीं थी। Absolutely love it, works perfectly!",2023-08-04,True,POSITIVE,10,SOURCE_G_REVIEWS,reviews_2023.csv,2023-08-05T05:01:52.258333023,BATCH-G-20230804
REV-00044501,SKU-0014698,user_9013114,Patricia,5,"Solid build quality, no complaints.",2023-11-28,True,POSITIVE,0,SOURCE_G_REVIEWS,reviews_2023.csv,2023-11-28T14:41:59.129227639,BATCH-G-20231128
REV-00044508,SKU-0011058,user_9005175,Christopher Gates,4,"Solid build quality, no complaints.",2023-02-15,True,POSITIVE,2,SOURCE_G_REVIEWS,reviews_2023.csv,2023-02-15T21:27:08.500252289,BATCH-G-20230215
REV-00044517,SKU-0017867,user_9000717,Kenneth Frey,5,Better than I expected for the price.,2023-02-09,True,POSITIVE,3,SOURCE_G_REVIEWS,reviews_2023.csv,2023-02-09T05:51:31.834303131,BATCH-G-20230209
REV-00044522,SKU-0013419,,Anonymous,5,Fast delivery and great quality.,2023-05-30,True,POSITIVE,3,SOURCE_G_REVIEWS,reviews_2023.csv,2023-05-31T04:33:06.182861290,BATCH-G-20230530
REV-00044529,SKU-0018437,user_9008837,Samuel Mueller,5,Will definitely buy again.,2023-11-28,True,POSITIVE,0,SOURCE_G_REVIEWS,reviews_2023.csv,2023-11-28T15:44:02.771798083,BATCH-G-20231128
REV-00044531,SKU-0014426,user_9024989,Andrew,2,Wrong item was shipped to me.,2023-04-05,True,NEGATIVE,6,SOURCE_G_REVIEWS,reviews_2023.csv,2023-04-05T10:51:47.051215427,BATCH-G-20230405
REV-00044564,SKU-0008837,user_14044,Mariah Hart,4,Great value for money.,2023-04-26,True,POSITIVE,0,SOURCE_G_REVIEWS,reviews_2023.csv,2023-04-27T00:00:32.529057485,BATCH-G-20230426
REV-00044565,SKU-0000074,user_9002787,Donald Ward,5,Not as described at all.,2023-11-07,False,NEGATIVE,2,SOURCE_G_REVIEWS,reviews_2023.csv,2023-11-07T22:39:37.305231375,BATCH-G-20231107
REV-00044566,SKU-0005773,user_62246,Austin Nelson,4,"Perfect gift, they loved it!",2023-08-05,True,POSITIVE,9,SOURCE_G_REVIEWS,reviews_2023.csv,2023-08-05T15:11:04.057053940,BATCH-G-20230805
REV-00044575,SKU-0000555,user_9022815,Sandra Reed,,Exceeded my expectations.,2023-11-02,True,POSITIVE,5,SOURCE_G_REVIEWS,reviews_2023.csv,2023-11-03T02:20:01.677113627,BATCH-G-20231102
REV-00044587,SKU-0001567,user_9010672,Meagan,5,   Fast  delivery  and  great  quality.   ,2023-01-18,True,POSITIVE,3,SOURCE_G_REVIEWS,reviews_2023.csv,2023-01-18T04:12:08.827109216,BATCH-G-20230118
REV-00044589,SKU-0010418,user_9025218,Melissa Boyle,5,"Perfect gift, they loved it!",2023-11-11,False,POSITIVE,0,SOURCE_G_REVIEWS,reviews_2023.csv,2023-11-11T10:12:03.329250739,BATCH-G-20231111
REV-00044600,SKU-0018673,user_9019283,Adam Li,1,Wrong item was shipped to me.,2023-05-06,False,NEGATIVE,0,SOURCE_G_REVIEWS,reviews_2023.csv,2023-05-06T09:01:14.641743673,BATCH-G-20230506
REV-00044620,SKU-0000998,user_42214,Debbie Harrison,,Very disappointed with the quality.,2023-10-16,True,NEGATIVE,0,SOURCE_G_REVIEWS,reviews_2023.csv,2023-10-17T02:21:54.058564440,BATCH-G-20231016
REV-00044625,SKU-0011053,,Anonymous,4,Exceeded my expectations.,2023-10-16,True,POSITIVE,5,SOURCE_G_REVIEWS,reviews_2023.csv,2023-10-16T21:07:28.063265564,BATCH-G-20231016
REV-00044628,SKU-0013285,user_9025710,Carla,3,"Not bad, not great either.",2023-05-09,True,NEUTRAL,3,SOURCE_G_REVIEWS,reviews_2023.csv,2023-05-09T15:14:42.157569555,BATCH-G-20230509
REV-00044640,SKU-0011620,user_9003968,Jeffrey,4,"Solid build quality, no complaints.",2023-10-20,True,POSITIVE,1,SOURCE_G_REVIEWS,reviews_2023.csv,2023-10-20T21:52:47.698478308,BATCH-G-20231020
REV-00044652,SKU-0003470,user_13998,Patrick,5,"Solid build quality, no complaints. 👍",2023-03-28,True,POSITIVE,1,SOURCE_G_REVIEWS,reviews_2023.csv,2023-03-28T20:02:54.716191764,BATCH-G-20230328
REV-00044662,SKU-0016584,user_24763,William Stewart,5,"Muy buen producto, lo recomiendo.",2023-04-10,False,POSITIVE,3,SOURCE_G_REVIEWS,reviews_2023.csv,2023-04-10T11:06:26.361143950,BATCH-G-20230410
REV-00044675,SKU-0016620,user_22842,Stephanie,5,"Perfect gift, they loved it!",2023-06-16,True,POSITIVE,0,SOURCE_G_REVIEWS,reviews_2023.csv,2023-06-17T05:15:27.005478923,BATCH-G-20230616
REV-00044687,SKU-0015363,user_43040,Michelle,3,"It's okay, does the job.",2023-11-24,False,NEUTRAL,4,SOURCE_G_REVIEWS,reviews_2023.csv,2023-11-25T03:46:49.425808847,BATCH-G-20231124
REV-00044689,SKU-0000309,user_9014172,Jeremy Hernandez,5,"Perfect gift, they loved it!",2023-12-10,False,POSITIVE,4,SOURCE_G_REVIEWS,reviews_2023.csv,2023-12-11T02:09:19.765512198,BATCH-G-20231210
REV-00044690,SKU-0009073,,Anonymous,5,Better than I expected for the price.,2023-06-27,True,POSITIVE,2,SOURCE_G_REVIEWS,reviews_2023.csv,2023-06-27T07:37:03.113943486,BATCH-G-20230627
REV-00044710,SKU-0017577,user_9029262,Abigail Ball,4,"Solid build quality, no complaints.",2023-08-22,False,POSITIVE,3,SOURCE_G_REVIEWS,reviews_2023.csv,2023-08-23T03:26:43.302551682,BATCH-G-20230822
REV-00044734,SKU-0002301,user_20676,Dr. Hector Hunter,4,"Exactly as described, very happy.",2023-08-08,False,POSITIVE,6,SOURCE_G_REVIEWS,reviews_2023.csv,2023-08-08T09:03:07.586243257,BATCH-G-20230808
REV-00044735,SKU-0002607,user_9018418,Barbara,4,"Absolutely love it, works perfectly!",2023-05-10,False,POSITIVE,2,SOURCE_G_REVIEWS,reviews_2023.csv,2023-05-11T05:34:26.236029069,BATCH-G-20230510
REV-00044754,SKU-0016608,user_9013861,Cody,5,Better than I expected for the price.,2023-09-13,True,POSITIVE,0,SOURCE_G_REVIEWS,reviews_2023.csv,2023-09-13T18:29:58.468807657,BATCH-G-20230913
REV-00044775,SKU-0015727,user_9007020,Nicole Richards,3,"Not bad, not great either.",2023-08-11,True,NEUTRAL,3,SOURCE_G_REVIEWS,reviews_2023.csv,2023-08-11T04:42:53.581176914,BATCH-G-20230811
REV-00044788,SKU-0015187,user_9027468,Joyce Dunlap,4,Great value for money.,2023-08-03,True,POSITIVE,3,SOURCE_G_REVIEWS,reviews_2023.csv,2023-08-03T16:48:29.003898512,BATCH-G-20230803
REV-00044792,SKU-0014402,,Anonymous,5,Great value for money.,2023-01-17,True,POSITIVE,1,SOURCE_G_REVIEWS,reviews_2023.csv,2023-01-18T02:18:26.653005647,BATCH-G-20230117
REV-00044804,SKU-0011760,user_9025659,Daniel Johnson,2,Arrived damaged and support was unhelpful.,2023-06-04,True,NEGATIVE,0,SOURCE_G_REVIEWS,reviews_2023.csv,2023-06-04T06:48:38.621142236,BATCH-G-20230604
REV-00044812,SKU-0016027,user_9001859,Luis Douglas,5,Great value for money.,2023-02-14,True,POSITIVE,3,SOURCE_G_REVIEWS,reviews_2023.csv,2023-02-14T08:22:36.308268374,BATCH-G-20230214
REV-00044816,SKU-0018974,user_9024694,Michael,0,Exceeded my expectations.,2023-01-20,False,POSITIVE,5,SOURCE_G_REVIEWS,reviews_2023.csv,2023-01-20T02:02:22.631675556,BATCH-G-20230120
REV-00044817,SKU-0003542,user_22515,Elizabeth Davidson MD,2,Very disappointed with the quality.,2023-12-21,False,NEGATIVE,1,SOURCE_G_REVIEWS,reviews_2023.csv,2023-12-21T21:15:07.874304195,BATCH-G-20231221
REV-00044825,SKU-0008421,user_54569,Stephanie,5,"Absolutely love it, works perfectly!",2023-07-14,True,POSITIVE,5,SOURCE_G_REVIEWS,reviews_2023.csv,2023-07-15T01:13:12.316021995,BATCH-G-20230714
REV-00044827,SKU-0019198,,Anonymous,5,Highly recommend this product.,2023-03-26,True,POSITIVE,2,SOURCE_G_REVIEWS,reviews_2023.csv,2023-03-26T17:42:53.816610764,BATCH-G-20230326
REV-00044828,SKU-0000133,user_9012385,Kristopher,5,"Solid build quality, no complaints.",2023-09-14,False,POSITIVE,0,SOURCE_G_REVIEWS,reviews_2023.csv,2023-09-14T00:51:39.904462931,BATCH-G-20230914
REV-00044836,SKU-0010486,user_9020873,Gregory Lawson,3,Works fine but delivery was slow. 😡🙏,2023-06-28,True,NEUTRAL,3,SOURCE_G_REVIEWS,reviews_2023.csv,2023-06-28T00:41:23.106812293,BATCH-G-20230628
REV-00044838,SKU-0020247,user_9034985,Benjamin Hodge,4,"Average quality, nothing special.",2023-08-07,False,NEUTRAL,1,SOURCE_G_REVIEWS,reviews_2023.csv,2023-08-08T05:19:04.438565612,BATCH-G-20230807
REV-00044843,SKU-0002141,user_30003,Kurt Boyd,3,"Waste of money, do not buy.",2023-03-01,True,NEGATIVE,0,SOURCE_G_REVIEWS,reviews_2023.csv,2023-03-01T04:19:44.956760759,BATCH-G-20230301
REV-00044845,SKU-0009363,,Anonymous,3,"Not bad, not great either.",2023-07-12,False,NEUTRAL,0,SOURCE_G_REVIEWS,reviews_2023.csv,2023-07-12T11:23:34.763392411,BATCH-G-20230712
REV-00044846,SKU-0010842,user_39204,Ashlee Gray,3,Works fine but delivery was slow.,2023-12-22,True,NEUTRAL,0,SOURCE_G_REVIEWS,reviews_2023.csv,2023-12-22T22:58:02.764615555,BATCH-G-20231222
REV-00044853,SKU-0004892,user_9029597,Jessica Cantu,5,Will definitely buy again.,2023-03-15,True,POSITIVE,1,SOURCE_G_REVIEWS,reviews_2023.csv,2023-03-15T21:44:59.581369037,BATCH-G-20230315
REV-00044860,SKU-0005181,user_9019067,Cheryl,4,"Cheaply made, broke immediately.",2023-01-21,True,NEGATIVE,2,SOURCE_G_REVIEWS,reviews_2023.csv,2023-01-21T18:55:07.772432915,BATCH-G-20230121
REV-00044865,SKU-0005835,user_9020781,Miss Heather Long, ,"Waste of money, do not buy.",2023-01-26,True,NEGATIVE,0,SOURCE_G_REVIEWS,reviews_2023.csv,2023-01-27T04:52:15.584349555,BATCH-G-20230126
REV-00044871,SKU-0007801,user_32279,Lauren,5,गुणवत्ता ठीक नहीं थी।,2023-06-07,False,POSITIVE,5,SOURCE_G_REVIEWS,reviews_2023.csv,2023-06-07T11:27:01.914330852,BATCH-G-20230607
REV-00044882,SKU-0013260,user_66670,Karen Krueger,5,Great value for money.,2023-10-08,True,POSITIVE,0,SOURCE_G_REVIEWS,reviews_2023.csv,2023-10-08T11:23:15.808819921,BATCH-G-20231008
REV-00044883,SKU-0003567,user_61244,Mr.,5,Better than I expected for the price.,2023-04-24,True,POSITIVE,0,SOURCE_G_REVIEWS,reviews_2023.csv,2023-04-25T01:46:37.322083023,BATCH-G-20230424
REV-00044885,SKU-0019498,,Anonymous,4,"Exactly as described, very happy.",2023-04-07,False,POSITIVE,1,SOURCE_G_REVIEWS,reviews_2023.csv,2023-04-07T00:41:34.305675943,BATCH-G-20230407
REV-00044899,SKU-0012576,user_9029976,Diane,5,Great value for money.,2023-12-07,True,POSITIVE,2,SOURCE_G_REVIEWS,reviews_2023.csv,2023-12-08T05:27:52.188673661,BATCH-G-20231207
REV-00044902,SKU-0019672,,Anonymous,4,Better than I expected for the price.,2023-10-31,False,POSITIVE,0,SOURCE_G_REVIEWS,reviews_2023.csv,2023-11-01T01:49:13.258779792,BATCH-G-20231031
REV-00044910,SKU-0018845,user_9007910,Pam Martin,1,"Waste of money, do not buy.",2023-05-15,True,NEGATIVE,2,SOURCE_G_REVIEWS,reviews_2023.csv,2023-05-15T21:39:49.524277964,BATCH-G-20230515
REV-00044921,SKU-0019238,user_37308,Lisa Solis,5,Highly recommend this product.,2023-12-27,True,POSITIVE,0,SOURCE_G_REVIEWS,reviews_2023.csv,2023-12-27T09:31:54.311247779,BATCH-G-20231227
REV-00044932,SKU-0019411,,Anonymous,3,"   It's  okay,  does  the  job.   ",2023-01-13,True,NEUTRAL,2,SOURCE_G_REVIEWS,reviews_2023.csv,2023-01-13T18:50:13.135436394,BATCH-G-20230113
REV-00044934,SKU-0001954,user_9033686,Amy Rich,1,Stopped working after a week.,2023-05-19,False,NEGATIVE,2,SOURCE_G_REVIEWS,reviews_2023.csv,2023-05-19T08:01:36.182857022,BATCH-G-20230519
REV-00044945,SKU-0005573,user_9004396,Danielle Hoffman,4,"बहुत अच्छा उत्पाद है, पैसा वसूल!",2023-08-19,True,POSITIVE,5,SOURCE_G_REVIEWS,reviews_2023.csv,2023-08-19T09:32:40.585285587,BATCH-G-20230819
REV-00044954,SKU-9951675,user_34659,Jeffrey Mcdonald,1,Arrived damaged and support was unhelpful.,2023-03-13,False,NEGATIVE,4,SOURCE_G_REVIEWS,reviews_2023.csv,2023-03-13T03:32:04.376685611,BATCH-G-20230313
REV-00044977,SKU-0014754,user_23849,Emily,3,"It's okay, does the job.",2023-03-13,True,NEUTRAL,3,SOURCE_G_REVIEWS,reviews_2023.csv,2023-03-13T06:54:47.176174557,BATCH-G-20230313
REV-00044985,SKU-0007528,user_23933,Megan,4,"Perfect gift, they loved it!",2023-05-02,False,POSITIVE,3,SOURCE_G_REVIEWS,reviews_2023.csv,2023-05-02T20:08:30.392934335,BATCH-G-20230502
REV-00044993,SKU-0014062,,Anonymous,4,"Solid build quality, no complaints. ⭐",2023-02-15,True,POSITIVE,1,SOURCE_G_REVIEWS,reviews_2023.csv,2023-02-15T10:04:06.445458802,BATCH-G-20230215
REV-00044998,SKU-0008638,user_9014103,Angel,3,"</p>Average quality, nothing special.<br>",2023-05-15,True,NEUTRAL,1,SOURCE_G_REVIEWS,reviews_2023.csv,2023-05-15T03:14:26.405985872,BATCH-G-20230515
REV-00045014,SKU-0013851,user_9014838,Kimberly Martin DDS,4,"Solid build quality, no complaints.",2023-10-29,True,POSITIVE,2,SOURCE_G_REVIEWS,reviews_2023.csv,2023-10-29T18:08:05.265836461,BATCH-G-20231029
REV-00045026,SKU-0010762,,Anonymous,3,Works fine but delivery was slow.,2023-05-07,False,NEUTRAL,2,SOURCE_G_REVIEWS,reviews_2023.csv,2023-05-07T01:31:20.863492315,BATCH-G-20230507
REV-00045030,SKU-9964725,user_9016680,Kathleen,2,"Cheaply made, broke immediately. 👍",2023-06-15,False,NEGATIVE,1,SOURCE_G_REVIEWS,reviews_2023.csv,2023-06-15T15:34:13.188692431,BATCH-G-20230615
REV-00045032,SKU-0012533,user_9027713,Katherine Rodriguez,7,Highly recommend this product.,2023-12-01,False,POSITIVE,14,SOURCE_G_REVIEWS,reviews_2023.csv,2023-12-01T07:57:00.035555339,BATCH-G-20231201
REV-00045036,SKU-0015105,user_9020137,Christopher Wallace,2,"Absolutely love it, works perfectly!",2023-02-20,False,POSITIVE,2,SOURCE_G_REVIEWS,reviews_2023.csv,2023-02-21T03:39:50.862408580,BATCH-G-20230220
REV-00045044,SKU-0006726,,Anonymous,4,"Solid build quality, no complaints.",2023-11-04,True,POSITIVE,4,SOURCE_G_REVIEWS,reviews_2023.csv,2023-11-16T21:00:00,BATCH-G-20231104
REV-00045047,SKU-0015716,user_9006931,Eric,5,"Perfect gift, they loved it!",2023-04-05,True,POSITIVE,1,SOURCE_G_REVIEWS,reviews_2023.csv,2023-04-05T20:23:14.803737428,BATCH-G-20230405
REV-00045064,SKU-0005417,user_9024066,Steven Brooks,4,Great value for money.,2023-01-29,True,POSITIVE,1,SOURCE_G_REVIEWS,reviews_2023.csv,2023-01-29T08:16:14.676234823,BATCH-G-20230129
REV-00045067,SKU-0003867,user_9032542,Barbara,5,Will definitely buy again.,2023-06-07,False,POSITIVE,4,SOURCE_G_REVIEWS,reviews_2023.csv,2023-06-08T02:17:35.133096458,BATCH-G-20230607
REV-00045071,SKU-0004890,user_64637,David,5,Highly recommend this product.,2023-06-16,False,POSITIVE,3,SOURCE_G_REVIEWS,reviews_2023.csv,2023-06-16T03:51:29.547202064,BATCH-G-20230616
REV-00045083,SKU-0019145,user_19444,Briana Howell,2,   Very  disappointed  with  the  quality.   ,2023-04-01,True,NEGATIVE,4,SOURCE_G_REVIEWS,reviews_2023.csv,2023-04-01T14:20:16.263822222,BATCH-G-20230401
REV-00045084,SKU-0002625,user_38376,Patrick Wright,5,"गुणवत्ता ठीक नहीं थी। Solid build quality, no complaints.",2023-08-14,True,POSITIVE,0,SOURCE_G_REVIEWS,reviews_2023.csv,2023-08-14T18:24:47.928533271,BATCH-G-20230814
REV-00045086,SKU-0000338,,Anonymous,5,Fast delivery and great quality.,2023-10-01,False,POSITIVE,6,SOURCE_G_REVIEWS,reviews_2023.csv,2023-10-01T20:46:24.049859618,BATCH-G-20231001
REV-00045100,SKU-0008082,user_9011811,John Jackson,4,Fast delivery and great quality.,2023-11-26,False,POSITIVE,5,SOURCE_G_REVIEWS,reviews_2023.csv,2023-11-26T18:49:58.460585497,BATCH-G-20231126
REV-00045119,SKU-0014642,user_9011162,Ronnie Barton DDS,5,Will definitely buy again.,2023-02-04,True,POSITIVE,1,SOURCE_G_REVIEWS,reviews_2023.csv,2023-02-04T18:18:20.464953291,BATCH-G-20230204
REV-00045130,SKU-9962413,user_9024511,Sheila Mendoza,4,   Fast  delivery  and  great  quality.   ,2023-09-22,False,POSITIVE,3,SOURCE_G_REVIEWS,reviews_2023.csv,2023-09-22T09:41:12.034723064,BATCH-G-20230922
REV-00045131,SKU-0004843,user_9021218,Scott Humphrey,4,"Absolutely love it, works perfectly!",2023-08-15,True,POSITIVE,4,SOURCE_G_REVIEWS,reviews_2023.csv,2023-08-15T17:16:15.877233181,BATCH-G-20230815
REV-00045149,SKU-0013570,user_55572,Samantha,3,"It's okay, does the job.",2023-11-13,False,NEUTRAL,0,SOURCE_G_REVIEWS,reviews_2023.csv,2023-11-13T21:10:57.363747780,BATCH-G-20231113
REV-00045163,SKU-0003769,user_10897,Shannon Lee,null,"Not bad, not great either. 🙏",2023-09-15,True,NEUTRAL,1,SOURCE_G_REVIEWS,reviews_2023.csv,2023-09-15T04:37:38.036791603,BATCH-G-20230915
REV-00045164,SKU-0003098,user_9006523,Keith Harris,3,Works fine but delivery was slow.,2023-07-11,True,NEUTRAL,0,SOURCE_G_REVIEWS,reviews_2023.csv,2023-07-11T19:47:02.486916130,BATCH-G-20230711
REV-00045166,SKU-0015075,user_9022626,Heather Martinez,4,Will definitely buy again.,2023-12-09,True,POSITIVE,3,SOURCE_G_REVIEWS,reviews_2023.csv,2023-12-09T08:17:08.239324013,BATCH-G-20231209
REV-00045181,SKU-0020073,user_9010633,Thomas Valdez,4,Fast delivery and great quality.,2023-09-19,True,POSITIVE,4,SOURCE_G_REVIEWS,reviews_2023.csv,2023-09-19T04:37:10.211481521,BATCH-G-20230919
REV-00045190,SKU-0011916,user_41353,Elizabeth Howard,5,Fast delivery and great quality. 😐,2023-12-17,True,POSITIVE,0,SOURCE_G_REVIEWS,reviews_2023.csv,2023-12-17T17:07:42.791329465,BATCH-G-20231217
REV-00045196,SKU-0009201,user_9030092,Mark Anderson,5,Highly recommend this product.,2023-12-21,False,POSITIVE,4,SOURCE_G_REVIEWS,reviews_2023.csv,2023-12-21T13:41:09.303638662,BATCH-G-20231221
REV-00045204,SKU-0003838,user_9024988,Sarah Hooper,4,Exceeded my expectations.,2023-07-23,True,POSITIVE,3,SOURCE_G_REVIEWS,reviews_2023.csv,2023-07-23T10:53:26.112749709,BATCH-G-20230723
REV-00045207,SKU-0009175,user_28597,Paul,1,"Poor packaging, item was defective.",2023-09-18,True,NEGATIVE,4,SOURCE_G_REVIEWS,reviews_2023.csv,2023-09-18T13:22:17.886018439,BATCH-G-20230918
REV-00045213,SKU-0019990,user_60563,Richard Hoover,4,"Exactly as described, very happy.",2023-08-15,True,POSITIVE,0,SOURCE_G_REVIEWS,reviews_2023.csv,2023-08-15T02:15:37.393180940,BATCH-G-20230815
REV-00045216,SKU-0003518,user_26704,Karen Stevens,5,"Muy buen producto, lo recomiendo.",2023-09-02,False,POSITIVE,0,SOURCE_G_REVIEWS,reviews_2023.csv,2023-09-02T04:32:04.297411417,BATCH-G-20230902
REV-00045224,SKU-0004306,user_18186,James Carter,3,Decent but overpriced a bit.,2023-09-22,True,NEUTRAL,0,SOURCE_G_REVIEWS,reviews_2023.csv,2023-09-22T10:24:48.736820888,BATCH-G-20230922
REV-00045227,SKU-0000128,user_9012788,Caleb,4,"Solid build quality, no complaints.",2023-05-10,True,POSITIVE,2,SOURCE_G_REVIEWS,reviews_2023.csv,2023-05-10T18:14:57.109424259,BATCH-G-20230510
REV-00045230,SKU-0005410,,Anonymous,3,"Not bad, not great either.",2023-06-07,False,NEUTRAL,5,SOURCE_G_REVIEWS,reviews_2023.csv,2023-06-07T15:01:50.487935154,BATCH-G-20230607
REV-00045241,SKU-0013043,,Anonymous,3,"Average quality, nothing special.",2023-08-02,True,NEUTRAL,2,SOURCE_G_REVIEWS,reviews_2023.csv,2023-08-15T09:00:00,BATCH-G-20230802
REV-00045248,SKU-0014845,user_26487,Brent Leblanc,3,Decent but overpriced a bit.,2023-11-20,False,NEUTRAL,6,SOURCE_G_REVIEWS,reviews_2023.csv,2023-11-21T00:01:49.293373656,BATCH-G-20231120
REV-00045269,SKU-0007235,user_9006065,Michelle Garrett,3,"<i>edited</i>Not bad, not great either.</p>",2023-12-30,True,NEUTRAL,4,SOURCE_G_REVIEWS,reviews_2023.csv,2023-12-30T03:28:44.233854567,BATCH-G-20231230
REV-00045270,SKU-0004602,user_45275,Wendy Snyder DDS,5,"Absolutely love it, works perfectly!",2023-03-17,False,POSITIVE,8,SOURCE_G_REVIEWS,reviews_2023.csv,2023-03-17T01:27:09.013355716,BATCH-G-20230317
REV-00045276,SKU-0013798,user_67447,Heather Baker,4,Better than I expected for the price.,2023-03-22,True,POSITIVE,1,SOURCE_G_REVIEWS,reviews_2023.csv,2023-03-22T05:57:58.917720765,BATCH-G-20230322
REV-00045280,SKU-0002767,user_7583,Holly,unknown,Will definitely buy again.,2023-02-22,True,POSITIVE,8,SOURCE_G_REVIEWS,reviews_2023.csv,2023-02-22T10:12:33.230903900,BATCH-G-20230222
REV-00045281,SKU-0012540,user_3897,Tiffany Delgado,4,Great value for money.,2023-12-28,True,POSITIVE,4,SOURCE_G_REVIEWS,reviews_2023.csv,2023-12-28T22:51:04.133473781,BATCH-G-20231228
REV-00045281-DUP,SKU-0012540,user_3897,Tiffany Delgado,4,Great value for money.,2023-12-28,True,POSITIVE,4,SOURCE_G_REVIEWS,reviews_2023.csv,2023-12-28T23:09:04.133473781,BATCH-G-20231228
REV-00045283,SKU-0010277,user_9002474,Michael King,5,"Absolutely love it, works perfectly!",2023-08-01,True,POSITIVE,16,SOURCE_G_REVIEWS,reviews_2023.csv,2023-08-01T04:48:45.967238454,BATCH-G-20230801
REV-00045301,SKU-0002964,user_57244,Alec,1,Wrong item was shipped to me.,2023-03-16,True,NEGATIVE,5,SOURCE_G_REVIEWS,reviews_2023.csv,2023-03-17T01:53:14.128199384,BATCH-G-20230316
REV-00045302,SKU-0013285,user_9031885,Eric Rogers,1,"Livraison très lente, déçu. 🔥",2023-10-04,False,NEGATIVE,3,SOURCE_G_REVIEWS,reviews_2023.csv,2023-10-04T12:30:56.534540987,BATCH-G-20231004
REV-00045305,SKU-0007400,user_9031777,Jennifer Crawford,4,"Livraison très lente, déçu.",2023-04-29,False,POSITIVE,6,SOURCE_G_REVIEWS,reviews_2023.csv,2023-04-29T10:23:40.231908827,BATCH-G-20230429
REV-00045307,SKU-0011785,user_7492,Amber,4,Exceeded my expectations.,2023-02-22,False,POSITIVE,3,SOURCE_G_REVIEWS,reviews_2023.csv,2023-02-22T12:31:30.047485222,BATCH-G-20230222
REV-00045312,SKU-0010089,,Anonymous,2,Stopped working after a week.,2023-08-28,True,NEGATIVE,6,SOURCE_G_REVIEWS,reviews_2023.csv,2023-08-28T20:17:43.113537777,BATCH-G-20230828
REV-00045330,SKU-9916418,user_9012273,Thomas,4,Highly recommend this product.,2023-09-24,True,POSITIVE,7,SOURCE_G_REVIEWS,reviews_2023.csv,2023-09-24T22:53:03.780025147,BATCH-G-20230924
REV-00045332,SKU-0010162,,Anonymous,3,Decent but overpriced a bit.,2023-08-22,True,NEUTRAL,0,SOURCE_G_REVIEWS,reviews_2023.csv,2023-08-22T16:46:46.075142330,BATCH-G-20230822
REV-00045335,SKU-0003278,user_23405,Joy,3,"Average quality, nothing special.",2023-04-22,True,NEUTRAL,5,SOURCE_G_REVIEWS,reviews_2023.csv,2023-04-22T23:01:15.604021695,BATCH-G-20230422
REV-00045340,SKU-0005077,user_9030077,Susan,5,Better than I expected for the price.,2023-06-16,False,POSITIVE,0,SOURCE_G_REVIEWS,reviews_2023.csv,2023-06-16T18:46:49.571629577,BATCH-G-20230616
REV-00045341,SKU-0001525,user_9030489,Christian Ruiz,5,"Solid build quality, no complaints.",2023-02-28,False,POSITIVE,4,SOURCE_G_REVIEWS,reviews_2023.csv,2023-02-28T13:18:35.998909146,BATCH-G-20230228
REV-00045342,SKU-0015848,,Anonymous,5,Highly recommend this product.,2023-04-19,True,POSITIVE,0,SOURCE_G_REVIEWS,reviews_2023.csv,2023-04-19T01:23:27.468773927,BATCH-G-20230419
REV-00045344,SKU-0004475,user_6230,James Romero,5,"Livraison très lente, déçu.",2023-09-14,True,POSITIVE,8,SOURCE_G_REVIEWS,reviews_2023.csv,2023-09-14T12:59:34.566327391,BATCH-G-20230914
REV-00045354,SKU-0010982,user_9029591,Joseph Bowen,4,Fast delivery and great quality.,2023-11-19,True,POSITIVE,2,SOURCE_G_REVIEWS,reviews_2023.csv,2023-11-19T07:14:15.345217150,BATCH-G-20231119
REV-00045364,SKU-0002805,user_9012572,Antonio Liu,-,"Exactly as described, very happy.",2023-11-07,False,POSITIVE,2,SOURCE_G_REVIEWS,reviews_2023.csv,2023-11-07T20:35:22.150619257,BATCH-G-20231107
REV-00045365,SKU-0019836,user_32404,Cassandra Mccullough,4,Fast delivery and great quality.,2023-09-02,False,POSITIVE,2,SOURCE_G_REVIEWS,reviews_2023.csv,2023-09-02T07:33:03.861536690,BATCH-G-20230902
REV-00045368,SKU-0008722,user_57670,Lynn Galvan,4,Better than I expected for the price.,2023-09-08,True,POSITIVE,3,SOURCE_G_REVIEWS,reviews_2023.csv,2023-09-09T02:41:20.724075026,BATCH-G-20230908
REV-00045378,SKU-0010662,,Anonymous,5,Will definitely buy again.,2023-04-06,False,POSITIVE,0,SOURCE_G_REVIEWS,reviews_2023.csv,2023-04-07T00:17:49.637522390,BATCH-G-20230406
REV-00045379,SKU-0001861,user_27658,John,4,Will definitely buy again.,2023-12-12,False,POSITIVE,3,SOURCE_G_REVIEWS,reviews_2023.csv,2023-12-13T01:21:51.433639925,BATCH-G-20231212
REV-00045422,SKU-0009610,,Anonymous,3,"Not bad, not great either.",2023-11-09,False,NEUTRAL,18,SOURCE_G_REVIEWS,reviews_2023.csv,2023-11-09T13:06:34.266157698,BATCH-G-20231109
REV-00045422-BOT,SKU-0009610,user_9026235,Richard,3,"Not bad, not great either.",2023-11-09,False,NEUTRAL,0,SOURCE_G_REVIEWS,reviews_2023.csv,2023-11-09T13:06:34.266157698,BATCH-G-20231109
REV-00045438,SKU-0017600,user_10710,Shane,3,"Not bad, not great either.",2023-10-31,True,NEUTRAL,3,SOURCE_G_REVIEWS,reviews_2023.csv,2023-10-31T03:25:35.415905761,BATCH-G-20231031
REV-00045439,SKU-0009500,user_39140,Andrew Shepard,3,Decent but overpriced a bit.,2023-03-17,True,NEUTRAL,4,SOURCE_G_REVIEWS,reviews_2023.csv,2023-03-17T22:22:05.418779890,BATCH-G-20230317
REV-00045440,SKU-0003643,,Anonymous,5,"Perfect gift, they loved it!",2023-11-29,False,POSITIVE,1,SOURCE_G_REVIEWS,reviews_2023.csv,2023-12-09T20:00:00,BATCH-G-20231129
REV-00045443,SKU-0015185,user_48210,John Johnson,2,Very disappointed with the quality.,2023-12-24,False,NEGATIVE,2,SOURCE_G_REVIEWS,reviews_2023.csv,2023-12-25T04:39:39.087984050,BATCH-G-20231224
REV-00045446,SKU-0000384,user_36155,Ariana Stone,5,Fast delivery and great quality.,2023-03-24,True,POSITIVE,2,SOURCE_G_REVIEWS,reviews_2023.csv,2023-03-24T19:35:25.870540880,BATCH-G-20230324
REV-00045453,SKU-0013809,user_9020395,Vanessa Ellis,5,"Solid build quality, no complaints. 💯",2023-03-10,True,POSITIVE,3,SOURCE_G_REVIEWS,reviews_2023.csv,2023-03-10T02:31:11.115970863,BATCH-G-20230310
REV-00045457,SKU-0005510,user_12122,David Wilson,4,"Exactly as described, very happy.",2023-04-10,True,POSITIVE,7,SOURCE_G_REVIEWS,reviews_2023.csv,2023-04-10T09:53:49.990908651,BATCH-G-20230410
REV-00045459,SKU-9920087,user_9029232,Margaret,5,Exceeded my expectations.,2023-11-29,True,POSITIVE,1,SOURCE_G_REVIEWS,reviews_2023.csv,2023-11-29T17:38:31.218049167,BATCH-G-20231129
REV-00045474,SKU-0002700,,Anonymous,3,"Average quality, nothing special.",2023-07-16,True,NEUTRAL,0,SOURCE_G_REVIEWS,reviews_2023.csv,2023-07-16T16:27:23.015684231,BATCH-G-20230716
REV-00045480,SKU-0012725,user_9004846,Amy,4,Fast delivery and great quality.,2023-02-21,True,POSITIVE,0,SOURCE_G_REVIEWS,reviews_2023.csv,2023-02-21T23:16:15.524810043,BATCH-G-20230221
REV-00045482,SKU-0019597,,Anonymous,4,,2023-10-15,True,POSITIVE,4,SOURCE_G_REVIEWS,reviews_2023.csv,2023-10-15T19:22:34.489494593,BATCH-G-20231015
REV-00045486,SKU-0017099,user_68811,Gregory,2,Stopped working after a week.,2023-08-02,True,NEGATIVE,4,SOURCE_G_REVIEWS,reviews_2023.csv,2023-08-02T16:07:20.280232587,BATCH-G-20230802
REV-00045496,SKU-0017892,user_1314,Justin Thomas,5,"Exactly as described, very happy.",2023-10-11,True,POSITIVE,5,SOURCE_G_REVIEWS,reviews_2023.csv,2023-10-11T18:46:49.660477683,BATCH-G-20231011
REV-00045498,SKU-0013871,user_2270,Edgar,4,"   No  cumplió  mis  expectativas.  Exactly  as  described,  very  happy.   ",2023-08-31,True,POSITIVE,2,SOURCE_G_REVIEWS,reviews_2023.csv,2023-08-31T17:45:46.702396017,BATCH-G-20230831
REV-00045512,SKU-0010646,user_9002509,Susan Lee,5,"Exactly as described, very happy.",2023-10-12,True,POSITIVE,1,SOURCE_G_REVIEWS,reviews_2023.csv,2023-10-12T23:55:41.391673904,BATCH-G-20231012
REV-00045514,SKU-0018287,user_1051,Travis,4,Highly recommend this product.,2023-06-20,False,POSITIVE,6,SOURCE_G_REVIEWS,reviews_2023.csv,2023-06-20T04:19:06.477781950,BATCH-G-20230620
REV-00045523,SKU-0005555,user_56523,Hannah,5,"Exactly as described, very happy. 😀😢",2023-09-07,True,POSITIVE,4,SOURCE_G_REVIEWS,reviews_2023.csv,2023-09-07T22:25:39.046731572,BATCH-G-20230907
REV-00045527,SKU-0013492,,Anonymous,4,"Livraison très lente, déçu.",2023-11-25,False,POSITIVE,3,SOURCE_G_REVIEWS,reviews_2023.csv,2023-11-25T18:36:11.621698434,BATCH-G-20231125
REV-00045530,SKU-0008336,user_9021918,Sylvia Young,5,Fast delivery and great quality. 😢,2023-06-26,True,POSITIVE,0,SOURCE_G_REVIEWS,reviews_2023.csv,2023-06-27T03:01:18.636953372,BATCH-G-20230626
REV-00045532,SKU-0008006,,Anonymous,5,Highly recommend this product.,2023-04-16,True,POSITIVE,0,SOURCE_G_REVIEWS,reviews_2023.csv,2023-04-16T05:38:50.670318977,BATCH-G-20230416
REV-00045534,SKU-0005966,user_16712,Thomas,2,"Waste of money, do not buy.",2023-06-21,False,NEGATIVE,0,SOURCE_G_REVIEWS,reviews_2023.csv,2023-06-21T00:58:50.786956904,BATCH-G-20230621
REV-00045540,SKU-0000373,user_9029538,Nichole Duncan,4,Fast delivery and great quality.,2023-12-09,False,POSITIVE,9,SOURCE_G_REVIEWS,reviews_2023.csv,2023-12-10T02:03:06.331411904,BATCH-G-20231209
REV-00045569,SKU-0004189,user_9009988,Jasmine Moore,4,   Fast  delivery  and  great  quality.   ,2023-03-04,True,POSITIVE,5,SOURCE_G_REVIEWS,reviews_2023.csv,2023-03-04T00:34:49.892407932,BATCH-G-20230304
REV-00045583,SKU-0013569,user_12554,Mark Sharp,3,"   Average  quality,  nothing  special.   ",2023-05-21,False,NEUTRAL,3,SOURCE_G_REVIEWS,reviews_2023.csv,2023-05-21T19:25:24.712441910,BATCH-G-20230521
REV-00045586,SKU-0010591,user_67624,Matthew Weiss,5,"Solid build quality, no complaints.",2023-04-30,False,POSITIVE,1,SOURCE_G_REVIEWS,reviews_2023.csv,2023-04-30T04:04:28.494288532,BATCH-G-20230430
REV-00045596,SKU-0015480,user_9030118,Michael Johnson,5,"Perfect gift, they loved it!",2023-09-10,True,POSITIVE,1,SOURCE_G_REVIEWS,reviews_2023.csv,2023-09-10T07:23:27.682289587,BATCH-G-20230910
REV-00045599,SKU-0018046,user_9015050,Austin Thomas,5,"Absolutely love it, works perfectly!",2023-05-26,False,POSITIVE,1,SOURCE_G_REVIEWS,reviews_2023.csv,2023-05-26T18:59:04.806147074,BATCH-G-20230526
REV-00045611,SKU-0001438,user_9001512,Angela Baker,4,   Great  value  for  money.   ,2023-01-07,True,POSITIVE,0,SOURCE_G_REVIEWS,reviews_2023.csv,2023-01-07T04:53:40.200622536,BATCH-G-20230107
REV-00045615,SKU-0017071,user_9005258,Jon,4,"Perfect gift, they loved it!",2023-04-01,False,POSITIVE,0,SOURCE_G_REVIEWS,reviews_2023.csv,2023-04-01T10:05:13.649669401,BATCH-G-20230401
REV-00045616,SKU-0016842,user_55401,Rebecca Hamilton,2,"Cheaply made, broke immediately.",2023-11-12,True,NEGATIVE,4,SOURCE_G_REVIEWS,reviews_2023.csv,2023-11-12T21:48:25.312043035,BATCH-G-20231112
REV-00045622,SKU-0017354,user_68922,Karen,4,NULL,2023-05-08,True,POSITIVE,8,SOURCE_G_REVIEWS,reviews_2023.csv,2023-05-08T14:28:23.981948554,BATCH-G-20230508
REV-00045634,SKU-0013739,user_35309,Mr. James Miller PhD,5,"Perfect gift, they loved it! 😍",2023-11-30,False,POSITIVE,6,SOURCE_G_REVIEWS,reviews_2023.csv,2023-12-15T15:00:00,BATCH-G-20231130
REV-00045637,SKU-0000343,user_9005444,Carl Brown,4,Great value for money.,2023-06-30,True,POSITIVE,1,SOURCE_G_REVIEWS,reviews_2023.csv,2023-06-30T10:53:28.070766903,BATCH-G-20230630
REV-00045641,SKU-0006847,user_9028280,Joseph,4,"Absolutely love it, works perfectly!",2023-03-16,False,POSITIVE,3,SOURCE_G_REVIEWS,reviews_2023.csv,2023-03-17T00:19:51.317346980,BATCH-G-20230316
REV-00045647,SKU-0001676,user_55325,Hannah Robertson,3,Works fine but delivery was slow. 😀,2023-11-24,False,NEUTRAL,2,SOURCE_G_REVIEWS,reviews_2023.csv,2023-11-24T04:13:08.930308363,BATCH-G-20231124
REV-00045649,SKU-9975652,user_9032961,Tanner,1,Stopped working after a week.,2023-07-20,True,NEGATIVE,0,SOURCE_G_REVIEWS,reviews_2023.csv,2023-07-20T10:17:21.309420667,BATCH-G-20230720
REV-00045653,SKU-0010527,user_55908,Kerry,5,"Solid build quality, no complaints.",2023-02-02,True,POSITIVE,8,SOURCE_G_REVIEWS,reviews_2023.csv,2023-02-02T02:07:34.987010638,BATCH-G-20230202
REV-00045659,SKU-0013786,user_59596,Juan,5,Exceeded my expectations.,2023-12-09,True,POSITIVE,2,SOURCE_G_REVIEWS,reviews_2023.csv,2023-12-09T04:54:13.941048396,BATCH-G-20231209
REV-00045665,SKU-0003685,user_9014612,Michael Nelson,5,"Absolutely love it, works perfectly!",2023-11-14,True,POSITIVE,0,SOURCE_G_REVIEWS,reviews_2023.csv,2023-11-14T23:27:22.327138760,BATCH-G-20231114
REV-00045682,SKU-0008351,,Anonymous,5,Great value for money.,2023-03-07,True,POSITIVE,5,SOURCE_G_REVIEWS,reviews_2023.csv,2023-03-07T14:13:16.162908104,BATCH-G-20230307
REV-00045683,SKU-0008567,user_9008859,Mary Ortiz,5,Will definitely buy again.,2023-04-15,True,POSITIVE,1,SOURCE_G_REVIEWS,reviews_2023.csv,2023-04-15T11:12:26.149488322,BATCH-G-20230415
REV-00045687,SKU-0017086,,Anonymous,5,"Perfect gift, they loved it!",2023-10-26,True,POSITIVE,0,SOURCE_G_REVIEWS,reviews_2023.csv,2023-10-26T07:37:58.804197220,BATCH-G-20231026
REV-00045689,SKU-0004597,user_9031217,Erika,5,"Absolutely love it, works perfectly!",2023-05-27,False,POSITIVE,1,SOURCE_G_REVIEWS,reviews_2023.csv,2023-05-27T02:35:50.109489481,BATCH-G-20230527
REV-00045692,SKU-0006584,,Anonymous,5,"Matches the description, no issues.",2023-07-21,True,NEUTRAL,1,SOURCE_G_REVIEWS,reviews_2023.csv,2023-07-21T14:09:06.383691820,BATCH-G-20230721
REV-00045697,SKU-9924124,user_56589,Kristen,2,Very disappointed with the quality.,2023-03-15,True,NEGATIVE,3,SOURCE_G_REVIEWS,reviews_2023.csv,2023-03-15T20:22:54.049121866,BATCH-G-20230315
REV-00045702,SKU-0002366,user_9034496,Brian,4,Great value for money.,2023-01-22,True,POSITIVE,7,SOURCE_G_REVIEWS,reviews_2023.csv,2023-01-22T14:09:39.286293648,BATCH-G-20230122
REV-00045723,SKU-9990786,user_9030766,Rita Perry,5,Better than I expected for the price.,2023-07-21,False,POSITIVE,2,SOURCE_G_REVIEWS,reviews_2023.csv,2023-07-25T23:00:00,BATCH-G-20230721
REV-00045724,SKU-0017200,user_9007546,Carly Gaines,5,Will definitely buy again.,2023-04-08,True,POSITIVE,0,SOURCE_G_REVIEWS,reviews_2023.csv,2023-04-08T05:10:07.693656371,BATCH-G-20230408
REV-00045725,SKU-0011066,user_35142,Carla Reynolds,4,Will definitely buy again.,2023-04-10,True,POSITIVE,9,SOURCE_G_REVIEWS,reviews_2023.csv,2023-04-10T14:14:49.783202068,BATCH-G-20230410
REV-00045728,SKU-0011251,user_6843,Kelly Murphy,5,"Solid build quality, no complaints.",2023-01-24,True,POSITIVE,0,SOURCE_G_REVIEWS,reviews_2023.csv,2023-01-24T02:07:52.438573964,BATCH-G-20230124
REV-00045737,SKU-9985131,user_9013249,Jessica Martinez,5,Will definitely buy again.,2023-01-05,True,POSITIVE,2,SOURCE_G_REVIEWS,reviews_2023.csv,2023-01-05T17:36:03.919408184,BATCH-G-20230105
REV-00045748,SKU-0011152,,Anonymous,4,"बहुत अच्छा उत्पाद है, पैसा वसूल!",2023-05-11,False,POSITIVE,3,SOURCE_G_REVIEWS,reviews_2023.csv,2023-05-12T01:58:36.546375474,BATCH-G-20230511
REV-00045754,SKU-0016949,user_9017891,Mr.,5,"Perfect gift, they loved it!",2023-02-07,False,POSITIVE,1,SOURCE_G_REVIEWS,reviews_2023.csv,2023-02-07T01:58:42.380698589,BATCH-G-20230207
REV-00045760,SKU-0005464,,Anonymous,5,Better than I expected for the price.,2023-02-06,True,POSITIVE,1,SOURCE_G_REVIEWS,reviews_2023.csv,2023-02-06T08:26:42.253235723,BATCH-G-20230206
REV-00045761,SKU-0009663,user_35427,Elizabeth Quinn,4,"Exactly as described, very happy.",2023-04-17,False,POSITIVE,0,SOURCE_G_REVIEWS,reviews_2023.csv,2023-04-17T01:29:28.431239043,BATCH-G-20230417
REV-00045780,SKU-0005520,user_9005250,Christopher,5,Will definitely buy again.,2023-02-23,True,POSITIVE,0,SOURCE_G_REVIEWS,reviews_2023.csv,2023-02-24T02:16:15.203192698,BATCH-G-20230223
REV-00045797,SKU-0003885,user_9028065,Cathy Aguirre,5,Fast delivery and great quality.,2023-08-30,True,POSITIVE,0,SOURCE_G_REVIEWS,reviews_2023.csv,2023-08-30T03:16:24.747393151,BATCH-G-20230830
REV-00045804,SKU-0014705,user_9010007,Maria Moon,5,"Waste of money, do not buy.",2023-01-11,False,NEGATIVE,6,SOURCE_G_REVIEWS,reviews_2023.csv,2023-01-11T14:59:12.363539267,BATCH-G-20230111
REV-00045808,SKU-0019991,,Anonymous,5,Great value for money.,2023-07-13,True,POSITIVE,0,SOURCE_G_REVIEWS,reviews_2023.csv,2023-07-14T01:59:39.734335267,BATCH-G-20230713
REV-00045839,SKU-9980065,,Anonymous,5,"Cheaply made, broke immediately.",2023-10-21,False,NEGATIVE,1,SOURCE_G_REVIEWS,reviews_2023.csv,2023-10-21T07:04:53.308820649,BATCH-G-20231021
REV-00045845,SKU-0015504,user_9006286,Troy Walton,4,"Perfect gift, they loved it!",2023-10-19,True,POSITIVE,1,SOURCE_G_REVIEWS,reviews_2023.csv,2023-10-19T02:28:35.805084320,BATCH-G-20231019
REV-00045852,SKU-0003018,,Anonymous,1,"Poor packaging, item was defective.",2023-04-19,True,NEGATIVE,9,SOURCE_G_REVIEWS,reviews_2023.csv,2023-04-19T10:38:58.364291317,BATCH-G-20230419
REV-00045859,SKU-0003263,,Anonymous,5,Better than I expected for the price.,2023-09-20,False,POSITIVE,4,SOURCE_G_REVIEWS,reviews_2023.csv,2023-09-20T09:09:16.684860143,BATCH-G-20230920
REV-00045865,SKU-0001318,user_29074,Ethan,2,Arrived damaged and support was unhelpful.,2023-01-13,False,NEGATIVE,0,SOURCE_G_REVIEWS,reviews_2023.csv,2023-01-13T15:03:11.222895927,BATCH-G-20230113
REV-00045868,SKU-0012632,user_9026185,Andrea Davis,2,Wrong item was shipped to me.,2023-04-04,False,NEGATIVE,2,SOURCE_G_REVIEWS,reviews_2023.csv,2023-04-04T22:48:30.253704689,BATCH-G-20230404
REV-00045889,SKU-0002179,,Anonymous,6,Will definitely buy again.,2023-03-09,False,POSITIVE,0,SOURCE_G_REVIEWS,reviews_2023.csv,2023-03-09T06:11:45.354049961,BATCH-G-20230309
REV-00045891,SKU-0000401,user_46586,Eric Rogers,4,Fast delivery and great quality.,2023-05-07,True,POSITIVE,0,SOURCE_G_REVIEWS,reviews_2023.csv,2023-05-07T17:54:06.217563669,BATCH-G-20230507
REV-00045899,SKU-0016337,user_57930,Stacy,-,   Wrong  item  was  shipped  to  me.   ,2023-12-20,False,NEGATIVE,0,SOURCE_G_REVIEWS,reviews_2023.csv,2023-12-21T04:53:39.780448672,BATCH-G-20231220
REV-00045922,SKU-0005175,user_9005718,Timothy,4,Highly recommend this product.,2023-08-23,True,POSITIVE,3,SOURCE_G_REVIEWS,reviews_2023.csv,2023-08-23T22:14:05.599192919,BATCH-G-20230823
REV-00045926,SKU-0017602,user_38094,Miranda Henderson,1,Not as described at all.,2023-04-08,False,NEGATIVE,0,SOURCE_G_REVIEWS,reviews_2023.csv,2023-04-09T01:05:48.803316698,BATCH-G-20230408
REV-00045932,SKU-0017655,user_9012337,Ryan Newman,4,"Exactly as described, very happy.",2023-12-11,True,POSITIVE,3,SOURCE_G_REVIEWS,reviews_2023.csv,2023-12-11T13:46:25.909321300,BATCH-G-20231211
REV-00045934,SKU-0000176,user_46154,Brenda Rodriguez,4,Exceeded my expectations.,2023-02-21,True,POSITIVE,1,SOURCE_G_REVIEWS,reviews_2023.csv,2023-02-21T21:41:51.728040712,BATCH-G-20230221
REV-00045935,SKU-0002641,,Anonymous,4,Works fine but delivery was slow.,2023-11-02,True,NEUTRAL,1,SOURCE_G_REVIEWS,reviews_2023.csv,2023-11-03T05:11:12.231725871,BATCH-G-20231102
REV-00045949,SKU-0005537,user_13370,Sarah King,5,"Perfect gift, they loved it!",2023-09-16,True,POSITIVE,0,SOURCE_G_REVIEWS,reviews_2023.csv,2023-09-16T16:25:51.252420811,BATCH-G-20230916
REV-00045949-BOT,SKU-0005537,user_55268,Jason Martin,5,"Perfect gift, they loved it!",2023-09-16,False,POSITIVE,0,SOURCE_G_REVIEWS,reviews_2023.csv,2023-09-16T16:25:51.252420811,BATCH-G-20230916
REV-00045954,SKU-0008002,user_9005661,Mary Bishop,3,"It's okay, does the job.",2023-06-15,True,NEUTRAL,6,SOURCE_G_REVIEWS,reviews_2023.csv,2023-06-15T11:13:46.685004389,BATCH-G-20230615
REV-00045976,SKU-0011622,user_9000358,Cynthia,3,"It's okay, does the job.",2023-02-11,True,NEUTRAL,2,SOURCE_G_REVIEWS,reviews_2023.csv,2023-02-12T01:08:12.507275404,BATCH-G-20230211
REV-00045981,SKU-0009367,,Anonymous,4,Will definitely buy again.,2023-12-26,True,POSITIVE,12,SOURCE_G_REVIEWS,reviews_2023.csv,2023-12-26T18:34:46.123823104,BATCH-G-20231226
REV-00045993,SKU-9904039,user_9022572,Marissa Petersen,5,Better than I expected for the price.,2023-10-10,True,POSITIVE,-5,SOURCE_G_REVIEWS,reviews_2023.csv,2023-10-10T04:56:41.081128402,BATCH-G-20231010
REV-00046009,SKU-0007570,,Anonymous,4,"Absolutely love it, works perfectly! 🙏",2023-01-27,True,POSITIVE,0,SOURCE_G_REVIEWS,reviews_2023.csv,2023-01-27T19:47:15.175849381,BATCH-G-20230127
REV-00046013,SKU-0011503,,Anonymous,4,Highly recommend this product. 👍,2023-01-30,False,POSITIVE,4,SOURCE_G_REVIEWS,reviews_2023.csv,2023-01-30T00:44:22.832450591,BATCH-G-20230130
REV-00046013-DUP,SKU-0011503,,Anonymous,4,Highly recommend this product. 👍,2023-01-30,False,POSITIVE,4,SOURCE_G_REVIEWS,reviews_2023.csv,2023-01-30T00:52:22.832450591,BATCH-G-20230130
REV-00046015,SKU-0000010,user_42387,Amber Edwards,4,Will definitely buy again.,2023-04-28,False,POSITIVE,1,SOURCE_G_REVIEWS,reviews_2023.csv,2023-04-28T01:32:02.115354207,BATCH-G-20230428
REV-00046034,SKU-0018723,user_13312,Javier Roberts,5,Fast delivery and great quality.,2023-10-04,True,POSITIVE,0,SOURCE_G_REVIEWS,reviews_2023.csv,2023-10-04T05:48:37.999849558,BATCH-G-20231004
REV-00046037,SKU-0013470,user_9031288,Anthony Avery,5,Exceeded my expectations.,2023-04-26,False,POSITIVE,5,SOURCE_G_REVIEWS,reviews_2023.csv,2023-04-27T04:06:37.751840945,BATCH-G-20230426
REV-00046060,SKU-0000735,user_63964,Victor,3,"Not bad, not great either.",2023-04-18,False,NEUTRAL,3,SOURCE_G_REVIEWS,reviews_2023.csv,2023-04-18T08:41:03.099089230,BATCH-G-20230418
REV-00046065,SKU-0001324,user_9021583,Jim Miller,1,"Poor packaging, item was defective.",2023-06-22,False,NEGATIVE,2,SOURCE_G_REVIEWS,reviews_2023.csv,2023-06-22T22:29:27.450900053,BATCH-G-20230622
REV-00046066,SKU-0014335,user_760,Regina Cortez,5,Better than I expected for the price.,2023-05-27,False,POSITIVE,2,SOURCE_G_REVIEWS,reviews_2023.csv,2023-05-27T15:46:48.956088986,BATCH-G-20230527
REV-00046068,SKU-0005878,user_9006832,Gary Moss,2,"Waste of money, do not buy.",2023-05-04,True,NEGATIVE,2,SOURCE_G_REVIEWS,reviews_2023.csv,2023-05-04T18:09:14.695552631,BATCH-G-20230504
REV-00046072,SKU-0002838,user_38577,Michelle Jones,4,   Decent  but  overpriced  a  bit.   ,2023-07-31,True,NEUTRAL,4,SOURCE_G_REVIEWS,reviews_2023.csv,2023-07-31T13:22:48.125835825,BATCH-G-20230731
REV-00046075,SKU-0003054,user_9033325,Gregory Bell PhD,5,Excellent rapport qualité-prix.,2023-03-09,True,POSITIVE,0,SOURCE_G_REVIEWS,reviews_2023.csv,2023-03-10T00:57:28.883010715,BATCH-G-20230309
REV-00046084,SKU-9919039,user_9012504,Sara Hensley,2,Wrong item was shipped to me.,2023-08-22,False,NEGATIVE,0,SOURCE_G_REVIEWS,reviews_2023.csv,2023-08-23T01:55:15.467257606,BATCH-G-20230822
REV-00046087,SKU-0019727,user_1190,Emily Brown,2,Wrong item was shipped to me.,2023-07-16,True,NEGATIVE,3,SOURCE_G_REVIEWS,reviews_2023.csv,2023-07-16T16:02:24.315548963,BATCH-G-20230716
REV-00046092,SKU-0019572,user_9016361,David,5,Highly recommend this product.,2023-03-24,True,POSITIVE,4,SOURCE_G_REVIEWS,reviews_2023.csv,2023-03-25T04:59:27.517794389,BATCH-G-20230324
REV-00046106,SKU-0008380,user_9020430,Michele Hopkins,5,Highly recommend this product. 😢⭐,2023-07-06,False,POSITIVE,1,SOURCE_G_REVIEWS,reviews_2023.csv,2023-07-06T11:21:50.223400022,BATCH-G-20230706
REV-00046108,SKU-0000707,user_9003198,Tonya Holland,4,Highly recommend this product.,2023-03-08,True,POSITIVE,3,SOURCE_G_REVIEWS,reviews_2023.csv,2023-03-08T12:51:03.575112459,BATCH-G-20230308
REV-00046113,SKU-0006860,user_8735,James,5,"Exactly as described, very happy.",2023-08-30,True,POSITIVE,1,SOURCE_G_REVIEWS,reviews_2023.csv,2023-08-30T16:48:09.456316538,BATCH-G-20230830
REV-00046117,SKU-0010656,user_68587,Tammy Hall,Unknown,"बहुत अच्छा उत्पाद है, पैसा वसूल!",2023-02-22,True,POSITIVE,0,SOURCE_G_REVIEWS,reviews_2023.csv,2023-02-22T19:59:00.335462344,BATCH-G-20230222
REV-00046124,SKU-0008674,user_9020697,Christina Wright,5,"Exactly as described, very happy.",2023-07-04,True,POSITIVE,1,SOURCE_G_REVIEWS,reviews_2023.csv,2023-07-04T10:04:09.665714762,BATCH-G-20230704
REV-00046139,SKU-9961477,user_2708,John Anderson,3,"Matches the description, no issues.",2023-05-13,False,NEUTRAL,0,SOURCE_G_REVIEWS,reviews_2023.csv,2023-05-13T22:47:11.136606917,BATCH-G-20230513
REV-00046150,SKU-0003059,user_6340,David Scott,4,Will definitely buy again.,2023-09-08,True,POSITIVE,9,SOURCE_G_REVIEWS,reviews_2023.csv,2023-09-08T03:14:26.063350742,BATCH-G-20230908
REV-00046161,SKU-9916629,user_3012,Tyler Bradshaw,5,"Perfect gift, they loved it!",2023-12-01,True,POSITIVE,2,SOURCE_G_REVIEWS,reviews_2023.csv,2023-12-01T05:30:41.145472451,BATCH-G-20231201
REV-00046166,SKU-0012065,,Anonymous,3,"<br>Matches the description, no issues.<p>",2023-01-05,True,NEUTRAL,3,SOURCE_G_REVIEWS,reviews_2023.csv,2023-01-05T11:37:33.688293030,BATCH-G-20230105
REV-00046172,SKU-0008986,user_11060,Shane,5,Better than I expected for the price.,2023-04-07,False,POSITIVE,1,SOURCE_G_REVIEWS,reviews_2023.csv,2023-04-07T17:35:55.085122028,BATCH-G-20230407
REV-00046180,SKU-0009021,user_16436,Ronald Wells,5,"Livraison très lente, déçu.",2023-12-31,False,POSITIVE,0,SOURCE_G_REVIEWS,reviews_2023.csv,2023-12-31T20:22:39.431050913,BATCH-G-20231231
REV-00046209,SKU-0011737,user_9005074,Christopher,3,"&nbsp;Not bad, not great either.<i>edited</i>",2023-01-26,True,NEUTRAL,0,SOURCE_G_REVIEWS,reviews_2023.csv,2023-01-26T19:20:07.390559830,BATCH-G-20230126
REV-00046211,SKU-0003925,user_9025705,Bridget Allen,5,Will definitely buy again.,2023-02-09,True,POSITIVE,3,SOURCE_G_REVIEWS,reviews_2023.csv,2023-02-09T20:38:01.386220678,BATCH-G-20230209
REV-00046214,SKU-0008556,user_9031930,Elizabeth Hill,1,"Muy buen producto, lo recomiendo.",2023-11-02,False,NEGATIVE,0,SOURCE_G_REVIEWS,reviews_2023.csv,2023-11-03T04:42:58.063317987,BATCH-G-20231102
REV-00046217,SKU-0000521,user_9031593,Jonathan,2,Stopped working after a week.,2023-01-04,True,NEGATIVE,3,SOURCE_G_REVIEWS,reviews_2023.csv,2023-01-04T20:21:59.367330379,BATCH-G-20230104
REV-00046222,SKU-0000387,user_25313,Mike,5,"Solid build quality, no complaints.",2023-10-29,True,POSITIVE,7,SOURCE_G_REVIEWS,reviews_2023.csv,2023-10-30T01:11:27.157311475,BATCH-G-20231029
REV-00046225,SKU-0005785,,Anonymous,4,Exceeded my expectations.,2023-05-24,True,POSITIVE,4,SOURCE_G_REVIEWS,reviews_2023.csv,2023-05-24T05:34:16.079319331,BATCH-G-20230524
REV-00046228,SKU-0017512,user_9015352,Dominic White,5,Great value for money.,2023-12-25,False,POSITIVE,10,SOURCE_G_REVIEWS,reviews_2023.csv,2023-12-26T03:36:12.290114044,BATCH-G-20231225
REV-00046242,SKU-0019748,user_9033851,Julie,4,Will definitely buy again.,2023-09-09,False,POSITIVE,3,SOURCE_G_REVIEWS,reviews_2023.csv,2023-09-09T14:01:38.801342613,BATCH-G-20230909
REV-00046242-BOT,SKU-0019748,user_12318,Harold,4,Will definitely buy again.,2023-09-09,False,POSITIVE,0,SOURCE_G_REVIEWS,reviews_2023.csv,2023-09-09T14:01:38.801342613,BATCH-G-20230909
REV-00046246,SKU-0019957,user_66294,Rita,4,"Absolutely love it, works perfectly! 😢",2023-08-24,True,POSITIVE,3,SOURCE_G_REVIEWS,reviews_2023.csv,2023-08-25T04:59:22.741343820,BATCH-G-20230824
REV-00046248,SKU-0005332,user_9030240,Jill Evans,4,Fast delivery and great quality.,2023-06-20,True,POSITIVE,0,SOURCE_G_REVIEWS,reviews_2023.csv,2023-06-20T19:17:46.658336173,BATCH-G-20230620
REV-00046252,SKU-0019333,,Anonymous,1,Not as described at all.,2023-01-25,False,NEGATIVE,5,SOURCE_G_REVIEWS,reviews_2023.csv,2023-01-25T01:50:05.631482850,BATCH-G-20230125
REV-00046267,SKU-0014103,,Anonymous,1,"Cheaply made, broke immediately. 😡",2023-03-07,False,NEGATIVE,3,SOURCE_G_REVIEWS,reviews_2023.csv,2023-03-08T02:05:59.330478315,BATCH-G-20230307
REV-00046282,SKU-0013122,user_9007086,Russell Guerra,2,गुणवत्ता ठीक नहीं थी।,2023-05-22,True,NEGATIVE,7,SOURCE_G_REVIEWS,reviews_2023.csv,2023-05-23T04:21:19.570112790,BATCH-G-20230522
REV-00046309,SKU-0008047,user_9010431,John,4,"Perfect gift, they loved it!",2023-03-20,True,POSITIVE,2,SOURCE_G_REVIEWS,reviews_2023.csv,2023-03-21T04:19:39.164856301,BATCH-G-20230320
REV-00046309-DUP,SKU-0008047,user_9010431,John,4,"Perfect gift, they loved it!",2023-03-20,True,POSITIVE,2,SOURCE_G_REVIEWS,reviews_2023.csv,2023-03-21T04:52:39.164856301,BATCH-G-20230320
REV-00046317,SKU-0005820,user_26034,Kimberly Hughes,3,"Average quality, nothing special.",2023-03-22,True,NEUTRAL,3,SOURCE_G_REVIEWS,reviews_2023.csv,2023-03-22T08:07:36.539595531,BATCH-G-20230322
REV-00046319,SKU-0002477,,Anonymous,5,Exceeded my expectations.,2023-07-24,True,POSITIVE,0,SOURCE_G_REVIEWS,reviews_2023.csv,2023-07-24T23:21:27.678764502,BATCH-G-20230724
REV-00046331,SKU-0005185,user_9010262,Drew Carpenter,5,Better than I expected for the price.,2023-06-18,False,POSITIVE,1,SOURCE_G_REVIEWS,reviews_2023.csv,2023-06-19T00:18:17.834492763,BATCH-G-20230618
REV-00046332,SKU-0003956,user_22701,Robin Stark,4,Exceeded my expectations.,2023-02-23,False,POSITIVE,5,SOURCE_G_REVIEWS,reviews_2023.csv,2023-02-23T10:42:02.066682445,BATCH-G-20230223
REV-00046334,SKU-0006495,,Anonymous,1,"Cheaply made, broke immediately. 😢",2023-06-20,True,NEGATIVE,0,SOURCE_G_REVIEWS,reviews_2023.csv,2023-06-21T04:30:03.505074823,BATCH-G-20230620
REV-00046336,SKU-0008800,user_9012129,Miss Regina Gomez,4,"Exactly as described, very happy.",2023-11-26,True,POSITIVE,1,SOURCE_G_REVIEWS,reviews_2023.csv,2023-11-26T01:30:17.583213800,BATCH-G-20231126
REV-00046339,SKU-0012398,user_9023407,Brittney Hardin,5,"Solid build quality, no complaints.",2023-10-09,True,POSITIVE,2,SOURCE_G_REVIEWS,reviews_2023.csv,2023-10-10T03:27:02.191860413,BATCH-G-20231009
REV-00046342,SKU-0001136,,Anonymous,4,"Solid build quality, no complaints.",2023-09-26,True,POSITIVE,0,SOURCE_G_REVIEWS,reviews_2023.csv,2023-09-26T12:10:27.559747475,BATCH-G-20230926
REV-00046347,SKU-0013593,user_9025837,Michelle Morrison,4,Exceeded my expectations.,2023-05-09,True,POSITIVE,3,SOURCE_G_REVIEWS,reviews_2023.csv,2023-05-09T01:02:07.523246812,BATCH-G-20230509
REV-00046356,SKU-0009549,user_9030153,Jennifer Williams,3,Works fine but delivery was slow.,2023-03-12,False,NEUTRAL,0,SOURCE_G_REVIEWS,reviews_2023.csv,2023-03-12T23:07:17.794646883,BATCH-G-20230312
REV-00046387,SKU-0000647,user_2572,Anthony Miller,5,"   Absolutely  love  it,  works  perfectly!   ",2023-07-04,True,POSITIVE,0,SOURCE_G_REVIEWS,reviews_2023.csv,2023-07-04T11:03:11.529362318,BATCH-G-20230704
REV-00046394,SKU-0015936,user_40885,Kevin Duran,5,Better than I expected for the price. 😍😍,2023-06-11,True,POSITIVE,9,SOURCE_G_REVIEWS,reviews_2023.csv,2023-06-11T11:13:42.748973468,BATCH-G-20230611
REV-00046396,SKU-0012937,user_12224,Wayne Harvey,4,Highly recommend this product.,2023-08-15,True,POSITIVE,0,SOURCE_G_REVIEWS,reviews_2023.csv,2023-08-16T02:58:49.631970394,BATCH-G-20230815
REV-00046405,SKU-0013164,user_67201,Kimberly Cox,5,Unknown,2023-03-12,True,POSITIVE,3,SOURCE_G_REVIEWS,reviews_2023.csv,2023-03-12T16:50:16.650102993,BATCH-G-20230312
REV-00046414,SKU-9952761,,Anonymous,5,No cumplió mis expectativas.,2023-02-28,True,POSITIVE,2,SOURCE_G_REVIEWS,reviews_2023.csv,2023-02-28T23:46:54.180419011,BATCH-G-20230228
REV-00046421,SKU-0011728,user_9016872,Bradley Swanson,4,"Poor packaging, item was defective.",2023-09-20,False,NEGATIVE,1,SOURCE_G_REVIEWS,reviews_2023.csv,2023-09-20T19:18:03.529258133,BATCH-G-20230920
REV-00046446,SKU-0006460,user_9000913,Jonathan Anderson,4,Highly recommend this product.,2023-03-22,True,POSITIVE,7,SOURCE_G_REVIEWS,reviews_2023.csv,2023-03-22T18:01:52.294815083,BATCH-G-20230322
REV-00046448,SKU-0004676,user_61885,Justin Hall,5,"Absolutely love it, works perfectly!",2023-07-10,False,POSITIVE,2,SOURCE_G_REVIEWS,reviews_2023.csv,2023-07-11T04:03:41.024704469,BATCH-G-20230710
REV-00046456,SKU-0007011,,Anonymous,3,Works fine but delivery was slow.,2023-09-10,True,NEUTRAL,15,SOURCE_G_REVIEWS,reviews_2023.csv,2023-09-11T02:40:02.853962246,BATCH-G-20230910
REV-00046456-BOT,SKU-0007011,user_52148,Troy Sullivan,3,Works fine but delivery was slow.,2023-09-10,False,NEUTRAL,0,SOURCE_G_REVIEWS,reviews_2023.csv,2023-09-11T02:40:02.853962246,BATCH-G-20230910
REV-00046468,SKU-0006753,,Anonymous,1,Wrong item was shipped to me.,2023-08-21,True,NEGATIVE,0,SOURCE_G_REVIEWS,reviews_2023.csv,2023-08-22T03:27:09.909843231,BATCH-G-20230821
REV-00046476,SKU-9951999,user_54275,Annette Lee,1,Not as described at all.,2023-06-07,False,NEGATIVE,1,SOURCE_G_REVIEWS,reviews_2023.csv,2023-06-07T05:32:26.782642580,BATCH-G-20230607
REV-00046484,SKU-0009116,user_5307,Angelica Chavez,2,"Cheaply made, broke immediately.",2023-12-29,True,NEGATIVE,3,SOURCE_G_REVIEWS,reviews_2023.csv,2023-12-29T22:27:49.516787358,BATCH-G-20231229
REV-00046500,SKU-0008059,user_59885,Jillian,-1,Fast delivery and great quality.,2023-12-16,False,POSITIVE,0,SOURCE_G_REVIEWS,reviews_2023.csv,2023-12-16T04:02:43.587254748,BATCH-G-20231216
REV-00046515,SKU-0013616,,Anonymous,1,Wrong item was shipped to me.,2023-05-31,False,NEGATIVE,9,SOURCE_G_REVIEWS,reviews_2023.csv,2023-05-31T08:08:23.331044937,BATCH-G-20230531
REV-00046518,SKU-0000532,user_25989,Seth Cunningham,2,"Cheaply made, broke immediately.",2023-08-15,False,NEGATIVE,3,SOURCE_G_REVIEWS,reviews_2023.csv,2023-08-15T09:47:49.732841351,BATCH-G-20230815
REV-00046529,SKU-0011252,user_9029820,Jerry Johnson,4,"Solid build quality, no complaints.",2023-05-27,True,POSITIVE,4,SOURCE_G_REVIEWS,reviews_2023.csv,2023-05-27T08:39:09.045430546,BATCH-G-20230527
REV-00046533,SKU-0011805,,Anonymous,4,Highly recommend this product.,2023-01-16,True,POSITIVE,9,SOURCE_G_REVIEWS,reviews_2023.csv,2023-01-16T22:27:08.828683602,BATCH-G-20230116
REV-00046551,SKU-0004771,user_9027390,Timothy Miranda,2,Very disappointed with the quality.,2023-02-08,True,NEGATIVE,6,SOURCE_G_REVIEWS,reviews_2023.csv,2023-02-08T03:22:07.392181448,BATCH-G-20230208
REV-00046560,SKU-0014750,user_47656,Jasmine Horn,4,"Excellent rapport qualité-prix. Solid build quality, no complaints.",2023-01-26,True,POSITIVE,5,SOURCE_G_REVIEWS,reviews_2023.csv,2023-01-26T02:29:54.419710729,BATCH-G-20230126
REV-00046572,SKU-0001391,user_11531,Jillian Garcia,1,Very disappointed with the quality.,2023-10-18,False,NEGATIVE,2,SOURCE_G_REVIEWS,reviews_2023.csv,2023-10-18T12:27:15.751839145,BATCH-G-20231018
REV-00046581,SKU-0020016,user_9017965,Jillian,unknown,Will definitely buy again.,2023-03-22,False,POSITIVE,6,SOURCE_G_REVIEWS,reviews_2023.csv,2023-03-22T10:22:52.946782083,BATCH-G-20230322
REV-00046582,SKU-9908268,user_14397,Timothy Galloway,5,Great value for money.,2023-10-10,True,POSITIVE,0,SOURCE_G_REVIEWS,reviews_2023.csv,2023-10-10T18:22:00.464628261,BATCH-G-20231010
REV-00046584,SKU-0005874,user_9017451,Diana Wilson,5,"Absolutely love it, works perfectly!",2023-07-16,False,POSITIVE,0,SOURCE_G_REVIEWS,reviews_2023.csv,2023-07-17T04:02:58.825766703,BATCH-G-20230716
REV-00046600,SKU-0013689,user_9006856,Adrian Davis,5,Better than I expected for the price.,2023-06-27,True,POSITIVE,0,SOURCE_G_REVIEWS,reviews_2023.csv,2023-06-27T09:26:23.383261032,BATCH-G-20230627
REV-00046611,SKU-0008426,user_9021859,Tiffany Harrington,4,Highly recommend this product.,2023-09-09,True,POSITIVE,3,SOURCE_G_REVIEWS,reviews_2023.csv,2023-09-10T00:19:40.024643188,BATCH-G-20230909
REV-00046615,SKU-0013055,user_9020986,James Armstrong,4,Fast delivery and great quality.,2023-11-24,False,POSITIVE,2,SOURCE_G_REVIEWS,reviews_2023.csv,2023-11-24T10:05:57.221473912,BATCH-G-20231124
REV-00046627,SKU-0018500,,Anonymous,5,"Absolutely love it, works perfectly!",2023-01-01,True,POSITIVE,1,SOURCE_G_REVIEWS,reviews_2023.csv,2023-01-01T04:59:43.187036104,BATCH-G-20230101
REV-00046637,SKU-0015844,,Anonymous,5,Fast delivery and great quality.,2023-04-21,False,POSITIVE,0,SOURCE_G_REVIEWS,reviews_2023.csv,2023-04-21T13:23:35.030525593,BATCH-G-20230421
REV-00046646,SKU-0006365,,Anonymous,-,"   Exactly  as  described,  very  happy.   ",2023-07-25,True,POSITIVE,7,SOURCE_G_REVIEWS,reviews_2023.csv,2023-07-25T14:16:36.972165363,BATCH-G-20230725
REV-00046666,SKU-0006851,user_9013281,Michael Kemp,3,"Matches the description, no issues.",2023-07-12,False,NEUTRAL,2,SOURCE_G_REVIEWS,reviews_2023.csv,2023-07-12T09:13:04.232902587,BATCH-G-20230712
REV-00046680,SKU-0002937,user_9015553,Elizabeth Reid,5,Fast delivery and great quality.,2023-12-04,True,POSITIVE,0,SOURCE_G_REVIEWS,reviews_2023.csv,2023-12-05T00:46:57.895070203,BATCH-G-20231204
REV-00046682,SKU-0011188,user_9028084,Tyrone,5,Will definitely buy again.,2023-12-15,False,POSITIVE,1,SOURCE_G_REVIEWS,reviews_2023.csv,2023-12-15T13:38:59.392513905,BATCH-G-20231215
REV-00046683,SKU-0001066,user_7274,Jeffrey Smith,5,Exceeded my expectations.,2023-01-22,True,POSITIVE,0,SOURCE_G_REVIEWS,reviews_2023.csv,2023-01-22T00:32:15.332612468,BATCH-G-20230122
REV-00046697,SKU-9938791,,Anonymous,5,Exceeded my expectations. 😡,2023-05-10,False,POSITIVE,0,SOURCE_G_REVIEWS,reviews_2023.csv,2023-05-10T05:02:38.722141566,BATCH-G-20230510
REV-00046699,SKU-0009217,,Anonymous,5,Fast delivery and great quality.,2023-03-11,True,POSITIVE,6,SOURCE_G_REVIEWS,reviews_2023.csv,2023-03-11T00:38:28.309422954,BATCH-G-20230311
REV-00046704,SKU-0001715,user_34950,Jennifer Decker,1,"Cheaply made, broke immediately.",2023-07-24,False,NEGATIVE,3,SOURCE_G_REVIEWS,reviews_2023.csv,2023-07-24T18:17:07.030506631,BATCH-G-20230724
REV-00046713,SKU-0006986,user_47230,James,1,Wrong item was shipped to me. 😐,2023-12-25,True,NEGATIVE,2,SOURCE_G_REVIEWS,reviews_2023.csv,2023-12-25T01:45:02.791238339,BATCH-G-20231225
REV-00046713-DUP,SKU-0006986,user_47230,James,1,Wrong item was shipped to me. 😐,2023-12-25,True,NEGATIVE,2,SOURCE_G_REVIEWS,reviews_2023.csv,2023-12-25T01:56:02.791238339,BATCH-G-20231225
REV-00046720,SKU-0006203,user_9021603,Heather Jones,2,"Cheaply made, broke immediately.",2023-08-05,False,NEGATIVE,2,SOURCE_G_REVIEWS,reviews_2023.csv,2023-08-05T09:15:48.213972107,BATCH-G-20230805
REV-00046735,SKU-0009963,user_9014401,Micheal Ferguson,5,Arrived damaged and support was unhelpful.,2023-01-22,True,NEGATIVE,1,SOURCE_G_REVIEWS,reviews_2023.csv,2023-01-22T00:48:12.876099729,BATCH-G-20230122
REV-00046739,SKU-0017158,user_23079,Raymond,2,"Cheaply made, broke immediately.",2023-11-08,False,NEGATIVE,0,SOURCE_G_REVIEWS,reviews_2023.csv,2023-11-08T18:44:45.101411894,BATCH-G-20231108
REV-00046749,SKU-0003937,user_9011567,Mary Rodriguez,3,"Matches the description, no issues.",2023-12-24,True,NEUTRAL,0,SOURCE_G_REVIEWS,reviews_2023.csv,2023-12-24T09:23:28.087071564,BATCH-G-20231224
REV-00046759,SKU-0008042,,Anonymous,1,"Waste of money, do not buy.",2023-09-23,True,NEGATIVE,2,SOURCE_G_REVIEWS,reviews_2023.csv,2023-09-23T02:52:04.823237657,BATCH-G-20230923
REV-00046765,SKU-0017433,user_27186,Crystal Ortiz,4,Wrong item was shipped to me.,2023-09-06,True,NEGATIVE,0,SOURCE_G_REVIEWS,reviews_2023.csv,2023-09-06T23:21:29.781260250,BATCH-G-20230906
REV-00046771,SKU-0001397,user_7123,Theresa,2,Very disappointed with the quality.,2023-12-27,True,NEGATIVE,6,SOURCE_G_REVIEWS,reviews_2023.csv,2023-12-28T01:35:54.879605601,BATCH-G-20231227
REV-00046781,SKU-0003009,user_2007,Joel,5,Great value for money.,2023-10-28,True,POSITIVE,2,SOURCE_G_REVIEWS,reviews_2023.csv,2023-10-28T04:15:52.801478181,BATCH-G-20231028
REV-00046802,SKU-0011777,,Anonymous,4,Will definitely buy again.,2023-12-22,False,POSITIVE,6,SOURCE_G_REVIEWS,reviews_2023.csv,2023-12-22T10:33:33.317816813,BATCH-G-20231222
REV-00046808,SKU-0017348,,Anonymous,4,"Exactly as described, very happy.",2023-04-05,True,POSITIVE,5,SOURCE_G_REVIEWS,reviews_2023.csv,2023-04-06T04:47:08.317293527,BATCH-G-20230405
REV-00046828,SKU-0003012,user_9026019,Emily Hansen,4,Better than I expected for the price.,2023-04-11,False,POSITIVE,1,SOURCE_G_REVIEWS,reviews_2023.csv,2023-04-11T01:36:41.576526149,BATCH-G-20230411
REV-00046835,SKU-0001801,user_8005,Michael,5,"Solid build quality, no complaints.",2023-08-18,True,POSITIVE,0,SOURCE_G_REVIEWS,reviews_2023.csv,2023-08-18T22:54:00.094513432,BATCH-G-20230818
REV-00046840,SKU-0017548,user_9027696,Heather Campbell,1,Stopped working after a week.,2023-04-08,True,NEGATIVE,0,SOURCE_G_REVIEWS,reviews_2023.csv,2023-04-08T09:27:13.975619658,BATCH-G-20230408
REV-00046846,SKU-0011756,,Anonymous,5,"Solid build quality, no complaints.",2023-08-25,True,POSITIVE,3,SOURCE_G_REVIEWS,reviews_2023.csv,2023-08-25T22:18:33.998767986,BATCH-G-20230825
REV-00046851,SKU-0006474,user_51481,Bryan Hester,3,"Average quality, nothing special.",2023-07-03,True,NEUTRAL,2,SOURCE_G_REVIEWS,reviews_2023.csv,2023-07-03T18:01:03.457519461,BATCH-G-20230703
REV-00046872,SKU-0015156,user_9016145,Erik Ross,3,"Matches the description, no issues.",2023-04-22,True,NEUTRAL,6,SOURCE_G_REVIEWS,reviews_2023.csv,2023-04-22T09:31:27.069611758,BATCH-G-20230422
REV-00046873,SKU-0014148,user_57593,Manuel Melton,4,Great value for money. 😀,2023-07-07,True,POSITIVE,1,SOURCE_G_REVIEWS,reviews_2023.csv,2023-07-07T00:34:06.219181539,BATCH-G-20230707
REV-00046884,SKU-0010984,user_9021560,Jodi Thompson,3,"Average quality, nothing special.",2023-03-18,True,NEUTRAL,8,SOURCE_G_REVIEWS,reviews_2023.csv,2023-03-18T01:49:22.299112575,BATCH-G-20230318
REV-00046894,SKU-0004369,user_9010462,Rodney,3,Decent but overpriced a bit.,2023-05-07,False,NEUTRAL,3,SOURCE_G_REVIEWS,reviews_2023.csv,2023-05-07T16:10:17.815452193,BATCH-G-20230507
REV-00046898,SKU-0002492,user_9010437,Johnny Miller,3,"Not bad, not great either.",2023-05-03,True,NEUTRAL,3,SOURCE_G_REVIEWS,reviews_2023.csv,2023-05-04T01:26:49.553475790,BATCH-G-20230503
REV-00046901,SKU-0003223,user_9021962,Nicholas Gordon,4,Highly recommend this product.,2023-09-16,True,POSITIVE,3,SOURCE_G_REVIEWS,reviews_2023.csv,2023-09-17T05:29:27.961630433,BATCH-G-20230916
REV-00046903,SKU-0012552,user_9026915,Robin,3,Decent but overpriced a bit.,2023-04-27,True,NEUTRAL,4,SOURCE_G_REVIEWS,reviews_2023.csv,2023-04-27T11:43:01.693017695,BATCH-G-20230427
REV-00046907,SKU-0018419,,Anonymous,5,"Exactly as described, very happy.",2023-03-12,False,POSITIVE,8,SOURCE_G_REVIEWS,reviews_2023.csv,2023-03-12T12:49:12.663309372,BATCH-G-20230312
REV-00046919,SKU-0017030,user_14641,Rodney Clark,4,"Exactly as described, very happy. 😀",2023-11-18,True,POSITIVE,0,SOURCE_G_REVIEWS,reviews_2023.csv,2023-11-18T18:39:38.612675675,BATCH-G-20231118
REV-00046927,SKU-0003255,user_15171,Bonnie Jacobs,5,No cumplió mis expectativas.,2023-07-05,False,POSITIVE,3,SOURCE_G_REVIEWS,reviews_2023.csv,2023-07-06T01:01:50.293933119,BATCH-G-20230705
REV-00046938,SKU-0014408,,Anonymous,1,Stopped working after a week.,2023-01-29,True,NEGATIVE,1,SOURCE_G_REVIEWS,reviews_2023.csv,2023-01-29T11:34:10.015276638,BATCH-G-20230129
REV-00046940,SKU-0017158,,Anonymous,4,Fast delivery and great quality.,2023-08-16,True,POSITIVE,2,SOURCE_G_REVIEWS,reviews_2023.csv,2023-08-17T03:44:03.229237076,BATCH-G-20230816
REV-00046942,SKU-0005876,user_64316,Linda Roberts,4,"Absolutely love it, works perfectly!",2023-07-24,True,POSITIVE,0,SOURCE_G_REVIEWS,reviews_2023.csv,2023-07-24T16:30:02.983506790,BATCH-G-20230724
REV-00046974,SKU-0010062,user_9026375,William Guzman,4,"Livraison très lente, déçu.",2023-12-20,True,POSITIVE,2,SOURCE_G_REVIEWS,reviews_2023.csv,2023-12-20T15:50:46.042877055,BATCH-G-20231220
REV-00046975,SKU-0015601,user_9016941,Harry,5,"Exactly as described, very happy.",2023-07-04,False,POSITIVE,0,SOURCE_G_REVIEWS,reviews_2023.csv,2023-07-04T09:42:07.155182179,BATCH-G-20230704
REV-00046976,SKU-0006733,user_1735,Wanda Campbell,1,"Cheaply made, broke immediately.",2023-03-24,True,NEGATIVE,1,SOURCE_G_REVIEWS,reviews_2023.csv,2023-03-24T17:20:15.307144384,BATCH-G-20230324
REV-00046977,SKU-0010464,user_69,Robert Grant,5,Exceeded my expectations.,2023-11-29,False,POSITIVE,11,SOURCE_G_REVIEWS,reviews_2023.csv,2023-11-29T11:07:20.967901580,BATCH-G-20231129
REV-00046988,SKU-0015263,user_9009207,Erik Smith,5,"Exactly as described, very happy.",2023-10-09,False,POSITIVE,0,SOURCE_G_REVIEWS,reviews_2023.csv,2023-10-09T22:21:37.923152646,BATCH-G-20231009
REV-00046989,SKU-0013429,user_60329,Jason Campos,3,"It's okay, does the job.",2023-10-10,True,NEUTRAL,4,SOURCE_G_REVIEWS,reviews_2023.csv,2023-10-10T06:36:19.046196426,BATCH-G-20231010
REV-00046997,SKU-0000016,user_58421,Aaron Lamb,7,"   Perfect  gift,  they  loved  it!   ",2023-01-01,True,POSITIVE,0,SOURCE_G_REVIEWS,reviews_2023.csv,2023-01-01T23:05:11.378432830,BATCH-G-20230101
REV-00047000,SKU-0002332,user_24503,Amanda,2,"   Cheaply  made,  broke  immediately.   ",2023-08-15,True,NEGATIVE,1,SOURCE_G_REVIEWS,reviews_2023.csv,2023-08-16T00:16:18.858952543,BATCH-G-20230815
REV-00047002,SKU-0004530,user_9004171,Desiree,4,<br>Highly recommend this product.&nbsp;,2023-11-22,True,POSITIVE,3,SOURCE_G_REVIEWS,reviews_2023.csv,2023-11-22T00:51:52.510444501,BATCH-G-20231122
REV-00047005,SKU-0018195,,Anonymous,1,Very disappointed with the quality.,2023-10-25,False,NEGATIVE,6,SOURCE_G_REVIEWS,reviews_2023.csv,2023-11-11T22:00:00,BATCH-G-20231025
REV-00047009,SKU-0016991,,Anonymous,2,Wrong item was shipped to me.,2023-02-16,True,NEGATIVE,4,SOURCE_G_REVIEWS,reviews_2023.csv,2023-02-16T18:45:06.621436976,BATCH-G-20230216
REV-00047016,SKU-0008613,user_9025475,Kaitlyn,5,Will definitely buy again.,2023-03-11,False,POSITIVE,0,SOURCE_G_REVIEWS,reviews_2023.csv,2023-03-11T18:40:47.700679771,BATCH-G-20230311
REV-00047018,SKU-0007445,user_9009364,Luke,5,"Livraison très lente, déçu.",2023-03-05,False,POSITIVE,0,SOURCE_G_REVIEWS,reviews_2023.csv,2023-03-05T15:14:50.732233264,BATCH-G-20230305
REV-00047027,SKU-0018900,user_9008575,Michelle,5,Will definitely buy again.,2023-05-30,False,POSITIVE,0,SOURCE_G_REVIEWS,reviews_2023.csv,2023-05-30T04:07:05.938888917,BATCH-G-20230530
REV-00047032,SKU-0002022,user_63761,Stephen,5,"Absolutely love it, works perfectly!",2023-02-01,True,POSITIVE,14,SOURCE_G_REVIEWS,reviews_2023.csv,2023-02-01T17:02:51.512486777,BATCH-G-20230201
REV-00047061,SKU-0006084,user_41461,Mark Johnson,3,"Muy buen producto, lo recomiendo.",2023-10-03,True,NEUTRAL,0,SOURCE_G_REVIEWS,reviews_2023.csv,2023-10-04T02:02:12.824046016,BATCH-G-20231003
REV-00047064,SKU-0005860,user_9032375,Matthew Le,5,   Great  value  for  money.   ,2023-02-05,False,POSITIVE,2,SOURCE_G_REVIEWS,reviews_2023.csv,2023-02-05T18:07:38.327003530,BATCH-G-20230205
REV-00047090,SKU-0002850,user_9018198,Candace Romero,5,Highly recommend this product.,2023-10-13,False,POSITIVE,6,SOURCE_G_REVIEWS,reviews_2023.csv,2023-10-13T03:46:11.765959220,BATCH-G-20231013
REV-00047101,SKU-0001078,,Anonymous,4,Exceeded my expectations.,2023-05-19,False,POSITIVE,1,SOURCE_G_REVIEWS,reviews_2023.csv,2023-05-19T20:35:39.899868492,BATCH-G-20230519
REV-00047103,SKU-0010136,user_9008848,Amanda Cox,5,Highly recommend this product.,2023-01-11,False,POSITIVE,2,SOURCE_G_REVIEWS,reviews_2023.csv,2023-01-11T21:03:43.443568738,BATCH-G-20230111
REV-00047108,SKU-0016945,user_9026429,Audrey,5,"Absolutely love it, works perfectly!",2023-07-31,False,POSITIVE,3,SOURCE_G_REVIEWS,reviews_2023.csv,2023-07-31T13:49:29.776252501,BATCH-G-20230731
REV-00047111,SKU-0007451,user_9000616,Michael Parker Jr.,1,<i>edited</i>Arrived damaged and support was unhelpful. 😍&nbsp;,2023-11-26,False,NEGATIVE,0,SOURCE_G_REVIEWS,reviews_2023.csv,2023-11-26T03:34:10.209305815,BATCH-G-20231126
REV-00047118,SKU-0006359,,Anonymous,4,Exceeded my expectations.,2023-05-22,False,POSITIVE,0,SOURCE_G_REVIEWS,reviews_2023.csv,2023-05-22T19:51:53.264356290,BATCH-G-20230522
REV-00047121,SKU-0000035,,Anonymous,6,null,2023-03-06,True,POSITIVE,4,SOURCE_G_REVIEWS,reviews_2023.csv,2023-03-07T05:30:34.901989650,BATCH-G-20230306
REV-00047137,SKU-0006872,user_9034701,Jessica Francis,-1,"Absolutely love it, works perfectly!",2023-06-23,True,POSITIVE,3,SOURCE_G_REVIEWS,reviews_2023.csv,2023-06-23T09:14:44.416532314,BATCH-G-20230623
REV-00047141,SKU-9908418,user_9023396,Karen,4,"Exactly as described, very happy.",2023-12-10,False,POSITIVE,1,SOURCE_G_REVIEWS,reviews_2023.csv,2023-12-10T02:16:27.811671368,BATCH-G-20231210
REV-00047142,SKU-0000505,user_9031935,Corey,5,"Perfect gift, they loved it!",2023-08-17,False,POSITIVE,0,SOURCE_G_REVIEWS,reviews_2023.csv,2023-08-17T09:40:52.057548807,BATCH-G-20230817
REV-00047165,SKU-0010730,,Anonymous,5,"Exactly as described, very happy.",2023-04-15,True,POSITIVE,3,SOURCE_G_REVIEWS,reviews_2023.csv,2023-04-16T01:37:46.984221320,BATCH-G-20230415
REV-00047185,SKU-0006835,user_9016126,Colleen Henson,2,"Waste of money, do not buy.",2023-04-26,True,NEGATIVE,2,SOURCE_G_REVIEWS,reviews_2023.csv,2023-04-26T09:27:19.726178233,BATCH-G-20230426
REV-00047197,SKU-0018143,user_9013882,Richard Riley,4,"Perfect gift, they loved it!",2023-09-02,True,POSITIVE,10,SOURCE_G_REVIEWS,reviews_2023.csv,2023-09-02T18:47:51.818488444,BATCH-G-20230902
REV-00047203,SKU-0016320,user_9034244,Jeffrey Dunn,4,"Absolutely love it, works perfectly!",2023-04-18,True,POSITIVE,2,SOURCE_G_REVIEWS,reviews_2023.csv,2023-04-18T03:04:43.442510626,BATCH-G-20230418
REV-00047206,SKU-0018704,,Anonymous,4,Fast delivery and great quality.,2023-02-12,True,POSITIVE,6,SOURCE_G_REVIEWS,reviews_2023.csv,2023-02-12T03:27:45.480831306,BATCH-G-20230212
REV-00047210,SKU-0006888,user_9032510,Deborah Cole,5,Better than I expected for the price.,2023-01-09,True,POSITIVE,2,SOURCE_G_REVIEWS,reviews_2023.csv,2023-01-09T03:42:01.360545122,BATCH-G-20230109
REV-00047215,SKU-0014838,user_9019518,Jessica,1,Very disappointed with the quality.,2023-06-09,True,NEGATIVE,-4,SOURCE_G_REVIEWS,reviews_2023.csv,2023-06-09T02:54:04.138665914,BATCH-G-20230609
REV-00047215-DUP,SKU-0014838,user_9019518,Jessica,1,Very disappointed with the quality.,2023-06-09,True,NEGATIVE,-4,SOURCE_G_REVIEWS,reviews_2023.csv,2023-06-09T03:00:04.138665914,BATCH-G-20230609
REV-00047244,SKU-0019123,user_9000636,Christopher Miller,4,Exceeded my expectations.,2023-07-05,True,POSITIVE,1,SOURCE_G_REVIEWS,reviews_2023.csv,2023-07-05T12:55:05.765749838,BATCH-G-20230705
REV-00047259,SKU-0012685,,Anonymous,4,Will definitely buy again.,2023-02-05,False,POSITIVE,12,SOURCE_G_REVIEWS,reviews_2023.csv,2023-02-06T01:36:28.789070232,BATCH-G-20230205
REV-00047268,SKU-0002693,user_16470,Mark Gibson,2,Not as described at all.,2023-10-27,True,NEGATIVE,1,SOURCE_G_REVIEWS,reviews_2023.csv,2023-10-27T05:59:38.814823419,BATCH-G-20231027
REV-00047289,SKU-0000436,user_8630,Michelle Valentine,4,Stopped working after a week.,2023-06-03,True,NEGATIVE,4,SOURCE_G_REVIEWS,reviews_2023.csv,2023-06-03T11:29:41.557808544,BATCH-G-20230603
REV-00047297,SKU-0006685,,Anonymous,5,गुणवत्ता ठीक नहीं थी।,2023-10-17,True,NEGATIVE,7,SOURCE_G_REVIEWS,reviews_2023.csv,2023-10-17T13:55:41.811040628,BATCH-G-20231017
REV-00047301,SKU-0009963,user_9031933,Paula Greene,3,गुणवत्ता ठीक नहीं थी।,2023-05-18,False,NEUTRAL,5,SOURCE_G_REVIEWS,reviews_2023.csv,2023-05-18T12:34:22.119011733,BATCH-G-20230518
REV-00047307,SKU-0005318,user_9034089,Crystal Gibson,2,Stopped working after a week.,2023-03-04,False,NEGATIVE,2,SOURCE_G_REVIEWS,reviews_2023.csv,2023-03-04T22:40:21.234121398,BATCH-G-20230304
REV-00047312,SKU-0007428,user_26376,Nicole,2,Arrived damaged and support was unhelpful.,2023-01-28,True,NEGATIVE,3,SOURCE_G_REVIEWS,reviews_2023.csv,2023-02-11T06:00:00,BATCH-G-20230128
REV-00047319,SKU-0014153,user_14726,April Riley,2,Not as described at all.,2023-01-07,True,NEGATIVE,3,SOURCE_G_REVIEWS,reviews_2023.csv,2023-01-07T21:55:12.811914730,BATCH-G-20230107
REV-00047320,SKU-0008650,user_2806,James Williams,5,"Perfect gift, they loved it!",2023-01-03,False,POSITIVE,4,SOURCE_G_REVIEWS,reviews_2023.csv,2023-01-04T02:22:54.650676049,BATCH-G-20230103
REV-00047320-DUP,SKU-0008650,user_2806,James Williams,5,"Perfect gift, they loved it!",2023-01-03,False,POSITIVE,4,SOURCE_G_REVIEWS,reviews_2023.csv,2023-01-04T02:36:54.650676049,BATCH-G-20230103
REV-00047324,SKU-0001750,user_9030848,Paige,5,Highly recommend this product.,2023-05-29,False,POSITIVE,3,SOURCE_G_REVIEWS,reviews_2023.csv,2023-05-29T13:33:34.594054031,BATCH-G-20230529
REV-00047325,SKU-0015130,user_9010595,Jessica,3,"Livraison très lente, déçu.",2023-08-26,True,NEUTRAL,7,SOURCE_G_REVIEWS,reviews_2023.csv,2023-08-27T00:27:28.064787463,BATCH-G-20230826
REV-00047331,SKU-0000814,user_31419,Anthony Meyer,4,"Exactly as described, very happy. 😐💯",2023-07-10,False,POSITIVE,2,SOURCE_G_REVIEWS,reviews_2023.csv,2023-07-10T20:34:52.136993398,BATCH-G-20230710
REV-00047332,SKU-0016794,,Anonymous,1,Not as described at all.,2023-02-04,False,NEGATIVE,3,SOURCE_G_REVIEWS,reviews_2023.csv,2023-02-04T23:58:40.709473744,BATCH-G-20230204
REV-00047339,SKU-0019517,user_39753,David,4,Highly recommend this product.,2023-11-08,True,POSITIVE,0,SOURCE_G_REVIEWS,reviews_2023.csv,2023-11-08T13:34:18.443440956,BATCH-G-20231108
REV-00047355,SKU-0010281,user_49359,Ryan Lambert,5,Better than I expected for the price.,2023-12-19,True,POSITIVE,4,SOURCE_G_REVIEWS,reviews_2023.csv,2023-12-20T03:58:10.212871744,BATCH-G-20231219
REV-00047359,SKU-0001436,,Anonymous,4,Will definitely buy again.,2023-04-21,True,POSITIVE,2,SOURCE_G_REVIEWS,reviews_2023.csv,2023-04-21T11:51:35.093960948,BATCH-G-20230421
REV-00047359-DUP,SKU-0001436,,Anonymous,4,Will definitely buy again.,2023-04-21,True,POSITIVE,2,SOURCE_G_REVIEWS,reviews_2023.csv,2023-04-21T12:03:35.093960948,BATCH-G-20230421
REV-00047361,SKU-9949082,user_9010824,David,4,"<p>बहुत अच्छा उत्पाद है, पैसा वसूल! Perfect gift, they loved it!<i>edited</i>",2023-08-07,True,POSITIVE,4,SOURCE_G_REVIEWS,reviews_2023.csv,2023-08-08T01:58:57.017639150,BATCH-G-20230807
REV-00047376,SKU-0013632,user_9027319,Diamond,1,Stopped working after a week.,2023-02-21,True,NEGATIVE,4,SOURCE_G_REVIEWS,reviews_2023.csv,2023-02-21T12:06:59.469807086,BATCH-G-20230221
REV-00047380,SKU-0002405,user_9013337,Sara Cox,5,Better than I expected for the price.,2023-10-10,True,POSITIVE,0,SOURCE_G_REVIEWS,reviews_2023.csv,2023-10-10T04:38:22.499301863,BATCH-G-20231010
REV-00047392,SKU-0002066,user_67142,Stefanie Curtis,3,"Matches the description, no issues.",2023-01-28,True,NEUTRAL,2,SOURCE_G_REVIEWS,reviews_2023.csv,2023-01-28T20:46:53.493724779,BATCH-G-20230128
REV-00047399,SKU-0019197,,Anonymous,5,Great value for money.,2023-11-16,True,POSITIVE,9,SOURCE_G_REVIEWS,reviews_2023.csv,2023-11-16T15:47:28.527642558,BATCH-G-20231116
REV-00047422,SKU-0000197,,Anonymous,3,Decent but overpriced a bit. ⭐,2023-12-23,True,NEUTRAL,3,SOURCE_G_REVIEWS,reviews_2023.csv,2023-12-23T17:27:34.747693425,BATCH-G-20231223
REV-00047429,SKU-0010887,user_61161,Steven,4,   Will  definitely  buy  again.   ,2023-12-16,True,POSITIVE,3,SOURCE_G_REVIEWS,reviews_2023.csv,2023-12-16T15:27:43.880442305,BATCH-G-20231216
REV-00047434,SKU-0002272,,Anonymous,4,"Perfect gift, they loved it!",2023-01-08,True,POSITIVE,2,SOURCE_G_REVIEWS,reviews_2023.csv,2023-01-08T03:24:28.730503352,BATCH-G-20230108
REV-00047436,SKU-0019124,user_22516,Jimmy Garcia,4,"Solid build quality, no complaints.",2023-10-04,False,POSITIVE,0,SOURCE_G_REVIEWS,reviews_2023.csv,2023-10-05T04:44:22.394851418,BATCH-G-20231004
REV-00047442,SKU-0014655,,Anonymous,5,"Exactly as described, very happy. 😀💯",2023-08-31,True,POSITIVE,1,SOURCE_G_REVIEWS,reviews_2023.csv,2023-08-31T00:44:45.489333088,BATCH-G-20230831
REV-00047454,SKU-0009326,user_20986,Stacy Ray,4,"Perfect gift, they loved it!",2023-01-02,True,POSITIVE,1,SOURCE_G_REVIEWS,reviews_2023.csv,2023-01-02T12:20:00.470407705,BATCH-G-20230102
REV-00047455,SKU-0006943,user_18386,Cynthia,4,"Solid build quality, no complaints.",2023-12-14,False,POSITIVE,2,SOURCE_G_REVIEWS,reviews_2023.csv,2023-12-15T01:06:30.848418075,BATCH-G-20231214
REV-00047460,SKU-0003222,user_9029870,Tony Burke,5,Will definitely buy again.,2023-10-31,False,POSITIVE,0,SOURCE_G_REVIEWS,reviews_2023.csv,2023-11-01T04:14:36.157312366,BATCH-G-20231031
REV-00047463,SKU-0002646,user_9017682,Yolanda Jackson,4,Highly recommend this product.,2023-12-24,False,POSITIVE,1,SOURCE_G_REVIEWS,reviews_2023.csv,2023-12-24T22:09:01.992291963,BATCH-G-20231224
REV-00047464,SKU-0002472,user_43713,Erin Martin,3,"It's okay, does the job.",2023-11-03,True,NEUTRAL,2,SOURCE_G_REVIEWS,reviews_2023.csv,2023-11-03T21:54:47.306298942,BATCH-G-20231103
REV-00047470,SKU-0008437,user_5424,April Morales,4,Will definitely buy again.,2023-08-25,False,POSITIVE,2,SOURCE_G_REVIEWS,reviews_2023.csv,2023-08-25T05:00:25.958457958,BATCH-G-20230825
REV-00047530,SKU-0002261,user_10724,Frederick Santos,4,Fast delivery and great quality.,2023-09-01,False,POSITIVE,7,SOURCE_G_REVIEWS,reviews_2023.csv,2023-09-02T01:14:02.809324476,BATCH-G-20230901
REV-00047531,SKU-0015298,user_9033722,Diana Spence,5,Will definitely buy again.,2023-01-12,True,POSITIVE,2,SOURCE_G_REVIEWS,reviews_2023.csv,2023-01-12T23:53:52.437097328,BATCH-G-20230112
REV-00047542,SKU-0018639,,Anonymous,5,"Exactly as described, very happy.",2023-12-05,False,POSITIVE,12,SOURCE_G_REVIEWS,reviews_2023.csv,2023-12-05T13:44:10.419326033,BATCH-G-20231205
REV-00047551,SKU-0015160,user_9027580,Christina Williams,3,"Not bad, not great either.",2023-11-23,False,NEUTRAL,8,SOURCE_G_REVIEWS,reviews_2023.csv,2023-11-23T03:27:10.117557355,BATCH-G-20231123
REV-00047552,SKU-0012933,user_56438,Rachael,5,"Perfect gift, they loved it!",2023-08-15,False,POSITIVE,1,SOURCE_G_REVIEWS,reviews_2023.csv,2023-08-15T18:14:48.040769021,BATCH-G-20230815
REV-00047561,SKU-0018884,,Anonymous,3,"Livraison très lente, déçu.",2023-12-24,False,NEUTRAL,1,SOURCE_G_REVIEWS,reviews_2023.csv,2023-12-24T05:47:16.480324327,BATCH-G-20231224
REV-00047573,SKU-0016967,user_24701,Sarah Webster,5,Exceeded my expectations.,2023-01-04,True,POSITIVE,4,SOURCE_G_REVIEWS,reviews_2023.csv,2023-01-04T19:20:02.207317188,BATCH-G-20230104
REV-00047590,SKU-0017164,user_56685,Phillip Murphy,2,Not as described at all.,2023-06-20,False,NEGATIVE,6,SOURCE_G_REVIEWS,reviews_2023.csv,2023-06-21T04:45:09.105277437,BATCH-G-20230620
REV-00047600,SKU-0016762,user_9010007,Maria Moon,4,"   Exactly  as  described,  very  happy.   ",2023-10-18,True,POSITIVE,0,SOURCE_G_REVIEWS,reviews_2023.csv,2023-10-18T17:24:56.405675617,BATCH-G-20231018
REV-00047605,SKU-0006623,user_66094,Erik Smith,5,Great value for money.,2023-07-02,True,POSITIVE,0,SOURCE_G_REVIEWS,reviews_2023.csv,2023-07-03T01:30:43.647537571,BATCH-G-20230702
REV-00047628,SKU-0001836,user_38058,Stacey Guerrero,1,Not as described at all.,2023-07-06,True,NEGATIVE,2,SOURCE_G_REVIEWS,reviews_2023.csv,2023-07-13T17:00:00,BATCH-G-20230706
REV-00047631,SKU-0009504,user_9013726,Jessica,3,"Average quality, nothing special.",2023-06-23,True,NEUTRAL,1,SOURCE_G_REVIEWS,reviews_2023.csv,2023-06-23T15:15:08.309716179,BATCH-G-20230623
REV-00047633,SKU-0010289,user_31759,Rebekah Wells,2,"Solid build quality, no complaints.",2023-10-30,True,POSITIVE,2,SOURCE_G_REVIEWS,reviews_2023.csv,2023-10-30T11:45:55.782867942,BATCH-G-20231030
REV-00047663,SKU-0011317,user_5305,Mathew, ,&nbsp;Fast delivery and great quality.<br>,2023-11-17,True,POSITIVE,0,SOURCE_G_REVIEWS,reviews_2023.csv,2023-11-17T19:21:01.925095937,BATCH-G-20231117
REV-00047664,SKU-0017582,user_22446,Jessica,5,Will definitely buy again.,2023-11-08,False,POSITIVE,2,SOURCE_G_REVIEWS,reviews_2023.csv,2023-11-08T06:39:07.570401660,BATCH-G-20231108
REV-00047679,SKU-0007956,,Anonymous,4,"Solid build quality, no complaints.",2023-05-03,True,POSITIVE,0,SOURCE_G_REVIEWS,reviews_2023.csv,2023-05-03T03:21:20.244317900,BATCH-G-20230503
REV-00047682,SKU-0004573,user_9001955,Justin Paul,1,"Cheaply made, broke immediately.",2023-10-05,False,NEGATIVE,1,SOURCE_G_REVIEWS,reviews_2023.csv,2023-10-05T16:38:18.898120575,BATCH-G-20231005
REV-00047685,SKU-0011227,user_9034064,Selena,5,Better than I expected for the price.,2023-11-12,True,POSITIVE,3,SOURCE_G_REVIEWS,reviews_2023.csv,2023-11-12T23:50:25.962110228,BATCH-G-20231112
REV-00047703,SKU-9968853,user_9034473,Susan Davis,5,Better than I expected for the price.,2023-05-20,True,POSITIVE,7,SOURCE_G_REVIEWS,reviews_2023.csv,2023-05-20T06:00:32.426609153,BATCH-G-20230520
REV-00047706,SKU-0000493,user_9004473,Crystal Rios,5,Exceeded my expectations.,2023-06-28,False,POSITIVE,0,SOURCE_G_REVIEWS,reviews_2023.csv,2023-06-28T20:36:22.624862687,BATCH-G-20230628
REV-00047716,SKU-0007766,user_14188,Brittany Gordon,3,"Matches the description, no issues.",2023-09-10,True,NEUTRAL,1,SOURCE_G_REVIEWS,reviews_2023.csv,2023-09-10T08:05:59.963065297,BATCH-G-20230910
REV-00047724,SKU-0012139,user_56685,Phillip Murphy,3,"Not bad, not great either. ⭐🙏",2023-10-22,False,NEUTRAL,1,SOURCE_G_REVIEWS,reviews_2023.csv,2023-10-22T01:48:41.539294239,BATCH-G-20231022
REV-00047742,SKU-0011188,,Anonymous,4,Better than I expected for the price.,2023-04-14,False,POSITIVE,3,SOURCE_G_REVIEWS,reviews_2023.csv,2023-04-14T12:25:04.702078774,BATCH-G-20230414
REV-00047755,SKU-0001999,user_22922,Chad Williams,5,Highly recommend this product.,2023-12-30,False,POSITIVE,0,SOURCE_G_REVIEWS,reviews_2023.csv,2023-12-30T17:33:12.454718458,BATCH-G-20231230
REV-00047758,SKU-0019803,user_9024143,Jose Smith,4,Will definitely buy again.,2023-07-03,False,POSITIVE,1,SOURCE_G_REVIEWS,reviews_2023.csv,2023-07-04T03:02:58.206713275,BATCH-G-20230703
REV-00047760,SKU-9975478,user_44684,Carl Cook,5,"Perfect gift, they loved it!",2023-04-08,True,POSITIVE,7,SOURCE_G_REVIEWS,reviews_2023.csv,2023-04-08T09:05:04.373723292,BATCH-G-20230408
REV-00047771,SKU-0001682,,Anonymous,1,Not as described at all.,2023-01-30,True,NEGATIVE,6,SOURCE_G_REVIEWS,reviews_2023.csv,2023-01-30T12:01:25.998853326,BATCH-G-20230130
REV-00047772,SKU-0011400,,Anonymous,5,"Perfect gift, they loved it!",2023-03-10,True,POSITIVE,1,SOURCE_G_REVIEWS,reviews_2023.csv,2023-03-10T19:39:01.836396926,BATCH-G-20230310
REV-00047779,SKU-0006702,user_66594,Micheal,4,"Exactly as described, very happy.",2023-12-06,False,POSITIVE,0,SOURCE_G_REVIEWS,reviews_2023.csv,2023-12-07T02:49:01.339439595,BATCH-G-20231206
REV-00047784,SKU-0015892,user_9025875,Michelle,4,Exceeded my expectations.,2023-06-09,False,POSITIVE,6,SOURCE_G_REVIEWS,reviews_2023.csv,2023-06-09T05:09:37.482368014,BATCH-G-20230609
REV-00047785,SKU-9946357,,Anonymous,4,Great value for money.,2023-12-24,False,POSITIVE,0,SOURCE_G_REVIEWS,reviews_2023.csv,2023-12-24T11:20:07.595498379,BATCH-G-20231224
REV-00047809,SKU-0017055,,Anonymous,5,Exceeded my expectations.,2023-10-22,True,POSITIVE,0,SOURCE_G_REVIEWS,reviews_2023.csv,2023-10-22T23:03:27.537091337,BATCH-G-20231022
REV-00047810,SKU-0013005,user_9024301,Danielle Sims,2,Stopped working after a week.,2023-12-19,False,NEGATIVE,0,SOURCE_G_REVIEWS,reviews_2023.csv,2023-12-19T06:37:27.842145331,BATCH-G-20231219
REV-00047818,SKU-0011109,user_63153,Jason,3,"Matches the description, no issues.",2023-02-09,True,NEUTRAL,6,SOURCE_G_REVIEWS,reviews_2023.csv,2023-02-09T02:38:29.235162698,BATCH-G-20230209
REV-00047820,SKU-0008647,user_9018062,Brian Garcia,3,Works fine but delivery was slow.,2023-10-26,False,NEUTRAL,1,SOURCE_G_REVIEWS,reviews_2023.csv,2023-10-26T10:28:52.237930018,BATCH-G-20231026
REV-00047836,SKU-0014082,user_9024508,Albert,4,"Muy buen producto, lo recomiendo. Matches the description, no issues.",2023-11-06,False,NEUTRAL,3,SOURCE_G_REVIEWS,reviews_2023.csv,2023-11-07T00:18:26.419190606,BATCH-G-20231106
REV-00047837,SKU-0013981,user_9017583,Joshua,2,Very disappointed with the quality.,2023-10-26,True,NEGATIVE,1,SOURCE_G_REVIEWS,reviews_2023.csv,2023-10-27T03:20:26.952948991,BATCH-G-20231026
REV-00047840,SKU-0000743,user_9022160,Denise,5,"Solid build quality, no complaints.",2023-04-10,True,POSITIVE,7,SOURCE_G_REVIEWS,reviews_2023.csv,2023-04-10T17:23:11.997711236,BATCH-G-20230410
REV-00047843,SKU-0019081,user_9022815,Sandra Reed,4,Will definitely buy again. 😍,2023-06-10,True,POSITIVE,0,SOURCE_G_REVIEWS,reviews_2023.csv,2023-06-10T22:31:04.010579187,BATCH-G-20230610
REV-00047852,SKU-0004668,user_9005373,Kim Coleman,4,"बहुत अच्छा उत्पाद है, पैसा वसूल! Matches the description, no issues.",2023-09-07,False,NEUTRAL,1,SOURCE_G_REVIEWS,reviews_2023.csv,2023-09-07T18:07:50.810830186,BATCH-G-20230907
REV-00047858,SKU-0011709,user_9000708,Michael Banks,5,"Solid build quality, no complaints.",2023-12-15,True,POSITIVE,5,SOURCE_G_REVIEWS,reviews_2023.csv,2023-12-15T08:00:53.310512655,BATCH-G-20231215
REV-00047868,SKU-0013922,user_4622,William,7,Highly recommend this product.,2023-06-24,False,POSITIVE,0,SOURCE_G_REVIEWS,reviews_2023.csv,2023-06-25T01:38:20.028410751,BATCH-G-20230624
REV-00047886,SKU-0008675,user_13902,Christopher Glenn,2,Very disappointed with the quality.,2023-09-21,False,NEGATIVE,4,SOURCE_G_REVIEWS,reviews_2023.csv,2023-09-21T09:05:32.248762955,BATCH-G-20230921
REV-00047892,SKU-0017116,user_64450,Kimberly Wilkinson,2,Wrong item was shipped to me.,2023-12-27,False,NEGATIVE,2,SOURCE_G_REVIEWS,reviews_2023.csv,2023-12-27T05:32:57.099600318,BATCH-G-20231227
REV-00047908,SKU-0011700,,Anonymous,4,"<br>Perfect gift, they loved it!<b>Update:</b>",2023-01-16,True,POSITIVE,0,SOURCE_G_REVIEWS,reviews_2023.csv,2023-01-16T15:34:40.559225164,BATCH-G-20230116
REV-00047914,SKU-0019742,user_12451,Robert,4,"Exactly as described, very happy.",2023-10-05,False,POSITIVE,0,SOURCE_G_REVIEWS,reviews_2023.csv,2023-10-05T03:55:29.678437281,BATCH-G-20231005
REV-00047927,SKU-0006804,user_26891,Cody Fowler,4,Better than I expected for the price.,2023-06-25,False,POSITIVE,1,SOURCE_G_REVIEWS,reviews_2023.csv,2023-06-25T04:15:18.635773254,BATCH-G-20230625
REV-00047934,SKU-0014247,user_9024122,Kevin Sanchez,5,Exceeded my expectations.,2023-09-22,True,POSITIVE,6,SOURCE_G_REVIEWS,reviews_2023.csv,2023-09-23T04:35:03.347886985,BATCH-G-20230922
REV-00047940,SKU-0017787,user_57365,Ryan Duncan,5,"Solid build quality, no complaints.",2023-09-29,True,POSITIVE,1,SOURCE_G_REVIEWS,reviews_2023.csv,2023-09-30T03:53:24.755292768,BATCH-G-20230929
REV-00047948,SKU-0002883,,Anonymous,5,"Muy buen producto, lo recomiendo.",2023-12-27,True,POSITIVE,1,SOURCE_G_REVIEWS,reviews_2023.csv,2023-12-27T04:29:33.577913199,BATCH-G-20231227
REV-00047964,SKU-0008639,user_9001664,Tracy,4,Will definitely buy again.,2023-01-21,False,POSITIVE,0,SOURCE_G_REVIEWS,reviews_2023.csv,2023-01-22T00:58:30.794165306,BATCH-G-20230121
REV-00047975,SKU-0005049,user_21926,David Rivera,5,"Perfect gift, they loved it!",2023-01-23,True,POSITIVE,1,SOURCE_G_REVIEWS,reviews_2023.csv,2023-01-23T01:12:12.577246440,BATCH-G-20230123
REV-00047979,SKU-0001116,user_9029179,Tamara Lopez,5,Will definitely buy again.,2023-10-28,False,POSITIVE,5,SOURCE_G_REVIEWS,reviews_2023.csv,2023-10-28T14:55:58.096203556,BATCH-G-20231028
REV-00047985,SKU-0010235,user_9008287,Stephen Johnson,4,   Highly  recommend  this  product.   ,2023-04-13,True,POSITIVE,0,SOURCE_G_REVIEWS,reviews_2023.csv,2023-04-14T00:19:16.291662206,BATCH-G-20230413
REV-00047992,SKU-0006039,user_13059,Diane Macdonald,5,Better than I expected for the price.,2023-02-05,False,POSITIVE,2,SOURCE_G_REVIEWS,reviews_2023.csv,2023-02-06T04:58:23.216461896,BATCH-G-20230205
REV-00047997,SKU-0008536,user_9010867,Erika Green,3,Works fine but delivery was slow.,2023-10-03,False,NEUTRAL,5,SOURCE_G_REVIEWS,reviews_2023.csv,2023-10-04T01:03:11.482572454,BATCH-G-20231003
REV-00048004,SKU-0001455,user_9001876,Benjamin,4,Great value for money.,2023-06-05,False,POSITIVE,1,SOURCE_G_REVIEWS,reviews_2023.csv,2023-06-05T06:36:36.181988270,BATCH-G-20230605
REV-00048012,SKU-0003347,user_64172,Michelle Mitchell,1,"Absolutely love it, works perfectly!",2023-06-14,True,POSITIVE,10,SOURCE_G_REVIEWS,reviews_2023.csv,2023-06-14T03:45:00.684648832,BATCH-G-20230614
REV-00048016,SKU-0007040,user_9026481,Shelby Chandler,4,"Solid build quality, no complaints.",2023-07-04,False,POSITIVE,1,SOURCE_G_REVIEWS,reviews_2023.csv,2023-07-04T17:57:49.181176711,BATCH-G-20230704
REV-00048019,SKU-0001191,user_9024940,Tracy Nichols,5,Fast delivery and great quality.,2023-12-13,True,POSITIVE,2,SOURCE_G_REVIEWS,reviews_2023.csv,2023-12-13T03:12:34.655952769,BATCH-G-20231213
REV-00048025,SKU-0007961,user_9000665,Justin Rice,3,"Matches the description, no issues.",2023-01-20,True,NEUTRAL,0,SOURCE_G_REVIEWS,reviews_2023.csv,2023-01-20T19:12:34.293825066,BATCH-G-20230120
REV-00048035,SKU-0019381,user_39993,Gina Franklin,4,   Fast  delivery  and  great  quality.  😍   ,2023-03-16,True,POSITIVE,3,SOURCE_G_REVIEWS,reviews_2023.csv,2023-03-16T01:07:45.982684730,BATCH-G-20230316
REV-00048036,SKU-0005404,user_9011204,Marie Cooley,4,"Exactly as described, very happy.",2023-09-28,True,POSITIVE,5,SOURCE_G_REVIEWS,reviews_2023.csv,2023-09-28T03:09:47.728124295,BATCH-G-20230928
REV-00048056,SKU-9973901,user_10407,Paige Roberts DDS,4,Exceeded my expectations.,2023-09-30,False,POSITIVE,0,SOURCE_G_REVIEWS,reviews_2023.csv,2023-09-30T13:08:25.526554607,BATCH-G-20230930
REV-00048057,SKU-0017857,user_29705,Robert Brown,1,&nbsp;Stopped working after a week.&nbsp;,2023-07-02,False,NEGATIVE,1,SOURCE_G_REVIEWS,reviews_2023.csv,2023-07-03T04:34:19.321540289,BATCH-G-20230702
REV-00048065,SKU-0000209,user_62156,Angela Smith,5,Fast delivery and great quality.,2023-04-26,False,POSITIVE,7,SOURCE_G_REVIEWS,reviews_2023.csv,2023-04-26T22:54:12.319653930,BATCH-G-20230426
REV-00048074,SKU-0019979,,Anonymous,4,Better than I expected for the price.,2023-01-29,True,POSITIVE,0,SOURCE_G_REVIEWS,reviews_2023.csv,2023-01-30T04:26:03.546145450,BATCH-G-20230129
REV-00048085,SKU-0008366,user_9000471,Christina,4,Better than I expected for the price.,2023-07-04,False,POSITIVE,1,SOURCE_G_REVIEWS,reviews_2023.csv,2023-07-04T14:54:42.569811026,BATCH-G-20230704
REV-00048097,SKU-0018032,user_14627,Kimberly Roberts,4,Will definitely buy again.,2023-07-16,True,POSITIVE,4,SOURCE_G_REVIEWS,reviews_2023.csv,2023-07-17T05:46:58.619371309,BATCH-G-20230716
REV-00048104,SKU-0014010,,Anonymous,-1,Arrived damaged and support was unhelpful.,2023-04-24,True,NEGATIVE,1,SOURCE_G_REVIEWS,reviews_2023.csv,2023-04-24T14:11:07.108024902,BATCH-G-20230424
REV-00048105,SKU-0013104,user_9002046,Julie Gonzalez,4,"Perfect gift, they loved it!",2023-08-03,False,POSITIVE,0,SOURCE_G_REVIEWS,reviews_2023.csv,2023-08-03T07:50:05.054891055,BATCH-G-20230803
REV-00048106,SKU-0004640,user_9015723,Sherry Moore,4,Will definitely buy again.,2023-12-22,True,POSITIVE,2,SOURCE_G_REVIEWS,reviews_2023.csv,2023-12-23T01:02:15.424091769,BATCH-G-20231222
REV-00048110,SKU-0005995,user_9005513,Anne Gonzalez,1,"Cheaply made, broke immediately.",2023-05-18,False,NEGATIVE,1,SOURCE_G_REVIEWS,reviews_2023.csv,2023-05-18T04:18:30.460676672,BATCH-G-20230518
REV-00048122,SKU-0011673,user_9007699,Christopher Knight,1,Stopped working after a week.,2023-05-15,False,NEGATIVE,1,SOURCE_G_REVIEWS,reviews_2023.csv,2023-05-15T06:28:59.425740934,BATCH-G-20230515
REV-00048125,SKU-0010269,user_23097,Jonathan Kim,5,"Exactly as described, very happy.",2023-04-14,False,POSITIVE,0,SOURCE_G_REVIEWS,reviews_2023.csv,2023-04-14T10:10:01.231980422,BATCH-G-20230414
REV-00048141,SKU-0013025,,Anonymous,1,"Poor packaging, item was defective.",2023-03-10,True,NEGATIVE,0,SOURCE_G_REVIEWS,reviews_2023.csv,2023-03-10T01:02:35.094915904,BATCH-G-20230310
REV-00048151,SKU-0015043,user_9004358,William,4,Fast delivery and great quality.,2023-02-09,True,POSITIVE,0,SOURCE_G_REVIEWS,reviews_2023.csv,2023-02-09T09:43:14.009431136,BATCH-G-20230209
REV-00048152,SKU-0015429,,Anonymous,4,Great value for money.,2023-05-23,True,POSITIVE,0,SOURCE_G_REVIEWS,reviews_2023.csv,2023-05-23T14:01:53.317308059,BATCH-G-20230523
REV-00048156,SKU-0006842,user_9000611,Seth Williams,2,Not as described at all.,2023-09-19,True,NEGATIVE,4,SOURCE_G_REVIEWS,reviews_2023.csv,2023-09-19T03:06:07.398199662,BATCH-G-20230919
REV-00048166,SKU-9900049,user_9019881,Stephanie,5,Exceeded my expectations. 🙏,2023-04-26,False,POSITIVE,1,SOURCE_G_REVIEWS,reviews_2023.csv,2023-04-26T11:11:48.259876413,BATCH-G-20230426
REV-00048176,SKU-0009751,,Anonymous,4,"Perfect gift, they loved it!",2023-11-24,False,POSITIVE,0,SOURCE_G_REVIEWS,reviews_2023.csv,2023-12-12T22:00:00,BATCH-G-20231124
REV-00048182,SKU-0019452,user_9015552,James Walker,2,Stopped working after a week.,2023-05-20,False,NEGATIVE,5,SOURCE_G_REVIEWS,reviews_2023.csv,2023-05-20T20:41:58.237674302,BATCH-G-20230520
REV-00048188,SKU-0012880,user_31198,Barbara Terry,4,"Muy buen producto, lo recomiendo.",2023-05-27,False,POSITIVE,2,SOURCE_G_REVIEWS,reviews_2023.csv,2023-05-27T14:04:10.969602866,BATCH-G-20230527
REV-00048226,SKU-0005326,user_63813,Mr. Scott Craig,5,"Exactly as described, very happy.",2023-06-12,False,POSITIVE,1,SOURCE_G_REVIEWS,reviews_2023.csv,2023-06-12T16:03:15.031089570,BATCH-G-20230612
REV-00048240,SKU-0001744,user_9028675,Miguel Smith,NA,Wrong item was shipped to me.,2023-08-12,False,NEGATIVE,3,SOURCE_G_REVIEWS,reviews_2023.csv,2023-08-12T02:51:10.329221369,BATCH-G-20230812
REV-00048244,SKU-0008669,user_41358,Lisa Jensen,2,   Arrived  damaged  and  support  was  unhelpful.   ,2023-01-27,True,NEGATIVE,0,SOURCE_G_REVIEWS,reviews_2023.csv,2023-01-28T00:20:52.855139504,BATCH-G-20230127
REV-00048249,SKU-0011510,user_9019494,Christopher,5,"Exactly as described, very happy.",2023-03-01,False,POSITIVE,0,SOURCE_G_REVIEWS,reviews_2023.csv,2023-03-01T16:19:39.264542477,BATCH-G-20230301
REV-00048251,SKU-0013072,user_52550,Margaret,3,"Average quality, nothing special.",2023-06-29,True,NEUTRAL,3,SOURCE_G_REVIEWS,reviews_2023.csv,2023-06-29T09:48:19.825743721,BATCH-G-20230629
REV-00048256,SKU-0001851,,Anonymous,5,"Solid build quality, no complaints.",2023-12-05,True,POSITIVE,6,SOURCE_G_REVIEWS,reviews_2023.csv,2023-12-05T02:53:55.542607073,BATCH-G-20231205
REV-00048281,SKU-0019184,user_18392,Nathan,5,   Highly  recommend  this  product.   ,2023-03-18,False,POSITIVE,2,SOURCE_G_REVIEWS,reviews_2023.csv,2023-03-18T04:12:07.475540653,BATCH-G-20230318
REV-00048282,SKU-0008138,user_9023126,Brian Howell,5,Fast delivery and great quality.,2023-06-07,True,POSITIVE,0,SOURCE_G_REVIEWS,reviews_2023.csv,2023-06-07T04:26:46.476211229,BATCH-G-20230607
REV-00048290,SKU-0015313,user_9011170,Mr.,5,Exceeded my expectations.,2023-02-25,False,POSITIVE,0,SOURCE_G_REVIEWS,reviews_2023.csv,2023-02-25T08:39:59.238195805,BATCH-G-20230225
REV-00048291,SKU-0004527,user_9008359,Mackenzie,4,&nbsp;गुणवत्ता ठीक नहीं थी। 😍<i>edited</i>,2023-12-18,True,POSITIVE,1,SOURCE_G_REVIEWS,reviews_2023.csv,2023-12-19T02:37:57.654124047,BATCH-G-20231218
REV-00048297,SKU-0013282,,Anonymous,5, ,2023-01-28,True,POSITIVE,3,SOURCE_G_REVIEWS,reviews_2023.csv,2023-01-28T17:14:43.046199900,BATCH-G-20230128
REV-00048303,SKU-0000219,,Anonymous,5,"Solid build quality, no complaints.",2023-06-14,False,POSITIVE,4,SOURCE_G_REVIEWS,reviews_2023.csv,2023-06-14T14:15:15.795107980,BATCH-G-20230614
REV-00048312,SKU-9911055,user_27074,Michael Haynes,4,"Perfect gift, they loved it!",2023-06-20,True,POSITIVE,4,SOURCE_G_REVIEWS,reviews_2023.csv,2023-06-20T05:55:23.981725790,BATCH-G-20230620
REV-00048314,SKU-0008395,user_5368,Cynthia,5,<b>Update:</b>Better than I expected for the price.</p>,2023-01-03,True,POSITIVE,7,SOURCE_G_REVIEWS,reviews_2023.csv,2023-01-03T12:15:22.730112729,BATCH-G-20230103
REV-00048322,SKU-0019229,,Anonymous,5,Highly recommend this product.,2023-08-15,True,POSITIVE,6,SOURCE_G_REVIEWS,reviews_2023.csv,2023-08-15T13:46:22.081981579,BATCH-G-20230815
REV-00048323,SKU-0016560,user_9025181,Caitlyn Tyler,3,"Average quality, nothing special.",2023-11-25,False,NEUTRAL,11,SOURCE_G_REVIEWS,reviews_2023.csv,2023-11-25T20:58:59.566993460,BATCH-G-20231125
REV-00048335,SKU-0007594,user_27663,Heather Waters,5,गुणवत्ता ठीक नहीं थी।,2023-02-14,True,POSITIVE,1,SOURCE_G_REVIEWS,reviews_2023.csv,2023-02-14T23:32:34.637211116,BATCH-G-20230214
REV-00048350,SKU-0002131,,Anonymous,Unknown,Will definitely buy again.,2023-08-04,True,POSITIVE,5,SOURCE_G_REVIEWS,reviews_2023.csv,2023-08-04T11:42:30.464038668,BATCH-G-20230804
REV-00048353,SKU-0007318,,Anonymous,4,   Highly  recommend  this  product.   ,2023-09-24,True,POSITIVE,10,SOURCE_G_REVIEWS,reviews_2023.csv,2023-09-24T01:08:48.418410925,BATCH-G-20230924
REV-00048359,SKU-0014048,user_32895,Joseph Jacobs,3,"   Muy  buen  producto,  lo  recomiendo.  Not  bad,  not  great  either.   ",2023-01-03,False,NEUTRAL,0,SOURCE_G_REVIEWS,reviews_2023.csv,2023-01-03T15:54:49.251221290,BATCH-G-20230103
REV-00048375,SKU-0013615,user_9010169,Nicholas Hill,4,Will definitely buy again.,2023-12-06,False,POSITIVE,2,SOURCE_G_REVIEWS,reviews_2023.csv,2023-12-06T13:05:30.163762720,BATCH-G-20231206
REV-00048382,SKU-0011389,user_57331,Jodi Meyer,4,"Solid build quality, no complaints.",2023-11-06,True,POSITIVE,6,SOURCE_G_REVIEWS,reviews_2023.csv,2023-11-06T20:07:02.787163144,BATCH-G-20231106
REV-00048384,SKU-0013069,user_63562,Terry,3,"Matches the description, no issues.",2023-01-14,False,NEUTRAL,0,SOURCE_G_REVIEWS,reviews_2023.csv,2023-01-14T08:32:12.467945066,BATCH-G-20230114
REV-00048385,SKU-0010090,user_41676,Victoria Durham,1,"Waste of money, do not buy.",2023-06-17,True,NEGATIVE,0,SOURCE_G_REVIEWS,reviews_2023.csv,2023-07-06T22:00:00,BATCH-G-20230617
REV-00048417,SKU-0014748,user_9028231,Raymond,4,"Exactly as described, very happy.",2023-10-30,False,POSITIVE,0,SOURCE_G_REVIEWS,reviews_2023.csv,2023-10-31T03:47:23.998990399,BATCH-G-20231030
REV-00048440,SKU-0019617,user_9001403,Morgan,5,"Perfect gift, they loved it!",2023-06-07,True,POSITIVE,0,SOURCE_G_REVIEWS,reviews_2023.csv,2023-06-08T04:02:33.856657178,BATCH-G-20230607
REV-00048442,SKU-0010915,,Anonymous,4,"Solid build quality, no complaints.",2023-09-02,True,POSITIVE,0,SOURCE_G_REVIEWS,reviews_2023.csv,2023-09-03T03:31:40.632522178,BATCH-G-20230902
REV-00048449,SKU-0014488,user_9015833,Dylan,5,Fast delivery and great quality.,2023-03-01,False,POSITIVE,0,SOURCE_G_REVIEWS,reviews_2023.csv,2023-03-01T13:37:38.309244377,BATCH-G-20230301
REV-00048452,SKU-0012101,,Anonymous,4,Highly recommend this product.,2023-12-17,True,POSITIVE,1,SOURCE_G_REVIEWS,reviews_2023.csv,2023-12-17T22:36:21.358898478,BATCH-G-20231217
REV-00048479,SKU-0007215,user_9028262,Sean Price,4,Great value for money.,2023-12-16,False,POSITIVE,4,SOURCE_G_REVIEWS,reviews_2023.csv,2023-12-17T03:19:26.624865817,BATCH-G-20231216
REV-00048496,SKU-0000177,user_9030402,Briana Baker,5,Highly recommend this product.,2023-08-24,False,POSITIVE,1,SOURCE_G_REVIEWS,reviews_2023.csv,2023-08-24T14:48:19.699408480,BATCH-G-20230824
REV-00048501,SKU-0002341,user_19531,Diana,1,No cumplió mis expectativas.,2023-05-12,False,NEGATIVE,1,SOURCE_G_REVIEWS,reviews_2023.csv,2023-05-12T14:14:16.806072437,BATCH-G-20230512
REV-00048520,SKU-0016024,,Anonymous,1,Not as described at all.,2023-12-21,True,NEGATIVE,0,SOURCE_G_REVIEWS,reviews_2023.csv,2023-12-21T02:00:47.097329219,BATCH-G-20231221
REV-00048527,SKU-0016234,user_9025011,Mariah,5,Fast delivery and great quality.,2023-02-19,True,POSITIVE,1,SOURCE_G_REVIEWS,reviews_2023.csv,2023-02-19T22:23:07.065512046,BATCH-G-20230219
REV-00048532,SKU-0000244,user_32697,Samuel Grant,5,Great value for money.,2023-11-27,True,POSITIVE,2,SOURCE_G_REVIEWS,reviews_2023.csv,2023-11-28T04:40:23.219454569,BATCH-G-20231127
REV-00048538,SKU-0008457,user_47615,Ms. Joan Bradshaw,4,Exceeded my expectations.,2023-12-05,True,POSITIVE,5,SOURCE_G_REVIEWS,reviews_2023.csv,2023-12-05T09:03:15.002617190,BATCH-G-20231205
REV-00048546,SKU-0014883,user_9016100,Jason,5,Better than I expected for the price.,2023-08-29,False,POSITIVE,0,SOURCE_G_REVIEWS,reviews_2023.csv,2023-08-29T08:40:32.906895813,BATCH-G-20230829
REV-00048557,SKU-0006657,user_9033954,Kylie Smith,3,"   Not  bad,  not  great  either.   ",2023-02-28,True,NEUTRAL,0,SOURCE_G_REVIEWS,reviews_2023.csv,2023-02-28T15:39:43.968112127,BATCH-G-20230228
REV-00048557-DUP,SKU-0006657,user_9033954,Kylie Smith,3,"   Not  bad,  not  great  either.   ",2023-02-28,True,NEUTRAL,0,SOURCE_G_REVIEWS,reviews_2023.csv,2023-02-28T16:00:43.968112127,BATCH-G-20230228
REV-00048561,SKU-0003988,user_111,Tonya,4,Will definitely buy again.,2023-10-28,False,POSITIVE,1,SOURCE_G_REVIEWS,reviews_2023.csv,2023-10-29T04:28:02.685484653,BATCH-G-20231028
REV-00048574,SKU-0004082,user_9023155,Jeffrey Mitchell,4,"Absolutely love it, works perfectly!",2023-12-26,True,POSITIVE,1,SOURCE_G_REVIEWS,reviews_2023.csv,2023-12-27T00:17:07.001282564,BATCH-G-20231226
REV-00048574-DUP,SKU-0004082,user_9023155,Jeffrey Mitchell,4,"Absolutely love it, works perfectly!",2023-12-26,True,POSITIVE,1,SOURCE_G_REVIEWS,reviews_2023.csv,2023-12-27T01:15:07.001282564,BATCH-G-20231226
REV-00048597,SKU-0018232,user_15893,James Wallace,5,Better than I expected for the price.,2023-04-29,False,POSITIVE,6,SOURCE_G_REVIEWS,reviews_2023.csv,2023-04-29T07:22:39.268372251,BATCH-G-20230429
REV-00048611,SKU-0003911,user_9016117,John Ruiz,6,Not as described at all. 😀,2023-09-18,True,NEGATIVE,1,SOURCE_G_REVIEWS,reviews_2023.csv,2023-09-18T10:13:18.537860897,BATCH-G-20230918
REV-00048620,SKU-0013073,,Anonymous,3,Decent but overpriced a bit.,2023-12-25,False,NEUTRAL,3,SOURCE_G_REVIEWS,reviews_2023.csv,2023-12-25T13:58:02.326714515,BATCH-G-20231225
REV-00048641,SKU-0018072,user_63188,Regina Ross,3,"Not bad, not great either.",2023-09-12,True,NEUTRAL,0,SOURCE_G_REVIEWS,reviews_2023.csv,2023-09-12T09:54:03.923583209,BATCH-G-20230912
REV-00048646,SKU-0004610,user_9017397,Michael Ray,5,Exceeded my expectations.,2023-02-02,True,POSITIVE,5,SOURCE_G_REVIEWS,reviews_2023.csv,2023-02-02T19:23:37.661977189,BATCH-G-20230202
REV-00048647,SKU-0013370,user_44500,Kevin Lester,4,Great value for money.,2023-11-25,False,POSITIVE,1,SOURCE_G_REVIEWS,reviews_2023.csv,2023-11-25T07:27:26.302267590,BATCH-G-20231125
REV-00048649,SKU-0005032,user_9034429,Christine Cameron,2,"Waste of money, do not buy.",2023-05-06,False,NEGATIVE,6,SOURCE_G_REVIEWS,reviews_2023.csv,2023-05-06T08:07:31.454415486,BATCH-G-20230506
REV-00048654,SKU-0011038,user_9012858,Angela Livingston,5,"Absolutely love it, works perfectly!",2023-08-25,True,POSITIVE,0,SOURCE_G_REVIEWS,reviews_2023.csv,2023-08-25T15:05:24.525665154,BATCH-G-20230825
REV-00048664,SKU-9995117,user_9003135,Raymond Coleman,4,Will definitely buy again.,2023-05-06,False,POSITIVE,4,SOURCE_G_REVIEWS,reviews_2023.csv,2023-05-07T03:24:35.839218359,BATCH-G-20230506
REV-00048670,SKU-0003659,user_21432,Tanya Whitney,4,"Exactly as described, very happy.",2023-03-12,True,POSITIVE,6,SOURCE_G_REVIEWS,reviews_2023.csv,2023-03-12T03:04:41.554860967,BATCH-G-20230312
REV-00048678,SKU-0005782,user_64502,Robyn Morales,5,Excellent rapport qualité-prix. Exceeded my expectations.,2023-12-19,True,POSITIVE,5,SOURCE_G_REVIEWS,reviews_2023.csv,2023-12-19T17:45:57.910255121,BATCH-G-20231219
REV-00048690,SKU-0011566,,Anonymous,4,Will definitely buy again.,2023-06-11,True,POSITIVE,1,SOURCE_G_REVIEWS,reviews_2023.csv,2023-06-12T01:15:57.876732829,BATCH-G-20230611
REV-00048691,SKU-0004972,user_9027997,Ernest Bell,4,Very disappointed with the quality.,2023-03-15,True,NEGATIVE,2,SOURCE_G_REVIEWS,reviews_2023.csv,2023-03-15T06:15:31.585958027,BATCH-G-20230315
REV-00048707,SKU-0008968,user_9012932,Mike,3,"Matches the description, no issues.",2023-11-30,True,NEUTRAL,0,SOURCE_G_REVIEWS,reviews_2023.csv,2023-11-30T18:24:13.598228968,BATCH-G-20231130
REV-00048710,SKU-0002268,user_9004211,Molly,5,"Livraison très lente, déçu.",2023-09-14,True,POSITIVE,0,SOURCE_G_REVIEWS,reviews_2023.csv,2023-09-14T07:03:20.555583302,BATCH-G-20230914
REV-00048715,SKU-0014985,user_9015297,Anne Morales,4,Fast delivery and great quality.,2023-08-20,False,POSITIVE,2,SOURCE_G_REVIEWS,reviews_2023.csv,2023-08-20T16:09:37.164875242,BATCH-G-20230820
REV-00048721,SKU-0019944,user_9018781,Tyler Haynes,4,Exceeded my expectations.,2023-01-20,True,POSITIVE,1,SOURCE_G_REVIEWS,reviews_2023.csv,2023-01-20T04:35:45.226029539,BATCH-G-20230120
REV-00048723,SKU-0009249,user_9010871,Andrea Griffith,3,"Average quality, nothing special.",2023-02-23,True,NEUTRAL,0,SOURCE_G_REVIEWS,reviews_2023.csv,2023-02-23T07:06:58.533621793,BATCH-G-20230223
REV-00048739,SKU-0011954,user_9031586,Kristen,1,"Poor packaging, item was defective. 👍😡",2023-03-03,True,NEGATIVE,2,SOURCE_G_REVIEWS,reviews_2023.csv,2023-03-03T19:11:22.378225151,BATCH-G-20230303
REV-00048740,SKU-0017004,user_9014428,Mark Strong,4,"Absolutely love it, works perfectly! 😀",2023-08-02,False,POSITIVE,7,SOURCE_G_REVIEWS,reviews_2023.csv,2023-08-02T08:54:52.070106650,BATCH-G-20230802
REV-00048750,SKU-0002063,user_9018430,Kathy Williams,5,"Solid build quality, no complaints.",2023-02-14,True,POSITIVE,8,SOURCE_G_REVIEWS,reviews_2023.csv,2023-02-14T02:43:20.682508747,BATCH-G-20230214
REV-00048751,SKU-0012780,user_47203,Daniel Schaefer,4,Fast delivery and great quality.,2023-11-16,True,POSITIVE,3,SOURCE_G_REVIEWS,reviews_2023.csv,2023-11-16T18:35:36.796939904,BATCH-G-20231116
REV-00048755,SKU-0016184,user_38286,Dr.,4,"Solid build quality, no complaints. 😍⭐",2023-01-24,True,POSITIVE,5,SOURCE_G_REVIEWS,reviews_2023.csv,2023-01-24T16:04:03.394510094,BATCH-G-20230124
REV-00048767,SKU-0005854,,Anonymous,5,"Perfect gift, they loved it! 😢",2023-09-11,True,POSITIVE,0,SOURCE_G_REVIEWS,reviews_2023.csv,2023-09-11T16:49:25.075751454,BATCH-G-20230911
REV-00048772,SKU-0006755,user_43955,John,3,"It's okay, does the job.",2023-07-13,False,NEUTRAL,0,SOURCE_G_REVIEWS,reviews_2023.csv,2023-07-14T04:36:40.189204017,BATCH-G-20230713
REV-00048790,SKU-0011252,,Anonymous,5,Highly recommend this product.,2023-07-25,True,POSITIVE,1,SOURCE_G_REVIEWS,reviews_2023.csv,2023-07-25T02:39:59.230242831,BATCH-G-20230725
REV-00048798,SKU-0003004,,Anonymous,5,"Absolutely love it, works perfectly!",2023-07-15,False,POSITIVE,0,SOURCE_G_REVIEWS,reviews_2023.csv,2023-07-15T18:04:29.892395271,BATCH-G-20230715
REV-00048800,SKU-0012545,user_9023149,James Gillespie,4,Exceeded my expectations.,2023-12-25,False,POSITIVE,4,SOURCE_G_REVIEWS,reviews_2023.csv,2023-12-25T04:21:28.545169841,BATCH-G-20231225
REV-00048812,SKU-0017796,user_37266,Marissa Campbell,5,   Will  definitely  buy  again.   ,2023-12-27,True,POSITIVE,2,SOURCE_G_REVIEWS,reviews_2023.csv,2023-12-28T02:27:12.696729117,BATCH-G-20231227
REV-00048819,SKU-0016928,user_26170,Kelli Mayo,2,Not as described at all.,2023-11-08,False,NEGATIVE,1,SOURCE_G_REVIEWS,reviews_2023.csv,2023-11-08T03:07:30.696983582,BATCH-G-20231108
REV-00048825,SKU-0010128,user_9001647,Lisa Pennington,3,Works fine but delivery was slow.,2023-04-03,False,NEUTRAL,1,SOURCE_G_REVIEWS,reviews_2023.csv,2023-04-04T02:40:26.423804963,BATCH-G-20230403
REV-00048830,SKU-0004571,user_28257,Rebecca Brandt,2,Not as described at all.,2023-09-26,True,NEGATIVE,0,SOURCE_G_REVIEWS,reviews_2023.csv,2023-09-26T09:41:16.387843893,BATCH-G-20230926
REV-00048841,SKU-0013525,user_9009263,William Gonzalez,4,Exceeded my expectations.,2023-02-13,True,POSITIVE,2,SOURCE_G_REVIEWS,reviews_2023.csv,2023-02-13T11:43:19.402806141,BATCH-G-20230213
REV-00048857,SKU-0004166,user_61658,Kathy,3,"Not bad, not great either.",2023-01-04,True,NEUTRAL,0,SOURCE_G_REVIEWS,reviews_2023.csv,2023-01-04T02:18:16.257448852,BATCH-G-20230104
REV-00048862,SKU-0016647,user_9019141,Michelle Holden,5,   Exceeded  my  expectations.  💯   ,2023-12-02,True,POSITIVE,0,SOURCE_G_REVIEWS,reviews_2023.csv,2023-12-02T01:11:35.469048768,BATCH-G-20231202
REV-00048867,SKU-0009896,user_9009686,Brittany,5,Exceeded my expectations.,2023-03-28,False,POSITIVE,1,SOURCE_G_REVIEWS,reviews_2023.csv,2023-03-28T18:45:52.332616396,BATCH-G-20230328
REV-00048875,SKU-0008346,user_9027639,Kyle,5,Will definitely buy again.,2023-12-27,True,POSITIVE,1,SOURCE_G_REVIEWS,reviews_2023.csv,2023-12-28T04:41:36.470298913,BATCH-G-20231227
REV-00048877,SKU-0005357,,Anonymous,4,Highly recommend this product.,2023-08-24,False,POSITIVE,0,SOURCE_G_REVIEWS,reviews_2023.csv,2023-08-24T09:40:20.742705415,BATCH-G-20230824
REV-00048881,SKU-0016656,user_68737,Jennifer Dalton,N/A,"Absolutely love it, works perfectly! 🙏",2023-03-18,False,POSITIVE,0,SOURCE_G_REVIEWS,reviews_2023.csv,2023-03-18T03:32:00.978115615,BATCH-G-20230318
REV-00048888,SKU-0009821,user_48273,Bruce,4,"Absolutely love it, works perfectly!",2023-01-06,False,POSITIVE,3,SOURCE_G_REVIEWS,reviews_2023.csv,2023-01-06T08:09:41.936924849,BATCH-G-20230106
REV-00048890,SKU-0015239,,Anonymous,5,"Muy buen producto, lo recomiendo.",2023-02-16,False,POSITIVE,0,SOURCE_G_REVIEWS,reviews_2023.csv,2023-02-16T16:33:03.758922983,BATCH-G-20230216
REV-00048896,SKU-0014683,,Anonymous,3,"Average quality, nothing special.",2023-11-27,True,NEUTRAL,0,SOURCE_G_REVIEWS,reviews_2023.csv,2023-11-28T02:41:37.222064578,BATCH-G-20231127
REV-00048897,SKU-0000415,user_9000786,Jennifer Santiago,3,Arrived damaged and support was unhelpful.,2023-09-26,True,NEGATIVE,0,SOURCE_G_REVIEWS,reviews_2023.csv,2023-09-26T07:38:14.725387015,BATCH-G-20230926
REV-00048904,SKU-0001281,user_34262,David Scott,4,Fast delivery and great quality. 😡,2023-11-10,False,POSITIVE,2,SOURCE_G_REVIEWS,reviews_2023.csv,2023-11-10T09:26:04.399378342,BATCH-G-20231110
REV-00048917,SKU-0019099,user_56589,Kristen,2,"Waste of money, do not buy.",2023-11-23,True,NEGATIVE,0,SOURCE_G_REVIEWS,reviews_2023.csv,2023-11-23T12:58:55.486436115,BATCH-G-20231123
REV-00048931,SKU-0004794,,Anonymous,4,Fast delivery and great quality.,2023-05-27,True,POSITIVE,1,SOURCE_G_REVIEWS,reviews_2023.csv,2023-05-27T02:08:39.594515144,BATCH-G-20230527
REV-00048932,SKU-0012317,user_9016488,Michael,4,Exceeded my expectations.,2023-08-24,True,POSITIVE,1,SOURCE_G_REVIEWS,reviews_2023.csv,2023-08-24T12:31:44.224720835,BATCH-G-20230824
REV-00048934,SKU-0007013,user_9017496,James,1,"Poor packaging, item was defective.",2023-07-26,True,NEGATIVE,1,SOURCE_G_REVIEWS,reviews_2023.csv,2023-07-26T23:31:32.253312788,BATCH-G-20230726
REV-00048940,SKU-0009711,user_18907,Christy Martin,4,"Exactly as described, very happy.",2023-11-09,True,POSITIVE,10,SOURCE_G_REVIEWS,reviews_2023.csv,2023-11-09T19:20:23.567784064,BATCH-G-20231109
REV-00048988,SKU-0012915,user_40865,Matthew Joseph,5,"Perfect gift, they loved it! 🙏",2023-12-27,True,POSITIVE,7,SOURCE_G_REVIEWS,reviews_2023.csv,2023-12-27T14:05:33.701378152,BATCH-G-20231227
REV-00049006,SKU-0000768,user_9019804,Travis,4,"Exactly as described, very happy.",2023-12-11,True,POSITIVE,0,SOURCE_G_REVIEWS,reviews_2023.csv,2023-12-12T02:47:47.819587768,BATCH-G-20231211
REV-00049014,SKU-0008099,user_11115,Alexandra Arias,2,Very disappointed with the quality.,2023-05-16,True,NEGATIVE,5,SOURCE_G_REVIEWS,reviews_2023.csv,2023-05-16T19:40:27.721877705,BATCH-G-20230516
REV-00049023,SKU-0010079,user_16566,Katherine Henson,5,Great value for money.,2023-01-25,True,POSITIVE,2,SOURCE_G_REVIEWS,reviews_2023.csv,2023-01-25T13:41:58.179992853,BATCH-G-20230125
REV-00049044,SKU-0017048,,Anonymous,5,Better than I expected for the price.,2023-09-15,False,POSITIVE,1,SOURCE_G_REVIEWS,reviews_2023.csv,2023-09-16T03:48:41.262282735,BATCH-G-20230915
REV-00049045,SKU-0019323,,Anonymous,5,Fast delivery and great quality.,2023-03-23,True,POSITIVE,9,SOURCE_G_REVIEWS,reviews_2023.csv,2023-03-23T11:54:24.834529906,BATCH-G-20230323
REV-00049055,SKU-0003727,user_24275,Caleb Ward,5,Great value for money.,2023-05-11,True,POSITIVE,0,SOURCE_G_REVIEWS,reviews_2023.csv,2023-05-11T22:06:28.106031814,BATCH-G-20230511
REV-00049056,SKU-9988685,user_9015898,Brendan Fleming,4,Exceeded my expectations. 🙏,2023-01-01,False,POSITIVE,0,SOURCE_G_REVIEWS,reviews_2023.csv,2023-01-01T17:28:24.928760851,BATCH-G-20230101
REV-00049058,SKU-0004009,user_9017235,Michael Logan,5,Fast delivery and great quality.,2023-08-12,True,POSITIVE,2,SOURCE_G_REVIEWS,reviews_2023.csv,2023-08-12T20:47:27.719214386,BATCH-G-20230812
REV-00049063,SKU-0014384,user_9027180,Erin Wilson,2,Very disappointed with the quality.,2023-07-05,False,NEGATIVE,4,SOURCE_G_REVIEWS,reviews_2023.csv,2023-07-05T02:55:54.812901630,BATCH-G-20230705
REV-00049078,SKU-0014392,user_9012215,Angela Lopez,4,Will definitely buy again.,2023-10-13,True,POSITIVE,4,SOURCE_G_REVIEWS,reviews_2023.csv,2023-10-14T04:49:11.739837211,BATCH-G-20231013
REV-00049087,SKU-0009613,user_5569,Katie,3,"   Matches  the  description,  no  issues.   ",2023-09-11,True,NEUTRAL,0,SOURCE_G_REVIEWS,reviews_2023.csv,2023-09-11T23:12:09.190816003,BATCH-G-20230911
REV-00049088,SKU-0007308,user_9001314,Crystal Ray,2,Wrong item was shipped to me.,2023-09-23,True,NEGATIVE,3,SOURCE_G_REVIEWS,reviews_2023.csv,2023-09-23T09:28:44.957319596,BATCH-G-20230923
REV-00049103,SKU-0010612,user_9013754,Robin,4,Will definitely buy again.,2023-01-22,False,POSITIVE,1,SOURCE_G_REVIEWS,reviews_2023.csv,2023-01-22T05:19:59.364926790,BATCH-G-20230122
REV-00049105,SKU-0017467,,Anonymous,4,Will definitely buy again.,2023-10-14,False,POSITIVE,8,SOURCE_G_REVIEWS,reviews_2023.csv,2023-10-14T19:55:37.855762451,BATCH-G-20231014
REV-00049105-DUP,SKU-0017467,,Anonymous,4,Will definitely buy again.,2023-10-14,False,POSITIVE,8,SOURCE_G_REVIEWS,reviews_2023.csv,2023-10-14T20:14:37.855762451,BATCH-G-20231014
REV-00049107,SKU-0011335,user_1284,Kirsten Caldwell,5,Exceeded my expectations.,2023-08-23,False,POSITIVE,2,SOURCE_G_REVIEWS,reviews_2023.csv,2023-08-23T06:27:39.845259008,BATCH-G-20230823
REV-00049114,SKU-0003987,user_9030573,Jamie,2,Arrived damaged and support was unhelpful.,2023-12-16,False,NEGATIVE,3,SOURCE_G_REVIEWS,reviews_2023.csv,2023-12-16T19:57:29.577445152,BATCH-G-20231216
REV-00049120,SKU-9914956,user_9027180,Erin Wilson,5,Better than I expected for the price.,2023-12-23,True,POSITIVE,7,SOURCE_G_REVIEWS,reviews_2023.csv,2023-12-23T07:29:22.808697097,BATCH-G-20231223
REV-00049129,SKU-0015263,user_61051,Susan Anderson,5,Exceeded my expectations.,2023-11-29,False,POSITIVE,2,SOURCE_G_REVIEWS,reviews_2023.csv,2023-11-29T02:41:00.389553609,BATCH-G-20231129
REV-00049135,SKU-9907145,user_62968,Julie Rivera,5,"Exactly as described, very happy.",2023-01-09,True,POSITIVE,0,SOURCE_G_REVIEWS,reviews_2023.csv,2023-01-09T14:12:43.653967171,BATCH-G-20230109
REV-00049137,SKU-0003424,user_9011095,Dawn Nelson,4,Will definitely buy again.,2023-10-19,True,POSITIVE,4,SOURCE_G_REVIEWS,reviews_2023.csv,2023-10-19T17:52:43.438959069,BATCH-G-20231019
REV-00049144,SKU-0011335,,Anonymous,5,"Matches the description, no issues.",2023-05-17,True,NEUTRAL,4,SOURCE_G_REVIEWS,reviews_2023.csv,2023-05-17T02:05:05.465854361,BATCH-G-20230517
REV-00049148,SKU-0020133,user_9017230,Stephen Walsh,4,Great value for money.,2023-03-19,True,POSITIVE,1,SOURCE_G_REVIEWS,reviews_2023.csv,2023-03-19T13:31:28.701066141,BATCH-G-20230319
REV-00049154,SKU-0003413,user_19931,Kelly Taylor,2,Very disappointed with the quality.,2023-07-09,False,NEGATIVE,3,SOURCE_G_REVIEWS,reviews_2023.csv,2023-07-09T14:40:18.608286793,BATCH-G-20230709
REV-00049160,SKU-0000208,user_11684,Leah Brown,2,"Waste of money, do not buy. 😀😀",2023-06-29,True,NEGATIVE,10,SOURCE_G_REVIEWS,reviews_2023.csv,2023-06-30T01:56:07.223319761,BATCH-G-20230629
REV-00049181,SKU-0002059,,Anonymous,4,"Exactly as described, very happy.",2023-08-26,True,POSITIVE,3,SOURCE_G_REVIEWS,reviews_2023.csv,2023-08-26T12:18:34.387090634,BATCH-G-20230826
REV-00049219,SKU-0006813,user_48754,Sharon,5,"Exactly as described, very happy. 🔥",2023-09-15,True,POSITIVE,4,SOURCE_G_REVIEWS,reviews_2023.csv,2023-09-15T16:34:32.573188741,BATCH-G-20230915
REV-00049223,SKU-0003410,user_9018937,Melissa Scott,4,Great value for money.,2023-11-21,True,POSITIVE,0,SOURCE_G_REVIEWS,reviews_2023.csv,2023-11-21T07:01:40.975727076,BATCH-G-20231121
REV-00049239,SKU-0002640,user_49420,Brandon Odonnell,4,Fast delivery and great quality.,2023-08-09,True,POSITIVE,5,SOURCE_G_REVIEWS,reviews_2023.csv,2023-08-09T11:34:00.386728459,BATCH-G-20230809
REV-00049249,SKU-0012840,user_9019803,Randy,4,"Perfect gift, they loved it!",2023-08-23,False,POSITIVE,1,SOURCE_G_REVIEWS,reviews_2023.csv,2023-09-10T17:00:00,BATCH-G-20230823
REV-00049252,SKU-0004805,,Anonymous,4,Great value for money.,2023-05-23,True,POSITIVE,2,SOURCE_G_REVIEWS,reviews_2023.csv,2023-05-23T13:04:30.185659772,BATCH-G-20230523
REV-00049265,SKU-0019446,user_9034268,Michael,2,Very disappointed with the quality. 👍😐,2023-07-31,True,NEGATIVE,3,SOURCE_G_REVIEWS,reviews_2023.csv,2023-07-31T09:19:03.755105323,BATCH-G-20230731
REV-00049282,SKU-9993021,user_9018593,Matthew Smith,5,"Solid build quality, no complaints.",2023-03-22,False,POSITIVE,0,SOURCE_G_REVIEWS,reviews_2023.csv,2023-03-22T23:50:19.635915694,BATCH-G-20230322
REV-00049286,SKU-0015006,user_9009135,Jeremy Carroll,5,Better than I expected for the price.,2023-05-05,True,POSITIVE,2,SOURCE_G_REVIEWS,reviews_2023.csv,2023-05-05T10:56:00.415527635,BATCH-G-20230505
REV-00049288,SKU-0019744,user_9001045,Heidi,4,"Livraison très lente, déçu. Solid build quality, no complaints.",2023-10-29,True,POSITIVE,1,SOURCE_G_REVIEWS,reviews_2023.csv,2023-10-29T06:03:16.755201194,BATCH-G-20231029
REV-00049299,SKU-0004970,user_24891,Jorge Contreras,4,Will definitely buy again.,2023-05-27,False,POSITIVE,5,SOURCE_G_REVIEWS,reviews_2023.csv,2023-05-27T22:40:59.991428830,BATCH-G-20230527
REV-00049300,SKU-0013144,user_9020096,Paula Hayes,4,Great value for money.,2023-03-27,True,POSITIVE,0,SOURCE_G_REVIEWS,reviews_2023.csv,2023-03-27T14:27:01.935595467,BATCH-G-20230327
REV-00049313,SKU-0014576,user_5999,Jennifer Singh,5,"Solid build quality, no complaints.",2023-06-16,True,POSITIVE,0,SOURCE_G_REVIEWS,reviews_2023.csv,2023-06-17T00:39:05.847218973,BATCH-G-20230616
REV-00049315,SKU-0017192,user_45558,Ernest,2,Very disappointed with the quality.,2023-03-17,False,NEGATIVE,0,SOURCE_G_REVIEWS,reviews_2023.csv,2023-03-17T19:19:03.508936075,BATCH-G-20230317
REV-00049323,SKU-0013521,,Anonymous,4,Highly recommend this product.,2023-02-04,True,POSITIVE,2,SOURCE_G_REVIEWS,reviews_2023.csv,2023-02-04T11:21:12.170569462,BATCH-G-20230204
REV-00049339,SKU-0009640,user_35494,Carl Johnson,5,"Absolutely love it, works perfectly!",2023-05-27,True,POSITIVE,0,SOURCE_G_REVIEWS,reviews_2023.csv,2023-05-28T03:36:46.859037139,BATCH-G-20230527
REV-00049340,SKU-9923563,user_60017,Elizabeth Case,4,"Absolutely love it, works perfectly!",2023-12-20,True,POSITIVE,4,SOURCE_G_REVIEWS,reviews_2023.csv,2023-12-20T03:28:09.637463071,BATCH-G-20231220
REV-00049344,SKU-0005782,user_46523,Kayla Carlson,4,</p>Fast delivery and great quality.<i>edited</i>,2023-06-25,True,POSITIVE,0,SOURCE_G_REVIEWS,reviews_2023.csv,2023-06-25T09:56:03.766835229,BATCH-G-20230625
REV-00049345,SKU-0000135,user_9018809,Brian,5,"Perfect gift, they loved it!",2023-05-18,False,POSITIVE,0,SOURCE_G_REVIEWS,reviews_2023.csv,2023-05-18T16:09:45.814138695,BATCH-G-20230518
REV-00049346,SKU-0016206,,Anonymous,5,"Waste of money, do not buy.",2023-09-14,True,NEGATIVE,8,SOURCE_G_REVIEWS,reviews_2023.csv,2023-09-14T16:52:23.739060674,BATCH-G-20230914
REV-00049348,SKU-0009864,user_9027054,Howard Frazier,5,"Perfect gift, they loved it!",2023-02-23,True,POSITIVE,4,SOURCE_G_REVIEWS,reviews_2023.csv,2023-02-23T19:48:23.907185554,BATCH-G-20230223
REV-00049349,SKU-0006987,user_67128,Mary,5,Will definitely buy again.,2023-03-05,False,POSITIVE,2,SOURCE_G_REVIEWS,reviews_2023.csv,2023-03-05T22:09:07.358462046,BATCH-G-20230305
REV-00049361,SKU-0011344,,Anonymous,4,   Great  value  for  money.   ,2023-01-18,True,POSITIVE,3,SOURCE_G_REVIEWS,reviews_2023.csv,2023-01-19T01:48:51.161721874,BATCH-G-20230118
REV-00049377,SKU-0017336,user_5689,Andre Rogers,5,Fast delivery and great quality.,2023-07-14,False,POSITIVE,5,SOURCE_G_REVIEWS,reviews_2023.csv,2023-07-14T21:56:18.188512049,BATCH-G-20230714
REV-00049382,SKU-0001316,user_8183,Cindy Robinson,5,Exceeded my expectations.,2023-09-11,False,POSITIVE,2,SOURCE_G_REVIEWS,reviews_2023.csv,2023-09-11T04:20:55.267431916,BATCH-G-20230911
REV-00049388,SKU-0017195,user_9016000,David Dunn,5,Better than I expected for the price.,2023-11-14,False,POSITIVE,0,SOURCE_G_REVIEWS,reviews_2023.csv,2023-11-14T20:55:58.733032839,BATCH-G-20231114
REV-00049403,SKU-0003508,,Anonymous,2,Stopped working after a week.,2023-02-10,True,NEGATIVE,1,SOURCE_G_REVIEWS,reviews_2023.csv,2023-02-10T02:21:44.827808232,BATCH-G-20230210
REV-00049417,SKU-0018400,,Anonymous,4,Great value for money.,2023-05-13,False,POSITIVE,0,SOURCE_G_REVIEWS,reviews_2023.csv,2023-05-13T06:34:57.512633848,BATCH-G-20230513
REV-00049423,SKU-0003201,user_4430,Dustin,5,"   Perfect  gift,  they  loved  it!   ",2023-10-26,True,POSITIVE,0,SOURCE_G_REVIEWS,reviews_2023.csv,2023-10-27T04:57:12.041530158,BATCH-G-20231026
REV-00049431,SKU-0009473,user_8464,Kathy Weiss,2,Arrived damaged and support was unhelpful. 😀,2023-11-28,False,NEGATIVE,0,SOURCE_G_REVIEWS,reviews_2023.csv,2023-11-28T06:35:36.626493958,BATCH-G-20231128
REV-00049435,SKU-0012718,user_52266,Patrick Aguirre,1,"Poor packaging, item was defective.",2023-08-28,True,NEGATIVE,4,SOURCE_G_REVIEWS,reviews_2023.csv,2023-08-28T08:22:30.726710543,BATCH-G-20230828
REV-00049456,SKU-0012344,user_53484,Sean Montes,4,"Perfect gift, they loved it!",2023-11-11,False,POSITIVE,1,SOURCE_G_REVIEWS,reviews_2023.csv,2023-11-12T02:41:18.805414591,BATCH-G-20231111
REV-00049460,SKU-0019555,user_9025282,Kim,1,"Waste of money, do not buy.",2023-12-27,False,NEGATIVE,0,SOURCE_G_REVIEWS,reviews_2023.csv,2023-12-27T03:44:00.444107473,BATCH-G-20231227
REV-00049464,SKU-0019625,user_9000194,David,4,गुणवत्ता ठीक नहीं थी।,2023-11-23,True,POSITIVE,0,SOURCE_G_REVIEWS,reviews_2023.csv,2023-11-23T23:05:48.627098198,BATCH-G-20231123
REV-00049467,SKU-0017081,user_9021463,Patrick,4,"Perfect gift, they loved it!",2023-05-14,False,POSITIVE,5,SOURCE_G_REVIEWS,reviews_2023.csv,2023-05-14T08:38:43.767220610,BATCH-G-20230514
REV-00049477,SKU-0014085,user_1494,Rachel Morgan,4,गुणवत्ता ठीक नहीं थी।,2023-01-30,True,POSITIVE,1,SOURCE_G_REVIEWS,reviews_2023.csv,2023-01-30T18:27:14.545226155,BATCH-G-20230130
REV-00049481,SKU-0011199,,Anonymous,4,Better than I expected for the price.,2023-01-18,True,POSITIVE,0,SOURCE_G_REVIEWS,reviews_2023.csv,2023-01-19T02:09:26.014612787,BATCH-G-20230118
REV-00049484,SKU-0016790,user_49037,Christopher Mathews,4,Better than I expected for the price.,2023-04-29,True,POSITIVE,0,SOURCE_G_REVIEWS,reviews_2023.csv,2023-04-29T01:12:54.001065186,BATCH-G-20230429
REV-00049484-DUP,SKU-0016790,user_49037,Christopher Mathews,4,Better than I expected for the price.,2023-04-29,True,POSITIVE,0,SOURCE_G_REVIEWS,reviews_2023.csv,2023-04-29T02:06:54.001065186,BATCH-G-20230429
REV-00049485,SKU-0000906,user_9022703,Anthony,5,Great value for money.,2023-11-26,True,POSITIVE,2,SOURCE_G_REVIEWS,reviews_2023.csv,2023-11-27T05:28:02.924225532,BATCH-G-20231126
REV-00049487,SKU-0002498,,Anonymous,4,"Muy buen producto, lo recomiendo.",2023-03-03,False,POSITIVE,2,SOURCE_G_REVIEWS,reviews_2023.csv,2023-03-03T20:14:00.917755406,BATCH-G-20230303
REV-00049488,SKU-0013388,,Anonymous,4,Decent but overpriced a bit.,2023-10-11,True,NEUTRAL,0,SOURCE_G_REVIEWS,reviews_2023.csv,2023-10-11T17:44:49.193817866,BATCH-G-20231011
REV-00049491,SKU-0016199,user_61361,John Day,2,Not as described at all.,2023-12-01,False,NEGATIVE,7,SOURCE_G_REVIEWS,reviews_2023.csv,2023-12-01T01:59:54.246622447,BATCH-G-20231201
REV-00049497,SKU-0014861,user_9024711,Alyssa Cobb,4,"Muy buen producto, lo recomiendo.",2023-10-13,True,POSITIVE,6,SOURCE_G_REVIEWS,reviews_2023.csv,2023-10-13T11:29:19.020639549,BATCH-G-20231013
REV-00049508,SKU-0008734,user_9002320,Linda Lawson,3,"Average quality, nothing special.",2023-09-30,False,NEUTRAL,0,SOURCE_G_REVIEWS,reviews_2023.csv,2023-09-30T13:48:51.756028901,BATCH-G-20230930
REV-00049522,SKU-0013978,user_52668,William Alvarez,5,Highly recommend this product.,2023-10-08,True,POSITIVE,0,SOURCE_G_REVIEWS,reviews_2023.csv,2023-10-08T06:07:33.605102835,BATCH-G-20231008
REV-00049527,SKU-0015201,user_9003720,Anthony,4,"Solid build quality, no complaints.",2023-10-29,True,POSITIVE,2,SOURCE_G_REVIEWS,reviews_2023.csv,2023-10-29T00:48:30.883406860,BATCH-G-20231029
REV-00049530,SKU-0009035,user_46278,Tanya Henderson,4,Fast delivery and great quality.,2023-09-10,False,POSITIVE,1,SOURCE_G_REVIEWS,reviews_2023.csv,2023-09-10T06:50:25.089203503,BATCH-G-20230910
REV-00049552,SKU-0015825,user_9032285,Gary,4,"Solid build quality, no complaints. 👍⭐",2023-07-21,False,POSITIVE,1,SOURCE_G_REVIEWS,reviews_2023.csv,2023-07-21T02:36:01.795675544,BATCH-G-20230721
REV-00049573,SKU-0013660,,Anonymous,1,"Waste of money, do not buy.",2023-07-24,False,NEGATIVE,2,SOURCE_G_REVIEWS,reviews_2023.csv,2023-07-24T22:06:09.627943316,BATCH-G-20230724
REV-00049578,SKU-0011361,user_32753,Annette Murillo,2,Will definitely buy again.,2023-08-18,True,POSITIVE,2,SOURCE_G_REVIEWS,reviews_2023.csv,2023-08-18T03:18:50.105887764,BATCH-G-20230818
REV-00049579,SKU-0016119,user_15058,Jennifer,4,"Perfect gift, they loved it!",2023-10-31,False,POSITIVE,6,SOURCE_G_REVIEWS,reviews_2023.csv,2023-10-31T19:36:38.794385778,BATCH-G-20231031
REV-00049580,SKU-0005282,user_24953,Jennifer Ward,4,"Exactly as described, very happy.",2023-09-23,True,POSITIVE,4,SOURCE_G_REVIEWS,reviews_2023.csv,2023-09-23T14:51:23.404715289,BATCH-G-20230923
REV-00049582,SKU-0000089,user_54643,Garrett,4,Excellent rapport qualité-prix.,2023-04-14,False,POSITIVE,0,SOURCE_G_REVIEWS,reviews_2023.csv,2023-04-14T09:23:05.916142158,BATCH-G-20230414
REV-00049596,SKU-0003406,user_9013976,Samantha Benton,5,Fast delivery and great quality.,2023-05-09,True,POSITIVE,0,SOURCE_G_REVIEWS,reviews_2023.csv,2023-05-09T18:08:33.482699053,BATCH-G-20230509
REV-00049600,SKU-0019363,user_9020891,Emily Graves,1,Not as described at all.,2023-06-21,False,NEGATIVE,6,SOURCE_G_REVIEWS,reviews_2023.csv,2023-06-21T10:43:55.353706578,BATCH-G-20230621
REV-00049602,SKU-0018331,user_9345,James Robertson,4,Better than I expected for the price.,2023-06-30,True,POSITIVE,4,SOURCE_G_REVIEWS,reviews_2023.csv,2023-06-30T10:35:30.065765392,BATCH-G-20230630
REV-00049611,SKU-0008536,user_48465,Krista,4,"Solid build quality, no complaints.",2023-05-28,False,POSITIVE,0,SOURCE_G_REVIEWS,reviews_2023.csv,2023-05-28T23:31:48.243991235,BATCH-G-20230528
REV-00049614,SKU-0010493,user_9010236,David,2,Very disappointed with the quality.,2023-05-17,True,NEGATIVE,0,SOURCE_G_REVIEWS,reviews_2023.csv,2023-05-17T04:10:59.756196384,BATCH-G-20230517
REV-00049628,SKU-0013479,user_9022152,Matthew Crane,5,"Solid build quality, no complaints.",2023-08-26,True,POSITIVE,4,SOURCE_G_REVIEWS,reviews_2023.csv,2023-08-26T03:23:36.286824905,BATCH-G-20230826
REV-00049632,SKU-0000693,user_9023599,Robert,4,"Perfect gift, they loved it!",2023-11-08,True,POSITIVE,0,SOURCE_G_REVIEWS,reviews_2023.csv,2023-11-08T16:18:58.577826783,BATCH-G-20231108
REV-00049633,SKU-0012823,,Anonymous,4,Will definitely buy again.,2023-12-30,True,POSITIVE,1,SOURCE_G_REVIEWS,reviews_2023.csv,2023-12-30T09:37:31.360351645,BATCH-G-20231230
REV-00049661,SKU-0000398,,Anonymous,4,Better than I expected for the price.,2023-12-10,True,POSITIVE,11,SOURCE_G_REVIEWS,reviews_2023.csv,2023-12-10T08:58:25.280892978,BATCH-G-20231210
REV-00049667,SKU-0008543,user_27673,Donald George,4,Great value for money.,2023-06-28,False,POSITIVE,0,SOURCE_G_REVIEWS,reviews_2023.csv,2023-06-28T18:46:41.252416899,BATCH-G-20230628
REV-00049696,SKU-0006998,user_9004675,Kayla,4,"Perfect gift, they loved it!",2023-04-11,True,POSITIVE,1,SOURCE_G_REVIEWS,reviews_2023.csv,2023-04-11T06:40:24.182253215,BATCH-G-20230411
REV-00049699,SKU-0017344,user_24999,Andrew,2,"Waste of money, do not buy.",2023-08-16,True,NEGATIVE,6,SOURCE_G_REVIEWS,reviews_2023.csv,2023-08-16T07:13:15.615298816,BATCH-G-20230816
REV-00049709,SKU-0012655,user_9024970,Jessica,5,"Exactly as described, very happy.",2023-08-10,True,POSITIVE,1,SOURCE_G_REVIEWS,reviews_2023.csv,2023-08-10T19:54:40.778401319,BATCH-G-20230810
REV-00049714,SKU-0017136,user_6811,Jill Taylor,4,"Exactly as described, very happy.",2023-07-05,True,POSITIVE,1,SOURCE_G_REVIEWS,reviews_2023.csv,2023-07-05T10:50:32.796643054,BATCH-G-20230705
REV-00049716,SKU-0005607,,Anonymous,3,"Average quality, nothing special.",2023-06-25,False,NEUTRAL,1,SOURCE_G_REVIEWS,reviews_2023.csv,2023-06-25T14:07:47.202581305,BATCH-G-20230625
REV-00049724,SKU-0018543,user_58716,Brandon,5,"Livraison très lente, déçu.",2023-05-21,True,POSITIVE,4,SOURCE_G_REVIEWS,reviews_2023.csv,2023-05-21T18:02:50.066488983,BATCH-G-20230521
REV-00049725,SKU-0019312,user_9016598,Shawn,5,Exceeded my expectations.,2023-05-14,False,POSITIVE,7,SOURCE_G_REVIEWS,reviews_2023.csv,2023-05-14T13:36:03.601000060,BATCH-G-20230514
REV-00049726,SKU-0013219,user_9021126,Danielle Porter,3,"   Not  bad,  not  great  either.   ",2023-01-14,False,NEUTRAL,0,SOURCE_G_REVIEWS,reviews_2023.csv,2023-01-15T01:20:27.346129836,BATCH-G-20230114
REV-00049732,SKU-0004469,user_42891,Dylan Johnson,5,Great value for money.,2023-12-30,True,POSITIVE,6,SOURCE_G_REVIEWS,reviews_2023.csv,2023-12-30T06:43:39.483368723,BATCH-G-20231230
REV-00049737,SKU-0011261,user_9019923,Samantha,3,Works fine but delivery was slow.,2023-02-28,True,NEUTRAL,2,SOURCE_G_REVIEWS,reviews_2023.csv,2023-02-28T13:54:59.752610467,BATCH-G-20230228
REV-00049741,SKU-0012784,,Anonymous,5,Fast delivery and great quality.,2023-07-15,True,POSITIVE,3,SOURCE_G_REVIEWS,reviews_2023.csv,2023-07-15T04:40:37.244491953,BATCH-G-20230715
REV-00049753,SKU-0012303,user_22516,Jimmy Garcia,1,Stopped working after a week.,2023-09-28,True,NEGATIVE,1,SOURCE_G_REVIEWS,reviews_2023.csv,2023-10-08T05:00:00,BATCH-G-20230928
REV-00049774,SKU-0006645,user_9023272,Evelyn Griffin,1,Wrong item was shipped to me.,2023-12-24,False,NEGATIVE,1,SOURCE_G_REVIEWS,reviews_2023.csv,2023-12-24T11:02:29.024829934,BATCH-G-20231224
REV-00049775,SKU-0003748,user_9004616,Brett Carter,5,"Absolutely love it, works perfectly!",2023-12-31,False,POSITIVE,2,SOURCE_G_REVIEWS,reviews_2023.csv,2023-12-31T20:10:07.607132247,BATCH-G-20231231
REV-00049777,SKU-0001509,user_9015128,Beverly Santos,5,"Absolutely love it, works perfectly!",2023-02-04,True,POSITIVE,8,SOURCE_G_REVIEWS,reviews_2023.csv,2023-02-04T11:39:58.512228184,BATCH-G-20230204
REV-00049779,SKU-0019677,user_9026783,Michael Lin,4,"Solid build quality, no complaints.",2023-06-28,False,POSITIVE,1,SOURCE_G_REVIEWS,reviews_2023.csv,2023-06-28T11:45:18.577485991,BATCH-G-20230628
REV-00049784,SKU-0019323,,Anonymous,4,"   Muy  buen  producto,  lo  recomiendo.   ",2023-01-31,True,NEUTRAL,4,SOURCE_G_REVIEWS,reviews_2023.csv,2023-01-31T23:41:47.407654897,BATCH-G-20230131
REV-00049788,SKU-0008791,user_9027278,Robert Perez,5,"   Absolutely  love  it,  works  perfectly!   ",2023-08-14,False,POSITIVE,0,SOURCE_G_REVIEWS,reviews_2023.csv,2023-08-14T18:49:18.066891830,BATCH-G-20230814
REV-00049792,SKU-0017722,user_45868,Michael Ellis MD,4,"Solid build quality, no complaints.",2023-07-02,True,POSITIVE,1,SOURCE_G_REVIEWS,reviews_2023.csv,2023-07-02T09:54:49.562981580,BATCH-G-20230702
REV-00049794,SKU-0014850,,Anonymous,4,Highly recommend this product.,2023-06-05,True,POSITIVE,7,SOURCE_G_REVIEWS,reviews_2023.csv,2023-06-05T01:02:30.836781132,BATCH-G-20230605
REV-00049799,SKU-0002521,,Anonymous,2,Wrong item was shipped to me.,2023-01-01,True,NEGATIVE,4,SOURCE_G_REVIEWS,reviews_2023.csv,2023-01-02T03:35:23.444749592,BATCH-G-20230101
REV-00049822,SKU-0008943,,Anonymous,4,"Exactly as described, very happy.",2023-09-17,True,POSITIVE,6,SOURCE_G_REVIEWS,reviews_2023.csv,2023-09-17T07:41:40.093076508,BATCH-G-20230917
REV-00049823,SKU-0018918,user_9026925,Rebecca,4,"Perfect gift, they loved it!",2023-01-09,True,POSITIVE,2,SOURCE_G_REVIEWS,reviews_2023.csv,2023-01-09T22:46:37.431840919,BATCH-G-20230109
REV-00049826,SKU-0002213,user_9014649,Richard Webb,5,"Cheaply made, broke immediately. 😡",2023-07-09,False,NEGATIVE,0,SOURCE_G_REVIEWS,reviews_2023.csv,2023-07-09T23:45:00.684788558,BATCH-G-20230709
REV-00049832,SKU-0004447,user_9028857,Kiara Hancock,5,Will definitely buy again.,2023-06-30,True,POSITIVE,3,SOURCE_G_REVIEWS,reviews_2023.csv,2023-06-30T04:00:01.226186417,BATCH-G-20230630
REV-00049854,SKU-0017468,user_9023855,Lisa,4,"Perfect gift, they loved it!",2023-08-12,False,POSITIVE,2,SOURCE_G_REVIEWS,reviews_2023.csv,2023-08-12T08:47:46.431341297,BATCH-G-20230812
REV-00049857,SKU-0019543,user_55598,Patrick Baker,3,Works fine but delivery was slow.,2023-10-13,True,NEUTRAL,2,SOURCE_G_REVIEWS,reviews_2023.csv,2023-10-14T04:37:21.987687120,BATCH-G-20231013
REV-00049859,SKU-0012945,user_9000621,Kimberly Heath,5,Better than I expected for the price.,2023-05-20,True,POSITIVE,2,SOURCE_G_REVIEWS,reviews_2023.csv,2023-05-20T04:29:57.450564987,BATCH-G-20230520
REV-00049861,SKU-9909724,user_9004519,Kathryn,2,Very disappointed with the quality.,2023-11-17,False,NEGATIVE,3,SOURCE_G_REVIEWS,reviews_2023.csv,2023-11-17T01:25:42.840465209,BATCH-G-20231117
REV-00049869,SKU-9989639,user_9017124,William,3,Works fine but delivery was slow.,2023-07-25,False,NEUTRAL,5,SOURCE_G_REVIEWS,reviews_2023.csv,2023-07-25T07:08:55.750330728,BATCH-G-20230725
REV-00049878,SKU-9932773,user_9014148,Joseph Hogan,5,"Cheaply made, broke immediately.",2023-12-28,False,NEGATIVE,2,SOURCE_G_REVIEWS,reviews_2023.csv,2023-12-28T21:50:34.164463824,BATCH-G-20231228
REV-00049884,SKU-0017913,user_9024092,Desiree Smith,3,"Not bad, not great either.",2023-05-25,False,NEUTRAL,5,SOURCE_G_REVIEWS,reviews_2023.csv,2023-05-26T04:27:57.712014868,BATCH-G-20230525
REV-00049885,SKU-0000755,user_9033252,Justin,3,"It's okay, does the job.",2023-01-20,True,NEUTRAL,3,SOURCE_G_REVIEWS,reviews_2023.csv,2023-01-20T12:26:59.392305435,BATCH-G-20230120
REV-00049887,SKU-0018357,user_9281,Mrs. Katherine Ellis,5,"Matches the description, no issues.",2023-05-09,False,NEUTRAL,2,SOURCE_G_REVIEWS,reviews_2023.csv,2023-05-10T05:55:51.812628158,BATCH-G-20230509
REV-00049896,SKU-0017795,user_9013661,Gregory Olson,5,"   Perfect  gift,  they  loved  it!   ",2023-11-22,True,POSITIVE,1,SOURCE_G_REVIEWS,reviews_2023.csv,2023-11-22T21:07:11.597254473,BATCH-G-20231122
REV-00049904,SKU-0004371,user_10561,Matthew Brown,5,Excellent rapport qualité-prix. Will definitely buy again.,2023-05-27,True,POSITIVE,2,SOURCE_G_REVIEWS,reviews_2023.csv,2023-05-28T01:13:25.099334254,BATCH-G-20230527
REV-00049911,SKU-0005098,user_9016154,Stephen Vega,4,Will definitely buy again.,2023-12-15,False,POSITIVE,1,SOURCE_G_REVIEWS,reviews_2023.csv,2023-12-15T05:27:36.923869117,BATCH-G-20231215
REV-00049915,SKU-0001171,user_9013567,Douglas Bennett,3,"It's okay, does the job.",2023-04-12,False,NEUTRAL,0,SOURCE_G_REVIEWS,reviews_2023.csv,2023-04-12T11:28:17.462134097,BATCH-G-20230412
REV-00049916,SKU-0001026,user_9011073,Richard Carroll,5,"Exactly as described, very happy.",2023-10-30,True,POSITIVE,4,SOURCE_G_REVIEWS,reviews_2023.csv,2023-10-30T21:20:19.194842300,BATCH-G-20231030
REV-00049940,SKU-0016548,user_9012904,Zachary Davis,5,Fast delivery and great quality.,2023-11-07,True,POSITIVE,6,SOURCE_G_REVIEWS,reviews_2023.csv,2023-11-07T15:57:01.798000631,BATCH-G-20231107
REV-00049957,SKU-0017278,user_9002998,Jonathan Orozco,5,Fast delivery and great quality.,2023-11-06,False,POSITIVE,1,SOURCE_G_REVIEWS,reviews_2023.csv,2023-11-06T01:09:39.407827657,BATCH-G-20231106
REV-00049960,SKU-0005915,user_62934,Nicolas,5,Great value for money.,2023-08-18,False,POSITIVE,3,SOURCE_G_REVIEWS,reviews_2023.csv,2023-08-19T01:35:19.745663309,BATCH-G-20230818
REV-00049982,SKU-0002714,user_9023071,Taylor Shea,5,Will definitely buy again.,2023-05-11,False,POSITIVE,2,SOURCE_G_REVIEWS,reviews_2023.csv,2023-05-11T19:47:07.528085997,BATCH-G-20230511
REV-00050001,SKU-9981148,user_24297,Melanie Lopez,1,Wrong item was shipped to me. 😡,2023-07-26,True,NEGATIVE,12,SOURCE_G_REVIEWS,reviews_2023.csv,2023-07-26T13:12:20.391563272,BATCH-G-20230726
REV-00050007,SKU-0018899,user_9016007,Randall,4,Better than I expected for the price.,2023-06-30,False,POSITIVE,5,SOURCE_G_REVIEWS,reviews_2023.csv,2023-06-30T06:57:11.328976511,BATCH-G-20230630
REV-00050010,SKU-0007122,user_9027556,Thomas Craig,1,"Waste of money, do not buy.",2023-12-02,True,NEGATIVE,1,SOURCE_G_REVIEWS,reviews_2023.csv,2023-12-03T00:18:40.859761660,BATCH-G-20231202
REV-00050015,SKU-0006444,user_9008532,Bradley,5,   Will  definitely  buy  again.   ,2023-10-26,True,POSITIVE,5,SOURCE_G_REVIEWS,reviews_2023.csv,2023-10-27T02:45:01.723029228,BATCH-G-20231026
REV-00050024,SKU-0018214,user_8644,Andrea Martinez,0,Will definitely buy again.,2023-07-09,False,POSITIVE,1,SOURCE_G_REVIEWS,reviews_2023.csv,2023-07-09T04:39:21.047264096,BATCH-G-20230709
REV-00050026,SKU-0019985,,Anonymous,1,"Waste of money, do not buy.",2023-11-24,False,NEGATIVE,1,SOURCE_G_REVIEWS,reviews_2023.csv,2023-11-24T13:13:28.596095681,BATCH-G-20231124
REV-00050029,SKU-0010872,user_16208,Gavin Greer,1,Not as described at all.,2023-07-17,True,NEGATIVE,3,SOURCE_G_REVIEWS,reviews_2023.csv,2023-07-18T00:43:44.385305530,BATCH-G-20230717
REV-00050034,SKU-0013615,user_9001259,Alan Mcmillan,2,"Poor packaging, item was defective.",2023-01-14,True,NEGATIVE,0,SOURCE_G_REVIEWS,reviews_2023.csv,2023-01-14T14:45:45.872632564,BATCH-G-20230114
REV-00050038,SKU-0002400,user_9020742,Karen,3,"Matches the description, no issues.",2023-11-10,False,NEUTRAL,5,SOURCE_G_REVIEWS,reviews_2023.csv,2023-11-10T19:21:43.511745109,BATCH-G-20231110
REV-00050043,SKU-0014294,user_31816,Kristen Lewis,5,Great value for money.,2023-06-04,True,POSITIVE,0,SOURCE_G_REVIEWS,reviews_2023.csv,2023-06-04T22:27:16.118048931,BATCH-G-20230604
REV-00050047,SKU-9969431,,Anonymous,-1,Fast delivery and great quality.,2023-06-09,True,POSITIVE,1,SOURCE_G_REVIEWS,reviews_2023.csv,2023-06-10T00:17:10.020455263,BATCH-G-20230609
REV-00050051,SKU-0000629,user_9015926,Devin Jackson,5,Will definitely buy again.,2023-11-07,True,POSITIVE,6,SOURCE_G_REVIEWS,reviews_2023.csv,2023-11-07T01:21:07.116938699,BATCH-G-20231107
REV-00050057,SKU-0017566,user_9027496,Tracy Baker,2,"Poor packaging, item was defective.",2023-12-31,True,NEGATIVE,3,SOURCE_G_REVIEWS,reviews_2023.csv,2023-12-31T13:33:15.423679754,BATCH-G-20231231
REV-00050058,SKU-0010310,user_9032664,Kenneth,3,"Not bad, not great either.",2023-10-21,True,NEUTRAL,3,SOURCE_G_REVIEWS,reviews_2023.csv,2023-10-21T01:58:50.710672267,BATCH-G-20231021
REV-00050060,SKU-0011582,user_56561,Don Lawrence,5,Fast delivery and great quality.,2023-05-21,True,POSITIVE,0,SOURCE_G_REVIEWS,reviews_2023.csv,2023-05-21T18:49:30.730948199,BATCH-G-20230521
REV-00050061,SKU-0002275,user_14101,Gina,2,Stopped working after a week.,2023-06-26,False,NEGATIVE,0,SOURCE_G_REVIEWS,reviews_2023.csv,2023-06-26T08:57:51.111594663,BATCH-G-20230626
REV-00050075,SKU-0008152,user_12951,Debbie Mitchell,4,Fast delivery and great quality.,2023-08-14,False,POSITIVE,1,SOURCE_G_REVIEWS,reviews_2023.csv,2023-08-14T06:53:10.181989732,BATCH-G-20230814
REV-00050078,SKU-0019426,user_9033566,Linda Gardner,4,"Absolutely love it, works perfectly!",2023-12-30,False,POSITIVE,3,SOURCE_G_REVIEWS,reviews_2023.csv,2023-12-30T15:31:51.281045627,BATCH-G-20231230
REV-00050090,SKU-0011490,user_15703,Amanda,4,Will definitely buy again.,2023-12-31,True,POSITIVE,2,SOURCE_G_REVIEWS,reviews_2023.csv,2023-12-31T00:38:09.261258101,BATCH-G-20231231
REV-00050091,SKU-0010812,user_69276,Eric Wright,4,Exceeded my expectations.,2023-04-18,True,POSITIVE,5,SOURCE_G_REVIEWS,reviews_2023.csv,2023-04-18T07:07:26.440954646,BATCH-G-20230418
REV-00050093,SKU-0011870,user_9004569,John Fritz,4,Exceeded my expectations.,2023-06-25,True,POSITIVE,5,SOURCE_G_REVIEWS,reviews_2023.csv,2023-06-26T05:47:34.984314088,BATCH-G-20230625
REV-00050097,SKU-9985005,user_57781,Clayton,5,"Cheaply made, broke immediately.",2023-07-07,True,NEGATIVE,2,SOURCE_G_REVIEWS,reviews_2023.csv,2023-07-07T10:21:32.687973033,BATCH-G-20230707
REV-00050100,SKU-0006238,user_46154,Brenda Rodriguez,4,Fast delivery and great quality.,2023-01-29,True,POSITIVE,9,SOURCE_G_REVIEWS,reviews_2023.csv,2023-01-29T19:45:06.758670471,BATCH-G-20230129
REV-00050101,SKU-0016787,user_9026811,Judith Caldwell,5,Better than I expected for the price.,2023-12-10,True,POSITIVE,2,SOURCE_G_REVIEWS,reviews_2023.csv,2023-12-10T17:32:10.168469064,BATCH-G-20231210
REV-00050105,SKU-0008508,user_9022697,Gregory,4,"Absolutely love it, works perfectly!",2023-05-10,True,POSITIVE,2,SOURCE_G_REVIEWS,reviews_2023.csv,2023-05-11T01:06:15.835684312,BATCH-G-20230510
REV-00050114,SKU-0019607,user_60538,Shelby West,3,"Muy buen producto, lo recomiendo. Matches the description, no issues.",2023-03-14,True,NEUTRAL,2,SOURCE_G_REVIEWS,reviews_2023.csv,2023-03-15T01:19:46.514974065,BATCH-G-20230314
REV-00050118,SKU-0017528,user_38776,George Gibbs,1,"   Cheaply  made,  broke  immediately.   ",2023-10-09,True,NEGATIVE,1,SOURCE_G_REVIEWS,reviews_2023.csv,2023-10-09T05:50:15.960599354,BATCH-G-20231009
REV-00050119,SKU-0009202,user_63413,Rachel Robinson,5,"Absolutely love it, works perfectly!",2023-09-17,False,POSITIVE,3,SOURCE_G_REVIEWS,reviews_2023.csv,2023-09-17T17:05:15.785286025,BATCH-G-20230917
REV-00050127,SKU-9998592,user_9007372,Clinton Guzman,3,Decent but overpriced a bit.,2023-11-25,False,NEUTRAL,3,SOURCE_G_REVIEWS,reviews_2023.csv,2023-11-25T19:38:54.231339399,BATCH-G-20231125
REV-00050131,SKU-0019004,user_28408,Jonathan,5,Great value for money.,2023-03-19,True,POSITIVE,0,SOURCE_G_REVIEWS,reviews_2023.csv,2023-03-19T12:36:47.237442453,BATCH-G-20230319
REV-00050137,SKU-0020124,user_14926,Michael Pierce,3,Works fine but delivery was slow.,2023-11-20,True,NEUTRAL,2,SOURCE_G_REVIEWS,reviews_2023.csv,2023-11-20T11:47:31.182137474,BATCH-G-20231120
REV-00050159,SKU-0013419,user_9027100,Caleb Smith,5,"Absolutely love it, works perfectly!",2023-02-18,True,POSITIVE,9,SOURCE_G_REVIEWS,reviews_2023.csv,2023-02-19T01:40:43.773217848,BATCH-G-20230218
REV-00050166,SKU-0008225,user_41546,Carla,5,Will definitely buy again.,2023-04-08,True,POSITIVE,4,SOURCE_G_REVIEWS,reviews_2023.csv,2023-04-08T22:03:33.979359028,BATCH-G-20230408
REV-00050171,SKU-0002819,user_33991,Tammy,4,"Solid build quality, no complaints.",2023-10-16,True,POSITIVE,0,SOURCE_G_REVIEWS,reviews_2023.csv,2023-10-17T01:32:33.182346753,BATCH-G-20231016
REV-00050181,SKU-0004341,user_9030842,Zachary Johnson,1,"Waste of money, do not buy.",2023-11-05,True,NEGATIVE,2,SOURCE_G_REVIEWS,reviews_2023.csv,2023-11-16T12:00:00,BATCH-G-20231105
REV-00050188,SKU-0003351,user_64232,Joseph Fischer,1,"Poor packaging, item was defective.",2023-07-13,True,NEGATIVE,2,SOURCE_G_REVIEWS,reviews_2023.csv,2023-07-13T23:35:21.736411921,BATCH-G-20230713
REV-00050217,SKU-0005696,user_7253,Catherine Smith,5,Highly recommend this product.,2023-01-11,True,POSITIVE,1,SOURCE_G_REVIEWS,reviews_2023.csv,2023-01-11T01:46:06.796014626,BATCH-G-20230111
REV-00050241,SKU-0011909,user_2948,Samantha Thompson,4,Highly recommend this product.,2023-01-03,True,POSITIVE,4,SOURCE_G_REVIEWS,reviews_2023.csv,2023-01-03T08:42:49.044855983,BATCH-G-20230103
REV-00050254,SKU-0016946,user_9018561,Karen,1,   Very  disappointed  with  the  quality.   ,2023-12-14,True,NEGATIVE,6,SOURCE_G_REVIEWS,reviews_2023.csv,2023-12-15T00:27:12.128457976,BATCH-G-20231214
REV-00050266,SKU-0008249,user_9007892,Danielle Richardson,3,"Matches the description, no issues.",2023-05-01,False,NEUTRAL,4,SOURCE_G_REVIEWS,reviews_2023.csv,2023-05-01T11:57:18.771815548,BATCH-G-20230501
REV-00050269,SKU-0019100,user_9009327,Blake,5,   Great  value  for  money.   ,2023-07-28,False,POSITIVE,2,SOURCE_G_REVIEWS,reviews_2023.csv,2023-07-28T15:40:39.645246178,BATCH-G-20230728
REV-00050271,SKU-9938011,,Anonymous,3,Decent but overpriced a bit.,2023-12-14,True,NEUTRAL,1,SOURCE_G_REVIEWS,reviews_2023.csv,2023-12-15T05:24:36.632103077,BATCH-G-20231214
REV-00050279,SKU-0011550,,Anonymous,4,Exceeded my expectations.,2023-01-31,True,POSITIVE,4,SOURCE_G_REVIEWS,reviews_2023.csv,2023-02-01T05:22:03.709730131,BATCH-G-20230131
REV-00050292,SKU-0006062,user_9014238,Hector Burns,2,Arrived damaged and support was unhelpful.,2023-02-24,True,NEGATIVE,5,SOURCE_G_REVIEWS,reviews_2023.csv,2023-02-24T21:40:08.142909105,BATCH-G-20230224
REV-00050311,SKU-0017350,user_9006295,Maria Figueroa,3,Decent but overpriced a bit.,2023-05-19,False,NEUTRAL,4,SOURCE_G_REVIEWS,reviews_2023.csv,2023-05-19T19:17:14.904114228,BATCH-G-20230519
REV-00050322,SKU-0005401,user_49598,Amanda,5,Exceeded my expectations.,2023-07-17,False,POSITIVE,2,SOURCE_G_REVIEWS,reviews_2023.csv,2023-07-18T04:53:31.532509508,BATCH-G-20230717
REV-00050323,SKU-0000555,user_9033853,Alexis,5,"Perfect gift, they loved it!",2023-10-08,False,POSITIVE,0,SOURCE_G_REVIEWS,reviews_2023.csv,2023-10-09T03:56:50.932249711,BATCH-G-20231008
REV-00050328,SKU-0014400,user_28332,Carrie Smith,4,Will definitely buy again.,2023-06-11,True,POSITIVE,7,SOURCE_G_REVIEWS,reviews_2023.csv,2023-06-11T09:15:43.641733411,BATCH-G-20230611
REV-00050332,SKU-9980495,user_9000230,Jesse,4,Highly recommend this product.,2023-02-21,True,POSITIVE,0,SOURCE_G_REVIEWS,reviews_2023.csv,2023-02-21T19:00:33.744963737,BATCH-G-20230221
REV-00050336,SKU-0008399,user_9026820,Aaron Chase,5,Fast delivery and great quality. 🙏,2023-11-03,False,POSITIVE,14,SOURCE_G_REVIEWS,reviews_2023.csv,2023-11-03T10:53:36.431936734,BATCH-G-20231103
REV-00050369,SKU-0013233,user_61047,Charles Garcia,3,"Average quality, nothing special.",2023-06-10,False,NEUTRAL,1,SOURCE_G_REVIEWS,reviews_2023.csv,2023-06-10T18:50:25.871692535,BATCH-G-20230610
REV-00050376,SKU-0016464,user_54385,Mark,4,Fast delivery and great quality.,2023-07-25,True,POSITIVE,1,SOURCE_G_REVIEWS,reviews_2023.csv,2023-07-25T03:48:42.990840760,BATCH-G-20230725
REV-00050381,SKU-0007861,user_12458,Michael,5,"Solid build quality, no complaints.",2023-07-12,True,POSITIVE,2,SOURCE_G_REVIEWS,reviews_2023.csv,2023-07-12T13:42:31.429987245,BATCH-G-20230712
REV-00050392,SKU-0015170,user_9005863,Catherine Martinez,5,"<br>Exactly as described, very happy.&nbsp;",2023-06-30,True,POSITIVE,1,SOURCE_G_REVIEWS,reviews_2023.csv,2023-06-30T20:09:26.655973843,BATCH-G-20230630
REV-00050396,SKU-0013836,,Anonymous,2,Wrong item was shipped to me.,2023-12-23,False,NEGATIVE,1,SOURCE_G_REVIEWS,reviews_2023.csv,2023-12-24T04:50:12.343151129,BATCH-G-20231223
REV-00050397,SKU-0006563,,Anonymous,5,Will definitely buy again.,2023-07-17,True,POSITIVE,0,SOURCE_G_REVIEWS,reviews_2023.csv,2023-07-17T13:05:46.137498034,BATCH-G-20230717
REV-00050419,SKU-0013223,,Anonymous,1,Wrong item was shipped to me.,2023-05-17,False,NEGATIVE,1,SOURCE_G_REVIEWS,reviews_2023.csv,2023-05-17T00:47:41.821324458,BATCH-G-20230517
REV-00050428,SKU-0005114,user_7308,Benjamin Bryant,4,"Exactly as described, very happy.",2023-07-25,True,POSITIVE,2,SOURCE_G_REVIEWS,reviews_2023.csv,2023-07-26T05:53:08.381760726,BATCH-G-20230725
REV-00050435,SKU-0007263,user_9008643,Christopher Robertson,4,Highly recommend this product.,2023-04-25,False,POSITIVE,2,SOURCE_G_REVIEWS,reviews_2023.csv,2023-04-25T14:58:15.132999681,BATCH-G-20230425
REV-00050439,SKU-0005900,user_28350,Hayden,5,"Absolutely love it, works perfectly!",2023-05-21,True,POSITIVE,0,SOURCE_G_REVIEWS,reviews_2023.csv,2023-05-21T06:54:26.825327120,BATCH-G-20230521
REV-00050448,SKU-9926042,user_28728,Chelsea,2,"Poor packaging, item was defective.",2023-10-30,False,NEGATIVE,17,SOURCE_G_REVIEWS,reviews_2023.csv,2023-10-31T00:46:27.060368728,BATCH-G-20231030
REV-00050449,SKU-0006913,user_63851,Bradley Schwartz,5,Fast delivery and great quality.,2023-10-20,True,POSITIVE,0,SOURCE_G_REVIEWS,reviews_2023.csv,2023-10-21T04:41:50.635543195,BATCH-G-20231020
REV-00050451,SKU-0008021,user_67736,Mary Simpson,5,"Average quality, nothing special.",2023-11-23,True,NEUTRAL,2,SOURCE_G_REVIEWS,reviews_2023.csv,2023-11-23T14:05:03.588073614,BATCH-G-20231123
REV-00050453,SKU-0001162,user_8073,Tony Martin,4,"Perfect gift, they loved it!",2023-05-07,False,POSITIVE,3,SOURCE_G_REVIEWS,reviews_2023.csv,2023-05-08T00:07:43.352302525,BATCH-G-20230507
REV-00050458,SKU-0002602,user_4417,Emily Baker,3,"Average quality, nothing special.",2023-02-05,True,NEUTRAL,1,SOURCE_G_REVIEWS,reviews_2023.csv,2023-02-05T20:24:53.717967353,BATCH-G-20230205
REV-00050459,SKU-0014289,user_9008783,Rebecca Huff,4,Better than I expected for the price.,2023-07-25,True,POSITIVE,1,SOURCE_G_REVIEWS,reviews_2023.csv,2023-07-26T01:01:26.642491737,BATCH-G-20230725
REV-00050467,SKU-0018264,user_41711,Matthew Smith,4,"Absolutely love it, works perfectly!",2023-07-29,True,POSITIVE,2,SOURCE_G_REVIEWS,reviews_2023.csv,2023-07-29T15:18:35.569297836,BATCH-G-20230729
REV-00050471,SKU-9918241,,Anonymous,1,Stopped working after a week.,2023-01-23,False,NEGATIVE,0,SOURCE_G_REVIEWS,reviews_2023.csv,2023-01-24T01:28:23.645641190,BATCH-G-20230123
REV-00050476,SKU-0001441,user_56918,Manuel,3,Highly recommend this product. 👍,2023-04-12,False,POSITIVE,11,SOURCE_G_REVIEWS,reviews_2023.csv,2023-04-12T06:07:46.187474903,BATCH-G-20230412
REV-00050478,SKU-0002250,user_9020624,Victor Little,5,"Solid build quality, no complaints.",2023-07-23,False,POSITIVE,1,SOURCE_G_REVIEWS,reviews_2023.csv,2023-07-23T16:40:57.313298008,BATCH-G-20230723
REV-00050498,SKU-0002513,user_38753,Alicia Carson,5,"Perfect gift, they loved it!",2023-03-04,True,POSITIVE,4,SOURCE_G_REVIEWS,reviews_2023.csv,2023-03-04T17:45:49.194671022,BATCH-G-20230304
REV-00050502,SKU-0019089,user_9024989,Andrew,,Great value for money.,2023-09-29,True,POSITIVE,1,SOURCE_G_REVIEWS,reviews_2023.csv,2023-09-29T05:45:23.319365264,BATCH-G-20230929
REV-00050507,SKU-0017234,user_9021440,Nancy Green,2,"Cheaply made, broke immediately.",2023-09-25,False,NEGATIVE,3,SOURCE_G_REVIEWS,reviews_2023.csv,2023-09-25T06:49:51.977585093,BATCH-G-20230925
REV-00050516,SKU-0013713,user_44073,Jake Chapman,5,"Solid build quality, no complaints.",2023-12-18,False,POSITIVE,3,SOURCE_G_REVIEWS,reviews_2023.csv,2023-12-18T05:16:36.787698128,BATCH-G-20231218
REV-00050517,SKU-0010192,,Anonymous,5,"Exactly as described, very happy.",2023-02-19,True,POSITIVE,0,SOURCE_G_REVIEWS,reviews_2023.csv,2023-02-19T17:04:38.796449475,BATCH-G-20230219
REV-00050526,SKU-0001575,user_9020428,Shawn,3,Works fine but delivery was slow.,2023-05-12,True,NEUTRAL,0,SOURCE_G_REVIEWS,reviews_2023.csv,2023-05-12T09:10:41.319441620,BATCH-G-20230512
REV-00050529,SKU-0005843,,Anonymous,4,"Solid build quality, no complaints.",2023-12-15,False,POSITIVE,6,SOURCE_G_REVIEWS,reviews_2023.csv,2023-12-16T04:11:07.018566106,BATCH-G-20231215
REV-00050535,SKU-0014303,user_7541,Daniel,4,Exceeded my expectations.,2023-09-16,False,POSITIVE,2,SOURCE_G_REVIEWS,reviews_2023.csv,2023-09-17T04:35:27.845123842,BATCH-G-20230916
REV-00050541,SKU-0018812,user_9015790,James,2,Not as described at all.,2023-11-02,True,NEGATIVE,3,SOURCE_G_REVIEWS,reviews_2023.csv,2023-11-03T03:48:11.175941540,BATCH-G-20231102
REV-00050546,SKU-0017162,user_9019568,Robert,5,"Exactly as described, very happy.",2023-09-28,True,POSITIVE,5,SOURCE_G_REVIEWS,reviews_2023.csv,2023-09-28T15:39:53.384467399,BATCH-G-20230928
REV-00050547,SKU-0015014,user_9024369,Sandra James,4,Exceeded my expectations.,2023-12-16,True,POSITIVE,2,SOURCE_G_REVIEWS,reviews_2023.csv,2023-12-16T16:39:51.921259764,BATCH-G-20231216
REV-00050565,SKU-0018794,user_5509,Sarah Scott,3,Works fine but delivery was slow.,2023-04-10,True,NEUTRAL,3,SOURCE_G_REVIEWS,reviews_2023.csv,2023-04-10T23:18:32.181893449,BATCH-G-20230410
REV-00050568,SKU-0011841,user_63898,Brian,3,"Matches the description, no issues.",2023-07-17,False,NEUTRAL,1,SOURCE_G_REVIEWS,reviews_2023.csv,2023-07-17T20:41:59.589501210,BATCH-G-20230717
REV-00050579,SKU-0002482,user_9032306,Shannon Garrett,4,Will definitely buy again.,2023-06-19,True,POSITIVE,1,SOURCE_G_REVIEWS,reviews_2023.csv,2023-06-19T04:43:44.247433044,BATCH-G-20230619
REV-00050581,SKU-0012616,user_9004655,John Daniels,5,गुणवत्ता ठीक नहीं थी।,2023-06-19,True,POSITIVE,3,SOURCE_G_REVIEWS,reviews_2023.csv,2023-06-19T00:31:22.055874496,BATCH-G-20230619
REV-00050590,SKU-0015016,user_12519,Amy Burton,3,"Matches the description, no issues.",2023-07-18,True,NEUTRAL,0,SOURCE_G_REVIEWS,reviews_2023.csv,2023-07-18T03:31:14.780897222,BATCH-G-20230718
REV-00050605,SKU-0013905,user_56007,Jason Hayes,5,Will definitely buy again.,2023-12-15,True,POSITIVE,9,SOURCE_G_REVIEWS,reviews_2023.csv,2023-12-15T18:39:09.624935509,BATCH-G-20231215
REV-00050616,SKU-0012382,user_24145,Cody Jones,5,Highly recommend this product. 😡😢,2023-10-06,True,POSITIVE,6,SOURCE_G_REVIEWS,reviews_2023.csv,2023-10-07T02:35:43.309219680,BATCH-G-20231006
REV-00050619,SKU-0017654,,Anonymous,4,Great value for money.,2023-04-16,False,POSITIVE,6,SOURCE_G_REVIEWS,reviews_2023.csv,2023-04-16T14:56:27.271657791,BATCH-G-20230416
REV-00050624,SKU-0000284,user_9001917,Richard Heath,5,Will definitely buy again.,2023-09-15,True,POSITIVE,0,SOURCE_G_REVIEWS,reviews_2023.csv,2023-09-15T22:57:12.978686443,BATCH-G-20230915
REV-00050625,SKU-0001352,user_44898,Dylan,5,   Great  value  for  money.   ,2023-10-06,True,POSITIVE,1,SOURCE_G_REVIEWS,reviews_2023.csv,2023-10-07T00:24:54.731003405,BATCH-G-20231006
REV-00050625-DUP,SKU-0001352,user_44898,Dylan,5,   Great  value  for  money.   ,2023-10-06,True,POSITIVE,1,SOURCE_G_REVIEWS,reviews_2023.csv,2023-10-07T01:19:54.731003405,BATCH-G-20231006
REV-00050632,SKU-0019707,,Anonymous,5,No cumplió mis expectativas.,2023-02-08,False,POSITIVE,0,SOURCE_G_REVIEWS,reviews_2023.csv,2023-02-08T03:04:01.879436576,BATCH-G-20230208
REV-00050634,SKU-0015315,,Anonymous,5,"Perfect gift, they loved it!",2023-12-06,False,POSITIVE,9,SOURCE_G_REVIEWS,reviews_2023.csv,2023-12-06T17:30:18.818036269,BATCH-G-20231206
REV-00050651,SKU-0014591,user_9026170,Amber May,1,Wrong item was shipped to me.,2023-06-19,True,NEGATIVE,4,SOURCE_G_REVIEWS,reviews_2023.csv,2023-06-19T11:50:21.367589004,BATCH-G-20230619
REV-00050654,SKU-0012488,user_9009056,Amanda Bell,4,"   Solid  build  quality,  no  complaints.   ",2023-12-15,False,POSITIVE,3,SOURCE_G_REVIEWS,reviews_2023.csv,2023-12-15T14:08:54.705283753,BATCH-G-20231215
REV-00050661,SKU-0012210,user_9010651,Timothy,2,Stopped working after a week.,2023-11-15,False,NEGATIVE,1,SOURCE_G_REVIEWS,reviews_2023.csv,2023-11-15T10:34:21.724904020,BATCH-G-20231115
REV-00050662,SKU-0015158,user_9030368,Jennifer Sutton,1,"Poor packaging, item was defective.",2023-12-08,True,NEGATIVE,0,SOURCE_G_REVIEWS,reviews_2023.csv,2023-12-08T23:19:55.085329425,BATCH-G-20231208
REV-00050663,SKU-0012300,,Anonymous,4,"बहुत अच्छा उत्पाद है, पैसा वसूल!",2023-12-11,True,POSITIVE,3,SOURCE_G_REVIEWS,reviews_2023.csv,2023-12-11T07:59:03.391063424,BATCH-G-20231211
REV-00050665,SKU-0000538,,Anonymous,1,"Livraison très lente, déçu.",2023-04-17,False,NEGATIVE,0,SOURCE_G_REVIEWS,reviews_2023.csv,2023-04-17T07:23:23.518989177,BATCH-G-20230417
REV-00050671,SKU-0017098,user_47554,Ronald Larsen,4,Great value for money.,2023-03-21,True,POSITIVE,12,SOURCE_G_REVIEWS,reviews_2023.csv,2023-03-21T19:42:15.470918722,BATCH-G-20230321
REV-00050673,SKU-0018228,,Anonymous,4,"Perfect gift, they loved it!",2023-07-16,True,POSITIVE,11,SOURCE_G_REVIEWS,reviews_2023.csv,2023-07-17T01:17:14.862524157,BATCH-G-20230716
REV-00050685,SKU-0000493,user_9007924,Michael Reid,4,Will definitely buy again.,2023-12-19,False,POSITIVE,3,SOURCE_G_REVIEWS,reviews_2023.csv,2023-12-19T20:59:51.225734600,BATCH-G-20231219
REV-00050692,SKU-0003193,user_47817,Daniel Orozco,4,"Exactly as described, very happy. 💯😍",2023-08-19,True,POSITIVE,0,SOURCE_G_REVIEWS,reviews_2023.csv,2023-08-19T10:20:00.380171649,BATCH-G-20230819
REV-00050707,SKU-0000807,user_9024691,Mrs. Kimberly Bailey,1,Wrong item was shipped to me.,2023-04-26,False,NEGATIVE,4,SOURCE_G_REVIEWS,reviews_2023.csv,2023-04-26T06:36:13.861482555,BATCH-G-20230426
REV-00050710,SKU-9908747,user_9010281,John Hernandez,2,"Cheaply made, broke immediately.",2023-04-21,True,NEGATIVE,2,SOURCE_G_REVIEWS,reviews_2023.csv,2023-04-21T06:27:10.732730628,BATCH-G-20230421
REV-00050717,SKU-0004055,user_39220,Megan Chapman,4,Great value for money.,2023-01-27,True,POSITIVE,3,SOURCE_G_REVIEWS,reviews_2023.csv,2023-01-27T21:20:38.340242996,BATCH-G-20230127
REV-00050719,SKU-0003916,user_5577,Jacob Norris,4,Great value for money.,2023-04-30,False,POSITIVE,2,SOURCE_G_REVIEWS,reviews_2023.csv,2023-04-30T21:10:40.981048015,BATCH-G-20230430
REV-00050723,SKU-0011256,user_9009541,Anna Stephens,3,Works fine but delivery was slow.,2023-07-08,True,NEUTRAL,3,SOURCE_G_REVIEWS,reviews_2023.csv,2023-07-09T00:34:39.546768999,BATCH-G-20230708
REV-00050725,SKU-0018380,user_3896,Carlos Long,4,"Solid build quality, no complaints.",2023-12-11,True,POSITIVE,7,SOURCE_G_REVIEWS,reviews_2023.csv,2023-12-12T04:51:19.306053768,BATCH-G-20231211
REV-00050740,SKU-0003511,user_9007204,Barbara Sanchez,4,"It's okay, does the job.",2023-12-25,False,NEUTRAL,6,SOURCE_G_REVIEWS,reviews_2023.csv,2023-12-25T21:27:54.353984046,BATCH-G-20231225
REV-00050747,SKU-0016525,user_9021879,Adrian,4,   Highly  recommend  this  product.   ,2023-04-01,True,POSITIVE,3,SOURCE_G_REVIEWS,reviews_2023.csv,2023-04-01T18:02:25.923439685,BATCH-G-20230401
REV-00050749,SKU-0016176,,Anonymous,3,"Matches the description, no issues.",2023-02-20,False,NEUTRAL,9,SOURCE_G_REVIEWS,reviews_2023.csv,2023-02-20T16:55:55.122006161,BATCH-G-20230220
REV-00050752,SKU-0012510,user_50156,William Johnson,5,"Perfect gift, they loved it!",2023-07-06,True,POSITIVE,1,SOURCE_G_REVIEWS,reviews_2023.csv,2023-07-06T20:49:05.127798115,BATCH-G-20230706
REV-00050754,SKU-0004275,user_9007577,Ashley Whitehead,2,Stopped working after a week.,2023-02-28,True,NEGATIVE,14,SOURCE_G_REVIEWS,reviews_2023.csv,2023-03-01T00:30:51.646124895,BATCH-G-20230228
REV-00050754-DUP,SKU-0004275,user_9007577,Ashley Whitehead,2,Stopped working after a week.,2023-02-28,True,NEGATIVE,14,SOURCE_G_REVIEWS,reviews_2023.csv,2023-03-01T00:46:51.646124895,BATCH-G-20230228
REV-00050755,SKU-0009974,user_9004924,Dominique Day,5,Highly recommend this product.,2023-07-14,True,POSITIVE,1,SOURCE_G_REVIEWS,reviews_2023.csv,2023-07-14T09:10:33.663286403,BATCH-G-20230714
REV-00050763,SKU-0005233,user_9011594,John Douglas,3,"Not bad, not great either.",2023-01-18,False,NEUTRAL,4,SOURCE_G_REVIEWS,reviews_2023.csv,2023-01-18T09:25:18.549703340,BATCH-G-20230118
REV-00050778,SKU-0002807,user_6018,Jessica Lara,1,Wrong item was shipped to me.,2023-05-24,True,NEGATIVE,0,SOURCE_G_REVIEWS,reviews_2023.csv,2023-05-24T11:10:02.526882084,BATCH-G-20230524
REV-00050791,SKU-0010850,,Anonymous,2,"बहुत अच्छा उत्पाद है, पैसा वसूल!",2023-02-19,False,NEGATIVE,1,SOURCE_G_REVIEWS,reviews_2023.csv,2023-02-19T08:24:38.430430740,BATCH-G-20230219
REV-00050792,SKU-0016779,,Anonymous,4,"Perfect gift, they loved it!",2023-07-15,True,POSITIVE,2,SOURCE_G_REVIEWS,reviews_2023.csv,2023-07-15T09:01:36.201614335,BATCH-G-20230715
REV-00050801,SKU-0010128,user_9031249,Christopher Thompson,2,Arrived damaged and support was unhelpful. ⭐⭐,2023-11-13,False,NEGATIVE,17,SOURCE_G_REVIEWS,reviews_2023.csv,2023-11-13T21:06:53.993236382,BATCH-G-20231113
REV-00050816,SKU-0014723,user_9010404,Tammy Mclaughlin,5,Great value for money.,2023-10-28,True,POSITIVE,1,SOURCE_G_REVIEWS,reviews_2023.csv,2023-10-29T03:18:31.834092471,BATCH-G-20231028
REV-00050829,SKU-0004729,user_9001772,Jon Deleon,4,<br>Fast delivery and great quality.</p>,2023-09-05,False,POSITIVE,3,SOURCE_G_REVIEWS,reviews_2023.csv,2023-09-05T13:35:05.660845767,BATCH-G-20230905
REV-00050830,SKU-0012023,,Anonymous,5,Great value for money.,2023-01-31,True,POSITIVE,1,SOURCE_G_REVIEWS,reviews_2023.csv,2023-01-31T04:55:19.085680771,BATCH-G-20230131
REV-00050845,SKU-0005033,user_9010094,Scott,3,Decent but overpriced a bit.,2023-05-30,True,NEUTRAL,1,SOURCE_G_REVIEWS,reviews_2023.csv,2023-05-30T05:07:30.373548728,BATCH-G-20230530
REV-00050850,SKU-0001328,user_19090,Raymond Mccoy,unknown,Fast delivery and great quality.,2023-12-28,True,POSITIVE,4,SOURCE_G_REVIEWS,reviews_2023.csv,2023-12-29T01:21:24.858170241,BATCH-G-20231228
REV-00050865,SKU-0018121,user_9021024,Cynthia Williams,2,Not as described at all.,2023-01-03,True,NEGATIVE,0,SOURCE_G_REVIEWS,reviews_2023.csv,2023-01-03T05:32:48.900647785,BATCH-G-20230103
REV-00050868,SKU-0000256,,Anonymous,5,Fast delivery and great quality.,2023-03-03,True,POSITIVE,4,SOURCE_G_REVIEWS,reviews_2023.csv,2023-03-03T16:34:43.949946298,BATCH-G-20230303
REV-00050871,SKU-0001312,,Anonymous,4,Exceeded my expectations.,2023-07-13,False,POSITIVE,6,SOURCE_G_REVIEWS,reviews_2023.csv,2023-07-13T17:23:39.848931101,BATCH-G-20230713
REV-00050883,SKU-0012289,user_9004491,Christopher Hurley,2,Stopped working after a week.,2023-04-11,True,NEGATIVE,0,SOURCE_G_REVIEWS,reviews_2023.csv,2023-04-11T19:54:01.534235851,BATCH-G-20230411
REV-00050885,SKU-0003409,user_44534,Michelle Smith,-1,"Solid build quality, no complaints.",2023-09-11,True,POSITIVE,2,SOURCE_G_REVIEWS,reviews_2023.csv,2023-09-11T07:56:48.512233712,BATCH-G-20230911
REV-00050893,SKU-0008868,user_51458,Jordan,5,"Absolutely love it, works perfectly!",2023-12-29,False,POSITIVE,0,SOURCE_G_REVIEWS,reviews_2023.csv,2023-12-29T04:34:37.345990004,BATCH-G-20231229
REV-00050896,SKU-0019402,user_9030873,Erica,3,"Not bad, not great either.",2023-03-03,True,NEUTRAL,0,SOURCE_G_REVIEWS,reviews_2023.csv,2023-03-04T05:20:52.928799082,BATCH-G-20230303
REV-00050913,SKU-0018659,user_9006361,Russell Hebert,3,"Matches the description, no issues.",2023-06-30,True,NEUTRAL,0,SOURCE_G_REVIEWS,reviews_2023.csv,2023-06-30T00:32:36.666515572,BATCH-G-20230630
REV-00050924,SKU-0003011,,Anonymous,3,"It's okay, does the job.",2023-11-23,True,NEUTRAL,3,SOURCE_G_REVIEWS,reviews_2023.csv,2023-11-23T10:47:40.187267342,BATCH-G-20231123
REV-00050925,SKU-0015793,user_9000548,Rebecca,5,"Solid build quality, no complaints.",2023-10-19,False,POSITIVE,1,SOURCE_G_REVIEWS,reviews_2023.csv,2023-10-19T05:24:26.548944396,BATCH-G-20231019
REV-00050931,SKU-0011629,user_27344,Richard Martin,NULL,Very disappointed with the quality.,2023-01-07,False,NEGATIVE,3,SOURCE_G_REVIEWS,reviews_2023.csv,2023-01-07T10:28:24.514012693,BATCH-G-20230107
REV-00050936,SKU-0000160,user_11717,Christopher Huerta,5,"Absolutely love it, works perfectly!",2023-08-15,False,POSITIVE,0,SOURCE_G_REVIEWS,reviews_2023.csv,2023-08-15T21:34:23.304283272,BATCH-G-20230815
REV-00050940,SKU-0004120,user_9022526,Matthew Fuller,4,Will definitely buy again.,2023-04-25,True,POSITIVE,0,SOURCE_G_REVIEWS,reviews_2023.csv,2023-04-25T22:39:21.845087161,BATCH-G-20230425
REV-00050951,SKU-0015346,user_69222,Sharon Smith,3,"Not bad, not great either.",2023-02-02,False,NEUTRAL,1,SOURCE_G_REVIEWS,reviews_2023.csv,2023-02-02T06:15:07.734290718,BATCH-G-20230202
REV-00050955,SKU-0008006,user_38509,Kristopher,5,Great value for money.,2023-03-09,False,POSITIVE,1,SOURCE_G_REVIEWS,reviews_2023.csv,2023-03-09T19:35:39.666062297,BATCH-G-20230309
REV-00050959,SKU-0005342,user_2725,Brenda Schmidt,5,"Solid build quality, no complaints.",2023-10-14,False,POSITIVE,0,SOURCE_G_REVIEWS,reviews_2023.csv,2023-10-15T03:45:52.391119562,BATCH-G-20231014
REV-00050979,SKU-0001667,user_9005109,Jason Fuller,5,Highly recommend this product.,2023-06-28,True,POSITIVE,6,SOURCE_G_REVIEWS,reviews_2023.csv,2023-06-29T04:12:17.831600419,BATCH-G-20230628
REV-00050986,SKU-0014664,user_9025792,Antonio Boyle,5,"Perfect gift, they loved it!",2023-05-04,True,POSITIVE,3,SOURCE_G_REVIEWS,reviews_2023.csv,2023-05-04T14:11:49.638083968,BATCH-G-20230504
REV-00050989,SKU-0012830,user_65343,Maureen,4,"Solid build quality, no complaints. ⭐",2023-06-25,False,POSITIVE,1,SOURCE_G_REVIEWS,reviews_2023.csv,2023-06-25T20:27:37.851893285,BATCH-G-20230625
REV-00050994,SKU-0016638,user_3628,Stephanie Malone,2,Wrong item was shipped to me.,2023-03-27,True,NEGATIVE,6,SOURCE_G_REVIEWS,reviews_2023.csv,2023-03-27T13:53:08.771481157,BATCH-G-20230327
REV-00050995,SKU-9988044,user_8924,James Rogers,5,   Highly  recommend  this  product.   ,2023-08-22,True,POSITIVE,2,SOURCE_G_REVIEWS,reviews_2023.csv,2023-08-22T18:09:02.658799758,BATCH-G-20230822
REV-00051016,SKU-0005955,,Anonymous,4,Great value for money.,2023-09-14,True,POSITIVE,1,SOURCE_G_REVIEWS,reviews_2023.csv,2023-09-14T23:34:21.072607968,BATCH-G-20230914
REV-00051017,SKU-0019603,,Anonymous,4,"Exactly as described, very happy.",2023-12-15,True,POSITIVE,0,SOURCE_G_REVIEWS,reviews_2023.csv,2023-12-15T11:16:42.705593313,BATCH-G-20231215
REV-00051023,SKU-0012783,user_9005092,Richard Johnson,3,"Average quality, nothing special.",2023-11-08,False,NEUTRAL,0,SOURCE_G_REVIEWS,reviews_2023.csv,2023-11-08T14:34:55.136296062,BATCH-G-20231108
REV-00051026,SKU-0017106,user_46419,Jonathan Andrade,5,Highly recommend this product.,2023-09-30,False,POSITIVE,5,SOURCE_G_REVIEWS,reviews_2023.csv,2023-09-30T22:00:33.214099309,BATCH-G-20230930
REV-00051027,SKU-0012748,user_9031166,Jennifer,4,Fast delivery and great quality.,2023-12-29,True,POSITIVE,9,SOURCE_G_REVIEWS,reviews_2023.csv,2023-12-30T03:54:43.074318372,BATCH-G-20231229
REV-00051032,SKU-0003407,user_9031007,James Graves,2,"Poor packaging, item was defective.",2023-05-19,True,NEGATIVE,0,SOURCE_G_REVIEWS,reviews_2023.csv,2023-05-20T05:48:56.661057420,BATCH-G-20230519
REV-00051048,SKU-0015098,user_53344,Tiffany Brown,3,Decent but overpriced a bit.,2023-08-27,True,NEUTRAL,0,SOURCE_G_REVIEWS,reviews_2023.csv,2023-08-27T17:45:30.199878250,BATCH-G-20230827
REV-00051049,SKU-0013374,user_31026,Raymond,4,Better than I expected for the price. 💯,2023-10-15,True,POSITIVE,0,SOURCE_G_REVIEWS,reviews_2023.csv,2023-10-16T04:24:40.317336922,BATCH-G-20231015
REV-00051055,SKU-0007507,,Anonymous,5,<b>Update:</b>Will definitely buy again.<br>,2023-04-24,True,POSITIVE,0,SOURCE_G_REVIEWS,reviews_2023.csv,2023-04-25T04:40:54.378737448,BATCH-G-20230424
REV-00051058,SKU-0015686,user_62681,Thomas Kelley,3,"Not bad, not great either.",2023-01-29,False,NEUTRAL,0,SOURCE_G_REVIEWS,reviews_2023.csv,2023-01-29T17:51:04.821837174,BATCH-G-20230129
REV-00051063,SKU-0016703,user_9009984,Donald Reyes,3,Excellent rapport qualité-prix. 😢💯,2023-06-30,True,NEUTRAL,0,SOURCE_G_REVIEWS,reviews_2023.csv,2023-06-30T18:02:47.289147490,BATCH-G-20230630
REV-00051066,SKU-0001580,user_9012356,Brian Williams,3,"Matches the description, no issues.",2023-03-16,True,NEUTRAL,5,SOURCE_G_REVIEWS,reviews_2023.csv,2023-03-16T13:03:36.606356490,BATCH-G-20230316
REV-00051074,SKU-0002253,,Anonymous,2,Not as described at all.,2023-08-18,True,NEGATIVE,0,SOURCE_G_REVIEWS,reviews_2023.csv,2023-08-18T06:01:21.119038974,BATCH-G-20230818
REV-00051096,SKU-0015518,user_9003353,Jaime Gonzales,5,"</p>Solid build quality, no complaints.&nbsp;",2023-03-14,False,POSITIVE,3,SOURCE_G_REVIEWS,reviews_2023.csv,2023-03-14T20:29:41.707720586,BATCH-G-20230314
REV-00051107,SKU-0002192,user_9003485,Dr.,4,"   Perfect  gift,  they  loved  it!   ",2023-12-18,False,POSITIVE,1,SOURCE_G_REVIEWS,reviews_2023.csv,2023-12-18T15:53:01.457455482,BATCH-G-20231218
REV-00051109,SKU-0006692,,Anonymous,3,"Matches the description, no issues.",2023-12-17,True,NEUTRAL,5,SOURCE_G_REVIEWS,reviews_2023.csv,2023-12-17T07:39:28.407509283,BATCH-G-20231217
REV-00051126,SKU-9990315,user_15179,Brandy Stanley,5,"   Solid  build  quality,  no  complaints.   ",2023-03-19,False,POSITIVE,2,SOURCE_G_REVIEWS,reviews_2023.csv,2023-03-20T01:17:53.805722181,BATCH-G-20230319
REV-00051154,SKU-0001692,user_12050,Susan Nicholson,1,"Waste of money, do not buy.",2023-03-27,False,NEGATIVE,4,SOURCE_G_REVIEWS,reviews_2023.csv,2023-04-08T20:00:00,BATCH-G-20230327
REV-00051167,SKU-0003042,user_45170,Olivia Villegas,4,"बहुत अच्छा उत्पाद है, पैसा वसूल!",2023-07-13,True,POSITIVE,0,SOURCE_G_REVIEWS,reviews_2023.csv,2023-07-13T14:47:28.743412822,BATCH-G-20230713
REV-00051170,SKU-0011454,user_23269,Charles,4,"Exactly as described, very happy.",2023-01-05,True,POSITIVE,1,SOURCE_G_REVIEWS,reviews_2023.csv,2023-01-06T05:47:42.544562814,BATCH-G-20230105
REV-00051178,SKU-0015576,,Anonymous,5,"</p>Solid build quality, no complaints.&nbsp;",2023-09-21,True,POSITIVE,3,SOURCE_G_REVIEWS,reviews_2023.csv,2023-09-21T17:58:30.430852974,BATCH-G-20230921
REV-00051181,SKU-0001733,user_9016351,Jasmine,4,"Perfect gift, they loved it!",2023-01-21,True,POSITIVE,1,SOURCE_G_REVIEWS,reviews_2023.csv,2023-01-21T12:13:51.839873116,BATCH-G-20230121
REV-00051200,SKU-0012867,user_6478,Megan King,5,Better than I expected for the price.,2023-12-12,True,POSITIVE,3,SOURCE_G_REVIEWS,reviews_2023.csv,2023-12-12T03:24:10.514297658,BATCH-G-20231212
REV-00051202,SKU-0015925,user_34575,Jose Hammond,4,Exceeded my expectations. 😐,2023-03-14,False,POSITIVE,2,SOURCE_G_REVIEWS,reviews_2023.csv,2023-03-14T23:57:20.810075740,BATCH-G-20230314
REV-00051213,SKU-0003061,user_19438,David Anderson,2,"Waste of money, do not buy.",2023-01-13,True,NEGATIVE,0,SOURCE_G_REVIEWS,reviews_2023.csv,2023-01-14T00:57:01.816830573,BATCH-G-20230113
REV-00051221,SKU-0013185,user_9014500,Jasmine Kim,3,"Average quality, nothing special.",2023-09-24,True,NEUTRAL,1,SOURCE_G_REVIEWS,reviews_2023.csv,2023-09-24T08:02:23.627747656,BATCH-G-20230924
REV-00051228,SKU-0000986,,Anonymous,4,Will definitely buy again.,2023-11-07,True,POSITIVE,0,SOURCE_G_REVIEWS,reviews_2023.csv,2023-11-07T22:53:40.109562684,BATCH-G-20231107
REV-00051232,SKU-9943240,,Anonymous,4,   Better  than  I  expected  for  the  price.   ,2023-12-06,False,POSITIVE,7,SOURCE_G_REVIEWS,reviews_2023.csv,2023-12-06T21:32:17.194506099,BATCH-G-20231206
REV-00051235,SKU-0003371,user_1441,Julian Fernandez,5,Great value for money.,2023-03-31,True,POSITIVE,2,SOURCE_G_REVIEWS,reviews_2023.csv,2023-03-31T04:27:56.762727234,BATCH-G-20230331
REV-00051246,SKU-0008775,user_9005630,Isaiah Stewart,5,"Absolutely love it, works perfectly!",2023-03-20,True,POSITIVE,1,SOURCE_G_REVIEWS,reviews_2023.csv,2023-03-20T07:30:46.532096392,BATCH-G-20230320
REV-00051253,SKU-0017030,user_9004483,Rachel,5,"Perfect gift, they loved it!",2023-11-20,True,POSITIVE,8,SOURCE_G_REVIEWS,reviews_2023.csv,2023-11-20T13:37:41.711239463,BATCH-G-20231120
REV-00051304,SKU-0003275,user_9023398,Patricia Gregory,5,Great value for money.,2023-11-08,False,POSITIVE,0,SOURCE_G_REVIEWS,reviews_2023.csv,2023-11-08T19:03:53.363010713,BATCH-G-20231108
REV-00051304-DUP,SKU-0003275,user_9023398,Patricia Gregory,5,Great value for money.,2023-11-08,False,POSITIVE,0,SOURCE_G_REVIEWS,reviews_2023.csv,2023-11-08T19:54:53.363010713,BATCH-G-20231108
REV-00051305,SKU-0007489,user_9022002,Mark Stanley,5,Highly recommend this product.,2023-12-08,True,POSITIVE,4,SOURCE_G_REVIEWS,reviews_2023.csv,2023-12-08T09:52:22.399745517,BATCH-G-20231208
REV-00051311,SKU-0000020,user_9023313,Penny Mccullough,4,"</p>Solid build quality, no complaints.</p>",2023-12-08,True,POSITIVE,3,SOURCE_G_REVIEWS,reviews_2023.csv,2023-12-08T10:57:22.444436816,BATCH-G-20231208
REV-00051333,SKU-0007460,user_54441,Roberto,4,Fast delivery and great quality.,2023-03-26,True,POSITIVE,1,SOURCE_G_REVIEWS,reviews_2023.csv,2023-03-26T05:39:24.645805355,BATCH-G-20230326
REV-00051336,SKU-0009753,user_47767,Daniel White,5,"No cumplió mis expectativas. Perfect gift, they loved it!",2023-08-23,False,POSITIVE,0,SOURCE_G_REVIEWS,reviews_2023.csv,2023-08-23T12:11:36.904059431,BATCH-G-20230823
REV-00051338,SKU-0004972,user_9007954,Ryan,5,Exceeded my expectations.,2023-04-07,False,POSITIVE,1,SOURCE_G_REVIEWS,reviews_2023.csv,2023-04-08T00:55:53.086937679,BATCH-G-20230407
REV-00051346,SKU-0001989,user_9002932,Justin Sutton,5,"Solid build quality, no complaints.",2023-06-20,False,POSITIVE,0,SOURCE_G_REVIEWS,reviews_2023.csv,2023-06-20T13:53:46.057450867,BATCH-G-20230620
REV-00051346-DUP,SKU-0001989,user_9002932,Justin Sutton,5,"Solid build quality, no complaints.",2023-06-20,False,POSITIVE,0,SOURCE_G_REVIEWS,reviews_2023.csv,2023-06-20T14:50:46.057450867,BATCH-G-20230620
REV-00051360,SKU-0006808,user_27952,Mary Burke,2,"Poor packaging, item was defective.",2023-12-17,False,NEGATIVE,0,SOURCE_G_REVIEWS,reviews_2023.csv,2023-12-18T02:09:16.020705360,BATCH-G-20231217
REV-00051395,SKU-0016412,user_9011992,Richard,3,"Matches the description, no issues.",2023-07-29,True,NEUTRAL,1,SOURCE_G_REVIEWS,reviews_2023.csv,2023-07-30T00:42:27.038922267,BATCH-G-20230729
REV-00051397,SKU-0010696,user_21013,Sarah Bennett,5,Will definitely buy again.,2023-12-23,True,POSITIVE,2,SOURCE_G_REVIEWS,reviews_2023.csv,2023-12-23T07:02:55.192338859,BATCH-G-20231223
REV-00051407,SKU-0003223,user_38683,John Sanchez,4,"Exactly as described, very happy.",2023-03-11,True,POSITIVE,2,SOURCE_G_REVIEWS,reviews_2023.csv,2023-03-11T21:05:03.700825061,BATCH-G-20230311
REV-00051413,SKU-0016872,user_65144,Michelle Obrien,5,Highly recommend this product.,2023-10-13,False,POSITIVE,2,SOURCE_G_REVIEWS,reviews_2023.csv,2023-10-13T18:18:06.206180277,BATCH-G-20231013
REV-00051422,SKU-0017226,user_9001340,Leslie,3,Works fine but delivery was slow.,2023-10-18,True,NEUTRAL,4,SOURCE_G_REVIEWS,reviews_2023.csv,2023-10-18T10:39:16.787504781,BATCH-G-20231018
REV-00051439,SKU-0005340,user_56796,Richard,5,Better than I expected for the price.,2023-06-29,True,POSITIVE,6,SOURCE_G_REVIEWS,reviews_2023.csv,2023-06-30T02:02:57.726278611,BATCH-G-20230629
REV-00051449,SKU-0000272,user_9003544,Dalton Horne,3,"Matches the description, no issues.",2023-11-29,True,NEUTRAL,0,SOURCE_G_REVIEWS,reviews_2023.csv,2023-11-30T04:56:58.687274778,BATCH-G-20231129
REV-00051457,SKU-0005280,user_9025690,Michael Thompson,4,Excellent rapport qualité-prix.,2023-01-05,True,POSITIVE,3,SOURCE_G_REVIEWS,reviews_2023.csv,2023-01-05T07:35:32.729024636,BATCH-G-20230105
REV-00051474,SKU-0000618,user_9023519,Michael Wang MD,1,"Waste of money, do not buy.",2023-08-03,False,NEGATIVE,7,SOURCE_G_REVIEWS,reviews_2023.csv,2023-08-04T03:39:15.649044164,BATCH-G-20230803
REV-00051479,SKU-0006746,user_31760,Ashley,3,"Matches the description, no issues.",2023-06-21,False,NEUTRAL,5,SOURCE_G_REVIEWS,reviews_2023.csv,2023-06-21T06:26:51.149282714,BATCH-G-20230621
REV-00051501,SKU-0010493,,Anonymous,5,Exceeded my expectations.,2023-12-07,False,POSITIVE,0,SOURCE_G_REVIEWS,reviews_2023.csv,2023-12-08T03:06:06.910830539,BATCH-G-20231207
REV-00051503,SKU-0017978,user_9032025,Raymond Kelly,5,Will definitely buy again.,2023-11-24,True,POSITIVE,2,SOURCE_G_REVIEWS,reviews_2023.csv,2023-11-24T09:28:49.313905442,BATCH-G-20231124
REV-00051504,SKU-0013555,user_9002810,Joseph,4,Great value for money.,2023-12-12,True,POSITIVE,5,SOURCE_G_REVIEWS,reviews_2023.csv,2023-12-12T23:34:31.614296671,BATCH-G-20231212
REV-00051510,SKU-0011538,user_9025565,William Anderson,5,Fast delivery and great quality.,2023-02-17,True,POSITIVE,0,SOURCE_G_REVIEWS,reviews_2023.csv,2023-02-18T00:28:35.939421734,BATCH-G-20230217
REV-00051512,SKU-0004142,,Anonymous,4,Will definitely buy again.,2023-05-17,True,POSITIVE,3,SOURCE_G_REVIEWS,reviews_2023.csv,2023-05-17T17:13:46.284653671,BATCH-G-20230517
REV-00051535,SKU-0014679,,Anonymous,5,Excellent rapport qualité-prix. Great value for money.,2023-10-05,False,POSITIVE,9,SOURCE_G_REVIEWS,reviews_2023.csv,2023-10-05T05:58:00.721701070,BATCH-G-20231005
REV-00051536,SKU-0002496,user_28031,Christine Bryan,5,Not as described at all.,2023-11-26,True,NEGATIVE,2,SOURCE_G_REVIEWS,reviews_2023.csv,2023-11-26T20:55:28.764090972,BATCH-G-20231126
REV-00051537,SKU-0015209,user_34519,Travis Douglas,1,Wrong item was shipped to me.,2023-09-03,False,NEGATIVE,1,SOURCE_G_REVIEWS,reviews_2023.csv,2023-09-03T11:32:28.933736182,BATCH-G-20230903
REV-00051561,SKU-0013015,user_9025884,Courtney Ball,1,"Poor packaging, item was defective.",2023-03-08,True,NEGATIVE,2,SOURCE_G_REVIEWS,reviews_2023.csv,2023-03-08T16:26:06.156962890,BATCH-G-20230308
REV-00051563,SKU-0017228,user_9033359,Summer,5,"Solid build quality, no complaints.",2023-07-23,True,POSITIVE,2,SOURCE_G_REVIEWS,reviews_2023.csv,2023-07-23T15:47:17.569193251,BATCH-G-20230723
REV-00051565,SKU-0002073,user_9028912,Brittany Bennett,4,"<b>Update:</b>Absolutely love it, works perfectly!<br>",2023-03-09,True,POSITIVE,7,SOURCE_G_REVIEWS,reviews_2023.csv,2023-03-09T21:44:13.340967583,BATCH-G-20230309
REV-00051574,SKU-0004353,,Anonymous,5,"Absolutely love it, works perfectly!",2023-05-14,True,POSITIVE,4,SOURCE_G_REVIEWS,reviews_2023.csv,2023-05-14T13:26:09.086019602,BATCH-G-20230514
REV-00051582,SKU-0015215,user_9033550,Lindsey,,Great value for money.,2023-10-26,False,POSITIVE,0,SOURCE_G_REVIEWS,reviews_2023.csv,2023-10-26T12:36:07.744839249,BATCH-G-20231026
REV-00051583,SKU-0011414,,Anonymous,5,Great value for money.,2023-12-05,True,POSITIVE,2,SOURCE_G_REVIEWS,reviews_2023.csv,2023-12-06T01:58:59.201801154,BATCH-G-20231205
REV-00051610,SKU-9952181,user_33768,William Johnson,3,"Average quality, nothing special.",2023-06-29,True,NEUTRAL,1,SOURCE_G_REVIEWS,reviews_2023.csv,2023-06-29T04:54:45.410846901,BATCH-G-20230629
REV-00051612,SKU-0004983,user_69705,Scott,3,"Matches the description, no issues.",2023-08-10,True,NEUTRAL,2,SOURCE_G_REVIEWS,reviews_2023.csv,2023-08-10T15:43:33.312139636,BATCH-G-20230810
REV-00051614,SKU-0008612,user_9020728,Jennifer Edwards,5,"Perfect gift, they loved it!",2023-03-24,True,POSITIVE,8,SOURCE_G_REVIEWS,reviews_2023.csv,2023-03-24T11:09:23.072939765,BATCH-G-20230324
REV-00051617,SKU-0002387,user_9021126,Danielle Porter,5,Great value for money.,2023-01-17,True,POSITIVE,4,SOURCE_G_REVIEWS,reviews_2023.csv,2023-01-17T04:04:41.313650871,BATCH-G-20230117
REV-00051619,SKU-0009858,user_67412,Terri Stewart,0,Decent but overpriced a bit.,2023-08-14,True,NEUTRAL,2,SOURCE_G_REVIEWS,reviews_2023.csv,2023-08-14T03:36:43.519024189,BATCH-G-20230814
REV-00051620,SKU-0015533,,Anonymous,3,Decent but overpriced a bit.,2023-12-08,True,NEUTRAL,0,SOURCE_G_REVIEWS,reviews_2023.csv,2023-12-08T00:42:42.118919723,BATCH-G-20231208
REV-00051623,SKU-0007842,,Anonymous,3,"Matches the description, no issues.",2023-09-04,True,NEUTRAL,1,SOURCE_G_REVIEWS,reviews_2023.csv,2023-09-04T19:46:05.383608387,BATCH-G-20230904
REV-00051624,SKU-0016928,,Anonymous,4,"Solid build quality, no complaints.",2023-09-01,True,POSITIVE,5,SOURCE_G_REVIEWS,reviews_2023.csv,2023-09-01T08:27:29.510246165,BATCH-G-20230901
REV-00051635,SKU-0010888,user_9034965,Jennifer Moore,2,"Poor packaging, item was defective. 🙏",2023-02-17,True,NEGATIVE,0,SOURCE_G_REVIEWS,reviews_2023.csv,2023-02-17T03:29:43.322479334,BATCH-G-20230217
REV-00051649,SKU-0011602,user_9026150,Joshua Harris,5,"Exactly as described, very happy.",2023-03-30,True,POSITIVE,2,SOURCE_G_REVIEWS,reviews_2023.csv,2023-03-30T04:43:46.352916508,BATCH-G-20230330
REV-00051652,SKU-0006427,user_9008008,Tara Santiago,3,Works fine but delivery was slow.,2023-01-25,True,NEUTRAL,2,SOURCE_G_REVIEWS,reviews_2023.csv,2023-01-25T13:12:00.352394609,BATCH-G-20230125
REV-00051655,SKU-9913408,user_14175,Justin Jackson,5,"Solid build quality, no complaints.",2023-10-08,False,POSITIVE,0,SOURCE_G_REVIEWS,reviews_2023.csv,2023-10-08T01:43:16.062547848,BATCH-G-20231008
REV-00051671,SKU-0013933,user_32404,Cassandra Mccullough,2,"No cumplió mis expectativas. Cheaply made, broke immediately.",2023-09-05,False,NEGATIVE,3,SOURCE_G_REVIEWS,reviews_2023.csv,2023-09-05T16:00:32.469669026,BATCH-G-20230905
REV-00051675,SKU-0019998,user_9034063,Janice Kline,5,"Solid build quality, no complaints.",2023-01-20,True,POSITIVE,8,SOURCE_G_REVIEWS,reviews_2023.csv,2023-01-20T15:36:03.109542369,BATCH-G-20230120
REV-00051699,SKU-0004138,,Anonymous,5,Better than I expected for the price.,2023-03-19,True,POSITIVE,0,SOURCE_G_REVIEWS,reviews_2023.csv,2023-03-19T05:01:19.622607364,BATCH-G-20230319
REV-00051706,SKU-0007128,user_9014622,Walter Trevino,4,"Absolutely love it, works perfectly!",2023-07-25,True,POSITIVE,1,SOURCE_G_REVIEWS,reviews_2023.csv,2023-07-26T03:04:42.189794436,BATCH-G-20230725
REV-00051717,SKU-0003560,user_57226,Claudia Parker,5,Highly recommend this product.,2023-03-14,True,POSITIVE,0,SOURCE_G_REVIEWS,reviews_2023.csv,2023-03-14T06:20:29.329002741,BATCH-G-20230314
REV-00051720,SKU-0000690,user_36137,Kathy Marshall,2,Wrong item was shipped to me. 👍,2023-08-16,False,NEGATIVE,1,SOURCE_G_REVIEWS,reviews_2023.csv,2023-08-16T04:54:18.944677951,BATCH-G-20230816
REV-00051747,SKU-0000510,user_2807,Curtis Contreras,4,Stopped working after a week.,2023-03-12,False,NEGATIVE,2,SOURCE_G_REVIEWS,reviews_2023.csv,2023-03-13T01:32:07.136532159,BATCH-G-20230312
REV-00051748,SKU-0002429,,Anonymous,3,"Average quality, nothing special. 😍",2023-04-30,True,NEUTRAL,1,SOURCE_G_REVIEWS,reviews_2023.csv,2023-04-30T22:04:51.967294306,BATCH-G-20230430
REV-00051748-BOT,SKU-0002429,user_9000195,Dillon Delacruz,3,"Average quality, nothing special. 😍",2023-04-30,False,NEUTRAL,0,SOURCE_G_REVIEWS,reviews_2023.csv,2023-04-30T22:04:51.967294306,BATCH-G-20230430
REV-00051749,SKU-0011987,user_9011962,Richard Gutierrez,3,"It's okay, does the job. 😢",2023-01-13,True,NEUTRAL,0,SOURCE_G_REVIEWS,reviews_2023.csv,2023-01-13T07:49:27.950156562,BATCH-G-20230113
REV-00051751,SKU-0002157,,Anonymous,4,Better than I expected for the price.,2023-06-20,True,POSITIVE,0,SOURCE_G_REVIEWS,reviews_2023.csv,2023-06-21T04:47:07.448046410,BATCH-G-20230620
REV-00051753,SKU-0003901,user_3833,Natalie,5,"Exactly as described, very happy. 👍😐",2023-04-07,False,POSITIVE,12,SOURCE_G_REVIEWS,reviews_2023.csv,2023-04-07T09:11:42.301971188,BATCH-G-20230407
REV-00051757,SKU-0011935,user_32893,Lisa Lee,5,"Solid build quality, no complaints.",2023-03-17,False,POSITIVE,3,SOURCE_G_REVIEWS,reviews_2023.csv,2023-03-17T08:44:15.238469004,BATCH-G-20230317
REV-00051777,SKU-0000169,,Anonymous,4,"Exactly as described, very happy.",2023-08-13,False,POSITIVE,3,SOURCE_G_REVIEWS,reviews_2023.csv,2023-08-13T16:13:33.704425966,BATCH-G-20230813
REV-00051812,SKU-9993625,user_50975,Amanda Little,1,Wrong item was shipped to me.,2023-10-07,True,NEGATIVE,0,SOURCE_G_REVIEWS,reviews_2023.csv,2023-10-07T21:27:20.244861295,BATCH-G-20231007
REV-00051818,SKU-9972028,,Anonymous,3,No cumplió mis expectativas.,2023-02-11,True,NEUTRAL,0,SOURCE_G_REVIEWS,reviews_2023.csv,2023-02-11T11:14:09.034581032,BATCH-G-20230211
REV-00051830,SKU-0010641,,Anonymous,4,Highly recommend this product.,2023-10-07,True,POSITIVE,4,SOURCE_G_REVIEWS,reviews_2023.csv,2023-10-07T02:59:43.848159476,BATCH-G-20231007
REV-00051835,SKU-0009790,,Anonymous,3,"Matches the description, no issues.",2023-01-04,True,NEUTRAL,3,SOURCE_G_REVIEWS,reviews_2023.csv,2023-01-04T13:29:59.992235187,BATCH-G-20230104
REV-00051846,SKU-0014501,user_9008935,Wayne Smith,4,गुणवत्ता ठीक नहीं थी।,2023-12-16,False,POSITIVE,0,SOURCE_G_REVIEWS,reviews_2023.csv,2023-12-17T01:47:00.337175088,BATCH-G-20231216
REV-00051851,SKU-0017554,user_9030296,Amanda,1,Wrong item was shipped to me.,2023-05-16,False,NEGATIVE,2,SOURCE_G_REVIEWS,reviews_2023.csv,2023-05-16T04:18:06.540892177,BATCH-G-20230516
REV-00051857,SKU-0007236,user_64815,Tamara Hill,5,गुणवत्ता ठीक नहीं थी।,2023-07-09,False,POSITIVE,3,SOURCE_G_REVIEWS,reviews_2023.csv,2023-07-09T23:05:34.426846681,BATCH-G-20230709
REV-00051870,SKU-0018302,user_38271,David Thompson,2,Stopped working after a week.,2023-07-18,True,NEGATIVE,5,SOURCE_G_REVIEWS,reviews_2023.csv,2023-07-19T05:19:16.374493530,BATCH-G-20230718
REV-00051882,SKU-0016066,user_65915,Anna,5,"Perfect gift, they loved it!",2023-07-07,False,POSITIVE,1,SOURCE_G_REVIEWS,reviews_2023.csv,2023-07-07T15:38:46.472492964,BATCH-G-20230707
REV-00051889,SKU-0001225,user_9029835,Bryan King,NA,Will definitely buy again.,2023-12-11,False,POSITIVE,1,SOURCE_G_REVIEWS,reviews_2023.csv,2023-12-12T02:17:07.438771879,BATCH-G-20231211
REV-00051903,SKU-0014935,,Anonymous,5,"Solid build quality, no complaints. 💯😀",2023-07-10,True,POSITIVE,4,SOURCE_G_REVIEWS,reviews_2023.csv,2023-07-10T09:28:07.551784829,BATCH-G-20230710
REV-00051912,SKU-0010551,user_41150,Mr. Gabriel Hernandez,3,No cumplió mis expectativas.,2023-05-02,False,NEUTRAL,1,SOURCE_G_REVIEWS,reviews_2023.csv,2023-05-03T04:56:44.214001356,BATCH-G-20230502
REV-00051917,SKU-0010590,,Anonymous,1,Arrived damaged and support was unhelpful.,2023-03-01,True,NEGATIVE,2,SOURCE_G_REVIEWS,reviews_2023.csv,2023-03-01T22:58:21.894547591,BATCH-G-20230301
REV-00051918,SKU-0018111,user_9008156,Susan Jones, ,Better than I expected for the price.,2023-09-04,False,POSITIVE,1,SOURCE_G_REVIEWS,reviews_2023.csv,2023-09-04T02:12:39.442428341,BATCH-G-20230904
REV-00051928,SKU-0019139,user_9008505,Jessica Jones,3,Decent but overpriced a bit.,2023-02-07,True,NEUTRAL,3,SOURCE_G_REVIEWS,reviews_2023.csv,2023-02-08T02:50:22.739054816,BATCH-G-20230207
REV-00051932,SKU-0009954,user_17019,Joshua,5,"Perfect gift, they loved it!",2023-01-19,False,POSITIVE,0,SOURCE_G_REVIEWS,reviews_2023.csv,2023-01-19T13:17:38.060652013,BATCH-G-20230119
REV-00051932-DUP,SKU-0009954,user_17019,Joshua,5,"Perfect gift, they loved it!",2023-01-19,False,POSITIVE,0,SOURCE_G_REVIEWS,reviews_2023.csv,2023-01-19T13:28:38.060652013,BATCH-G-20230119
REV-00051937,SKU-0009484,user_9010770,Brenda,3,Decent but overpriced a bit. 🙏,2023-07-25,False,NEUTRAL,17,SOURCE_G_REVIEWS,reviews_2023.csv,2023-07-25T22:52:17.143715356,BATCH-G-20230725
REV-00051942,SKU-0002409,user_9028628,Kristy Cunningham,4,Will definitely buy again.,2023-03-14,False,POSITIVE,0,SOURCE_G_REVIEWS,reviews_2023.csv,2023-03-14T06:23:24.293234820,BATCH-G-20230314
REV-00051960,SKU-0009867,user_9033621,Tonya Sparks,2,"Cheaply made, broke immediately.",2023-02-22,True,NEGATIVE,0,SOURCE_G_REVIEWS,reviews_2023.csv,2023-02-22T11:01:46.366970917,BATCH-G-20230222
REV-00051963,SKU-9968853,,Anonymous,5,"Exactly as described, very happy.",2023-05-26,True,POSITIVE,7,SOURCE_G_REVIEWS,reviews_2023.csv,2023-06-13T09:00:00,BATCH-G-20230526
REV-00051970,SKU-0004302,user_55468,Alexandra Hayes,4,"Perfect gift, they loved it!",2023-10-22,True,POSITIVE,1,SOURCE_G_REVIEWS,reviews_2023.csv,2023-10-23T00:53:39.127985239,BATCH-G-20231022
REV-00051975,SKU-0003609,user_7127,Jacob,3,"It's okay, does the job.",2023-08-12,True,NEUTRAL,1,SOURCE_G_REVIEWS,reviews_2023.csv,2023-08-12T09:04:16.738035172,BATCH-G-20230812
REV-00051979,SKU-0001119,user_30328,Melody,4,"Exactly as described, very happy.",2023-11-21,True,POSITIVE,3,SOURCE_G_REVIEWS,reviews_2023.csv,2023-11-21T19:19:54.350358607,BATCH-G-20231121
REV-00051984,SKU-0008125,user_9002686,Christina,5,Highly recommend this product.,2023-10-05,True,POSITIVE,6,SOURCE_G_REVIEWS,reviews_2023.csv,2023-10-05T02:41:58.476989952,BATCH-G-20231005
REV-00051997,SKU-0000870,,Anonymous,4,Great value for money.,2023-12-27,True,POSITIVE,0,SOURCE_G_REVIEWS,reviews_2023.csv,2023-12-28T03:53:10.931695489,BATCH-G-20231227
REV-00052000,SKU-9942229,user_9025952,Alicia Garcia,1,   Arrived  damaged  and  support  was  unhelpful.   ,2023-11-28,True,NEGATIVE,2,SOURCE_G_REVIEWS,reviews_2023.csv,2023-11-28T17:42:34.120253615,BATCH-G-20231128
REV-00052004,SKU-0005134,,Anonymous,2,Wrong item was shipped to me.,2023-02-15,False,NEGATIVE,0,SOURCE_G_REVIEWS,reviews_2023.csv,2023-02-15T07:45:50.986675220,BATCH-G-20230215
REV-00052022,SKU-0004782,user_9016404,Scott White,2,"   Poor  packaging,  item  was  defective.   ",2023-12-17,True,NEGATIVE,0,SOURCE_G_REVIEWS,reviews_2023.csv,2023-12-18T00:20:09.090350377,BATCH-G-20231217
REV-00052023,SKU-0012835,user_9017973,Edgar Graham,5,"<br>Perfect gift, they loved it!<i>edited</i>",2023-12-14,False,POSITIVE,1,SOURCE_G_REVIEWS,reviews_2023.csv,2023-12-15T00:10:20.940516436,BATCH-G-20231214
REV-00052028,SKU-0008427,,Anonymous,4,Exceeded my expectations. 😐,2023-03-13,False,POSITIVE,0,SOURCE_G_REVIEWS,reviews_2023.csv,2023-03-14T04:55:05.158640178,BATCH-G-20230313
REV-00052039,SKU-0018862,,Anonymous,4,"Absolutely love it, works perfectly!",2023-12-01,True,POSITIVE,0,SOURCE_G_REVIEWS,reviews_2023.csv,2023-12-01T07:01:00.732832012,BATCH-G-20231201
REV-00052040,SKU-0000953,,Anonymous,3,Works fine but delivery was slow.,2023-08-03,True,NEUTRAL,2,SOURCE_G_REVIEWS,reviews_2023.csv,2023-08-03T22:52:33.154488396,BATCH-G-20230803
REV-00052043,SKU-9948137,user_17569,John Alexander,5,"Perfect gift, they loved it!",2023-02-25,True,POSITIVE,0,SOURCE_G_REVIEWS,reviews_2023.csv,2023-02-26T05:12:26.980933678,BATCH-G-20230225
REV-00052046,SKU-0013708,user_3274,Justin,5,"Absolutely love it, works perfectly!",2023-09-24,True,POSITIVE,5,SOURCE_G_REVIEWS,reviews_2023.csv,2023-09-24T01:35:42.380569529,BATCH-G-20230924
REV-00052047,SKU-0014215,user_9016706,Robert Harrell,5,Highly recommend this product.,2023-03-26,False,POSITIVE,6,SOURCE_G_REVIEWS,reviews_2023.csv,2023-03-26T20:30:27.110141460,BATCH-G-20230326
REV-00052053,SKU-0001004,,Anonymous,2,Arrived damaged and support was unhelpful.,2023-01-15,False,NEGATIVE,1,SOURCE_G_REVIEWS,reviews_2023.csv,2023-01-15T19:04:49.956309006,BATCH-G-20230115
REV-00052055,SKU-9995086,user_684,Matthew,3,"It's okay, does the job.",2023-05-22,True,NEUTRAL,0,SOURCE_G_REVIEWS,reviews_2023.csv,2023-05-22T02:22:28.434650622,BATCH-G-20230522
REV-00052078,SKU-0019810,user_9008131,David Clark,,Fast delivery and great quality.,2023-07-15,True,POSITIVE,1,SOURCE_G_REVIEWS,reviews_2023.csv,2023-07-15T21:44:49.320240032,BATCH-G-20230715
REV-00052101,SKU-9938010,user_44095,Daniel Leblanc,5,"Solid build quality, no complaints.",2023-08-14,True,POSITIVE,0,SOURCE_G_REVIEWS,reviews_2023.csv,2023-08-14T14:06:57.523500550,BATCH-G-20230814
REV-00052103,SKU-9982139,user_58985,Gabriela Ponce,2,Very disappointed with the quality.,2023-02-08,False,NEGATIVE,0,SOURCE_G_REVIEWS,reviews_2023.csv,2023-02-08T08:58:32.651155623,BATCH-G-20230208
REV-00052107,SKU-0002951,,Anonymous,5,"Exactly as described, very happy.",2023-12-28,True,POSITIVE,1,SOURCE_G_REVIEWS,reviews_2023.csv,2023-12-28T16:23:31.934487317,BATCH-G-20231228
REV-00052127,SKU-0001603,user_9012375,Deanna Wade,5,Better than I expected for the price.,2023-07-28,False,POSITIVE,0,SOURCE_G_REVIEWS,reviews_2023.csv,2023-07-28T19:00:42.839553748,BATCH-G-20230728
REV-00052133,SKU-0008701,,Anonymous,4,"Absolutely love it, works perfectly!",2023-11-25,False,POSITIVE,2,SOURCE_G_REVIEWS,reviews_2023.csv,2023-11-25T04:41:11.201518341,BATCH-G-20231125
REV-00052144,SKU-0000425,user_41814,Daniel Davies,3,Decent but overpriced a bit.,2023-03-02,True,NEUTRAL,0,SOURCE_G_REVIEWS,reviews_2023.csv,2023-03-02T04:18:39.177598910,BATCH-G-20230302
REV-00052162,SKU-0002250,user_9022718,Donna Morgan,5,"बहुत अच्छा उत्पाद है, पैसा वसूल!",2023-03-14,True,POSITIVE,4,SOURCE_G_REVIEWS,reviews_2023.csv,2023-03-15T01:18:44.102257347,BATCH-G-20230314
REV-00052171,SKU-0018703,user_20778,Tracy Brown,2,"Poor packaging, item was defective.",2023-03-23,False,NEGATIVE,4,SOURCE_G_REVIEWS,reviews_2023.csv,2023-03-23T15:06:00.706291593,BATCH-G-20230323
REV-00052172,SKU-0009685,,Anonymous,5,"Muy buen producto, lo recomiendo.",2023-01-31,False,POSITIVE,1,SOURCE_G_REVIEWS,reviews_2023.csv,2023-02-01T02:21:57.561232651,BATCH-G-20230131
REV-00052187,SKU-0000430,,Anonymous,4,"Not bad, not great either.",2023-08-31,False,NEUTRAL,1,SOURCE_G_REVIEWS,reviews_2023.csv,2023-08-31T18:34:41.130198814,BATCH-G-20230831
REV-00052200,SKU-0009158,,Anonymous,4,Great value for money.,2023-10-19,False,POSITIVE,0,SOURCE_G_REVIEWS,reviews_2023.csv,2023-10-19T05:54:50.459712676,BATCH-G-20231019
REV-00052208,SKU-0007848,user_44711,Brittany Clements,5,Will definitely buy again.,2023-08-19,True,POSITIVE,2,SOURCE_G_REVIEWS,reviews_2023.csv,2023-08-19T13:35:39.958629645,BATCH-G-20230819
REV-00052218,SKU-0010609,user_13166,Justin Newton MD,5,"Solid build quality, no complaints.",2023-10-27,True,POSITIVE,13,SOURCE_G_REVIEWS,reviews_2023.csv,2023-10-27T04:31:44.464443967,BATCH-G-20231027
REV-00052220,SKU-0009993,user_49840,Elaine Charles,5,Will definitely buy again.,2023-02-18,True,POSITIVE,3,SOURCE_G_REVIEWS,reviews_2023.csv,2023-02-18T16:42:53.944527561,BATCH-G-20230218
REV-00052228,SKU-0002401,,Anonymous,4,<b>Update:</b>Exceeded my expectations.<i>edited</i>,2023-02-25,True,POSITIVE,11,SOURCE_G_REVIEWS,reviews_2023.csv,2023-02-25T15:52:11.016823353,BATCH-G-20230225
REV-00052229,SKU-0017005,user_9018874,Jessica Jones,2,   Very  disappointed  with  the  quality.   ,2023-10-01,True,NEGATIVE,1,SOURCE_G_REVIEWS,reviews_2023.csv,2023-10-01T17:31:56.121412065,BATCH-G-20231001
REV-00052232,SKU-0005502,user_53251,Madeline Torres,4,"Absolutely love it, works perfectly!",2023-02-21,False,POSITIVE,1,SOURCE_G_REVIEWS,reviews_2023.csv,2023-02-21T17:51:28.316270491,BATCH-G-20230221
REV-00052237,SKU-9985654,user_52612,Melinda Jackson,4,No cumplió mis expectativas.,2023-09-26,True,POSITIVE,0,SOURCE_G_REVIEWS,reviews_2023.csv,2023-09-26T04:59:17.474471732,BATCH-G-20230926
REV-00052238,SKU-0018278,user_34103,Charles Douglas,2,"Waste of money, do not buy. 😍🙏",2023-12-25,True,NEGATIVE,1,SOURCE_G_REVIEWS,reviews_2023.csv,2023-12-25T13:28:21.781872779,BATCH-G-20231225
REV-00052262,SKU-0016032,user_9027138,Jason Clark,5,Will definitely buy again.,2023-03-05,True,POSITIVE,1,SOURCE_G_REVIEWS,reviews_2023.csv,2023-03-05T10:23:10.223939100,BATCH-G-20230305
REV-00052272,SKU-0011114,user_25576,Kelli,2,"बहुत अच्छा उत्पाद है, पैसा वसूल! Arrived damaged and support was unhelpful.",2023-05-21,True,NEGATIVE,0,SOURCE_G_REVIEWS,reviews_2023.csv,2023-05-21T18:09:33.730310414,BATCH-G-20230521
REV-00052273,SKU-0017164,user_9007689,Joseph Reed,-,"   Cheaply  made,  broke  immediately.   ",2023-07-26,False,NEGATIVE,5,SOURCE_G_REVIEWS,reviews_2023.csv,2023-07-27T00:13:16.055143551,BATCH-G-20230726
REV-00052277,SKU-0010135,user_9011997,Nicole Anderson,5,"Perfect gift, they loved it!",2023-11-20,True,POSITIVE,5,SOURCE_G_REVIEWS,reviews_2023.csv,2023-11-20T10:44:56.717560340,BATCH-G-20231120
REV-00052286,SKU-0002719,,Anonymous,1,Wrong item was shipped to me.,2023-11-23,True,NEGATIVE,1,SOURCE_G_REVIEWS,reviews_2023.csv,2023-11-23T07:40:38.866658190,BATCH-G-20231123
REV-00052296,SKU-0011124,user_2320,Alexa Smith,5,N/A,2023-09-11,False,POSITIVE,4,SOURCE_G_REVIEWS,reviews_2023.csv,2023-09-11T16:42:49.214474563,BATCH-G-20230911
REV-00052305,SKU-0007645,user_9027936,Alyssa Jackson,1,"   Poor  packaging,  item  was  defective.   ",2023-12-28,False,NEGATIVE,3,SOURCE_G_REVIEWS,reviews_2023.csv,2024-01-06T11:00:00,BATCH-G-20231228
REV-00052306,SKU-0004517,user_9006321,Heidi Jones,5,"   Muy  buen  producto,  lo  recomiendo.  Exactly  as  described,  very  happy.   ",2023-05-01,True,POSITIVE,9,SOURCE_G_REVIEWS,reviews_2023.csv,2023-05-01T10:40:20.075932734,BATCH-G-20230501
REV-00052310,SKU-0011533,,Anonymous,5,Will definitely buy again.,2023-02-22,True,POSITIVE,8,SOURCE_G_REVIEWS,reviews_2023.csv,2023-02-22T10:29:39.318551762,BATCH-G-20230222
REV-00052313,SKU-0018586,user_9012946,Thomas,4,Great value for money.,2023-09-22,True,POSITIVE,1,SOURCE_G_REVIEWS,reviews_2023.csv,2023-09-22T11:28:16.951114555,BATCH-G-20230922
REV-00052330,SKU-0007791,user_29949,Diana Garcia,5,"Exactly as described, very happy.",2023-06-20,True,POSITIVE,12,SOURCE_G_REVIEWS,reviews_2023.csv,2023-06-20T20:56:15.099192021,BATCH-G-20230620
REV-00052332,SKU-0017801,user_15840,Kristy Miller,2,"   Cheaply  made,  broke  immediately.   ",2023-07-10,False,NEGATIVE,0,SOURCE_G_REVIEWS,reviews_2023.csv,2023-07-10T10:01:10.233454249,BATCH-G-20230710
REV-00052348,SKU-0016079,user_28320,Nancy,4,"Solid build quality, no complaints.",2023-10-14,True,POSITIVE,6,SOURCE_G_REVIEWS,reviews_2023.csv,2023-10-14T01:57:02.729055831,BATCH-G-20231014
REV-00052355,SKU-0015492,user_59806,Kayla,4,"Perfect gift, they loved it!",2023-11-12,False,POSITIVE,7,SOURCE_G_REVIEWS,reviews_2023.csv,2023-11-12T09:20:38.171735066,BATCH-G-20231112
REV-00052361,SKU-0016372,user_9025309,Elizabeth Clark,5,Highly recommend this product.,2023-01-10,True,POSITIVE,8,SOURCE_G_REVIEWS,reviews_2023.csv,2023-01-10T03:45:17.497289323,BATCH-G-20230110
REV-00052363,SKU-0014550,user_9026967,Lisa,4,"Solid build quality, no complaints.",2023-05-25,True,POSITIVE,1,SOURCE_G_REVIEWS,reviews_2023.csv,2023-05-25T11:33:51.214772354,BATCH-G-20230525
REV-00052368,SKU-0002656,user_45630,Sheila Mcbride,1,Arrived damaged and support was unhelpful.,2023-02-28,True,NEGATIVE,2,SOURCE_G_REVIEWS,reviews_2023.csv,2023-02-28T22:59:33.091958721,BATCH-G-20230228
REV-00052374,SKU-0010697,user_19949,Kim,1,"Poor packaging, item was defective.",2023-02-20,False,NEGATIVE,1,SOURCE_G_REVIEWS,reviews_2023.csv,2023-02-20T02:32:37.769902723,BATCH-G-20230220
REV-00052383,SKU-0019676,user_9017357,William Mcdaniel,2,   Not  as  described  at  all.   ,2023-02-26,False,NEGATIVE,0,SOURCE_G_REVIEWS,reviews_2023.csv,2023-02-26T21:51:27.441897482,BATCH-G-20230226
REV-00052395,SKU-0015613,user_69070,Carolyn Sweeney,5,Will definitely buy again.,2023-04-27,True,POSITIVE,0,SOURCE_G_REVIEWS,reviews_2023.csv,2023-04-28T04:46:22.226838464,BATCH-G-20230427
REV-00052398,SKU-0008688,user_9015473,Jeffrey Santiago,4,   Fast  delivery  and  great  quality.   ,2023-05-05,False,POSITIVE,2,SOURCE_G_REVIEWS,reviews_2023.csv,2023-05-05T19:26:46.669468540,BATCH-G-20230505
REV-00052421,SKU-0011170,user_9015018,Tamara Sparks,4,Better than I expected for the price.,2023-08-22,False,POSITIVE,5,SOURCE_G_REVIEWS,reviews_2023.csv,2023-08-22T05:51:50.494951954,BATCH-G-20230822
REV-00052429,SKU-0014787,,Anonymous,2,<b>Update:</b>Arrived damaged and support was unhelpful.&nbsp;,2023-07-16,False,NEGATIVE,4,SOURCE_G_REVIEWS,reviews_2023.csv,2023-07-16T11:39:06.956125562,BATCH-G-20230716
REV-00052436,SKU-0017796,user_9016286,Natasha Morris,3,"Not bad, not great either.",2023-03-17,False,NEUTRAL,6,SOURCE_G_REVIEWS,reviews_2023.csv,2023-03-18T03:29:58.761834827,BATCH-G-20230317
REV-00052447,SKU-0018607,,Anonymous,4,</p>Highly recommend this product.<b>Update:</b>,2023-11-26,True,POSITIVE,0,SOURCE_G_REVIEWS,reviews_2023.csv,2023-11-26T01:57:38.879961296,BATCH-G-20231126
REV-00052457,SKU-0015072,user_9031709,Danny Hill,4,"Waste of money, do not buy.",2023-11-26,False,NEGATIVE,0,SOURCE_G_REVIEWS,reviews_2023.csv,2023-11-26T22:40:41.143373727,BATCH-G-20231126
REV-00052475,SKU-0001930,user_9026949,Luis,2,"Cheaply made, broke immediately.",2023-01-21,True,NEGATIVE,1,SOURCE_G_REVIEWS,reviews_2023.csv,2023-01-21T23:49:11.384326094,BATCH-G-20230121
REV-00052476,SKU-0004851,user_30816,Spencer,4,Will definitely buy again.,2023-06-01,True,POSITIVE,6,SOURCE_G_REVIEWS,reviews_2023.csv,2023-06-01T15:58:07.993209947,BATCH-G-20230601
REV-00052477,SKU-0015430,user_9017761,Stephen Hart,4,Better than I expected for the price.,2023-11-24,False,POSITIVE,4,SOURCE_G_REVIEWS,reviews_2023.csv,2023-11-25T03:00:04.094352105,BATCH-G-20231124
REV-00052485,SKU-0018511,,Anonymous,4,Fast delivery and great quality.,2023-06-29,True,POSITIVE,0,SOURCE_G_REVIEWS,reviews_2023.csv,2023-06-29T05:20:57.369065910,BATCH-G-20230629
REV-00052486,SKU-0013666,user_37199,Elizabeth Andrews,4,"Exactly as described, very happy. 😐",2023-03-14,False,POSITIVE,3,SOURCE_G_REVIEWS,reviews_2023.csv,2023-03-14T21:45:05.674180154,BATCH-G-20230314
REV-00052494,SKU-0003694,,Anonymous,4,Fast delivery and great quality.,2023-04-11,True,POSITIVE,0,SOURCE_G_REVIEWS,reviews_2023.csv,2023-04-12T01:37:30.398521723,BATCH-G-20230411
REV-00052502,SKU-0003838,user_32065,John,3,Decent but overpriced a bit.,2023-04-24,True,NEUTRAL,1,SOURCE_G_REVIEWS,reviews_2023.csv,2023-04-24T15:06:27.148210927,BATCH-G-20230424
REV-00052503,SKU-0012894,user_9021360,Kristi,5,"Perfect gift, they loved it!",2023-02-21,True,POSITIVE,1,SOURCE_G_REVIEWS,reviews_2023.csv,2023-02-21T04:00:24.613357946,BATCH-G-20230221
REV-00052509,SKU-0014063,user_21512,Sean,5,Wrong item was shipped to me. 🔥,2023-05-06,True,NEGATIVE,0,SOURCE_G_REVIEWS,reviews_2023.csv,2023-05-06T20:31:11.326479182,BATCH-G-20230506
REV-00052517,SKU-0001471,user_32706,Jennifer Smith,3,"It's okay, does the job.",2023-04-13,True,NEUTRAL,0,SOURCE_G_REVIEWS,reviews_2023.csv,2023-04-14T02:15:11.698157453,BATCH-G-20230413
REV-00052532,SKU-9999845,,Anonymous,5,Better than I expected for the price. 😢⭐,2023-06-21,True,POSITIVE,3,SOURCE_G_REVIEWS,reviews_2023.csv,2023-06-21T03:58:21.035531314,BATCH-G-20230621
REV-00052538,SKU-0007201,,Anonymous,4,Great value for money.,2023-01-22,True,POSITIVE,3,SOURCE_G_REVIEWS,reviews_2023.csv,2023-01-23T05:24:56.508091677,BATCH-G-20230122
REV-00052540,SKU-0010084,,Anonymous,5,"Exactly as described, very happy.",2023-09-18,True,POSITIVE,0,SOURCE_G_REVIEWS,reviews_2023.csv,2023-09-18T03:38:06.699213968,BATCH-G-20230918
REV-00052552,SKU-0012936,user_30940,Meagan,3,"Not bad, not great either.",2023-01-28,False,NEUTRAL,1,SOURCE_G_REVIEWS,reviews_2023.csv,2023-01-29T03:44:36.727611608,BATCH-G-20230128
REV-00052570,SKU-0007877,user_9010741,Amber Howell,4,Better than I expected for the price.,2023-01-18,True,POSITIVE,7,SOURCE_G_REVIEWS,reviews_2023.csv,2023-01-18T04:25:33.263456567,BATCH-G-20230118
REV-00052571,SKU-0009342,,Anonymous,4,"Solid build quality, no complaints.",2023-05-11,False,POSITIVE,2,SOURCE_G_REVIEWS,reviews_2023.csv,2023-05-12T01:59:01.035716948,BATCH-G-20230511
REV-00052573,SKU-0013886,,Anonymous,4,Fast delivery and great quality.,2023-01-01,True,POSITIVE,2,SOURCE_G_REVIEWS,reviews_2023.csv,2023-01-01T13:46:46.424861760,BATCH-G-20230101
REV-00052586,SKU-0005292,user_60763,Ashley Fernandez,4,"Solid build quality, no complaints.",2023-12-27,True,POSITIVE,7,SOURCE_G_REVIEWS,reviews_2023.csv,2023-12-27T07:52:24.584856025,BATCH-G-20231227
REV-00052592,SKU-0001650,user_52972,Monica,4,"Perfect gift, they loved it!",2023-04-15,True,POSITIVE,3,SOURCE_G_REVIEWS,reviews_2023.csv,2023-04-15T10:44:02.379583220,BATCH-G-20230415
REV-00052606,SKU-0012681,user_33702,Samuel Smith,NA,"Exactly as described, very happy.",2023-01-23,True,POSITIVE,0,SOURCE_G_REVIEWS,reviews_2023.csv,2023-01-23T01:51:33.101235756,BATCH-G-20230123
REV-00052608,SKU-0007415,user_9000566,Bailey Cain,5,"Absolutely love it, works perfectly!",2023-03-05,True,POSITIVE,10,SOURCE_G_REVIEWS,reviews_2023.csv,2023-03-05T14:45:41.313636078,BATCH-G-20230305
REV-00052614,SKU-0018355,user_9016816,Kathleen Bernard,2,"   Livraison  très  lente,  déçu.   ",2023-10-10,True,NEGATIVE,2,SOURCE_G_REVIEWS,reviews_2023.csv,2023-10-10T18:02:35.794206912,BATCH-G-20231010
REV-00052618,SKU-0008431,user_9011073,Richard Carroll,4,"<i>edited</i>Solid build quality, no complaints.</p>",2023-09-17,True,POSITIVE,0,SOURCE_G_REVIEWS,reviews_2023.csv,2023-09-17T14:05:23.239125762,BATCH-G-20230917
REV-00052620,SKU-0019768,user_9031650,Hunter,5,Better than I expected for the price.,2023-12-01,True,POSITIVE,2,SOURCE_G_REVIEWS,reviews_2023.csv,2023-12-01T17:51:03.914824662,BATCH-G-20231201
REV-00052630,SKU-0013986,,Anonymous,4,Works fine but delivery was slow.,2023-12-16,True,NEUTRAL,3,SOURCE_G_REVIEWS,reviews_2023.csv,2023-12-16T09:04:21.622890751,BATCH-G-20231216
REV-00052644,SKU-0010135,user_51810,Matthew,5,Fast delivery and great quality.,2023-07-09,False,POSITIVE,0,SOURCE_G_REVIEWS,reviews_2023.csv,2023-07-10T02:05:28.521394912,BATCH-G-20230709
REV-00052651,SKU-0012003,user_9023696,Carol,2,Not as described at all.,2023-05-04,False,NEGATIVE,2,SOURCE_G_REVIEWS,reviews_2023.csv,2023-05-04T12:20:49.005176355,BATCH-G-20230504
REV-00052659,SKU-0016728,,Anonymous,5,"Exactly as described, very happy.",2023-05-30,True,POSITIVE,3,SOURCE_G_REVIEWS,reviews_2023.csv,2023-05-30T03:15:34.298023293,BATCH-G-20230530
REV-00052662,SKU-0006092,user_41027,Rebecca Mosley,4,Highly recommend this product.,2023-10-28,False,POSITIVE,1,SOURCE_G_REVIEWS,reviews_2023.csv,2023-10-28T12:00:45.289913492,BATCH-G-20231028
REV-00052668,SKU-0014503,user_33022,Patrick,4,Exceeded my expectations.,2023-07-28,True,POSITIVE,1,SOURCE_G_REVIEWS,reviews_2023.csv,2023-07-29T05:00:32.544000566,BATCH-G-20230728
REV-00052669,SKU-0003975,,Anonymous,5,Better than I expected for the price.,2023-03-28,True,POSITIVE,4,SOURCE_G_REVIEWS,reviews_2023.csv,2023-03-28T11:37:03.475403564,BATCH-G-20230328
REV-00052678,SKU-0019176,user_9033936,Natasha Johnson,5,"गुणवत्ता ठीक नहीं थी। Exactly as described, very happy.",2023-06-11,True,POSITIVE,1,SOURCE_G_REVIEWS,reviews_2023.csv,2023-06-11T15:55:59.803162996,BATCH-G-20230611
REV-00052688,SKU-0019064,user_9007777,Kelsey Sullivan,4,Wrong item was shipped to me.,2023-12-22,True,NEGATIVE,1,SOURCE_G_REVIEWS,reviews_2023.csv,2023-12-23T02:39:33.187896204,BATCH-G-20231222
REV-00052689,SKU-0001211,,Anonymous,4,"Perfect gift, they loved it!",2023-12-17,False,POSITIVE,1,SOURCE_G_REVIEWS,reviews_2023.csv,2023-12-17T23:56:17.205823759,BATCH-G-20231217
REV-00052697,SKU-0017999,user_36439,Adam Porter,5,"Exactly as described, very happy. 🔥😍",2023-11-04,True,POSITIVE,1,SOURCE_G_REVIEWS,reviews_2023.csv,2023-11-05T03:41:46.635693163,BATCH-G-20231104
REV-00052702,SKU-0009547,user_16583,Erika Williams,5,"   It's  okay,  does  the  job.   ",2023-01-02,True,NEUTRAL,4,SOURCE_G_REVIEWS,reviews_2023.csv,2023-01-02T04:47:11.696329680,BATCH-G-20230102
REV-00052703,SKU-0012877,user_41676,Victoria Durham,5,Better than I expected for the price.,2023-10-15,True,POSITIVE,0,SOURCE_G_REVIEWS,reviews_2023.csv,2023-10-16T00:28:42.326615257,BATCH-G-20231015
REV-00052704,SKU-0017864,user_9001272,Brett Perry,3,"Matches the description, no issues.",2023-12-12,False,NEUTRAL,2,SOURCE_G_REVIEWS,reviews_2023.csv,2023-12-13T03:35:28.044269975,BATCH-G-20231212
REV-00052708,SKU-0013529,user_68146,Abigail Taylor,5,"   Perfect  gift,  they  loved  it!   ",2023-11-28,True,POSITIVE,2,SOURCE_G_REVIEWS,reviews_2023.csv,2023-11-28T21:26:33.580557613,BATCH-G-20231128
REV-00052712,SKU-0006577,user_9009800,Jennifer Warren,4,Better than I expected for the price.,2023-12-20,False,POSITIVE,1,SOURCE_G_REVIEWS,reviews_2023.csv,2023-12-20T11:13:57.226878132,BATCH-G-20231220
REV-00052713,SKU-0013889,user_9028832,Mary Williams,4,"Exactly as described, very happy. 😐",2023-06-25,True,POSITIVE,1,SOURCE_G_REVIEWS,reviews_2023.csv,2023-06-25T22:18:16.136247926,BATCH-G-20230625
REV-00052721,SKU-0012394,user_9017450,Samantha Hodges,4,Highly recommend this product.,2023-01-14,True,POSITIVE,0,SOURCE_G_REVIEWS,reviews_2023.csv,2023-01-14T15:15:38.888118548,BATCH-G-20230114
REV-00052738,SKU-0011488,user_23079,Raymond,4,"Absolutely love it, works perfectly!",2023-04-22,True,POSITIVE,2,SOURCE_G_REVIEWS,reviews_2023.csv,2023-04-22T13:26:42.646069296,BATCH-G-20230422
REV-00052760,SKU-0005997,user_9030896,Thomas,4,Fast delivery and great quality.,2023-11-23,True,POSITIVE,3,SOURCE_G_REVIEWS,reviews_2023.csv,2023-11-23T21:30:55.340627260,BATCH-G-20231123
REV-00052763,SKU-0008297,user_9005473,Megan Raymond,4,"Solid build quality, no complaints.",2023-01-04,True,POSITIVE,0,SOURCE_G_REVIEWS,reviews_2023.csv,2023-01-04T13:46:59.394156826,BATCH-G-20230104
REV-00052768,SKU-9974039,user_32683,Courtney Wallace,5,Better than I expected for the price.,2023-02-20,True,POSITIVE,3,SOURCE_G_REVIEWS,reviews_2023.csv,2023-02-20T05:37:04.431879047,BATCH-G-20230220
REV-00052771,SKU-0008705,user_9012871,Lauren,3,No cumplió mis expectativas.,2023-10-25,True,NEUTRAL,2,SOURCE_G_REVIEWS,reviews_2023.csv,2023-10-25T21:31:20.144853303,BATCH-G-20231025
REV-00052792,SKU-0014274,,Anonymous,5,Will definitely buy again. 🙏,2023-12-03,False,POSITIVE,0,SOURCE_G_REVIEWS,reviews_2023.csv,2023-12-03T01:42:02.586007055,BATCH-G-20231203
REV-00052796,SKU-0010660,user_9020216,Hunter,5,Fast delivery and great quality.,2023-08-16,False,POSITIVE,4,SOURCE_G_REVIEWS,reviews_2023.csv,2023-08-16T11:37:52.927672693,BATCH-G-20230816
REV-00052804,SKU-0019838,,Anonymous,5,Exceeded my expectations.,2023-11-01,True,POSITIVE,4,SOURCE_G_REVIEWS,reviews_2023.csv,2023-11-01T08:38:21.645328468,BATCH-G-20231101
REV-00052808,SKU-0005610,user_9018085,Melissa Barr,3,Decent but overpriced a bit.,2023-05-08,True,NEUTRAL,1,SOURCE_G_REVIEWS,reviews_2023.csv,2023-05-08T15:53:38.090006535,BATCH-G-20230508
REV-00052815,SKU-0019643,user_9026011,Stephanie,4,"It's okay, does the job.",2023-09-09,False,NEUTRAL,0,SOURCE_G_REVIEWS,reviews_2023.csv,2023-09-09T11:26:17.235706565,BATCH-G-20230909
REV-00052818,SKU-0003779,user_9026342,David Ramirez,5,Better than I expected for the price.,2023-02-15,True,POSITIVE,2,SOURCE_G_REVIEWS,reviews_2023.csv,2023-02-15T11:56:36.540194758,BATCH-G-20230215
REV-00052821,SKU-0006427,user_4387,Eric Thomas,2,Wrong item was shipped to me.,2023-03-02,False,NEGATIVE,7,SOURCE_G_REVIEWS,reviews_2023.csv,2023-03-02T10:37:00.057370690,BATCH-G-20230302
REV-00052838,SKU-0018115,,Anonymous,5,Exceeded my expectations.,2023-11-27,True,POSITIVE,2,SOURCE_G_REVIEWS,reviews_2023.csv,2023-11-28T03:01:27.128842395,BATCH-G-20231127
REV-00052841,SKU-0004952,,Anonymous,0,Fast delivery and great quality.,2023-11-08,True,POSITIVE,1,SOURCE_G_REVIEWS,reviews_2023.csv,2023-11-08T21:54:50.326547218,BATCH-G-20231108
REV-00052842,SKU-0002048,user_67795,Mr. Robert Smith,1,"Poor packaging, item was defective.",2023-02-17,False,NEGATIVE,0,SOURCE_G_REVIEWS,reviews_2023.csv,2023-02-17T18:44:13.919417283,BATCH-G-20230217
REV-00052850,SKU-9949082,user_48958,Robert Harmon,5,Better than I expected for the price.,2023-08-19,True,POSITIVE,0,SOURCE_G_REVIEWS,reviews_2023.csv,2023-08-19T15:33:23.724968306,BATCH-G-20230819
REV-00052854,SKU-0002367,user_9008889,Stephanie,5,Fast delivery and great quality.,2023-02-17,True,POSITIVE,1,SOURCE_G_REVIEWS,reviews_2023.csv,2023-02-17T04:19:23.342560468,BATCH-G-20230217
REV-00052854-BOT,SKU-0002367,user_9033345,Ian Murillo,5,Fast delivery and great quality.,2023-02-17,False,POSITIVE,0,SOURCE_G_REVIEWS,reviews_2023.csv,2023-02-17T04:19:23.342560468,BATCH-G-20230217
REV-00052855,SKU-0006373,,Anonymous,1,Not as described at all.,2023-06-27,True,NEGATIVE,1,SOURCE_G_REVIEWS,reviews_2023.csv,2023-06-28T02:10:52.399269554,BATCH-G-20230627
REV-00052859,SKU-0010607,user_9001545,Tim,3,"Not bad, not great either.",2023-07-12,False,NEUTRAL,0,SOURCE_G_REVIEWS,reviews_2023.csv,2023-07-12T08:10:28.901322395,BATCH-G-20230712
REV-00052877,SKU-0010835,user_50532,Amy,1,Very disappointed with the quality.,2023-06-14,True,NEGATIVE,0,SOURCE_G_REVIEWS,reviews_2023.csv,2023-06-14T12:06:30.675483969,BATCH-G-20230614
REV-00052884,SKU-0004749,user_10242,Amy,3,Works fine but delivery was slow.,2023-11-16,False,NEUTRAL,0,SOURCE_G_REVIEWS,reviews_2023.csv,2023-11-16T18:45:00.656055132,BATCH-G-20231116
REV-00052888,SKU-0015267,user_9033077,Daniel Ryan,5,"Solid build quality, no complaints.",2023-08-14,False,POSITIVE,4,SOURCE_G_REVIEWS,reviews_2023.csv,2023-08-15T03:03:12.461848705,BATCH-G-20230814
REV-00052901,SKU-0006129,user_4288,Brady,3,"Matches the description, no issues.",2023-02-28,False,NEUTRAL,4,SOURCE_G_REVIEWS,reviews_2023.csv,2023-02-28T18:06:12.228139380,BATCH-G-20230228
REV-00052910,SKU-0000923,user_64312,Laura,4,"Perfect gift, they loved it!",2023-12-11,False,POSITIVE,0,SOURCE_G_REVIEWS,reviews_2023.csv,2023-12-11T23:44:35.345883491,BATCH-G-20231211
REV-00052911,SKU-0018679,user_9021793,Mr.,5,"Absolutely love it, works perfectly!",2023-08-06,True,POSITIVE,4,SOURCE_G_REVIEWS,reviews_2023.csv,2023-08-07T01:10:21.504655833,BATCH-G-20230806
REV-00052948,SKU-0018289,,Anonymous,3,Decent but overpriced a bit.,2023-10-20,False,NEUTRAL,0,SOURCE_G_REVIEWS,reviews_2023.csv,2023-10-20T04:06:47.310819368,BATCH-G-20231020
REV-00052952,SKU-0019181,user_9007058,Cynthia Jackson,5,"</p>Absolutely love it, works perfectly!<p>",2023-08-26,False,POSITIVE,1,SOURCE_G_REVIEWS,reviews_2023.csv,2023-08-26T05:01:51.015513009,BATCH-G-20230826
REV-00052956,SKU-0018013,user_9008087,Anthony Cabrera,5,null,2023-02-28,True,POSITIVE,0,SOURCE_G_REVIEWS,reviews_2023.csv,2023-02-28T04:01:53.482925655,BATCH-G-20230228
REV-00052967,SKU-0014701,user_41986,Jill King,5,"Perfect gift, they loved it!",2023-11-11,False,POSITIVE,0,SOURCE_G_REVIEWS,reviews_2023.csv,2023-11-11T00:54:53.789397791,BATCH-G-20231111
REV-00052987,SKU-0016923,user_19140,Dr. Richard Todd Jr.,3,-,2023-01-14,True,NEUTRAL,5,SOURCE_G_REVIEWS,reviews_2023.csv,2023-01-14T08:06:50.051389790,BATCH-G-20230114
REV-00052997,SKU-0001897,user_40383,Adam Gonzalez,5,गुणवत्ता ठीक नहीं थी।,2023-11-23,False,POSITIVE,5,SOURCE_G_REVIEWS,reviews_2023.csv,2023-11-23T14:45:23.854800079,BATCH-G-20231123
REV-00052998,SKU-0004247,user_66982,Anthony Ramirez,4,Will definitely buy again.,2023-03-02,True,POSITIVE,7,SOURCE_G_REVIEWS,reviews_2023.csv,2023-03-02T11:37:37.509947291,BATCH-G-20230302
REV-00053019,SKU-0006621,user_43405,Christopher Guzman,5,Better than I expected for the price.,2023-11-24,False,POSITIVE,0,SOURCE_G_REVIEWS,reviews_2023.csv,2023-11-24T20:23:15.679801470,BATCH-G-20231124
REV-00053021,SKU-0004941,user_18285,Tyler Arnold,unknown,"Absolutely love it, works perfectly!",2023-07-20,True,POSITIVE,2,SOURCE_G_REVIEWS,reviews_2023.csv,2023-07-20T22:36:21.314603343,BATCH-G-20230720
REV-00053026,SKU-0003479,user_36615,Wanda Lewis,3,Decent but overpriced a bit.,2023-07-04,True,NEUTRAL,1,SOURCE_G_REVIEWS,reviews_2023.csv,2023-07-18T02:00:00,BATCH-G-20230704
REV-00053031,SKU-0010777,user_9022627,Joseph Porter,3,"Not bad, not great either.",2023-07-26,True,NEUTRAL,1,SOURCE_G_REVIEWS,reviews_2023.csv,2023-07-27T01:20:50.062868210,BATCH-G-20230726
REV-00053046,SKU-0006640,user_9014199,Deanna Burton,2,Not as described at all.,2023-12-22,False,NEGATIVE,1,SOURCE_G_REVIEWS,reviews_2023.csv,2023-12-22T13:13:20.542032959,BATCH-G-20231222
REV-00053047,SKU-0009572,user_9017974,Michael Frazier,5,"It's okay, does the job.",2023-09-24,True,NEUTRAL,4,SOURCE_G_REVIEWS,reviews_2023.csv,2023-09-25T01:09:05.137883606,BATCH-G-20230924
REV-00053053,SKU-0019705,user_57977,Jennifer,5,Fast delivery and great quality. 😡,2023-12-23,False,POSITIVE,0,SOURCE_G_REVIEWS,reviews_2023.csv,2023-12-23T16:25:10.504636925,BATCH-G-20231223
REV-00053057,SKU-0012473,user_43725,Joseph Ferguson,5,"   Exactly  as  described,  very  happy.   ",2023-01-18,True,POSITIVE,0,SOURCE_G_REVIEWS,reviews_2023.csv,2023-01-18T18:53:12.958613911,BATCH-G-20230118
REV-00053060,SKU-0000519,,Anonymous,5,"</p>Solid build quality, no complaints.<p>",2023-07-30,False,POSITIVE,9,SOURCE_G_REVIEWS,reviews_2023.csv,2023-07-30T03:39:59.557790897,BATCH-G-20230730
REV-00053064,SKU-0003132,user_37331,David Harris,4,"Absolutely love it, works perfectly!",2023-11-25,False,POSITIVE,2,SOURCE_G_REVIEWS,reviews_2023.csv,2023-11-25T01:23:16.917958716,BATCH-G-20231125
REV-00053065,SKU-0004294,user_9024265,Adam Mercado,4,"Matches the description, no issues.",2023-12-23,False,NEUTRAL,0,SOURCE_G_REVIEWS,reviews_2023.csv,2023-12-23T17:43:19.288245210,BATCH-G-20231223
REV-00053074,SKU-0017491,,Anonymous,5,"Perfect gift, they loved it!",2023-12-24,True,POSITIVE,5,SOURCE_G_REVIEWS,reviews_2023.csv,2023-12-24T04:59:48.182354736,BATCH-G-20231224
REV-00053075,SKU-0004352,user_34432,Angela Simpson,4,Exceeded my expectations.,2023-12-30,True,POSITIVE,0,SOURCE_G_REVIEWS,reviews_2023.csv,2023-12-30T10:40:19.680017239,BATCH-G-20231230
REV-00053093,SKU-0002837,,Anonymous,5,Better than I expected for the price.,2023-01-10,True,POSITIVE,2,SOURCE_G_REVIEWS,reviews_2023.csv,2023-01-11T00:00:40.631423229,BATCH-G-20230110
REV-00053102,SKU-0003376,user_11959,Timothy Hansen,4,NULL,2023-08-02,False,NEUTRAL,8,SOURCE_G_REVIEWS,reviews_2023.csv,2023-08-02T21:17:05.272058858,BATCH-G-20230802
REV-00053117,SKU-0010217,user_9005158,Cassandra Crawford,4,"Matches the description, no issues.",2023-07-03,False,NEUTRAL,1,SOURCE_G_REVIEWS,reviews_2023.csv,2023-07-03T14:50:29.835574968,BATCH-G-20230703
REV-00053126,SKU-0010234,user_23475,Anthony Lopez,3,"Not bad, not great either.",2023-01-01,False,NEUTRAL,1,SOURCE_G_REVIEWS,reviews_2023.csv,2023-01-01T10:40:12.965922884,BATCH-G-20230101
REV-00053133,SKU-0011122,user_9000224,Michael Landry,5,"Exactly as described, very happy.",2023-12-26,True,POSITIVE,4,SOURCE_G_REVIEWS,reviews_2023.csv,2023-12-26T10:05:13.250859214,BATCH-G-20231226
REV-00053136,SKU-0008654,user_9013140,Hailey Terrell,5,Better than I expected for the price.,2023-07-26,True,POSITIVE,19,SOURCE_G_REVIEWS,reviews_2023.csv,2023-07-26T15:42:21.904723928,BATCH-G-20230726
REV-00053145,SKU-0018700,user_9014293,Kimberly Allen,4,"Solid build quality, no complaints.",2023-08-06,False,POSITIVE,1,SOURCE_G_REVIEWS,reviews_2023.csv,2023-08-22T05:00:00,BATCH-G-20230806
REV-00053146,SKU-0018961,user_8044,Nancy Gray,1,"It's okay, does the job.",2023-06-19,True,NEUTRAL,8,SOURCE_G_REVIEWS,reviews_2023.csv,2023-06-19T16:08:27.072618440,BATCH-G-20230619
REV-00053151,SKU-0001292,user_9018791,Amanda,3,"Matches the description, no issues.",2023-06-18,True,NEUTRAL,10,SOURCE_G_REVIEWS,reviews_2023.csv,2023-06-18T00:45:04.563240643,BATCH-G-20230618
REV-00053156,SKU-0007366,user_9016025,Michelle,5,Highly recommend this product.,2023-11-14,True,POSITIVE,0,SOURCE_G_REVIEWS,reviews_2023.csv,2023-11-14T15:57:51.945099764,BATCH-G-20231114
REV-00053157,SKU-0018778,user_9012207,Barbara,2,"Waste of money, do not buy.",2023-01-11,True,NEGATIVE,7,SOURCE_G_REVIEWS,reviews_2023.csv,2023-01-11T22:42:38.505822992,BATCH-G-20230111
REV-00053174,SKU-0009870,user_9026050,John,2,"Cheaply made, broke immediately.",2023-07-01,False,NEGATIVE,1,SOURCE_G_REVIEWS,reviews_2023.csv,2023-07-01T10:12:35.578164280,BATCH-G-20230701
REV-00053182,SKU-0002122,,Anonymous,5,Exceeded my expectations.,2023-08-06,True,POSITIVE,0,SOURCE_G_REVIEWS,reviews_2023.csv,2023-08-06T13:59:40.365061047,BATCH-G-20230806
REV-00053183,SKU-0003304,,Anonymous,5,"Perfect gift, they loved it! 👍",2023-09-18,False,POSITIVE,1,SOURCE_G_REVIEWS,reviews_2023.csv,2023-09-18T23:55:21.348111201,BATCH-G-20230918
REV-00053204,SKU-0018328,,Anonymous,5,Will definitely buy again.,2023-06-12,False,POSITIVE,5,SOURCE_G_REVIEWS,reviews_2023.csv,2023-06-13T04:51:39.485006465,BATCH-G-20230612
REV-00053209,SKU-0011651,user_56683,Ruth Singleton,4,Will definitely buy again.,2023-11-13,False,POSITIVE,3,SOURCE_G_REVIEWS,reviews_2023.csv,2023-11-13T00:51:03.935416351,BATCH-G-20231113
REV-00053216,SKU-0002941,user_9000443,Ryan Smith,4,Better than I expected for the price.,2023-02-07,True,POSITIVE,3,SOURCE_G_REVIEWS,reviews_2023.csv,2023-02-07T19:11:27.215390134,BATCH-G-20230207
REV-00053221,SKU-0002461,,Anonymous,5,   Fast  delivery  and  great  quality.   ,2023-10-15,True,POSITIVE,2,SOURCE_G_REVIEWS,reviews_2023.csv,2023-10-15T03:17:47.160599793,BATCH-G-20231015
REV-00053222,SKU-0015526,user_9011870,Wendy Thomas,5,Fast delivery and great quality.,2023-11-27,True,POSITIVE,2,SOURCE_G_REVIEWS,reviews_2023.csv,2023-11-28T04:55:02.765778294,BATCH-G-20231127
REV-00053235,SKU-0004902,user_47242,Hannah,1,Stopped working after a week.,2023-07-03,True,NEGATIVE,0,SOURCE_G_REVIEWS,reviews_2023.csv,2023-07-03T00:54:28.092420344,BATCH-G-20230703
REV-00053239,SKU-0001801,user_33828,John Rivera,5,Great value for money.,2023-03-10,False,POSITIVE,4,SOURCE_G_REVIEWS,reviews_2023.csv,2023-03-10T15:50:33.274266001,BATCH-G-20230310
REV-00053241,SKU-0011470,user_9031110,Mary,5,Better than I expected for the price.,2023-12-25,True,POSITIVE,5,SOURCE_G_REVIEWS,reviews_2023.csv,2023-12-26T04:14:13.442123510,BATCH-G-20231225
REV-00053242,SKU-0002185,user_53549,Ryan Mcintosh,1,"Waste of money, do not buy.",2023-07-22,False,NEGATIVE,0,SOURCE_G_REVIEWS,reviews_2023.csv,2023-07-22T01:35:09.014446076,BATCH-G-20230722
REV-00053246,SKU-0000627,user_9003428,Laura Ward,5,"&nbsp;Exactly as described, very happy.<br>",2023-02-25,False,POSITIVE,0,SOURCE_G_REVIEWS,reviews_2023.csv,2023-02-25T12:08:23.174409876,BATCH-G-20230225
REV-00053248,SKU-0006700,user_57512,Michelle Dawson,5,"Perfect gift, they loved it!",2023-03-30,True,POSITIVE,3,SOURCE_G_REVIEWS,reviews_2023.csv,2023-03-30T19:00:47.247984500,BATCH-G-20230330
REV-00053251,SKU-0012917,user_9015947,John Contreras,1,Stopped working after a week.,2023-11-24,False,NEGATIVE,2,SOURCE_G_REVIEWS,reviews_2023.csv,2023-11-25T05:01:30.178167627,BATCH-G-20231124
REV-00053253,SKU-0007351,user_46871,Carla,1,"Cheaply made, broke immediately.",2023-05-20,False,NEGATIVE,0,SOURCE_G_REVIEWS,reviews_2023.csv,2023-05-21T05:17:44.718176936,BATCH-G-20230520
REV-00053257,SKU-0008228,user_9885,Karen Mayo,5,"Absolutely love it, works perfectly! 🔥",2023-07-28,True,POSITIVE,0,SOURCE_G_REVIEWS,reviews_2023.csv,2023-07-28T18:15:58.858278263,BATCH-G-20230728
REV-00053259,SKU-0013807,user_9022954,Kathryn Lee,4,"Livraison très lente, déçu.",2023-11-21,True,POSITIVE,1,SOURCE_G_REVIEWS,reviews_2023.csv,2023-11-21T01:12:49.326209809,BATCH-G-20231121
REV-00053264,SKU-0000534,,Anonymous,3,"No cumplió mis expectativas. It's okay, does the job. 💯",2023-01-09,True,NEUTRAL,10,SOURCE_G_REVIEWS,reviews_2023.csv,2023-01-09T04:39:53.185590894,BATCH-G-20230109
REV-00053266,SKU-0013945,user_9004703,Sandra,5,"Livraison très lente, déçu. Poor packaging, item was defective.",2023-06-01,True,NEGATIVE,2,SOURCE_G_REVIEWS,reviews_2023.csv,2023-06-01T17:43:46.092120091,BATCH-G-20230601
REV-00053280,SKU-0019541,,Anonymous,5,Exceeded my expectations.,2023-01-14,True,POSITIVE,0,SOURCE_G_REVIEWS,reviews_2023.csv,2023-01-14T20:45:22.312918763,BATCH-G-20230114
REV-00053287,SKU-0005272,,Anonymous,4,Highly recommend this product.,2023-03-01,False,POSITIVE,3,SOURCE_G_REVIEWS,reviews_2023.csv,2023-03-01T15:02:19.320510651,BATCH-G-20230301
REV-00053288,SKU-0015696,user_9025256,Jason Gonzalez,5,<b>Update:</b>Great value for money.<p>,2023-10-10,False,POSITIVE,1,SOURCE_G_REVIEWS,reviews_2023.csv,2023-10-10T00:45:16.156963516,BATCH-G-20231010
REV-00053289,SKU-0019116,user_9022846,Robert Reed,5,Will definitely buy again.,2023-12-24,True,POSITIVE,3,SOURCE_G_REVIEWS,reviews_2023.csv,2023-12-24T11:41:28.053610187,BATCH-G-20231224
REV-00053294,SKU-0014632,user_16596,Jose Villa,4,Exceeded my expectations.,2023-03-13,False,POSITIVE,2,SOURCE_G_REVIEWS,reviews_2023.csv,2023-03-14T00:57:57.213939528,BATCH-G-20230313
REV-00053301,SKU-0011469,user_36189,Daniel,5,"Perfect gift, they loved it!",2023-06-25,True,POSITIVE,12,SOURCE_G_REVIEWS,reviews_2023.csv,2023-06-26T01:27:12.909614794,BATCH-G-20230625
REV-00053310,SKU-0008955,user_9024135,Joseph Cross,5,"Solid build quality, no complaints.",2023-07-31,True,POSITIVE,1,SOURCE_G_REVIEWS,reviews_2023.csv,2023-07-31T03:53:51.556507743,BATCH-G-20230731
REV-00053322,SKU-0012056,user_9030415,John,4,Great value for money.,2023-09-10,True,POSITIVE,3,SOURCE_G_REVIEWS,reviews_2023.csv,2023-09-10T08:42:36.683179804,BATCH-G-20230910
REV-00053339,SKU-0001081,user_9010237,Annette Wood,2,"   Waste  of  money,  do  not  buy.   ",2023-11-15,False,NEGATIVE,11,SOURCE_G_REVIEWS,reviews_2023.csv,2023-11-15T20:47:41.580722509,BATCH-G-20231115
REV-00053341,SKU-0011442,user_9003122,Victoria Anderson,4,Will definitely buy again.,2023-07-22,True,POSITIVE,0,SOURCE_G_REVIEWS,reviews_2023.csv,2023-07-22T17:12:52.756556439,BATCH-G-20230722
REV-00053347,SKU-0004305,user_9006797,Juan,5,Will definitely buy again.,2023-07-09,False,POSITIVE,4,SOURCE_G_REVIEWS,reviews_2023.csv,2023-07-09T09:58:32.070524611,BATCH-G-20230709
REV-00053353,SKU-0009833,user_9483,David Valencia,5,   Great  value  for  money.   ,2023-10-21,True,POSITIVE,1,SOURCE_G_REVIEWS,reviews_2023.csv,2023-10-21T15:13:03.223297612,BATCH-G-20231021
REV-00053372,SKU-0015448,user_9014490,Ashlee,5,Will definitely buy again.,2023-04-14,False,POSITIVE,1,SOURCE_G_REVIEWS,reviews_2023.csv,2023-04-14T17:45:39.823878568,BATCH-G-20230414
REV-00053377,SKU-0007535,user_9007449,Benjamin Snyder,2,"Waste of money, do not buy.",2023-12-23,False,NEGATIVE,2,SOURCE_G_REVIEWS,reviews_2023.csv,2023-12-23T14:50:56.024338535,BATCH-G-20231223
REV-00053377-DUP,SKU-0007535,user_9007449,Benjamin Snyder,2,"Waste of money, do not buy.",2023-12-23,False,NEGATIVE,2,SOURCE_G_REVIEWS,reviews_2023.csv,2023-12-23T15:01:56.024338535,BATCH-G-20231223
REV-00053384,SKU-0003999,user_47806,Veronica,4,"Absolutely love it, works perfectly!",2023-06-25,False,POSITIVE,1,SOURCE_G_REVIEWS,reviews_2023.csv,2023-06-25T23:46:20.744354929,BATCH-G-20230625
REV-00053393,SKU-0017862,user_1448,Katherine Jackson,5,Fast delivery and great quality.,2023-03-12,True,POSITIVE,1,SOURCE_G_REVIEWS,reviews_2023.csv,2023-03-12T10:39:41.451505128,BATCH-G-20230312
REV-00053408,SKU-0010350,user_25680,Barry Dawson,2,Stopped working after a week.,2023-01-15,True,NEGATIVE,1,SOURCE_G_REVIEWS,reviews_2023.csv,2023-01-15T06:13:53.360320623,BATCH-G-20230115
REV-00053411,SKU-0007159,user_39062,Alvin Walsh,4,"Exactly as described, very happy.",2023-09-17,True,POSITIVE,1,SOURCE_G_REVIEWS,reviews_2023.csv,2023-09-17T13:21:49.757814856,BATCH-G-20230917
REV-00053412,SKU-0008456,,Anonymous,4,"Perfect gift, they loved it!",2023-06-11,True,POSITIVE,0,SOURCE_G_REVIEWS,reviews_2023.csv,2023-06-11T20:38:46.829100127,BATCH-G-20230611
REV-00053415,SKU-0004605,user_9022071,Kelly,3,Decent but overpriced a bit.,2023-04-19,False,NEUTRAL,9,SOURCE_G_REVIEWS,reviews_2023.csv,2023-04-20T00:08:35.825175764,BATCH-G-20230419
REV-00053427,SKU-0009621,user_9001153,Jack Daniels,4,Arrived damaged and support was unhelpful.,2023-02-20,True,NEGATIVE,3,SOURCE_G_REVIEWS,reviews_2023.csv,2023-02-20T20:44:44.045042107,BATCH-G-20230220
REV-00053434,SKU-0001238,user_9006884,Jermaine Berger,5,Better than I expected for the price.,2023-12-17,False,POSITIVE,2,SOURCE_G_REVIEWS,reviews_2023.csv,2023-12-17T20:17:07.835737057,BATCH-G-20231217
REV-00053437,SKU-0014714,user_28633,Teresa,3,"Not bad, not great either.",2023-10-11,True,NEUTRAL,0,SOURCE_G_REVIEWS,reviews_2023.csv,2023-10-11T19:59:08.168889947,BATCH-G-20231011
REV-00053440,SKU-0005997,user_17202,Tiffany,5,"Solid build quality, no complaints.",2023-02-20,True,POSITIVE,0,SOURCE_G_REVIEWS,reviews_2023.csv,2023-02-20T23:03:42.860073395,BATCH-G-20230220
REV-00053441,SKU-0018352,user_47305,Rachael Miles,5,"Muy buen producto, lo recomiendo. Fast delivery and great quality.",2023-02-21,True,POSITIVE,3,SOURCE_G_REVIEWS,reviews_2023.csv,2023-03-08T01:00:00,BATCH-G-20230221
REV-00053455,SKU-0012703,user_33100,Tracey Patterson,4,Great value for money.,2023-08-12,False,POSITIVE,6,SOURCE_G_REVIEWS,reviews_2023.csv,2023-08-13T02:31:52.995675350,BATCH-G-20230812
REV-00053456,SKU-0015594,user_55899,Joseph Carpenter,5,"Perfect gift, they loved it!",2023-08-17,True,POSITIVE,2,SOURCE_G_REVIEWS,reviews_2023.csv,2023-08-17T20:12:21.880504133,BATCH-G-20230817
REV-00053477,SKU-0000914,user_2159,Denise,-,Will definitely buy again.,2023-10-13,True,POSITIVE,3,SOURCE_G_REVIEWS,reviews_2023.csv,2023-10-14T01:33:54.644060850,BATCH-G-20231013
REV-00053481,SKU-0004184,user_16342,Christina,5,   Will  definitely  buy  again.  😍   ,2023-08-26,True,POSITIVE,0,SOURCE_G_REVIEWS,reviews_2023.csv,2023-08-26T11:56:18.034544096,BATCH-G-20230826
REV-00053490,SKU-0014359,user_9015668,Lauren Martin,,Decent but overpriced a bit.,2023-03-28,True,NEUTRAL,5,SOURCE_G_REVIEWS,reviews_2023.csv,2023-03-28T12:30:47.906794280,BATCH-G-20230328
REV-00053504,SKU-0009740,user_41151,Catherine Leach,4,Great value for money.,2023-06-30,True,POSITIVE,2,SOURCE_G_REVIEWS,reviews_2023.csv,2023-07-01T00:21:23.623119103,BATCH-G-20230630
REV-00053513,SKU-0013400,,Anonymous,5,Fast delivery and great quality.,2023-12-16,False,POSITIVE,1,SOURCE_G_REVIEWS,reviews_2023.csv,2023-12-16T04:26:11.438637890,BATCH-G-20231216
REV-00053514,SKU-0019883,user_9014713,Randy,2,Arrived damaged and support was unhelpful.,2023-05-24,False,NEGATIVE,1,SOURCE_G_REVIEWS,reviews_2023.csv,2023-05-24T20:57:44.806094525,BATCH-G-20230524
REV-00053517,SKU-0008380,user_52492,Deanna Mathews,5,Will definitely buy again.,2023-01-19,False,POSITIVE,0,SOURCE_G_REVIEWS,reviews_2023.csv,2023-01-19T09:23:25.048815287,BATCH-G-20230119
REV-00053521,SKU-0017579,,Anonymous,5,"Solid build quality, no complaints.",2023-02-21,True,POSITIVE,1,SOURCE_G_REVIEWS,reviews_2023.csv,2023-02-22T02:15:18.275916390,BATCH-G-20230221
REV-00053526,SKU-0014001,user_31515,Donna Paul,5,Fast delivery and great quality. ⭐,2023-09-16,True,POSITIVE,4,SOURCE_G_REVIEWS,reviews_2023.csv,2023-09-16T06:47:51.971471786,BATCH-G-20230916
REV-00053532,SKU-0015017,,Anonymous,0,"Absolutely love it, works perfectly!",2023-04-01,True,POSITIVE,0,SOURCE_G_REVIEWS,reviews_2023.csv,2023-04-01T21:38:56.100813791,BATCH-G-20230401
REV-00053538,SKU-0017692,user_42207,Randy Russo,1,<b>Update:</b>Stopped working after a week.<b>Update:</b>,2023-02-16,True,NEGATIVE,0,SOURCE_G_REVIEWS,reviews_2023.csv,2023-02-16T11:18:17.186458243,BATCH-G-20230216
REV-00053542,SKU-0006792,user_8636,Jessica,2,Wrong item was shipped to me.,2023-01-29,False,NEGATIVE,1,SOURCE_G_REVIEWS,reviews_2023.csv,2023-01-29T17:23:12.161149053,BATCH-G-20230129
REV-00053547,SKU-0018388,user_14548,Nicole Ortega,4,Great value for money.,2023-06-16,False,POSITIVE,1,SOURCE_G_REVIEWS,reviews_2023.csv,2023-06-16T12:54:59.717076045,BATCH-G-20230616
REV-00053550,SKU-0016092,user_65299,Holly,5,"Exactly as described, very happy.",2023-02-19,False,POSITIVE,4,SOURCE_G_REVIEWS,reviews_2023.csv,2023-02-20T05:25:55.647768296,BATCH-G-20230219
REV-00053559,SKU-0014840,,Anonymous,5,"Exactly as described, very happy.",2023-08-06,True,POSITIVE,0,SOURCE_G_REVIEWS,reviews_2023.csv,2023-08-07T05:09:42.865670699,BATCH-G-20230806
REV-00053562,SKU-0014865,user_9171,Charles Brown,3,Works fine but delivery was slow.,2023-06-10,False,NEUTRAL,3,SOURCE_G_REVIEWS,reviews_2023.csv,2023-06-10T19:28:51.424488196,BATCH-G-20230610
REV-00053564,SKU-0009526,user_32020,Diane Evans,5,Will definitely buy again.,2023-11-12,True,POSITIVE,2,SOURCE_G_REVIEWS,reviews_2023.csv,2023-11-12T20:25:33.382504684,BATCH-G-20231112
REV-00053587,SKU-0011157,user_12592,Elizabeth Lopez,4,Better than I expected for the price.,2023-01-15,False,POSITIVE,4,SOURCE_G_REVIEWS,reviews_2023.csv,2023-01-15T03:37:37.651476591,BATCH-G-20230115
REV-00053595,SKU-0004577,,Anonymous,5,Great value for money.,2023-12-18,True,POSITIVE,1,SOURCE_G_REVIEWS,reviews_2023.csv,2023-12-18T07:40:12.075569361,BATCH-G-20231218
REV-00053599,SKU-0010861,,Anonymous,5,"Perfect gift, they loved it!",2023-08-15,True,POSITIVE,1,SOURCE_G_REVIEWS,reviews_2023.csv,2023-08-16T00:23:08.043844056,BATCH-G-20230815
REV-00053609,SKU-0006384,user_39330,Richard Alvarado,4,"Perfect gift, they loved it!",2023-03-06,False,POSITIVE,4,SOURCE_G_REVIEWS,reviews_2023.csv,2023-03-06T17:53:28.158257363,BATCH-G-20230306
REV-00053613,SKU-0014423,user_53256,Daniel,5,"बहुत अच्छा उत्पाद है, पैसा वसूल! Great value for money.",2023-05-18,True,POSITIVE,0,SOURCE_G_REVIEWS,reviews_2023.csv,2023-05-18T06:15:39.208829535,BATCH-G-20230518
REV-00053636,SKU-0016206,user_23082,Michael Price,5,Better than I expected for the price.,2023-03-07,True,POSITIVE,0,SOURCE_G_REVIEWS,reviews_2023.csv,2023-03-08T00:30:18.263843815,BATCH-G-20230307
REV-00053639,SKU-0008777,user_9002291,Charles White,1,"Cheaply made, broke immediately.",2023-02-14,True,NEGATIVE,5,SOURCE_G_REVIEWS,reviews_2023.csv,2023-02-14T01:36:14.112649682,BATCH-G-20230214
REV-00053651,SKU-0001667,,Anonymous,3,Decent but overpriced a bit.,2023-01-20,True,NEUTRAL,2,SOURCE_G_REVIEWS,reviews_2023.csv,2023-01-20T19:21:13.560983436,BATCH-G-20230120
REV-00053660,SKU-0003488,user_34205,Samantha Huerta,2,"Cheaply made, broke immediately.",2023-11-15,False,NEGATIVE,1,SOURCE_G_REVIEWS,reviews_2023.csv,2023-11-15T17:56:14.081015272,BATCH-G-20231115
REV-00053661,SKU-0004922,user_9001129,Chad,5,"<b>Update:</b>Absolutely love it, works perfectly!<b>Update:</b>",2023-07-12,False,POSITIVE,0,SOURCE_G_REVIEWS,reviews_2023.csv,2023-07-13T01:45:37.625073927,BATCH-G-20230712
REV-00053664,SKU-0013007,user_9005814,Erica Myers,5,Fast delivery and great quality.,2023-07-23,True,POSITIVE,8,SOURCE_G_REVIEWS,reviews_2023.csv,2023-07-23T11:52:29.153617908,BATCH-G-20230723
REV-00053699,SKU-0006168,user_9026391,Sarah,3,"Not bad, not great either.",2023-07-30,True,NEUTRAL,2,SOURCE_G_REVIEWS,reviews_2023.csv,2023-07-30T06:14:31.536410512,BATCH-G-20230730
REV-00053703,SKU-9947296,user_36939,Jessica Hubbard,5,"Solid build quality, no complaints.",2023-03-22,False,POSITIVE,6,SOURCE_G_REVIEWS,reviews_2023.csv,2023-03-22T20:00:30.803501610,BATCH-G-20230322
REV-00053712,SKU-0019880,user_9033229,Brian Howell,4,"Absolutely love it, works perfectly!",2023-09-24,False,POSITIVE,5,SOURCE_G_REVIEWS,reviews_2023.csv,2023-09-24T12:01:21.809768398,BATCH-G-20230924
REV-00053714,SKU-0011786,user_9021187,Cindy Mccarthy,5,Exceeded my expectations.,2023-03-08,False,POSITIVE,4,SOURCE_G_REVIEWS,reviews_2023.csv,2023-03-08T09:28:19.965595076,BATCH-G-20230308
REV-00053716,SKU-0014947,,Anonymous,5,Will definitely buy again.,2023-10-03,True,POSITIVE,0,SOURCE_G_REVIEWS,reviews_2023.csv,2023-10-03T01:15:13.775179536,BATCH-G-20231003
REV-00053727,SKU-9953210,user_23235,James,4,Excellent rapport qualité-prix.,2023-08-26,False,POSITIVE,2,SOURCE_G_REVIEWS,reviews_2023.csv,2023-08-27T05:00:23.805569343,BATCH-G-20230826
REV-00053729,SKU-0012218,user_52437,Eduardo Long,1,Not as described at all.,2023-07-14,False,NEGATIVE,1,SOURCE_G_REVIEWS,reviews_2023.csv,2023-07-14T20:22:12.256162999,BATCH-G-20230714
REV-00053739,SKU-0000174,user_37444,Mark Daniels,5,"Solid build quality, no complaints.",2023-09-20,True,POSITIVE,12,SOURCE_G_REVIEWS,reviews_2023.csv,2023-09-20T10:21:17.016592930,BATCH-G-20230920
REV-00053755,SKU-0008151,user_29271,Paul Walker,4,"Absolutely love it, works perfectly!",2023-12-07,True,POSITIVE,4,SOURCE_G_REVIEWS,reviews_2023.csv,2023-12-07T07:39:24.573508237,BATCH-G-20231207
REV-00053763,SKU-0002587,user_9034176,Regina Johnston,null,"Waste of money, do not buy.",2023-12-11,True,NEGATIVE,2,SOURCE_G_REVIEWS,reviews_2023.csv,2023-12-12T05:07:39.999015222,BATCH-G-20231211
REV-00053772,SKU-0004860,user_9015493,Joseph Rodriguez,5,Excellent rapport qualité-prix.,2023-01-31,False,POSITIVE,1,SOURCE_G_REVIEWS,reviews_2023.csv,2023-01-31T22:48:00.247510887,BATCH-G-20230131
REV-00053773,SKU-0006081,user_18351,Daniel,4,   Great  value  for  money.   ,2023-10-13,False,POSITIVE,17,SOURCE_G_REVIEWS,reviews_2023.csv,2023-10-13T06:25:45.185062583,BATCH-G-20231013
REV-00053798,SKU-0008777,user_9019792,Trevor Harrison,5,Will definitely buy again.,2023-11-29,False,POSITIVE,4,SOURCE_G_REVIEWS,reviews_2023.csv,2023-11-29T01:31:23.217439191,BATCH-G-20231129
REV-00053808,SKU-0005880,user_9002995,Gabrielle Lewis,5,"Cheaply made, broke immediately.",2023-06-02,False,NEGATIVE,16,SOURCE_G_REVIEWS,reviews_2023.csv,2023-06-02T07:33:19.329296359,BATCH-G-20230602
REV-00053810,SKU-0003337,user_18142,Christine Barron,1,Arrived damaged and support was unhelpful.,2023-02-04,False,NEGATIVE,2,SOURCE_G_REVIEWS,reviews_2023.csv,2023-02-05T00:18:37.472143277,BATCH-G-20230204
REV-00053812,SKU-0013870,,Anonymous,4,Highly recommend this product.,2023-06-21,True,POSITIVE,0,SOURCE_G_REVIEWS,reviews_2023.csv,2023-06-21T23:50:38.152010155,BATCH-G-20230621
REV-00053815,SKU-0019347,user_55541,Robert Scott,1,"Cheaply made, broke immediately. 😢",2023-07-17,True,NEGATIVE,3,SOURCE_G_REVIEWS,reviews_2023.csv,2023-07-17T12:08:49.830003972,BATCH-G-20230717
REV-00053825,SKU-9966373,user_9003927,Cathy,4,"Not bad, not great either.",2023-04-02,False,NEUTRAL,0,SOURCE_G_REVIEWS,reviews_2023.csv,2023-04-02T14:01:24.865746526,BATCH-G-20230402
REV-00053832,SKU-0006508,user_9008671,Caitlin,2,"Waste of money, do not buy.",2023-02-23,True,NEGATIVE,0,SOURCE_G_REVIEWS,reviews_2023.csv,2023-02-23T08:29:42.135148549,BATCH-G-20230223
REV-00053837,SKU-0003058,user_9018229,Joseph,5,"Exactly as described, very happy.",2023-01-29,True,POSITIVE,3,SOURCE_G_REVIEWS,reviews_2023.csv,2023-01-30T05:06:54.548254995,BATCH-G-20230129
REV-00053848,SKU-0013141,user_9004387,William Martin,5,Great value for money.,2023-02-26,False,POSITIVE,0,SOURCE_G_REVIEWS,reviews_2023.csv,2023-02-26T02:43:59.029408829,BATCH-G-20230226
REV-00053851,SKU-0004890,user_15090,Kathleen Pena,5,Will definitely buy again.,2023-07-31,True,POSITIVE,9,SOURCE_G_REVIEWS,reviews_2023.csv,2023-08-01T01:51:39.727566544,BATCH-G-20230731
REV-00053859,SKU-0003838,user_29819,Andrea,4,"Waste of money, do not buy. 😍",2023-12-22,False,NEGATIVE,0,SOURCE_G_REVIEWS,reviews_2023.csv,2023-12-22T13:58:56.028144051,BATCH-G-20231222
REV-00053863,SKU-0013609,user_9026936,Corey,5,Highly recommend this product.,2023-01-05,False,POSITIVE,0,SOURCE_G_REVIEWS,reviews_2023.csv,2023-01-05T11:07:45.901917595,BATCH-G-20230105
REV-00053864,SKU-0012929,user_9032238,Caitlin Bush,4,"Perfect gift, they loved it!",2023-10-21,True,POSITIVE,3,SOURCE_G_REVIEWS,reviews_2023.csv,2023-10-21T13:58:19.373511405,BATCH-G-20231021
REV-00053868,SKU-0001989,user_30871,Jose Lloyd,2,"   Cheaply  made,  broke  immediately.   ",2023-11-13,False,NEGATIVE,1,SOURCE_G_REVIEWS,reviews_2023.csv,2023-11-14T05:24:40.543522878,BATCH-G-20231113
REV-00053869,SKU-0005657,user_9032559,Lauren Estrada,5,Great value for money.,2023-10-28,True,POSITIVE,0,SOURCE_G_REVIEWS,reviews_2023.csv,2023-10-28T20:16:27.518740191,BATCH-G-20231028
REV-00053892,SKU-0004476,user_29443,Taylor Nelson,2,"Livraison très lente, déçu.",2023-10-15,True,NEGATIVE,5,SOURCE_G_REVIEWS,reviews_2023.csv,2023-10-15T08:12:15.292762834,BATCH-G-20231015
REV-00053897,SKU-0013084,user_25148,Andrew Adams,4,"   Perfect  gift,  they  loved  it!  💯   ",2023-07-06,False,POSITIVE,3,SOURCE_G_REVIEWS,reviews_2023.csv,2023-07-06T03:02:08.051215123,BATCH-G-20230706
REV-00053902,SKU-0017189,user_21185,Kevin Grant,4,Highly recommend this product.,2023-11-28,False,POSITIVE,0,SOURCE_G_REVIEWS,reviews_2023.csv,2023-11-28T03:39:36.979843222,BATCH-G-20231128
REV-00053910,SKU-0001926,user_9019119,Cory Lam,4,Better than I expected for the price.,2023-09-25,False,POSITIVE,4,SOURCE_G_REVIEWS,reviews_2023.csv,2023-09-25T12:18:01.834245831,BATCH-G-20230925
REV-00053920,SKU-0003355,,Anonymous,2,   Arrived  damaged  and  support  was  unhelpful.   ,2023-05-15,True,NEGATIVE,4,SOURCE_G_REVIEWS,reviews_2023.csv,2023-05-16T04:11:24.574191667,BATCH-G-20230515
REV-00053925,SKU-0006724,user_9021822,Natalie Smith,5,"Solid build quality, no complaints.",2023-03-26,True,POSITIVE,0,SOURCE_G_REVIEWS,reviews_2023.csv,2023-03-26T20:50:14.953031991,BATCH-G-20230326
REV-00053936,SKU-0017768,user_9347,Taylor Massey,5,"Exactly as described, very happy.",2023-05-15,False,POSITIVE,1,SOURCE_G_REVIEWS,reviews_2023.csv,2023-05-15T09:45:13.307604422,BATCH-G-20230515
REV-00053944,SKU-0020167,user_49274,Adam,5,Highly recommend this product.,2023-03-19,True,POSITIVE,1,SOURCE_G_REVIEWS,reviews_2023.csv,2023-03-19T11:25:32.454551632,BATCH-G-20230319
REV-00053950,SKU-0014426,user_9009032,Evelyn Johnson,5,"Absolutely love it, works perfectly!",2023-11-12,True,POSITIVE,2,SOURCE_G_REVIEWS,reviews_2023.csv,2023-11-12T04:15:43.857769972,BATCH-G-20231112
REV-00053959,SKU-0018290,,Anonymous,5,Highly recommend this product.,2023-03-30,True,POSITIVE,5,SOURCE_G_REVIEWS,reviews_2023.csv,2023-03-30T13:15:42.042931235,BATCH-G-20230330
REV-00053963,SKU-0017226,user_51571,Steven Mccoy,4,Exceeded my expectations.,2023-12-24,False,POSITIVE,0,SOURCE_G_REVIEWS,reviews_2023.csv,2023-12-24T08:48:43.524172264,BATCH-G-20231224
REV-00053974,SKU-0011038,user_9022673,Drew Dudley,4,"Solid build quality, no complaints.",2023-04-09,True,POSITIVE,3,SOURCE_G_REVIEWS,reviews_2023.csv,2023-04-09T12:16:10.135689336,BATCH-G-20230409
REV-00053975,SKU-0010331,user_9024386,Phillip Hayes,5,Exceeded my expectations.,2023-12-28,False,POSITIVE,0,SOURCE_G_REVIEWS,reviews_2023.csv,2023-12-28T20:09:03.603418282,BATCH-G-20231228
REV-00053979,SKU-0009980,user_9025700,Katherine,5,Highly recommend this product.,2023-09-24,False,POSITIVE,0,SOURCE_G_REVIEWS,reviews_2023.csv,2023-09-24T04:56:42.451936677,BATCH-G-20230924
REV-00053983,SKU-0008964,,Anonymous,5,"<br>Poor packaging, item was defective.<b>Update:</b>",2023-11-10,False,NEGATIVE,0,SOURCE_G_REVIEWS,reviews_2023.csv,2023-11-10T08:25:06.948151019,BATCH-G-20231110
REV-00053996,SKU-0017220,user_54126,Mary Thomas, ,"Absolutely love it, works perfectly!",2023-04-03,True,POSITIVE,0,SOURCE_G_REVIEWS,reviews_2023.csv,2023-04-04T03:34:42.858058403,BATCH-G-20230403
REV-00053998,SKU-0000928,,Anonymous,1,Not as described at all.,2023-02-22,True,NEGATIVE,1,SOURCE_G_REVIEWS,reviews_2023.csv,2023-02-22T14:56:15.031445897,BATCH-G-20230222
REV-00053999,SKU-0016397,user_9005416,Patrick Wilson,5,Fast delivery and great quality. 😍,2023-08-27,True,POSITIVE,2,SOURCE_G_REVIEWS,reviews_2023.csv,2023-08-27T00:32:17.890951398,BATCH-G-20230827
REV-00054007,SKU-0017534,user_9020431,Joseph,5,Highly recommend this product.,2023-11-26,False,POSITIVE,1,SOURCE_G_REVIEWS,reviews_2023.csv,2023-11-26T08:14:34.636221436,BATCH-G-20231126
REV-00054015,SKU-0006252,user_9029638,Matthew,5,Better than I expected for the price.,2023-10-19,False,POSITIVE,0,SOURCE_G_REVIEWS,reviews_2023.csv,2023-10-19T12:00:45.895485668,BATCH-G-20231019
REV-00054019,SKU-0009926,user_9027543,Ashley Cisneros,5,Highly recommend this product.,2023-07-23,True,POSITIVE,1,SOURCE_G_REVIEWS,reviews_2023.csv,2023-07-24T01:31:09.853367853,BATCH-G-20230723
REV-00054060,SKU-0017052,user_47105,Daniel,1,Arrived damaged and support was unhelpful.,2023-12-23,False,NEGATIVE,0,SOURCE_G_REVIEWS,reviews_2023.csv,2023-12-23T03:23:31.509563644,BATCH-G-20231223
REV-00054066,SKU-0007073,,Anonymous,3,Works fine but delivery was slow.,2023-03-08,True,NEUTRAL,0,SOURCE_G_REVIEWS,reviews_2023.csv,2023-03-08T16:51:02.867042799,BATCH-G-20230308
REV-00054069,SKU-0008734,user_48405,Mark Cook,3,"Matches the description, no issues.",2023-12-23,False,NEUTRAL,1,SOURCE_G_REVIEWS,reviews_2023.csv,2023-12-23T07:49:56.195432794,BATCH-G-20231223
REV-00054071,SKU-0012567,user_9003459,James,5,"Exactly as described, very happy.",2023-12-15,False,POSITIVE,1,SOURCE_G_REVIEWS,reviews_2023.csv,2023-12-15T05:39:47.452612938,BATCH-G-20231215
REV-00054076,SKU-0011589,user_66379,Cindy Martinez,5,गुणवत्ता ठीक नहीं थी। Highly recommend this product.,2023-11-29,False,POSITIVE,0,SOURCE_G_REVIEWS,reviews_2023.csv,2023-11-29T06:11:14.134730536,BATCH-G-20231129
REV-00054098,SKU-0009301,,Anonymous,5,Exceeded my expectations.,2023-12-31,True,POSITIVE,1,SOURCE_G_REVIEWS,reviews_2023.csv,2023-12-31T05:23:09.518948061,BATCH-G-20231231
REV-00054098-BOT,SKU-0009301,user_9011998,Barbara Wood,5,Exceeded my expectations.,2023-12-31,False,POSITIVE,0,SOURCE_G_REVIEWS,reviews_2023.csv,2023-12-31T05:23:09.518948061,BATCH-G-20231231
REV-00054099,SKU-0006106,user_9019970,Joseph,4,"बहुत अच्छा उत्पाद है, पैसा वसूल!",2023-05-24,True,POSITIVE,3,SOURCE_G_REVIEWS,reviews_2023.csv,2023-05-24T17:18:18.848678934,BATCH-G-20230524
REV-00054101,SKU-0018271,user_626,Steven,5,Great value for money.,2023-02-02,False,POSITIVE,4,SOURCE_G_REVIEWS,reviews_2023.csv,2023-02-02T14:59:07.847032065,BATCH-G-20230202
REV-00054107,SKU-0005944,user_9020867,Michele,4,Highly recommend this product. 😡,2023-08-02,False,POSITIVE,0,SOURCE_G_REVIEWS,reviews_2023.csv,2023-08-02T11:47:51.063124973,BATCH-G-20230802
REV-00054107-DUP,SKU-0005944,user_9020867,Michele,4,Highly recommend this product. 😡,2023-08-02,False,POSITIVE,0,SOURCE_G_REVIEWS,reviews_2023.csv,2023-08-02T12:00:51.063124973,BATCH-G-20230802
REV-00054115,SKU-0009208,user_19950,Ana Welch,3,"Matches the description, no issues.",2023-11-16,False,NEUTRAL,1,SOURCE_G_REVIEWS,reviews_2023.csv,2023-11-16T08:39:45.897053094,BATCH-G-20231116
REV-00054139,SKU-0008483,user_4764,Daniel Jacobs,1,"Cheaply made, broke immediately.",2023-12-09,True,NEGATIVE,7,SOURCE_G_REVIEWS,reviews_2023.csv,2023-12-09T18:26:23.895517462,BATCH-G-20231209
REV-00054140,SKU-0013192,user_9020909,Julie Rose,4,Highly recommend this product.,2023-05-23,False,POSITIVE,4,SOURCE_G_REVIEWS,reviews_2023.csv,2023-05-23T19:30:30.156294298,BATCH-G-20230523
REV-00054147,SKU-0016736,user_49158,Marcus Stewart,5,</p>Exceeded my expectations.<b>Update:</b>,2023-01-25,True,POSITIVE,4,SOURCE_G_REVIEWS,reviews_2023.csv,2023-01-25T21:07:55.210725470,BATCH-G-20230125
REV-00054150,SKU-0018404,user_9032111,Megan Allen,5,"बहुत अच्छा उत्पाद है, पैसा वसूल!",2023-12-10,False,POSITIVE,1,SOURCE_G_REVIEWS,reviews_2023.csv,2023-12-10T19:33:40.692741722,BATCH-G-20231210
REV-00054162,SKU-0004660,user_9015166,Christian,5,Will definitely buy again.,2023-02-10,True,POSITIVE,0,SOURCE_G_REVIEWS,reviews_2023.csv,2023-02-11T00:50:31.403556801,BATCH-G-20230210
REV-00054164,SKU-0000291,user_65780,Julia,4,Better than I expected for the price.,2023-07-20,True,POSITIVE,0,SOURCE_G_REVIEWS,reviews_2023.csv,2023-07-20T23:50:09.070379767,BATCH-G-20230720
REV-00054165,SKU-0006126,user_9002761,Emily,4,Great value for money.,2023-05-01,True,POSITIVE,1,SOURCE_G_REVIEWS,reviews_2023.csv,2023-05-01T14:45:08.749139010,BATCH-G-20230501
REV-00054170,SKU-0011560,user_5240,Crystal Bailey,4,"Waste of money, do not buy.",2023-05-29,False,NEGATIVE,0,SOURCE_G_REVIEWS,reviews_2023.csv,2023-05-30T00:22:51.335889271,BATCH-G-20230529
REV-00054176,SKU-0014149,user_9033757,Charlene Wu,5,"Perfect gift, they loved it!",2023-11-22,True,POSITIVE,5,SOURCE_G_REVIEWS,reviews_2023.csv,2023-11-22T21:33:50.752215826,BATCH-G-20231122
REV-00054180,SKU-0012947,,Anonymous,2,Stopped working after a week.,2023-09-28,True,NEGATIVE,2,SOURCE_G_REVIEWS,reviews_2023.csv,2023-09-29T00:42:31.000844151,BATCH-G-20230928
REV-00054182,SKU-0008895,user_61749,Allison Branch,4,Will definitely buy again.,2023-08-13,True,POSITIVE,5,SOURCE_G_REVIEWS,reviews_2023.csv,2023-08-14T01:34:06.532137920,BATCH-G-20230813
REV-00054186,SKU-9984892,,Anonymous,4,Fast delivery and great quality.,2023-06-17,True,POSITIVE,0,SOURCE_G_REVIEWS,reviews_2023.csv,2023-06-18T05:06:53.573389445,BATCH-G-20230617
REV-00054203,SKU-0017417,user_5048,Sara Allen,5,"Muy buen producto, lo recomiendo.",2023-08-29,True,POSITIVE,5,SOURCE_G_REVIEWS,reviews_2023.csv,2023-08-29T11:05:43.087334851,BATCH-G-20230829
REV-00054209,SKU-0001433,user_14465,Alyssa,4,"Exactly as described, very happy.",2023-09-20,True,POSITIVE,3,SOURCE_G_REVIEWS,reviews_2023.csv,2023-09-20T22:31:27.344892810,BATCH-G-20230920
REV-00054209-DUP,SKU-0001433,user_14465,Alyssa,4,"Exactly as described, very happy.",2023-09-20,True,POSITIVE,3,SOURCE_G_REVIEWS,reviews_2023.csv,2023-09-20T23:18:27.344892810,BATCH-G-20230920
REV-00054210,SKU-0004310,,Anonymous,4,"Absolutely love it, works perfectly!",2023-03-02,False,POSITIVE,2,SOURCE_G_REVIEWS,reviews_2023.csv,2023-03-02T01:27:25.418342908,BATCH-G-20230302
REV-00054212,SKU-0019990,user_16292,Anthony Morgan,?,Exceeded my expectations.,2023-03-22,False,POSITIVE,0,SOURCE_G_REVIEWS,reviews_2023.csv,2023-03-23T00:52:27.309390071,BATCH-G-20230322
REV-00054226,SKU-0009617,,Anonymous,4,Exceeded my expectations.,2023-11-17,True,POSITIVE,3,SOURCE_G_REVIEWS,reviews_2023.csv,2023-11-17T21:15:24.674853884,BATCH-G-20231117
REV-00054235,SKU-0007004,user_5011,Rebecca Zhang,4,"Absolutely love it, works perfectly!",2023-02-21,True,POSITIVE,0,SOURCE_G_REVIEWS,reviews_2023.csv,2023-02-21T03:22:25.648391703,BATCH-G-20230221
REV-00054240,SKU-0012192,user_69791,Kenneth,7,N/A,2023-09-12,False,NEGATIVE,2,SOURCE_G_REVIEWS,reviews_2023.csv,2023-09-12T18:33:18.652407864,BATCH-G-20230912
REV-00054257,SKU-0000880,user_32922,Joseph Berry,1,"Cheaply made, broke immediately.",2023-10-18,False,NEGATIVE,7,SOURCE_G_REVIEWS,reviews_2023.csv,2023-10-18T09:55:32.442572457,BATCH-G-20231018
REV-00054272,SKU-0005927,user_9002056,Jennifer Burke,5,"Absolutely love it, works perfectly!",2023-01-10,True,POSITIVE,0,SOURCE_G_REVIEWS,reviews_2023.csv,2023-01-10T01:49:37.952730577,BATCH-G-20230110
REV-00054284,SKU-0003454,user_66985,Jo Miller PhD,5,"Solid build quality, no complaints.",2023-10-11,True,POSITIVE,1,SOURCE_G_REVIEWS,reviews_2023.csv,2023-10-11T19:59:27.934210703,BATCH-G-20231011
REV-00054285,SKU-0005275,,Anonymous,4,"Solid build quality, no complaints.",2023-12-02,False,POSITIVE,2,SOURCE_G_REVIEWS,reviews_2023.csv,2023-12-02T07:02:51.469152808,BATCH-G-20231202
REV-00054287,SKU-0002485,user_9011493,Christina Gray,5,"Perfect gift, they loved it!",2023-06-05,True,POSITIVE,3,SOURCE_G_REVIEWS,reviews_2023.csv,2023-06-06T01:48:06.372253659,BATCH-G-20230605
REV-00054289,SKU-0018907,user_67838,Alyssa Jones,5,"Solid build quality, no complaints.",2023-12-15,True,POSITIVE,2,SOURCE_G_REVIEWS,reviews_2023.csv,2023-12-16T01:25:30.035766877,BATCH-G-20231215
REV-00054290,SKU-0015248,,Anonymous,4,"Absolutely love it, works perfectly!",2023-12-21,True,POSITIVE,3,SOURCE_G_REVIEWS,reviews_2023.csv,2023-12-21T14:57:52.748494035,BATCH-G-20231221
REV-00054293,SKU-0013740,user_9018906,John Keller,5,Exceeded my expectations. 😢,2023-05-11,True,POSITIVE,2,SOURCE_G_REVIEWS,reviews_2023.csv,2023-05-11T03:30:47.818956483,BATCH-G-20230511
REV-00054294,SKU-0018881,user_9024707,Jacqueline Singh,3,"Average quality, nothing special.",2023-07-30,False,NEUTRAL,1,SOURCE_G_REVIEWS,reviews_2023.csv,2023-07-30T12:15:22.745728459,BATCH-G-20230730
REV-00054297,SKU-0007510,user_9020298,Michael Vaughn,5,Better than I expected for the price.,2023-10-29,False,POSITIVE,1,SOURCE_G_REVIEWS,reviews_2023.csv,2023-10-29T16:20:43.560290437,BATCH-G-20231029
REV-00054302,SKU-0010747,user_20424,Andrew Bennett,1,<i>edited</i>Very disappointed with the quality.<b>Update:</b>,2023-12-13,False,NEGATIVE,9,SOURCE_G_REVIEWS,reviews_2023.csv,2023-12-13T05:07:55.993272124,BATCH-G-20231213
REV-00054320,SKU-0010941,user_43483,Sandra Burnett,5,"Solid build quality, no complaints.",2023-10-04,False,POSITIVE,1,SOURCE_G_REVIEWS,reviews_2023.csv,2023-10-04T09:36:07.083431321,BATCH-G-20231004
REV-00054323,SKU-0008485,,Anonymous,1,Not as described at all.,2023-08-14,True,NEGATIVE,1,SOURCE_G_REVIEWS,reviews_2023.csv,2023-08-14T09:58:56.588652594,BATCH-G-20230814
REV-00054336,SKU-0002668,user_18112,James Buckley,5,Fast delivery and great quality.,2023-01-21,False,POSITIVE,0,SOURCE_G_REVIEWS,reviews_2023.csv,2023-01-22T00:12:08.172848709,BATCH-G-20230121
REV-00054349,SKU-0003252,user_12347,Carol,1,Stopped working after a week.,2023-12-23,True,NEGATIVE,0,SOURCE_G_REVIEWS,reviews_2023.csv,2023-12-23T16:49:01.611533048,BATCH-G-20231223
REV-00054353,SKU-0010438,user_9011257,Curtis,5,Fast delivery and great quality.,2023-07-12,False,POSITIVE,1,SOURCE_G_REVIEWS,reviews_2023.csv,2023-07-12T11:18:02.137884463,BATCH-G-20230712
REV-00054359,SKU-0006476,user_9005344,Carl Meza,5,<br>Exceeded my expectations.&nbsp;,2023-11-10,True,POSITIVE,2,SOURCE_G_REVIEWS,reviews_2023.csv,2023-11-10T13:08:33.254686125,BATCH-G-20231110
REV-00054360,SKU-0005631,user_9024991,Virginia,5,"   Solid  build  quality,  no  complaints.   ",2023-12-24,False,POSITIVE,0,SOURCE_G_REVIEWS,reviews_2023.csv,2023-12-25T04:19:05.553416848,BATCH-G-20231224
REV-00054374,SKU-0007998,user_7806,Alexander,4,Will definitely buy again.,2023-12-29,True,POSITIVE,0,SOURCE_G_REVIEWS,reviews_2023.csv,2023-12-29T22:58:04.976805710,BATCH-G-20231229
REV-00054386,SKU-0009861,user_9002670,Sally Baird,5,Better than I expected for the price.,2023-12-03,True,POSITIVE,1,SOURCE_G_REVIEWS,reviews_2023.csv,2023-12-03T09:38:57.411706568,BATCH-G-20231203
REV-00054387,SKU-0011936,user_65541,Elizabeth Olson,4,Fast delivery and great quality.,2023-09-22,True,POSITIVE,1,SOURCE_G_REVIEWS,reviews_2023.csv,2023-09-23T00:03:27.148164305,BATCH-G-20230922
REV-00054399,SKU-9954557,user_9023108,Jennifer Hobbs,4,"Perfect gift, they loved it!",2023-08-27,False,POSITIVE,2,SOURCE_G_REVIEWS,reviews_2023.csv,2023-08-27T19:42:50.316405113,BATCH-G-20230827
REV-00054403,SKU-0015877,user_23734,Michele,5,"Exactly as described, very happy.",2023-11-23,True,POSITIVE,2,SOURCE_G_REVIEWS,reviews_2023.csv,2023-11-23T13:12:06.948537211,BATCH-G-20231123
REV-00054422,SKU-0017547,user_9009129,David Griffith,5,"Absolutely love it, works perfectly!",2023-08-19,True,POSITIVE,1,SOURCE_G_REVIEWS,reviews_2023.csv,2023-08-19T06:08:30.332409217,BATCH-G-20230819
REV-00054431,SKU-0004219,user_3926,Timothy Martinez,5,Works fine but delivery was slow.,2023-03-26,True,NEUTRAL,2,SOURCE_G_REVIEWS,reviews_2023.csv,2023-03-26T23:08:17.408389502,BATCH-G-20230326
REV-00054434,SKU-0004777,user_47094,Adam,5,"Solid build quality, no complaints.",2023-08-08,False,POSITIVE,1,SOURCE_G_REVIEWS,reviews_2023.csv,2023-08-09T00:01:35.922733955,BATCH-G-20230808
REV-00054436,SKU-0005441,user_9000428,Lisa Krueger,5,Better than I expected for the price.,2023-09-29,True,POSITIVE,0,SOURCE_G_REVIEWS,reviews_2023.csv,2023-09-30T03:24:07.425132251,BATCH-G-20230929
REV-00054440,SKU-0015848,,Anonymous,5,Highly recommend this product.,2023-07-05,True,POSITIVE,5,SOURCE_G_REVIEWS,reviews_2023.csv,2023-07-05T06:48:02.258945003,BATCH-G-20230705
REV-00054441,SKU-0000510,user_31688,Henry Brown,5,Will definitely buy again.,2023-03-20,False,POSITIVE,0,SOURCE_G_REVIEWS,reviews_2023.csv,2023-03-20T01:05:49.707232644,BATCH-G-20230320
REV-00054449,SKU-0019514,user_6743,Stacey Fisher,3,Works fine but delivery was slow.,2023-10-02,True,NEUTRAL,3,SOURCE_G_REVIEWS,reviews_2023.csv,2023-10-02T15:39:09.347631707,BATCH-G-20231002
REV-00054450,SKU-0010592,,Anonymous,5,"Muy buen producto, lo recomiendo.",2023-02-12,True,POSITIVE,1,SOURCE_G_REVIEWS,reviews_2023.csv,2023-02-13T01:28:00.831223950,BATCH-G-20230212
REV-00054452,SKU-0016131,user_9024283,Lisa Logan,5,Fast delivery and great quality. 😐,2023-12-31,True,POSITIVE,4,SOURCE_G_REVIEWS,reviews_2023.csv,2023-12-31T17:24:59.636828042,BATCH-G-20231231
REV-00054455,SKU-0008822,user_9031298,Terri,4,"Solid build quality, no complaints.",2023-11-15,False,POSITIVE,3,SOURCE_G_REVIEWS,reviews_2023.csv,2023-11-15T10:52:09.877610894,BATCH-G-20231115
REV-00054459,SKU-0017922,user_9018063,Melissa Bridges,4,"Exactly as described, very happy.",2023-06-16,False,POSITIVE,3,SOURCE_G_REVIEWS,reviews_2023.csv,2023-06-16T11:43:47.655096050,BATCH-G-20230616
REV-00054463,SKU-0019971,user_10367,Nicole,4,"Excellent rapport qualité-prix. Exactly as described, very happy.",2023-07-23,True,POSITIVE,1,SOURCE_G_REVIEWS,reviews_2023.csv,2023-07-23T15:29:28.966326503,BATCH-G-20230723
REV-00054483,SKU-0007793,user_30483,Kelly Morrison, ,Exceeded my expectations.,2023-05-25,False,POSITIVE,0,SOURCE_G_REVIEWS,reviews_2023.csv,2023-05-26T05:42:53.118788373,BATCH-G-20230525
REV-00054488,SKU-9985122,user_9006394,Robert Rowe,2,"Poor packaging, item was defective.",2023-09-10,True,NEGATIVE,2,SOURCE_G_REVIEWS,reviews_2023.csv,2023-09-10T14:36:58.586044129,BATCH-G-20230910
REV-00054488-DUP,SKU-9985122,user_9006394,Robert Rowe,2,"Poor packaging, item was defective.",2023-09-10,True,NEGATIVE,2,SOURCE_G_REVIEWS,reviews_2023.csv,2023-09-10T15:01:58.586044129,BATCH-G-20230910
REV-00054503,SKU-9998315,user_9022451,James Gutierrez,4,"Perfect gift, they loved it!",2023-05-05,True,POSITIVE,2,SOURCE_G_REVIEWS,reviews_2023.csv,2023-05-06T02:20:10.129253333,BATCH-G-20230505
REV-00054504,SKU-0019238,,Anonymous,5,गुणवत्ता ठीक नहीं थी।,2023-08-23,False,POSITIVE,1,SOURCE_G_REVIEWS,reviews_2023.csv,2023-09-12T03:00:00,BATCH-G-20230823
REV-00054513,SKU-0014881,user_4682,Joshua Bennett,N/A,Will definitely buy again.,2023-07-12,True,POSITIVE,7,SOURCE_G_REVIEWS,reviews_2023.csv,2023-07-13T02:46:20.958335988,BATCH-G-20230712
REV-00054515,SKU-0011953,user_32428,William Green,5,Will definitely buy again.,2023-05-10,True,POSITIVE,6,SOURCE_G_REVIEWS,reviews_2023.csv,2023-05-10T08:42:58.728228450,BATCH-G-20230510
REV-00054528,SKU-9934626,user_9028066,Shelby,4,Highly recommend this product.,2023-04-25,True,POSITIVE,2,SOURCE_G_REVIEWS,reviews_2023.csv,2023-04-26T01:37:19.994697163,BATCH-G-20230425
REV-00054535,SKU-0011000,,Anonymous,5,"Exactly as described, very happy.",2023-11-19,True,POSITIVE,2,SOURCE_G_REVIEWS,reviews_2023.csv,2023-11-19T04:56:22.530003183,BATCH-G-20231119
REV-00054541,SKU-0013163,,Anonymous,1,Stopped working after a week.,2023-08-22,True,NEGATIVE,1,SOURCE_G_REVIEWS,reviews_2023.csv,2023-08-23T01:27:53.656065964,BATCH-G-20230822
REV-00054542,SKU-0007733,user_9032207,Jacqueline Bailey,4,Great value for money.,2023-03-10,False,POSITIVE,0,SOURCE_G_REVIEWS,reviews_2023.csv,2023-03-10T01:16:21.588758156,BATCH-G-20230310
REV-00054543,SKU-0015689,,Anonymous,4,"Absolutely love it, works perfectly!",2023-11-04,False,POSITIVE,4,SOURCE_G_REVIEWS,reviews_2023.csv,2023-11-04T05:58:07.410983507,BATCH-G-20231104
REV-00054551,SKU-0000682,user_9010579,Tyrone Warner,3,Decent but overpriced a bit.,2023-07-18,False,NEUTRAL,1,SOURCE_G_REVIEWS,reviews_2023.csv,2023-07-18T05:43:42.882930864,BATCH-G-20230718
REV-00054553,SKU-0005424,user_9033794,Jerry Jordan,4,"Perfect gift, they loved it!",2023-12-14,True,POSITIVE,2,SOURCE_G_REVIEWS,reviews_2023.csv,2023-12-14T16:07:02.781777183,BATCH-G-20231214
REV-00054554,SKU-0007951,user_64443,Mrs. Michelle Davis,4,Great value for money.,2023-09-25,True,POSITIVE,3,SOURCE_G_REVIEWS,reviews_2023.csv,2023-09-25T17:29:59.150375985,BATCH-G-20230925
REV-00054558,SKU-0014082,user_9022010,Melanie Ward,5,"Solid build quality, no complaints.",2023-06-24,True,POSITIVE,0,SOURCE_G_REVIEWS,reviews_2023.csv,2023-06-25T02:12:07.915221342,BATCH-G-20230624
REV-00054569,SKU-0014415,,Anonymous,3,Decent but overpriced a bit.,2023-02-26,False,NEUTRAL,4,SOURCE_G_REVIEWS,reviews_2023.csv,2023-02-26T09:39:21.561005770,BATCH-G-20230226
REV-00054577,SKU-0019228,user_18206,Timothy,3,Decent but overpriced a bit.,2023-12-17,False,NEUTRAL,0,SOURCE_G_REVIEWS,reviews_2023.csv,2023-12-17T16:53:38.176128289,BATCH-G-20231217
REV-00054582,SKU-0008951,user_21952,Jessica,4,Better than I expected for the price.,2023-02-12,True,POSITIVE,3,SOURCE_G_REVIEWS,reviews_2023.csv,2023-02-12T07:52:45.380296777,BATCH-G-20230212
REV-00054585,SKU-0005701,user_9006532,Rachel,1,"Exactly as described, very happy.",2023-01-26,True,POSITIVE,5,SOURCE_G_REVIEWS,reviews_2023.csv,2023-01-26T15:48:35.149637630,BATCH-G-20230126
REV-00054589,SKU-0005915,user_68906,Courtney Wood,5,Better than I expected for the price. 😀,2023-07-28,False,POSITIVE,5,SOURCE_G_REVIEWS,reviews_2023.csv,2023-07-29T02:33:25.116330312,BATCH-G-20230728
REV-00054592,SKU-9912312,user_23501,Leslie Morrison,3,Works fine but delivery was slow.,2023-12-18,True,NEUTRAL,8,SOURCE_G_REVIEWS,reviews_2023.csv,2023-12-18T21:04:06.664656563,BATCH-G-20231218
REV-00054593,SKU-0016950,user_9029041,Shelley,3,Works fine but delivery was slow.,2023-12-23,True,NEUTRAL,2,SOURCE_G_REVIEWS,reviews_2023.csv,2023-12-23T20:35:27.051693650,BATCH-G-20231223
REV-00054595,SKU-0003663,,Anonymous,4,"Solid build quality, no complaints.",2023-01-02,True,POSITIVE,1,SOURCE_G_REVIEWS,reviews_2023.csv,2023-01-03T02:23:27.977367835,BATCH-G-20230102
REV-00054610,SKU-0005908,user_9002733,William,5,"Solid build quality, no complaints.",2023-03-17,True,POSITIVE,3,SOURCE_G_REVIEWS,reviews_2023.csv,2023-03-17T04:53:38.293251956,BATCH-G-20230317
REV-00054612,SKU-0005835,user_9008806,Alicia Bailey,5,"Absolutely love it, works perfectly!",2023-06-02,True,POSITIVE,3,SOURCE_G_REVIEWS,reviews_2023.csv,2023-06-02T15:10:55.150127976,BATCH-G-20230602
REV-00054627,SKU-0013385,user_9019319,John Harris,5,Better than I expected for the price.,2023-08-01,True,POSITIVE,0,SOURCE_G_REVIEWS,reviews_2023.csv,2023-08-01T05:05:50.271084288,BATCH-G-20230801
REV-00054630,SKU-0001938,user_9004880,Rebecca,3,Works fine but delivery was slow.,2023-11-27,True,NEUTRAL,4,SOURCE_G_REVIEWS,reviews_2023.csv,2023-11-27T05:45:20.279143322,BATCH-G-20231127
REV-00054633,SKU-0016654,user_64796,Richard Brown,5,Better than I expected for the price.,2023-08-13,True,POSITIVE,10,SOURCE_G_REVIEWS,reviews_2023.csv,2023-08-14T01:24:55.266057177,BATCH-G-20230813
REV-00054636,SKU-0002470,user_9001907,Thomas Hernandez,4,"Poor packaging, item was defective.",2023-04-20,True,NEGATIVE,9,SOURCE_G_REVIEWS,reviews_2023.csv,2023-04-21T04:44:29.751547807,BATCH-G-20230420
REV-00054638,SKU-0015331,user_22467,Elizabeth Brown,2,Not as described at all.,2023-09-22,True,NEGATIVE,0,SOURCE_G_REVIEWS,reviews_2023.csv,2023-09-22T23:03:18.627978781,BATCH-G-20230922
REV-00054641,SKU-0001169,user_17507,Heather Pace,3,"Matches the description, no issues.",2023-01-16,True,NEUTRAL,3,SOURCE_G_REVIEWS,reviews_2023.csv,2023-01-16T12:04:04.529885931,BATCH-G-20230116
REV-00054650,SKU-0010210,user_9022047,Jeanette Mullins,5,   Excellent  rapport  qualité-prix.   ,2023-02-03,True,NEUTRAL,8,SOURCE_G_REVIEWS,reviews_2023.csv,2023-02-03T07:19:19.887216464,BATCH-G-20230203
REV-00054674,SKU-0010650,user_9034794,Shelley Massey,2,"Cheaply made, broke immediately.",2023-08-19,True,NEGATIVE,0,SOURCE_G_REVIEWS,reviews_2023.csv,2023-08-20T03:54:32.164612403,BATCH-G-20230819
REV-00054677,SKU-9901136,,Anonymous,4,"Solid build quality, no complaints.",2023-12-25,True,POSITIVE,5,SOURCE_G_REVIEWS,reviews_2023.csv,2023-12-25T18:22:52.325550275,BATCH-G-20231225
REV-00054678,SKU-0006855,,Anonymous,3,Works fine but delivery was slow.,2023-08-15,False,NEUTRAL,2,SOURCE_G_REVIEWS,reviews_2023.csv,2023-08-15T03:52:45.608239133,BATCH-G-20230815
REV-00054682,SKU-0011183,user_46449,Joseph Vang,4,"Absolutely love it, works perfectly!",2023-12-06,True,POSITIVE,1,SOURCE_G_REVIEWS,reviews_2023.csv,2023-12-06T21:51:08.218900304,BATCH-G-20231206
REV-00054684,SKU-0009453,user_9003683,Tasha Gomez,5,"Absolutely love it, works perfectly!",2023-02-28,True,POSITIVE,1,SOURCE_G_REVIEWS,reviews_2023.csv,2023-02-28T12:48:54.470099828,BATCH-G-20230228
REV-00054687,SKU-0001251,,Anonymous,5,"Muy buen producto, lo recomiendo.",2023-04-15,False,POSITIVE,1,SOURCE_G_REVIEWS,reviews_2023.csv,2023-04-15T21:37:19.101533417,BATCH-G-20230415
REV-00054691,SKU-0005481,user_10498,Julian Thomas,4,"Absolutely love it, works perfectly!",2023-09-07,True,POSITIVE,4,SOURCE_G_REVIEWS,reviews_2023.csv,2023-09-07T04:18:27.320927678,BATCH-G-20230907
REV-00054703,SKU-0006111,,Anonymous,4,Highly recommend this product.,2023-10-12,True,POSITIVE,2,SOURCE_G_REVIEWS,reviews_2023.csv,2023-10-12T18:03:33.416671183,BATCH-G-20231012
REV-00054707,SKU-0002654,,Anonymous,5,"Perfect gift, they loved it!",2023-04-16,False,POSITIVE,3,SOURCE_G_REVIEWS,reviews_2023.csv,2023-04-17T02:29:16.288176204,BATCH-G-20230416
REV-00054727,SKU-0006442,,Anonymous,null,"Not bad, not great either.",2023-07-26,False,NEUTRAL,3,SOURCE_G_REVIEWS,reviews_2023.csv,2023-07-26T16:37:06.166257608,BATCH-G-20230726
REV-00054743,SKU-0000465,user_9028210,Angela Rivas,4,"Perfect gift, they loved it!",2023-10-19,True,POSITIVE,1,SOURCE_G_REVIEWS,reviews_2023.csv,2023-10-19T13:05:32.906493516,BATCH-G-20231019
REV-00054748,SKU-0007646,user_15476,Zachary,4,"Solid build quality, no complaints.",2023-12-21,True,POSITIVE,3,SOURCE_G_REVIEWS,reviews_2023.csv,2023-12-21T15:38:31.407264346,BATCH-G-20231221
REV-00054753,SKU-0015892,user_60369,Joseph,4,Highly recommend this product.,2023-04-27,False,POSITIVE,0,SOURCE_G_REVIEWS,reviews_2023.csv,2023-04-27T12:46:57.640241173,BATCH-G-20230427
REV-00054765,SKU-0010122,user_9025966,Kaitlyn Silva,5,"Solid build quality, no complaints.",2023-04-07,True,POSITIVE,1,SOURCE_G_REVIEWS,reviews_2023.csv,2023-04-07T20:18:27.139717349,BATCH-G-20230407
REV-00054766,SKU-0018543,user_9003357,Michelle Williams,5,"Exactly as described, very happy.",2023-07-03,True,POSITIVE,3,SOURCE_G_REVIEWS,reviews_2023.csv,2023-07-04T01:01:17.567496169,BATCH-G-20230703
REV-00054773,SKU-0013965,user_9001490,Melissa,5,Highly recommend this product.,2023-02-20,True,POSITIVE,2,SOURCE_G_REVIEWS,reviews_2023.csv,2023-02-20T06:32:52.833905309,BATCH-G-20230220
REV-00054774,SKU-0001454,user_9030382,Brandon,1,"Waste of money, do not buy.",2023-04-11,True,NEGATIVE,1,SOURCE_G_REVIEWS,reviews_2023.csv,2023-04-12T04:03:04.010936289,BATCH-G-20230411
REV-00054791,SKU-0011485,user_9029008,Morgan Smith,7,Fast delivery and great quality.,2023-04-18,True,POSITIVE,4,SOURCE_G_REVIEWS,reviews_2023.csv,2023-04-18T12:38:15.607565957,BATCH-G-20230418
REV-00054796,SKU-0015003,user_9004222,Richard,3,"Matches the description, no issues.",2023-10-01,True,NEUTRAL,1,SOURCE_G_REVIEWS,reviews_2023.csv,2023-10-02T02:16:22.381521762,BATCH-G-20231001
REV-00054800,SKU-0001864,user_9010214,Brenda Guerrero,4,Great value for money.,2023-06-12,True,POSITIVE,3,SOURCE_G_REVIEWS,reviews_2023.csv,2023-06-12T21:09:33.596603433,BATCH-G-20230612
REV-00054803,SKU-0002171,user_20304,Carlos Trujillo,5,Exceeded my expectations.,2023-09-16,True,POSITIVE,0,SOURCE_G_REVIEWS,reviews_2023.csv,2023-09-16T03:13:09.656466408,BATCH-G-20230916
REV-00054809,SKU-0009738,user_25130,Tonya Harrison,5,Highly recommend this product.,2023-10-21,True,POSITIVE,0,SOURCE_G_REVIEWS,reviews_2023.csv,2023-10-21T11:36:08.230841387,BATCH-G-20231021
REV-00054814,SKU-0009396,user_9015942,Melissa,1,"Cheaply made, broke immediately.",2023-01-16,False,NEGATIVE,0,SOURCE_G_REVIEWS,reviews_2023.csv,2023-01-16T06:08:09.052130711,BATCH-G-20230116
REV-00054823,SKU-0008430,user_9006531,Kari Yu,4,"Perfect gift, they loved it!",2023-02-06,True,POSITIVE,1,SOURCE_G_REVIEWS,reviews_2023.csv,2023-02-06T02:18:03.504066051,BATCH-G-20230206
REV-00054826,SKU-9945397,,Anonymous,4,Fast delivery and great quality.,2023-05-16,True,POSITIVE,0,SOURCE_G_REVIEWS,reviews_2023.csv,2023-05-16T13:02:48.771898865,BATCH-G-20230516
REV-00054827,SKU-0009817,user_9032667,Kathy Fernandez,5,Exceeded my expectations.,2023-03-30,False,POSITIVE,0,SOURCE_G_REVIEWS,reviews_2023.csv,2023-03-30T15:39:22.265701539,BATCH-G-20230330
REV-00054829,SKU-0006178,user_29589,Ryan Schmidt,4,"Solid build quality, no complaints.",2023-02-11,True,POSITIVE,0,SOURCE_G_REVIEWS,reviews_2023.csv,2023-02-11T19:56:58.611303489,BATCH-G-20230211
REV-00054837,SKU-0014741,user_32995,Daniel Ray,1,Not as described at all.,2023-10-07,True,NEGATIVE,0,SOURCE_G_REVIEWS,reviews_2023.csv,2023-10-07T01:16:56.205170235,BATCH-G-20231007
REV-00054842,SKU-0003613,,Anonymous,2,Arrived damaged and support was unhelpful.,2023-02-08,True,NEGATIVE,0,SOURCE_G_REVIEWS,reviews_2023.csv,2023-02-08T00:48:46.025743052,BATCH-G-20230208
REV-00054852,SKU-0011736,user_9016656,Sonya Montgomery,3,Wrong item was shipped to me.,2023-07-16,False,NEGATIVE,3,SOURCE_G_REVIEWS,reviews_2023.csv,2023-07-16T21:37:48.141648308,BATCH-G-20230716
REV-00054852-DUP,SKU-0011736,user_9016656,Sonya Montgomery,3,Wrong item was shipped to me.,2023-07-16,False,NEGATIVE,3,SOURCE_G_REVIEWS,reviews_2023.csv,2023-07-16T21:49:48.141648308,BATCH-G-20230716
REV-00054859,SKU-0003303,user_9026016,Jesse Manning,5,   Exceeded  my  expectations.   ,2023-03-17,False,POSITIVE,2,SOURCE_G_REVIEWS,reviews_2023.csv,2023-03-18T00:37:33.712071621,BATCH-G-20230317
REV-00054879,SKU-0013551,user_49677,Julie Mueller,3,"It's okay, does the job.",2023-03-13,True,NEUTRAL,1,SOURCE_G_REVIEWS,reviews_2023.csv,2023-03-13T15:56:43.618788986,BATCH-G-20230313
REV-00054882,SKU-0005640,user_9024721,Andrew,3,Decent but overpriced a bit.,2023-09-27,True,NEUTRAL,3,SOURCE_G_REVIEWS,reviews_2023.csv,2023-09-27T20:02:01.375076145,BATCH-G-20230927
REV-00054896,SKU-0012483,user_45078,Jennifer,4,"Absolutely love it, works perfectly!",2023-10-27,True,POSITIVE,0,SOURCE_G_REVIEWS,reviews_2023.csv,2023-10-27T20:31:59.024432953,BATCH-G-20231027
REV-00054902,SKU-0019401,user_55608,Steven Stephens,0,Great value for money.,2023-09-02,True,POSITIVE,2,SOURCE_G_REVIEWS,reviews_2023.csv,2023-09-02T02:21:32.323947313,BATCH-G-20230902
REV-00054905,SKU-0005334,user_55156,Joel,4,"Solid build quality, no complaints.",2023-08-06,True,POSITIVE,0,SOURCE_G_REVIEWS,reviews_2023.csv,2023-08-06T14:43:05.748998961,BATCH-G-20230806
REV-00054910,SKU-0003734,user_9000111,Kelly Lee,5,"Solid build quality, no complaints.",2023-04-26,False,POSITIVE,5,SOURCE_G_REVIEWS,reviews_2023.csv,2023-04-26T16:06:22.563380715,BATCH-G-20230426
REV-00054935,SKU-0000512,user_9021100,Heather,2,No cumplió mis expectativas.,2023-09-02,True,POSITIVE,6,SOURCE_G_REVIEWS,reviews_2023.csv,2023-09-16T04:00:00,BATCH-G-20230902
REV-00054936,SKU-9938441,user_6016,William Anderson,4,Fast delivery and great quality.,2023-08-21,True,POSITIVE,2,SOURCE_G_REVIEWS,reviews_2023.csv,2023-08-21T14:07:05.407295118,BATCH-G-20230821
REV-00054939,SKU-0010040,user_9028640,John Morrison,4,Fast delivery and great quality. 😡,2023-04-02,True,POSITIVE,0,SOURCE_G_REVIEWS,reviews_2023.csv,2023-04-02T15:32:11.713627490,BATCH-G-20230402
REV-00054943,SKU-0006513,user_9024984,Bernard Walton,3,Excellent rapport qualité-prix.,2023-02-10,True,NEUTRAL,2,SOURCE_G_REVIEWS,reviews_2023.csv,2023-02-10T16:18:01.990726257,BATCH-G-20230210
REV-00054943-BOT,SKU-0006513,user_38937,Anne Taylor,3,Excellent rapport qualité-prix.,2023-02-10,False,NEUTRAL,0,SOURCE_G_REVIEWS,reviews_2023.csv,2023-02-10T16:18:01.990726257,BATCH-G-20230210
REV-00054944,SKU-0000386,,Anonymous,5,"Absolutely love it, works perfectly!",2023-07-02,True,POSITIVE,1,SOURCE_G_REVIEWS,reviews_2023.csv,2023-07-02T15:47:09.459212543,BATCH-G-20230702
REV-00054968,SKU-0000532,user_47223,Brandon Espinoza,5,Excellent rapport qualité-prix.,2023-04-14,True,POSITIVE,0,SOURCE_G_REVIEWS,reviews_2023.csv,2023-04-14T11:03:29.552042104,BATCH-G-20230414
REV-00054969,SKU-0009814,,Anonymous,1,"Livraison très lente, déçu.",2023-11-28,True,NEGATIVE,0,SOURCE_G_REVIEWS,reviews_2023.csv,2023-11-28T08:55:03.492560280,BATCH-G-20231128
REV-00054980,SKU-0014076,,Anonymous,4,Arrived damaged and support was unhelpful.,2023-12-16,True,NEGATIVE,0,SOURCE_G_REVIEWS,reviews_2023.csv,2023-12-16T14:00:15.592544423,BATCH-G-20231216
REV-00054991,SKU-0008560,user_9012645,Sandra Harvey,1,"Waste of money, do not buy.",2023-12-16,True,NEGATIVE,0,SOURCE_G_REVIEWS,reviews_2023.csv,2023-12-16T06:24:43.079842246,BATCH-G-20231216
REV-00055004,SKU-0013894,,Anonymous,NA,   Not  as  described  at  all.   ,2023-12-08,True,NEGATIVE,2,SOURCE_G_REVIEWS,reviews_2023.csv,2023-12-08T22:08:44.383437125,BATCH-G-20231208
REV-00055004-DUP,SKU-0013894,,Anonymous,NA,   Not  as  described  at  all.   ,2023-12-08,True,NEGATIVE,2,SOURCE_G_REVIEWS,reviews_2023.csv,2023-12-08T23:07:44.383437125,BATCH-G-20231208
REV-00055015,SKU-0018113,user_47720,Terry,-,"Livraison très lente, déçu.",2023-01-02,True,POSITIVE,1,SOURCE_G_REVIEWS,reviews_2023.csv,2023-01-02T14:48:45.336781980,BATCH-G-20230102
REV-00055017,SKU-9987886,,Anonymous,4,Exceeded my expectations.,2023-02-17,False,POSITIVE,0,SOURCE_G_REVIEWS,reviews_2023.csv,2023-02-17T12:17:36.520151484,BATCH-G-20230217
REV-00055018,SKU-0018095,user_47405,Olivia Sullivan,,"Exactly as described, very happy.",2023-08-24,False,POSITIVE,7,SOURCE_G_REVIEWS,reviews_2023.csv,2023-08-24T17:12:12.595509325,BATCH-G-20230824
REV-00055020,SKU-0019526,user_9011720,Steven Moore,4,Great value for money.,2023-04-01,False,POSITIVE,2,SOURCE_G_REVIEWS,reviews_2023.csv,2023-04-01T15:06:32.458652003,BATCH-G-20230401
REV-00055027,SKU-0000942,user_9029987,Joshua Smith,2,"Poor packaging, item was defective.",2023-10-01,False,NEGATIVE,4,SOURCE_G_REVIEWS,reviews_2023.csv,2023-10-01T22:07:41.049484243,BATCH-G-20231001
REV-00055043,SKU-9926841,user_9014505,Deborah,4,"Absolutely love it, works perfectly!",2023-07-28,False,POSITIVE,0,SOURCE_G_REVIEWS,reviews_2023.csv,2023-07-28T12:56:24.939558968,BATCH-G-20230728
REV-00055044,SKU-0013598,,Anonymous,4,Exceeded my expectations.,2023-06-03,True,POSITIVE,1,SOURCE_G_REVIEWS,reviews_2023.csv,2023-06-03T14:15:54.370321698,BATCH-G-20230603
REV-00055049,SKU-0003332,,Anonymous,4,Better than I expected for the price. 🔥,2023-04-20,True,POSITIVE,2,SOURCE_G_REVIEWS,reviews_2023.csv,2023-04-20T00:33:35.659096231,BATCH-G-20230420
REV-00055053,SKU-0002089,,Anonymous,5,Will definitely buy again.,2023-06-27,True,POSITIVE,3,SOURCE_G_REVIEWS,reviews_2023.csv,2023-06-27T01:32:06.719647850,BATCH-G-20230627
REV-00055066,SKU-0009323,user_44711,Brittany Clements,3,"Excellent rapport qualité-prix. It's okay, does the job.",2023-10-14,True,NEUTRAL,8,SOURCE_G_REVIEWS,reviews_2023.csv,2023-10-14T01:42:11.657996748,BATCH-G-20231014
REV-00055070,SKU-0000986,user_5648,Michael Thompson,3,"Average quality, nothing special.",2023-07-27,True,NEUTRAL,0,SOURCE_G_REVIEWS,reviews_2023.csv,2023-07-27T04:03:51.032189726,BATCH-G-20230727
REV-00055077,SKU-0015554,user_21680,Nicole Gray,5,"बहुत अच्छा उत्पाद है, पैसा वसूल!",2023-06-23,True,POSITIVE,0,SOURCE_G_REVIEWS,reviews_2023.csv,2023-06-23T13:19:34.412231504,BATCH-G-20230623
REV-00055104,SKU-0009995,user_9024642,Martin,4,Great value for money.,2023-01-24,True,POSITIVE,3,SOURCE_G_REVIEWS,reviews_2023.csv,2023-01-24T15:33:26.091835240,BATCH-G-20230124
REV-00055119,SKU-0015730,user_36976,Wendy Cox,5,"बहुत अच्छा उत्पाद है, पैसा वसूल!",2023-02-05,False,POSITIVE,1,SOURCE_G_REVIEWS,reviews_2023.csv,2023-02-05T01:22:35.427257515,BATCH-G-20230205
REV-00055121,SKU-0002223,user_46327,Shannon Rodriguez,5,Great value for money.,2023-03-03,True,POSITIVE,0,SOURCE_G_REVIEWS,reviews_2023.csv,2023-03-03T07:10:13.393932895,BATCH-G-20230303
REV-00055123,SKU-0016578,user_9004035,Margaret Garza,4,Will definitely buy again.,2023-01-03,False,POSITIVE,3,SOURCE_G_REVIEWS,reviews_2023.csv,2023-01-03T04:09:10.373323586,BATCH-G-20230103
REV-00055136,SKU-0004543,user_9023981,Mr. Albert Hill,5,Highly recommend this product.,2023-11-16,True,POSITIVE,3,SOURCE_G_REVIEWS,reviews_2023.csv,2023-11-17T02:45:58.395080007,BATCH-G-20231116
REV-00055139,SKU-0010602,user_9013929,Andrea Hendrix,4,"Exactly as described, very happy.",2023-08-31,True,POSITIVE,2,SOURCE_G_REVIEWS,reviews_2023.csv,2023-08-31T08:00:33.276972410,BATCH-G-20230831
REV-00055141,SKU-0010889,,Anonymous,?,"Solid build quality, no complaints.",2023-09-30,True,POSITIVE,0,SOURCE_G_REVIEWS,reviews_2023.csv,2023-09-30T22:50:24.193164177,BATCH-G-20230930
REV-00055147,SKU-0002601,user_9008998,Crystal Castillo,5,Fast delivery and great quality.,2023-05-03,False,POSITIVE,5,SOURCE_G_REVIEWS,reviews_2023.csv,2023-05-03T13:58:07.992154713,BATCH-G-20230503
REV-00055166,SKU-0015366,user_9034759,Robert,1,   Wrong  item  was  shipped  to  me.   ,2023-12-05,True,NEGATIVE,3,SOURCE_G_REVIEWS,reviews_2023.csv,2023-12-05T14:03:29.527542754,BATCH-G-20231205
REV-00055176,SKU-0002339,user_10359,Tracy Blackburn,4,-,2023-11-02,True,POSITIVE,4,SOURCE_G_REVIEWS,reviews_2023.csv,2023-11-02T19:39:11.382359574,BATCH-G-20231102
REV-00055183,SKU-0007164,user_9026949,Luis,4,Fast delivery and great quality.,2023-02-03,True,POSITIVE,6,SOURCE_G_REVIEWS,reviews_2023.csv,2023-02-03T22:12:07.882612149,BATCH-G-20230203
REV-00055191,SKU-0009119,,Anonymous,,"Exactly as described, very happy.",2023-11-15,True,POSITIVE,1,SOURCE_G_REVIEWS,reviews_2023.csv,2023-11-15T17:18:02.423783440,BATCH-G-20231115
REV-00055203,SKU-0019104,user_18932,Debra Mcdonald,5,Better than I expected for the price.,2023-09-15,True,POSITIVE,1,SOURCE_G_REVIEWS,reviews_2023.csv,2023-09-15T13:58:55.880153247,BATCH-G-20230915
REV-00055217,SKU-0012293,user_7577,Carrie,5,Fast delivery and great quality.,2023-02-07,True,POSITIVE,0,SOURCE_G_REVIEWS,reviews_2023.csv,2023-02-08T00:11:37.671141854,BATCH-G-20230207
REV-00055218,SKU-0019529,user_5478,James Bennett,5,Will definitely buy again.,2023-02-07,True,POSITIVE,10,SOURCE_G_REVIEWS,reviews_2023.csv,2023-02-07T18:12:36.679397274,BATCH-G-20230207
REV-00055234,SKU-0018857,user_9002991,Richard,5,Better than I expected for the price.,2023-05-08,True,POSITIVE,4,SOURCE_G_REVIEWS,reviews_2023.csv,2023-05-09T05:12:51.265573273,BATCH-G-20230508
REV-00055241,SKU-0011548,user_7938,Scott Gonzalez,4,"<b>Update:</b>Absolutely love it, works perfectly!<i>edited</i>",2023-12-24,False,POSITIVE,2,SOURCE_G_REVIEWS,reviews_2023.csv,2023-12-24T10:39:59.016073970,BATCH-G-20231224
REV-00055243,SKU-9916418,user_9001936,Lisa Barnes,5,Highly recommend this product.,2023-10-30,True,POSITIVE,1,SOURCE_G_REVIEWS,reviews_2023.csv,2023-10-30T01:55:52.841988191,BATCH-G-20231030
REV-00055244,SKU-0008530,user_42850,Matthew Armstrong,1,Not as described at all.,2023-07-15,True,NEGATIVE,2,SOURCE_G_REVIEWS,reviews_2023.csv,2023-07-29T10:00:00,BATCH-G-20230715
REV-00055250,SKU-0016572,user_9034461,Margaret Miller,5,<b>Update:</b>Great value for money.<br>,2023-05-02,False,POSITIVE,3,SOURCE_G_REVIEWS,reviews_2023.csv,2023-05-02T09:49:52.457808564,BATCH-G-20230502
REV-00055256,SKU-0010817,user_9014034,Kaylee,3,"It's okay, does the job.",2023-04-17,True,NEUTRAL,0,SOURCE_G_REVIEWS,reviews_2023.csv,2023-04-17T05:30:02.177196942,BATCH-G-20230417
REV-00055269,SKU-0012702,user_9012272,Amber Wilson,5,Highly recommend this product.,2023-01-08,True,POSITIVE,3,SOURCE_G_REVIEWS,reviews_2023.csv,2023-01-08T16:00:10.577379219,BATCH-G-20230108
REV-00055279,SKU-0017489,user_8334,Jennifer Davidson,5,Exceeded my expectations.,2023-01-24,True,POSITIVE,4,SOURCE_G_REVIEWS,reviews_2023.csv,2023-01-24T19:22:02.935882263,BATCH-G-20230124
REV-00055285,SKU-0019229,user_9028942,Gina Lin,2,"Poor packaging, item was defective.",2023-11-23,False,NEGATIVE,5,SOURCE_G_REVIEWS,reviews_2023.csv,2023-11-23T15:14:16.565739151,BATCH-G-20231123
REV-00055288,SKU-0010844,user_61358,Lauren Barnes,4,"Solid build quality, no complaints.",2023-10-16,True,POSITIVE,1,SOURCE_G_REVIEWS,reviews_2023.csv,2023-10-17T03:19:54.032131054,BATCH-G-20231016
REV-00055295,SKU-0014349,,Anonymous,5,Better than I expected for the price.,2023-12-16,True,POSITIVE,7,SOURCE_G_REVIEWS,reviews_2023.csv,2023-12-16T21:09:45.521728072,BATCH-G-20231216
REV-00055313,SKU-0015522,user_9012082,Miguel Hale,4,"Solid build quality, no complaints.",2023-10-07,True,POSITIVE,0,SOURCE_G_REVIEWS,reviews_2023.csv,2023-10-07T03:11:05.253619340,BATCH-G-20231007
REV-00055320,SKU-0019142,user_9011787,Jason,5,"Perfect gift, they loved it!",2023-12-13,False,POSITIVE,2,SOURCE_G_REVIEWS,reviews_2023.csv,2023-12-13T21:59:15.087614591,BATCH-G-20231213
REV-00055322,SKU-0002846,user_9012071,Michelle Aguilar,4,Highly recommend this product.,2023-03-03,True,POSITIVE,6,SOURCE_G_REVIEWS,reviews_2023.csv,2023-03-03T07:09:09.953913565,BATCH-G-20230303
REV-00055331,SKU-0014171,user_30846,Raymond,1,Arrived damaged and support was unhelpful.,2023-07-21,True,NEGATIVE,5,SOURCE_G_REVIEWS,reviews_2023.csv,2023-07-21T13:30:43.568146943,BATCH-G-20230721
REV-00055343,SKU-0013336,user_9028677,Emily,5,Exceeded my expectations.,2023-11-26,False,POSITIVE,0,SOURCE_G_REVIEWS,reviews_2023.csv,2023-11-26T23:07:49.867794546,BATCH-G-20231126
REV-00055344,SKU-0014170,user_9026947,Anna Reid,5,Will definitely buy again.,2023-06-11,False,POSITIVE,6,SOURCE_G_REVIEWS,reviews_2023.csv,2023-06-11T09:52:49.416213373,BATCH-G-20230611
REV-00055347,SKU-0002074,user_9003351,Benjamin,2,Wrong item was shipped to me.,2023-01-03,True,NEGATIVE,5,SOURCE_G_REVIEWS,reviews_2023.csv,2023-01-03T15:54:07.806704872,BATCH-G-20230103
REV-00055353,SKU-0019478,user_10043,Ian Patel,4,"Absolutely love it, works perfectly!",2023-03-27,True,POSITIVE,12,SOURCE_G_REVIEWS,reviews_2023.csv,2023-03-27T11:37:59.712977971,BATCH-G-20230327
REV-00055356,SKU-9902263,user_9010416,Tracey Hernandez,1,Wrong item was shipped to me.,2023-11-29,False,NEGATIVE,0,SOURCE_G_REVIEWS,reviews_2023.csv,2023-11-29T10:48:38.864733640,BATCH-G-20231129
REV-00055363,SKU-0006188,user_58036,Juan Black,3,Decent but overpriced a bit.,2023-03-12,False,NEUTRAL,2,SOURCE_G_REVIEWS,reviews_2023.csv,2023-03-12T01:06:54.360059105,BATCH-G-20230312
REV-00055365,SKU-0010160,user_9020205,Jennifer,3,"It's okay, does the job.",2023-08-06,True,NEUTRAL,3,SOURCE_G_REVIEWS,reviews_2023.csv,2023-08-06T04:03:05.061739261,BATCH-G-20230806
REV-00055376,SKU-0008404,user_12450,Teresa,5,"Exactly as described, very happy.",2023-09-27,True,POSITIVE,2,SOURCE_G_REVIEWS,reviews_2023.csv,2023-09-27T07:16:49.535523590,BATCH-G-20230927
REV-00055380,SKU-0011917,user_9008743,Joseph,5,"Absolutely love it, works perfectly!",2023-02-04,True,POSITIVE,1,SOURCE_G_REVIEWS,reviews_2023.csv,2023-02-04T12:03:27.679287665,BATCH-G-20230204
REV-00055384,SKU-0012329,user_11321,Andrea Smith,2,"Poor packaging, item was defective.",2023-07-31,True,NEGATIVE,0,SOURCE_G_REVIEWS,reviews_2023.csv,2023-07-31T15:15:59.206603068,BATCH-G-20230731
REV-00055388,SKU-0013407,user_1524,Hunter,5,Highly recommend this product.,2023-05-22,False,POSITIVE,0,SOURCE_G_REVIEWS,reviews_2023.csv,2023-05-22T10:16:39.292338422,BATCH-G-20230522
REV-00055390,SKU-0000399,user_9009000,Alyssa,3,"Average quality, nothing special.",2023-12-23,True,NEUTRAL,4,SOURCE_G_REVIEWS,reviews_2023.csv,2023-12-23T14:05:11.611432922,BATCH-G-20231223
REV-00055400,SKU-0008136,user_62528,Matthew,1,"Cheaply made, broke immediately.",2023-06-13,True,NEGATIVE,6,SOURCE_G_REVIEWS,reviews_2023.csv,2023-06-13T03:49:34.110628610,BATCH-G-20230613
REV-00055445,SKU-0005554,user_51031,Christina,1,"Cheaply made, broke immediately.",2023-12-01,True,NEGATIVE,0,SOURCE_G_REVIEWS,reviews_2023.csv,2023-12-01T11:45:02.021255736,BATCH-G-20231201
REV-00055449,SKU-0007396,user_9007708,Claudia,3,"Not bad, not great either.",2023-04-30,True,NEUTRAL,11,SOURCE_G_REVIEWS,reviews_2023.csv,2023-04-30T09:46:36.572425561,BATCH-G-20230430
REV-00055454,SKU-0004635,,Anonymous,Unknown,"Poor packaging, item was defective.",2023-06-29,True,NEGATIVE,5,SOURCE_G_REVIEWS,reviews_2023.csv,2023-06-29T22:32:16.968528702,BATCH-G-20230629
REV-00055456,SKU-9941009,user_9007255,David Rice,2,"Poor packaging, item was defective.",2023-01-13,True,NEGATIVE,12,SOURCE_G_REVIEWS,reviews_2023.csv,2023-01-13T08:12:25.701284477,BATCH-G-20230113
REV-00055457,SKU-0004362,user_29699,Emily Wagner,5,"Absolutely love it, works perfectly!",2023-08-06,False,POSITIVE,1,SOURCE_G_REVIEWS,reviews_2023.csv,2023-08-07T05:26:14.831113714,BATCH-G-20230806
REV-00055466,SKU-0013445,user_9015315,Johnathan Gamble,5,Highly recommend this product.,2023-11-27,True,POSITIVE,1,SOURCE_G_REVIEWS,reviews_2023.csv,2023-11-27T06:29:57.385572873,BATCH-G-20231127
REV-00055468,SKU-9911701,user_51400,Jennifer Morales,4,Will definitely buy again. 😐,2023-03-19,False,POSITIVE,6,SOURCE_G_REVIEWS,reviews_2023.csv,2023-03-20T02:29:04.265041565,BATCH-G-20230319
REV-00055472,SKU-0007212,user_9012974,Joshua King,3,Decent but overpriced a bit.,2023-03-17,True,NEUTRAL,0,SOURCE_G_REVIEWS,reviews_2023.csv,2023-03-17T17:20:50.917024316,BATCH-G-20230317
REV-00055482,SKU-0010552,user_17570,Jerry,3,"   बहुत  अच्छा  उत्पाद  है,  पैसा  वसूल!  Matches  the  description,  no  issues.   ",2023-02-27,True,NEUTRAL,4,SOURCE_G_REVIEWS,reviews_2023.csv,2023-02-27T02:55:12.168616539,BATCH-G-20230227
REV-00055486,SKU-0012359,,Anonymous,5,Highly recommend this product.,2023-12-14,True,POSITIVE,0,SOURCE_G_REVIEWS,reviews_2023.csv,2023-12-14T13:39:08.740409388,BATCH-G-20231214
REV-00055512,SKU-0009393,user_9973,Jennifer,5,   Will  definitely  buy  again.   ,2023-08-14,False,POSITIVE,3,SOURCE_G_REVIEWS,reviews_2023.csv,2023-08-14T01:47:30.437384987,BATCH-G-20230814
REV-00055526,SKU-0011526,user_34855,Carl Rasmussen,4,Fast delivery and great quality.,2023-08-11,True,POSITIVE,0,SOURCE_G_REVIEWS,reviews_2023.csv,2023-08-11T04:27:36.330331265,BATCH-G-20230811
REV-00055547,SKU-0003252,user_69537,Anthony Montgomery,3,"It's okay, does the job.",2023-12-13,False,NEUTRAL,1,SOURCE_G_REVIEWS,reviews_2023.csv,2023-12-13T23:29:50.125848585,BATCH-G-20231213
REV-00055550,SKU-0005508,user_9020399,Jacob,5,Fast delivery and great quality.,2023-09-09,True,POSITIVE,9,SOURCE_G_REVIEWS,reviews_2023.csv,2023-09-09T03:22:59.548191210,BATCH-G-20230909
REV-00055552,SKU-0002740,user_9014419,Cynthia Smith,2,"Waste of money, do not buy.",2023-03-14,True,NEGATIVE,7,SOURCE_G_REVIEWS,reviews_2023.csv,2023-03-14T05:50:29.993492816,BATCH-G-20230314
REV-00055562,SKU-0014530,user_39039,Brandon,2,Very disappointed with the quality.,2023-11-14,True,NEGATIVE,3,SOURCE_G_REVIEWS,reviews_2023.csv,2023-11-14T01:23:15.868559385,BATCH-G-20231114
REV-00055563,SKU-0012298,user_17488,Heidi Leon,2,"Waste of money, do not buy.",2023-01-03,True,NEGATIVE,2,SOURCE_G_REVIEWS,reviews_2023.csv,2023-01-04T01:54:03.133396517,BATCH-G-20230103
REV-00055573,SKU-0017497,user_9031088,Kelly Young,5,Great value for money.,2023-12-24,True,POSITIVE,3,SOURCE_G_REVIEWS,reviews_2023.csv,2023-12-24T14:48:42.105956536,BATCH-G-20231224
REV-00055585,SKU-0015215,user_47353,Debra Fox,5,"Solid build quality, no complaints.",2023-01-14,True,POSITIVE,6,SOURCE_G_REVIEWS,reviews_2023.csv,2023-01-14T22:34:59.322875404,BATCH-G-20230114
REV-00055594,SKU-0001413,user_59746,Nathan Mcbride,5,Great value for money.,2023-03-21,False,POSITIVE,1,SOURCE_G_REVIEWS,reviews_2023.csv,2023-03-22T04:29:07.609796840,BATCH-G-20230321
REV-00055595,SKU-0014334,user_48568,Kelsey Myers,5,"Perfect gift, they loved it!",2023-01-22,True,POSITIVE,2,SOURCE_G_REVIEWS,reviews_2023.csv,2023-01-22T18:20:10.896564945,BATCH-G-20230122
REV-00055597,SKU-0018794,user_9009391,Rhonda,5,Better than I expected for the price. 👍,2023-02-21,True,POSITIVE,1,SOURCE_G_REVIEWS,reviews_2023.csv,2023-02-21T07:50:05.345574001,BATCH-G-20230221
REV-00055601,SKU-0007805,user_59860,Justin,2,Arrived damaged and support was unhelpful.,2023-04-14,True,NEGATIVE,2,SOURCE_G_REVIEWS,reviews_2023.csv,2023-04-14T16:18:27.919789973,BATCH-G-20230414
REV-00055607,SKU-0000133,user_9008692,Ashley,5,Exceeded my expectations.,2023-07-16,False,POSITIVE,13,SOURCE_G_REVIEWS,reviews_2023.csv,2023-07-17T03:14:50.419441495,BATCH-G-20230716
REV-00055620,SKU-0004290,user_28885,Darrell Diaz,5,"Perfect gift, they loved it!",2023-07-28,True,POSITIVE,8,SOURCE_G_REVIEWS,reviews_2023.csv,2023-07-28T12:15:36.174232635,BATCH-G-20230728
REV-00055626,SKU-0004531,,Anonymous,5,Better than I expected for the price.,2023-05-23,False,POSITIVE,3,SOURCE_G_REVIEWS,reviews_2023.csv,2023-05-23T17:46:44.866737647,BATCH-G-20230523
REV-00055639,SKU-0016032,user_49953,Chelsey,null,Better than I expected for the price.,2023-04-29,True,POSITIVE,1,SOURCE_G_REVIEWS,reviews_2023.csv,2023-04-29T17:22:02.787203698,BATCH-G-20230429
REV-00055641,SKU-0019084,user_9018088,Wayne Schultz,5,Highly recommend this product. 🙏😡,2023-08-24,True,POSITIVE,0,SOURCE_G_REVIEWS,reviews_2023.csv,2023-08-25T02:44:35.721419634,BATCH-G-20230824
REV-00055643,SKU-0012673,user_9023839,Christine Foster,5,"Solid build quality, no complaints.",2023-04-07,True,POSITIVE,0,SOURCE_G_REVIEWS,reviews_2023.csv,2023-04-07T02:52:16.035111760,BATCH-G-20230407
REV-00055649,SKU-0009163,user_23339,Bradley Smith,5,"</p>Solid build quality, no complaints.</p>",2023-02-03,False,POSITIVE,0,SOURCE_G_REVIEWS,reviews_2023.csv,2023-02-03T04:37:33.312752571,BATCH-G-20230203
REV-00055649-DUP,SKU-0009163,user_23339,Bradley Smith,5,"</p>Solid build quality, no complaints.</p>",2023-02-03,False,POSITIVE,0,SOURCE_G_REVIEWS,reviews_2023.csv,2023-02-03T05:00:33.312752571,BATCH-G-20230203
REV-00055657,SKU-0007997,user_9014171,Javier Jensen,4,"Perfect gift, they loved it!",2023-02-06,True,POSITIVE,0,SOURCE_G_REVIEWS,reviews_2023.csv,2023-02-06T07:00:40.862586554,BATCH-G-20230206
REV-00055666,SKU-0015130,user_9013620,Sean Ortiz,5,Excellent rapport qualité-prix.,2023-09-29,True,POSITIVE,2,SOURCE_G_REVIEWS,reviews_2023.csv,2023-09-29T04:28:14.892058477,BATCH-G-20230929
REV-00055675,SKU-0017314,user_49622,Victoria Payne,3,Works fine but delivery was slow.,2023-08-01,False,NEUTRAL,11,SOURCE_G_REVIEWS,reviews_2023.csv,2023-08-01T19:09:51.226716060,BATCH-G-20230801
REV-00055685,SKU-0017693,,Anonymous,3,Decent but overpriced a bit. 💯,2023-10-02,True,NEUTRAL,2,SOURCE_G_REVIEWS,reviews_2023.csv,2023-10-02T13:40:29.227763766,BATCH-G-20231002
REV-00055689,SKU-0002392,,Anonymous,4,<b>Update:</b>Exceeded my expectations.&nbsp;,2023-05-24,False,POSITIVE,0,SOURCE_G_REVIEWS,reviews_2023.csv,2023-05-24T15:15:27.245427329,BATCH-G-20230524
REV-00055697,SKU-0019361,user_9000059,William Melton,2,Very disappointed with the quality. 😍,2023-05-02,True,NEGATIVE,0,SOURCE_G_REVIEWS,reviews_2023.csv,2023-05-03T05:46:35.440102912,BATCH-G-20230502
REV-00055698,SKU-0001866,user_9015820,Alice,5,Great value for money.,2023-12-15,False,POSITIVE,3,SOURCE_G_REVIEWS,reviews_2023.csv,2023-12-15T11:03:29.564567108,BATCH-G-20231215
REV-00055700,SKU-0002553,user_9018109,Brian Jones,5,Exceeded my expectations.,2023-07-15,True,POSITIVE,3,SOURCE_G_REVIEWS,reviews_2023.csv,2023-07-15T10:30:48.911188706,BATCH-G-20230715
REV-00055711,SKU-0003781,,Anonymous,5,"Solid build quality, no complaints.",2023-06-22,False,POSITIVE,1,SOURCE_G_REVIEWS,reviews_2023.csv,2023-06-23T01:30:14.249232215,BATCH-G-20230622
REV-00055712,SKU-0004340,user_9017902,Janice,3,Works fine but delivery was slow.,2023-11-17,False,NEUTRAL,3,SOURCE_G_REVIEWS,reviews_2023.csv,2023-11-17T18:07:40.908856478,BATCH-G-20231117
REV-00055720,SKU-0012562,user_9000484,Kelsey Flores,3,"Average quality, nothing special.",2023-04-23,False,NEUTRAL,1,SOURCE_G_REVIEWS,reviews_2023.csv,2023-04-23T10:52:35.501224650,BATCH-G-20230423
REV-00055722,SKU-0013727,user_9034704,Dale Thompson,5,"Absolutely love it, works perfectly!",2023-04-18,True,POSITIVE,7,SOURCE_G_REVIEWS,reviews_2023.csv,2023-04-18T16:20:59.834448465,BATCH-G-20230418
REV-00055723,SKU-0012730,user_9019920,Adam Hodges,5,   Exceeded  my  expectations.   ,2023-07-03,True,POSITIVE,10,SOURCE_G_REVIEWS,reviews_2023.csv,2023-07-03T02:45:15.864953298,BATCH-G-20230703
REV-00055725,SKU-0010073,user_44948,Robert Gray,4,गुणवत्ता ठीक नहीं थी। Will definitely buy again.,2023-12-18,False,POSITIVE,0,SOURCE_G_REVIEWS,reviews_2023.csv,2023-12-18T01:08:26.162398983,BATCH-G-20231218
REV-00055726,SKU-0014767,user_9005624,Emily Griffin,5,Will definitely buy again.,2023-05-24,True,POSITIVE,1,SOURCE_G_REVIEWS,reviews_2023.csv,2023-05-24T10:35:09.329015751,BATCH-G-20230524
REV-00055736,SKU-0001781,user_14170,Kristopher Brown,5,Great value for money.,2023-07-16,True,POSITIVE,5,SOURCE_G_REVIEWS,reviews_2023.csv,2023-07-16T13:19:35.754186488,BATCH-G-20230716
REV-00055747,SKU-0016025,user_9023532,Stacey,2,Arrived damaged and support was unhelpful.,2023-03-31,True,NEGATIVE,13,SOURCE_G_REVIEWS,reviews_2023.csv,2023-03-31T18:05:42.314803101,BATCH-G-20230331
REV-00055749,SKU-0002481,user_3510,Albert,3,"<i>edited</i>Not bad, not great either.<br>",2023-10-12,False,NEUTRAL,2,SOURCE_G_REVIEWS,reviews_2023.csv,2023-10-12T17:39:09.645303708,BATCH-G-20231012
REV-00055751,SKU-0000528,user_53995,Alex Scott,5,"Solid build quality, no complaints.",2023-08-19,True,POSITIVE,13,SOURCE_G_REVIEWS,reviews_2023.csv,2023-08-19T09:25:56.326205628,BATCH-G-20230819
REV-00055753,SKU-0009189,,Anonymous,4,Highly recommend this product.,2023-05-02,False,POSITIVE,1,SOURCE_G_REVIEWS,reviews_2023.csv,2023-05-13T21:00:00,BATCH-G-20230502
REV-00055754,SKU-0000224,,Anonymous,3,Decent but overpriced a bit.,2023-02-03,True,NEUTRAL,0,SOURCE_G_REVIEWS,reviews_2023.csv,2023-02-03T08:55:24.133180563,BATCH-G-20230203
REV-00055757,SKU-0010874,user_9000480,Dustin Johnson,4,Exceeded my expectations.,2023-09-20,True,POSITIVE,3,SOURCE_G_REVIEWS,reviews_2023.csv,2023-09-20T03:01:53.689865313,BATCH-G-20230920
REV-00055767,SKU-0012826,user_69171,Matthew Ibarra,4,Better than I expected for the price. 😀,2023-06-02,False,POSITIVE,1,SOURCE_G_REVIEWS,reviews_2023.csv,2023-06-03T02:19:54.567424230,BATCH-G-20230602
REV-00055769,SKU-0016296,user_48423,Daniel Brown,5,"Livraison très lente, déçu. Great value for money.",2023-12-31,True,POSITIVE,1,SOURCE_G_REVIEWS,reviews_2023.csv,2024-01-01T04:37:29.478181812,BATCH-G-20231231
REV-00055784,SKU-0013754,user_40388,Derek Bishop,3,Excellent rapport qualité-prix.,2023-12-20,False,NEUTRAL,3,SOURCE_G_REVIEWS,reviews_2023.csv,2023-12-21T02:40:34.201606864,BATCH-G-20231220
REV-00055787,SKU-9999829,,Anonymous,2,<p>Very disappointed with the quality.<b>Update:</b>,2023-07-12,False,NEGATIVE,4,SOURCE_G_REVIEWS,reviews_2023.csv,2023-07-12T09:02:47.092278897,BATCH-G-20230712
REV-00055791,SKU-0004334,user_9022301,Craig Duran,4,"Exactly as described, very happy.",2023-01-14,False,POSITIVE,5,SOURCE_G_REVIEWS,reviews_2023.csv,2023-01-14T01:06:49.344064758,BATCH-G-20230114
REV-00055793,SKU-0010111,user_9034366,John Tucker,4,गुणवत्ता ठीक नहीं थी। 😍,2023-04-04,True,POSITIVE,3,SOURCE_G_REVIEWS,reviews_2023.csv,2023-04-04T05:12:03.131920293,BATCH-G-20230404
REV-00055797,SKU-0007433,user_9005491,Jeremy Perez,2,Very disappointed with the quality.,2023-02-03,True,NEGATIVE,2,SOURCE_G_REVIEWS,reviews_2023.csv,2023-02-03T01:16:18.254942954,BATCH-G-20230203
REV-00055807,SKU-0017082,,Anonymous,3,"It's okay, does the job.",2023-12-21,True,NEUTRAL,6,SOURCE_G_REVIEWS,reviews_2023.csv,2023-12-22T05:03:05.976552349,BATCH-G-20231221
REV-00055807-DUP,SKU-0017082,,Anonymous,3,"It's okay, does the job.",2023-12-21,True,NEUTRAL,6,SOURCE_G_REVIEWS,reviews_2023.csv,2023-12-22T05:54:05.976552349,BATCH-G-20231221
REV-00055809,SKU-0019465,user_53360,Shannon Johnson DDS,4,"Absolutely love it, works perfectly!",2023-04-22,True,POSITIVE,10,SOURCE_G_REVIEWS,reviews_2023.csv,2023-04-29T21:00:00,BATCH-G-20230422
REV-00055825,SKU-0005128,user_64230,Marc,3,गुणवत्ता ठीक नहीं थी। Works fine but delivery was slow.,2023-11-28,False,NEUTRAL,1,SOURCE_G_REVIEWS,reviews_2023.csv,2023-11-29T01:02:19.906100662,BATCH-G-20231128
REV-00055826,SKU-0003301,user_9031252,Robert Gentry,4,&nbsp;Exceeded my expectations.<br>,2023-03-16,False,POSITIVE,1,SOURCE_G_REVIEWS,reviews_2023.csv,2023-03-16T03:25:07.704479676,BATCH-G-20230316
REV-00055827,SKU-0014144,user_9010003,Kathleen,3,null,2023-07-09,True,NEUTRAL,1,SOURCE_G_REVIEWS,reviews_2023.csv,2023-07-09T03:31:17.873803165,BATCH-G-20230709
REV-00055838,SKU-0016469,user_9013265,Andrew Turner,4,Exceeded my expectations.,2023-12-12,False,POSITIVE,0,SOURCE_G_REVIEWS,reviews_2023.csv,2023-12-12T08:39:25.506635959,BATCH-G-20231212
REV-00055851,SKU-0001503,user_50394,Luke Smith,4,"Absolutely love it, works perfectly!",2023-03-13,False,POSITIVE,0,SOURCE_G_REVIEWS,reviews_2023.csv,2023-03-14T00:07:14.544343331,BATCH-G-20230313
REV-00055852,SKU-0002063,user_9033591,Glen Rose,2,Not as described at all.,2023-09-04,True,NEGATIVE,0,SOURCE_G_REVIEWS,reviews_2023.csv,2023-09-04T22:55:24.367665057,BATCH-G-20230904
REV-00055860,SKU-9933156,user_51516,Lisa Stevens,4,Fast delivery and great quality.,2023-09-17,True,POSITIVE,1,SOURCE_G_REVIEWS,reviews_2023.csv,2023-09-17T23:18:09.601719315,BATCH-G-20230917
REV-00055866,SKU-0011268,user_18923,Sara Jones,5,Will definitely buy again.,2023-07-05,False,POSITIVE,1,SOURCE_G_REVIEWS,reviews_2023.csv,2023-07-05T18:11:40.399723617,BATCH-G-20230705
REV-00055870,SKU-0002862,user_9007711,Carolyn Moore,3,No cumplió mis expectativas.,2023-08-07,False,NEUTRAL,0,SOURCE_G_REVIEWS,reviews_2023.csv,2023-08-07T15:18:02.547330332,BATCH-G-20230807
REV-00055877,SKU-0017867,user_67795,Mr. Robert Smith,5,Highly recommend this product.,2023-09-17,True,POSITIVE,1,SOURCE_G_REVIEWS,reviews_2023.csv,2023-09-18T05:40:11.231656761,BATCH-G-20230917
REV-00055884,SKU-0019518,user_35055,Brett Watson,5,Great value for money.,2023-12-12,True,POSITIVE,6,SOURCE_G_REVIEWS,reviews_2023.csv,2023-12-12T18:14:41.282026467,BATCH-G-20231212
REV-00055890,SKU-0003629,user_20115,Lori Fitzpatrick,3,"It's okay, does the job.",2023-11-03,True,NEUTRAL,2,SOURCE_G_REVIEWS,reviews_2023.csv,2023-11-04T01:36:44.034374010,BATCH-G-20231103
REV-00055910,SKU-0015471,user_9028912,Brittany Bennett,5,No cumplió mis expectativas.,2023-01-16,True,POSITIVE,3,SOURCE_G_REVIEWS,reviews_2023.csv,2023-01-16T12:38:46.399935850,BATCH-G-20230116
REV-00055912,SKU-0016631,,Anonymous,4,"Perfect gift, they loved it!",2023-11-05,False,POSITIVE,11,SOURCE_G_REVIEWS,reviews_2023.csv,2023-11-05T11:30:34.166010039,BATCH-G-20231105
REV-00055917,SKU-9984892,user_9015909,Candice,3,Decent but overpriced a bit.,2023-07-08,True,NEUTRAL,0,SOURCE_G_REVIEWS,reviews_2023.csv,2023-07-08T14:17:14.108863824,BATCH-G-20230708
REV-00055921,SKU-0004443,user_20720,Mrs. Laura Rodriguez,5,Highly recommend this product.,2023-12-10,False,POSITIVE,3,SOURCE_G_REVIEWS,reviews_2023.csv,2023-12-10T15:37:46.390223960,BATCH-G-20231210
REV-00055922,SKU-0008807,user_9015464,Charles Gordon Jr.,5,"Absolutely love it, works perfectly!",2023-07-24,True,POSITIVE,1,SOURCE_G_REVIEWS,reviews_2023.csv,2023-07-25T04:37:42.994450154,BATCH-G-20230724
REV-00055930,SKU-0007287,user_23791,Kristin Collins,3,"Not bad, not great either.",2023-12-25,True,NEUTRAL,1,SOURCE_G_REVIEWS,reviews_2023.csv,2023-12-25T03:55:28.342444489,BATCH-G-20231225
REV-00055933,SKU-0011034,,Anonymous,4,"Solid build quality, no complaints.",2023-01-21,False,POSITIVE,6,SOURCE_G_REVIEWS,reviews_2023.csv,2023-01-21T22:15:44.215248743,BATCH-G-20230121
REV-00055935,SKU-0004027,user_9003130,David Chavez,3,"It's okay, does the job.",2023-01-16,True,NEUTRAL,1,SOURCE_G_REVIEWS,reviews_2023.csv,2023-01-16T13:40:30.839189983,BATCH-G-20230116
REV-00055945,SKU-9931811,,Anonymous,5,"Perfect gift, they loved it!",2023-04-17,False,POSITIVE,2,SOURCE_G_REVIEWS,reviews_2023.csv,2023-04-18T01:06:27.568633096,BATCH-G-20230417
REV-00055947,SKU-0006734,,Anonymous,4,"Absolutely love it, works perfectly!",2023-01-21,True,POSITIVE,0,SOURCE_G_REVIEWS,reviews_2023.csv,2023-01-21T05:59:22.798713520,BATCH-G-20230121
REV-00055974,SKU-9944054,user_27012,Eric Acevedo,5,"Absolutely love it, works perfectly!",2023-09-22,False,POSITIVE,2,SOURCE_G_REVIEWS,reviews_2023.csv,2023-09-22T14:17:23.509832353,BATCH-G-20230922
REV-00055976,SKU-0006365,user_56048,Douglas Zavala,5,<br>Better than I expected for the price.<i>edited</i>,2023-02-11,False,POSITIVE,1,SOURCE_G_REVIEWS,reviews_2023.csv,2023-02-12T04:48:33.009858313,BATCH-G-20230211
REV-00055978,SKU-0000822,user_9009154,Lisa Graham,4,Highly recommend this product.,2023-01-22,True,POSITIVE,2,SOURCE_G_REVIEWS,reviews_2023.csv,2023-01-22T03:50:21.142828504,BATCH-G-20230122
REV-00055980,SKU-0016986,user_9020036,Gregory Lopez,5,</p>Fast delivery and great quality.<i>edited</i>,2023-11-27,False,POSITIVE,5,SOURCE_G_REVIEWS,reviews_2023.csv,2023-11-27T05:22:40.596704961,BATCH-G-20231127
REV-00056005,SKU-0007586,user_7351,Scott Meyers,1,"Cheaply made, broke immediately.",2023-01-22,True,NEGATIVE,1,SOURCE_G_REVIEWS,reviews_2023.csv,2023-01-23T02:56:02.984380210,BATCH-G-20230122
REV-00056011,SKU-0018361,user_9031874,Christine Carroll,5,Will definitely buy again.,2023-07-01,True,POSITIVE,6,SOURCE_G_REVIEWS,reviews_2023.csv,2023-07-01T04:55:43.956755371,BATCH-G-20230701
REV-00056015,SKU-9982467,,Anonymous,5,Highly recommend this product.,2023-06-03,False,POSITIVE,5,SOURCE_G_REVIEWS,reviews_2023.csv,2023-06-03T02:33:12.400993391,BATCH-G-20230603
REV-00056016,SKU-0013108,user_9003526,Daniel Smith,5,Fast delivery and great quality.,2023-07-16,False,POSITIVE,0,SOURCE_G_REVIEWS,reviews_2023.csv,2023-07-16T18:18:55.577083166,BATCH-G-20230716
REV-00056019,SKU-0013514,user_9004740,David,5,"Absolutely love it, works perfectly!",2023-12-02,True,POSITIVE,0,SOURCE_G_REVIEWS,reviews_2023.csv,2023-12-02T06:41:17.064687290,BATCH-G-20231202
REV-00056024,SKU-0011171,,Anonymous,1,Stopped working after a week.,2023-09-11,False,NEGATIVE,1,SOURCE_G_REVIEWS,reviews_2023.csv,2023-09-11T16:46:06.856595485,BATCH-G-20230911
REV-00056044,SKU-0004485,user_29413,Sara Moore,4,Wrong item was shipped to me.,2023-09-25,False,NEGATIVE,4,SOURCE_G_REVIEWS,reviews_2023.csv,2023-09-25T21:44:33.266528669,BATCH-G-20230925
REV-00056055,SKU-9987943,user_9034325,Christopher Price,3,"Not bad, not great either. 🙏",2023-08-15,True,NEUTRAL,0,SOURCE_G_REVIEWS,reviews_2023.csv,2023-08-15T23:24:29.061354419,BATCH-G-20230815
REV-00056056,SKU-0003733,user_42434,Ivan,3,"Matches the description, no issues.",2023-02-26,True,NEUTRAL,0,SOURCE_G_REVIEWS,reviews_2023.csv,2023-02-26T01:58:04.744898767,BATCH-G-20230226
REV-00056066,SKU-0011708,user_9027122,Jeanne Johnson,5,Highly recommend this product.,2023-12-08,True,POSITIVE,0,SOURCE_G_REVIEWS,reviews_2023.csv,2023-12-08T21:45:55.868031122,BATCH-G-20231208
REV-00056069,SKU-0010185,user_48366,Crystal,4,"Absolutely love it, works perfectly!",2023-11-02,True,POSITIVE,3,SOURCE_G_REVIEWS,reviews_2023.csv,2023-11-02T19:17:49.622419464,BATCH-G-20231102
REV-00056071,SKU-0013950,user_9000752,Christina Decker,5,"Exactly as described, very happy.",2023-04-10,True,POSITIVE,6,SOURCE_G_REVIEWS,reviews_2023.csv,2023-04-11T03:41:15.665906295,BATCH-G-20230410
REV-00056073,SKU-0017897,user_40858,Craig Rodriguez,4,"Solid build quality, no complaints.",2023-08-14,True,POSITIVE,4,SOURCE_G_REVIEWS,reviews_2023.csv,2023-08-14T05:30:52.060978773,BATCH-G-20230814
REV-00056077,SKU-0019944,user_9024773,John,4,Great value for money.,2023-08-28,False,POSITIVE,1,SOURCE_G_REVIEWS,reviews_2023.csv,2023-08-28T04:25:48.452988406,BATCH-G-20230828
REV-00056093,SKU-0018580,user_9026492,Todd,2,"Muy buen producto, lo recomiendo. Very disappointed with the quality.",2023-06-20,True,NEGATIVE,14,SOURCE_G_REVIEWS,reviews_2023.csv,2023-06-21T02:32:08.684342496,BATCH-G-20230620
REV-00056094,SKU-0017103,user_9000418,Matthew,5,Great value for money.,2023-01-31,False,POSITIVE,0,SOURCE_G_REVIEWS,reviews_2023.csv,2023-01-31T04:31:57.730680720,BATCH-G-20230131
REV-00056098,SKU-0008964,user_25438,Erika,3,"It's okay, does the job.",2023-03-04,False,NEUTRAL,3,SOURCE_G_REVIEWS,reviews_2023.csv,2023-03-04T22:59:12.346814571,BATCH-G-20230304
REV-00056099,SKU-0002460,,Anonymous,5,Great value for money.,2023-02-16,True,POSITIVE,0,SOURCE_G_REVIEWS,reviews_2023.csv,2023-02-16T10:28:43.995845977,BATCH-G-20230216
REV-00056104,SKU-0001002,user_30338,Elijah,4,"Absolutely love it, works perfectly!",2023-10-17,True,POSITIVE,1,SOURCE_G_REVIEWS,reviews_2023.csv,2023-10-17T11:11:08.069858003,BATCH-G-20231017
REV-00056105,SKU-0004581,user_9016534,Jonathan Williams,5,"Solid build quality, no complaints.",2023-01-06,True,POSITIVE,7,SOURCE_G_REVIEWS,reviews_2023.csv,2023-01-06T16:48:03.295408042,BATCH-G-20230106
REV-00056113,SKU-0016311,user_9017032,Teresa Ayala,4,"Livraison très lente, déçu.",2023-08-18,True,POSITIVE,0,SOURCE_G_REVIEWS,reviews_2023.csv,2023-08-18T14:47:24.235346995,BATCH-G-20230818
REV-00056132,SKU-0013683,user_50597,Gabriel,5,Will definitely buy again.,2023-12-27,True,POSITIVE,2,SOURCE_G_REVIEWS,reviews_2023.csv,2023-12-27T04:00:59.127866757,BATCH-G-20231227
REV-00056150,SKU-0013280,user_9003623,Charles Evans,2,Very disappointed with the quality.,2023-11-08,False,NEGATIVE,0,SOURCE_G_REVIEWS,reviews_2023.csv,2023-11-08T02:15:35.907225895,BATCH-G-20231108
REV-00056157,SKU-0018991,user_9034763,Donald Huynh,4,N/A,2023-08-05,False,POSITIVE,0,SOURCE_G_REVIEWS,reviews_2023.csv,2023-08-05T23:47:51.674111900,BATCH-G-20230805
REV-00056163,SKU-0002282,user_3323,Regina,4,Great value for money.,2023-03-26,False,POSITIVE,1,SOURCE_G_REVIEWS,reviews_2023.csv,2023-03-26T23:58:51.577229074,BATCH-G-20230326
REV-00056170,SKU-0010353,user_9001728,Alicia Combs,3,गुणवत्ता ठीक नहीं थी।,2023-06-13,False,NEUTRAL,1,SOURCE_G_REVIEWS,reviews_2023.csv,2023-06-14T03:51:36.327225017,BATCH-G-20230613
REV-00056173,SKU-0015455,,Anonymous,4,Will definitely buy again.,2023-09-26,False,POSITIVE,4,SOURCE_G_REVIEWS,reviews_2023.csv,2023-09-26T11:18:15.775718132,BATCH-G-20230926
REV-00056175,SKU-0006063,user_19924,Taylor Perkins,5,Exceeded my expectations.,2023-06-06,True,POSITIVE,1,SOURCE_G_REVIEWS,reviews_2023.csv,2023-06-06T01:53:59.762482658,BATCH-G-20230606
REV-00056182,SKU-9914643,user_5325,William Maldonado,N/A,Arrived damaged and support was unhelpful.,2023-08-20,True,NEGATIVE,0,SOURCE_G_REVIEWS,reviews_2023.csv,2023-08-20T20:55:25.575006339,BATCH-G-20230820
REV-00056184,SKU-0007820,,Anonymous,2,"   Poor  packaging,  item  was  defective.   ",2023-12-08,True,NEGATIVE,0,SOURCE_G_REVIEWS,reviews_2023.csv,2023-12-08T04:40:10.247048210,BATCH-G-20231208
REV-00056190,SKU-0017830,user_66243,Timothy Hart,4,   Great  value  for  money.   ,2023-01-23,True,POSITIVE,0,SOURCE_G_REVIEWS,reviews_2023.csv,2023-01-23T14:06:43.267152375,BATCH-G-20230123
REV-00056196,SKU-0005755,user_9030813,Taylor Paul,4,Better than I expected for the price.,2023-12-30,True,POSITIVE,0,SOURCE_G_REVIEWS,reviews_2023.csv,2023-12-30T21:08:38.350667379,BATCH-G-20231230
REV-00056205,SKU-0018203,user_9018252,Tom,4,Better than I expected for the price.,2023-12-06,True,POSITIVE,3,SOURCE_G_REVIEWS,reviews_2023.csv,2023-12-07T00:27:59.811255330,BATCH-G-20231206
REV-00056207,SKU-0017426,user_1199,Madeline Smith,N/A,"Exactly as described, very happy.",2023-01-24,True,POSITIVE,0,SOURCE_G_REVIEWS,reviews_2023.csv,2023-01-25T04:09:03.211641997,BATCH-G-20230124
REV-00056217,SKU-0000260,user_6267,Stephanie Chan,5,Will definitely buy again.,2023-04-27,True,POSITIVE,1,SOURCE_G_REVIEWS,reviews_2023.csv,2023-04-28T05:14:17.980309056,BATCH-G-20230427
REV-00056221,SKU-0013260,user_9030936,Cole Thomas,5,"Solid build quality, no complaints.",2023-04-07,False,POSITIVE,3,SOURCE_G_REVIEWS,reviews_2023.csv,2023-04-08T04:56:18.040145703,BATCH-G-20230407
REV-00056223,SKU-0007268,user_50013,Ashley Lamb,5,Fast delivery and great quality.,2023-02-15,True,POSITIVE,5,SOURCE_G_REVIEWS,reviews_2023.csv,2023-02-16T03:39:21.907348363,BATCH-G-20230215
REV-00056224,SKU-0012286,,Anonymous,5,Great value for money.,2023-01-12,False,POSITIVE,1,SOURCE_G_REVIEWS,reviews_2023.csv,2023-01-12T22:08:41.746739966,BATCH-G-20230112
REV-00056241,SKU-0013945,user_9026512,Laurie Solis,3,"Not bad, not great either.",2023-05-29,True,NEUTRAL,6,SOURCE_G_REVIEWS,reviews_2023.csv,2023-05-30T04:51:45.237005181,BATCH-G-20230529
REV-00056243,SKU-0019779,user_20787,Richard,5,"Solid build quality, no complaints.",2023-04-18,True,POSITIVE,8,SOURCE_G_REVIEWS,reviews_2023.csv,2023-04-19T00:32:34.013428988,BATCH-G-20230418
REV-00056246,SKU-0002482,user_13006,Adam,5,"Perfect gift, they loved it!",2023-06-12,True,POSITIVE,5,SOURCE_G_REVIEWS,reviews_2023.csv,2023-06-12T14:07:53.532896319,BATCH-G-20230612
REV-00056247,SKU-0016804,user_62590,Erin Raymond,3,"Not bad, not great either.",2023-07-20,True,NEUTRAL,0,SOURCE_G_REVIEWS,reviews_2023.csv,2023-07-20T03:02:22.486603001,BATCH-G-20230720
REV-00056248,SKU-0010808,user_46592,Susan,4,"Solid build quality, no complaints.",2023-11-11,True,POSITIVE,3,SOURCE_G_REVIEWS,reviews_2023.csv,2023-11-11T17:33:10.727388637,BATCH-G-20231111
REV-00056250,SKU-0019889,,Anonymous,5,"Muy buen producto, lo recomiendo.",2023-03-06,True,POSITIVE,1,SOURCE_G_REVIEWS,reviews_2023.csv,2023-03-06T14:51:32.182495978,BATCH-G-20230306
REV-00056255,SKU-0011025,user_9027524,Keith Gonzalez,4,Great value for money. 😡,2023-12-10,False,POSITIVE,0,SOURCE_G_REVIEWS,reviews_2023.csv,2023-12-11T00:26:29.816097886,BATCH-G-20231210
REV-00056255-DUP,SKU-0011025,user_9027524,Keith Gonzalez,4,Great value for money. 😡,2023-12-10,False,POSITIVE,0,SOURCE_G_REVIEWS,reviews_2023.csv,2023-12-11T01:25:29.816097886,BATCH-G-20231210
REV-00056258,SKU-0010978,user_21511,Julia,3,<p>Works fine but delivery was slow. ⭐<p>,2023-12-22,True,NEUTRAL,2,SOURCE_G_REVIEWS,reviews_2023.csv,2023-12-22T13:03:36.102895715,BATCH-G-20231222
REV-00056259,SKU-0008390,user_14777,Rachel Kelley,4,"Perfect gift, they loved it!",2023-10-22,False,POSITIVE,3,SOURCE_G_REVIEWS,reviews_2023.csv,2023-10-23T04:38:14.774731731,BATCH-G-20231022
REV-00056264,SKU-0008095,,Anonymous,3,"Average quality, nothing special.",2023-07-22,False,NEUTRAL,2,SOURCE_G_REVIEWS,reviews_2023.csv,2023-07-22T02:57:54.801903445,BATCH-G-20230722
REV-00056273,SKU-0013182,user_9011147,Kelly,3,Works fine but delivery was slow.,2023-07-07,True,NEUTRAL,0,SOURCE_G_REVIEWS,reviews_2023.csv,2023-07-08T05:48:09.317857097,BATCH-G-20230707
REV-00056275,SKU-0004299,user_9001747,Jacqueline,5,Better than I expected for the price.,2023-06-27,True,POSITIVE,2,SOURCE_G_REVIEWS,reviews_2023.csv,2023-06-27T06:18:14.556496668,BATCH-G-20230627
REV-00056276,SKU-0009199,user_26744,Cynthia Ingram,5,Will definitely buy again.,2023-08-26,False,POSITIVE,0,SOURCE_G_REVIEWS,reviews_2023.csv,2023-08-26T17:11:57.388518307,BATCH-G-20230826
REV-00056281,SKU-0007203,user_19755,Martha Hicks,5,Better than I expected for the price.,2023-12-20,True,POSITIVE,4,SOURCE_G_REVIEWS,reviews_2023.csv,2023-12-21T02:08:35.841743124,BATCH-G-20231220
REV-00056283,SKU-0017227,user_40858,Craig Rodriguez,3,"गुणवत्ता ठीक नहीं थी। Matches the description, no issues.",2023-01-14,False,NEUTRAL,0,SOURCE_G_REVIEWS,reviews_2023.csv,2023-01-14T12:00:20.082354505,BATCH-G-20230114
REV-00056289,SKU-0009713,user_61878,Linda Fuller,NA,"Cheaply made, broke immediately.",2023-09-05,True,NEGATIVE,0,SOURCE_G_REVIEWS,reviews_2023.csv,2023-09-05T16:33:14.829048027,BATCH-G-20230905
REV-00056292,SKU-0005425,user_57708,Ashley Atkinson,4,Will definitely buy again.,2023-02-28,False,POSITIVE,0,SOURCE_G_REVIEWS,reviews_2023.csv,2023-03-01T05:14:19.283781516,BATCH-G-20230228
REV-00056294,SKU-0002351,,Anonymous,4,Better than I expected for the price.,2023-04-17,True,POSITIVE,3,SOURCE_G_REVIEWS,reviews_2023.csv,2023-04-18T02:09:46.330449351,BATCH-G-20230417
REV-00056304,SKU-0011047,user_9020351,Troy,5,Fast delivery and great quality.,2023-09-19,True,POSITIVE,0,SOURCE_G_REVIEWS,reviews_2023.csv,2023-09-19T09:49:20.288668273,BATCH-G-20230919
REV-00056308,SKU-0019441,,Anonymous,unknown,"Average quality, nothing special.",2023-06-04,False,NEUTRAL,1,SOURCE_G_REVIEWS,reviews_2023.csv,2023-06-04T13:11:31.930320107,BATCH-G-20230604
REV-00056310,SKU-0007235,user_9028319,Scott Lee,5,Great value for money.,2023-11-26,True,POSITIVE,0,SOURCE_G_REVIEWS,reviews_2023.csv,2023-11-26T08:35:45.815789406,BATCH-G-20231126
REV-00056314,SKU-9935863,,Anonymous,5,"Absolutely love it, works perfectly!",2023-12-25,False,POSITIVE,5,SOURCE_G_REVIEWS,reviews_2023.csv,2023-12-25T20:24:59.674800775,BATCH-G-20231225
REV-00056326,SKU-0000452,user_21716,Jose Maynard,5,"Exactly as described, very happy.",2023-03-23,True,POSITIVE,7,SOURCE_G_REVIEWS,reviews_2023.csv,2023-03-23T11:07:23.596647030,BATCH-G-20230323
REV-00056329,SKU-0014660,user_9007040,Derrick Baker,3,"It's okay, does the job.",2023-10-11,True,NEUTRAL,0,SOURCE_G_REVIEWS,reviews_2023.csv,2023-10-12T00:36:08.815166262,BATCH-G-20231011
REV-00056343,SKU-9930290,user_9027729,David Walker,0,<br>Works fine but delivery was slow.<p>,2023-01-24,True,NEUTRAL,6,SOURCE_G_REVIEWS,reviews_2023.csv,2023-01-24T08:37:06.231830183,BATCH-G-20230124
REV-00056344,SKU-0002193,,Anonymous,5,Highly recommend this product.,2023-09-06,True,POSITIVE,0,SOURCE_G_REVIEWS,reviews_2023.csv,2023-09-06T00:35:06.308280605,BATCH-G-20230906
REV-00056348,SKU-0013035,,Anonymous,4,Will definitely buy again.,2023-11-21,True,POSITIVE,0,SOURCE_G_REVIEWS,reviews_2023.csv,2023-11-21T07:58:59.086774510,BATCH-G-20231121
REV-00056361,SKU-0016694,,Anonymous,5,Fast delivery and great quality.,2023-05-07,False,POSITIVE,2,SOURCE_G_REVIEWS,reviews_2023.csv,2023-05-07T15:55:24.235917572,BATCH-G-20230507
REV-00056362,SKU-9979298,,Anonymous,4,Great value for money.,2023-07-23,False,POSITIVE,0,SOURCE_G_REVIEWS,reviews_2023.csv,2023-07-23T13:53:16.573075289,BATCH-G-20230723
REV-00056369,SKU-0011555,user_38031,Shelley Ibarra,1,Very disappointed with the quality.,2023-01-20,False,NEGATIVE,0,SOURCE_G_REVIEWS,reviews_2023.csv,2023-01-20T01:54:52.494998681,BATCH-G-20230120
REV-00056377,SKU-0010342,user_9012291,Keith Kelly,1,"Waste of money, do not buy.",2023-01-18,True,NEGATIVE,3,SOURCE_G_REVIEWS,reviews_2023.csv,2023-01-18T10:21:58.480181780,BATCH-G-20230118
REV-00056384,SKU-0018032,user_39622,Aaron Munoz,5,Better than I expected for the price.,2023-12-31,False,POSITIVE,4,SOURCE_G_REVIEWS,reviews_2023.csv,2023-12-31T14:41:54.560024973,BATCH-G-20231231
REV-00056388,SKU-0017165,user_9020189,Jesus Flores,4,"Waste of money, do not buy.",2023-04-13,True,NEGATIVE,1,SOURCE_G_REVIEWS,reviews_2023.csv,2023-04-13T03:59:43.607278721,BATCH-G-20230413
REV-00056392,SKU-0009711,user_9010969,Scott Howell,3,"It's okay, does the job.",2023-04-08,True,NEUTRAL,4,SOURCE_G_REVIEWS,reviews_2023.csv,2023-04-23T07:00:00,BATCH-G-20230408
REV-00056398,SKU-0002581,user_9008133,Alyssa,5,   Will  definitely  buy  again.   ,2023-12-23,False,POSITIVE,0,SOURCE_G_REVIEWS,reviews_2023.csv,2023-12-23T22:37:09.086254302,BATCH-G-20231223
REV-00056398-DUP,SKU-0002581,user_9008133,Alyssa,5,   Will  definitely  buy  again.   ,2023-12-23,False,POSITIVE,0,SOURCE_G_REVIEWS,reviews_2023.csv,2023-12-23T23:13:09.086254302,BATCH-G-20231223
REV-00056403,SKU-0000101,user_9017313,Patrick Vaughn,4,N/A,2023-01-28,True,POSITIVE,1,SOURCE_G_REVIEWS,reviews_2023.csv,2023-01-28T10:29:23.843621655,BATCH-G-20230128
REV-00056416,SKU-0011039,user_42877,Shawn Henry,4,Better than I expected for the price.,2023-06-10,False,POSITIVE,1,SOURCE_G_REVIEWS,reviews_2023.csv,2023-06-10T12:01:58.566400252,BATCH-G-20230610
REV-00056417,SKU-0004692,,Anonymous,1,Arrived damaged and support was unhelpful.,2023-09-01,False,NEGATIVE,0,SOURCE_G_REVIEWS,reviews_2023.csv,2023-09-01T00:44:40.287624695,BATCH-G-20230901
REV-00056434,SKU-0016923,user_1843,Robert Carr,1,Wrong item was shipped to me.,2023-01-10,True,NEGATIVE,12,SOURCE_G_REVIEWS,reviews_2023.csv,2023-01-11T03:29:21.896400467,BATCH-G-20230110
REV-00056440,SKU-0019297,,Anonymous,3,   Decent  but  overpriced  a  bit.   ,2023-03-12,True,NEUTRAL,3,SOURCE_G_REVIEWS,reviews_2023.csv,2023-03-12T17:50:01.204327855,BATCH-G-20230312
REV-00056462,SKU-0008363,user_9010200,Bryan Harris,5,"No cumplió mis expectativas. Exactly as described, very happy.",2023-04-19,True,POSITIVE,0,SOURCE_G_REVIEWS,reviews_2023.csv,2023-04-19T08:41:08.403688248,BATCH-G-20230419
REV-00056479,SKU-0004310,user_9026015,Mindy,4,Wrong item was shipped to me.,2023-07-29,False,NEGATIVE,2,SOURCE_G_REVIEWS,reviews_2023.csv,2023-07-30T01:27:29.433219188,BATCH-G-20230729
REV-00056483,SKU-9982992,user_47997,David Allen,1,"<br>Waste of money, do not buy.<i>edited</i>",2023-05-02,True,NEGATIVE,7,SOURCE_G_REVIEWS,reviews_2023.csv,2023-05-02T19:42:34.741182399,BATCH-G-20230502
REV-00056486,SKU-0002382,user_9025684,Dr. Karen Morgan,1,"Poor packaging, item was defective.",2023-12-25,True,NEGATIVE,1,SOURCE_G_REVIEWS,reviews_2023.csv,2023-12-25T10:07:06.887542694,BATCH-G-20231225
REV-00056505,SKU-0012858,user_12988,Ronald Johnston II,3,"   Not  bad,  not  great  either.   ",2023-04-10,True,NEUTRAL,5,SOURCE_G_REVIEWS,reviews_2023.csv,2023-04-10T10:10:07.332578004,BATCH-G-20230410
REV-00056525,SKU-0006864,user_38,Darren Jones,5,Fast delivery and great quality.,2023-01-06,True,POSITIVE,0,SOURCE_G_REVIEWS,reviews_2023.csv,2023-01-06T23:43:04.871244153,BATCH-G-20230106
REV-00056526,SKU-0012857,user_9019506,Gabriel Henderson,4,Great value for money.,2023-05-16,False,POSITIVE,7,SOURCE_G_REVIEWS,reviews_2023.csv,2023-05-16T11:00:10.109672082,BATCH-G-20230516
REV-00056530,SKU-0009102,user_9015928,Tracie Garcia,4,"Solid build quality, no complaints.",2023-07-01,False,POSITIVE,4,SOURCE_G_REVIEWS,reviews_2023.csv,2023-07-01T05:42:57.470234324,BATCH-G-20230701
REV-00056536,SKU-0012657,,Anonymous,3,"Matches the description, no issues.",2023-07-30,True,NEUTRAL,1,SOURCE_G_REVIEWS,reviews_2023.csv,2023-07-30T16:29:14.608803335,BATCH-G-20230730
REV-00056537,SKU-0000045,,Anonymous,3,Works fine but delivery was slow.,2023-12-03,False,NEUTRAL,0,SOURCE_G_REVIEWS,reviews_2023.csv,2023-12-03T22:15:51.528769372,BATCH-G-20231203
REV-00056548,SKU-9965647,user_50854,Monique Thompson,5,"Perfect gift, they loved it!",2023-11-25,False,POSITIVE,1,SOURCE_G_REVIEWS,reviews_2023.csv,2023-11-25T15:39:24.143603726,BATCH-G-20231125
REV-00056549,SKU-0015932,,Anonymous,4,"Livraison très lente, déçu.",2023-01-05,True,POSITIVE,4,SOURCE_G_REVIEWS,reviews_2023.csv,2023-01-05T15:12:14.019143429,BATCH-G-20230105
REV-00056554,SKU-0002631,user_9024872,Jennifer Bond,1,Stopped working after a week.,2023-07-22,False,NEGATIVE,0,SOURCE_G_REVIEWS,reviews_2023.csv,2023-07-22T08:07:07.356949248,BATCH-G-20230722
REV-00056578,SKU-0009091,user_9006674,Jason Cohen,3,Excellent rapport qualité-prix.,2023-05-09,True,NEUTRAL,0,SOURCE_G_REVIEWS,reviews_2023.csv,2023-05-09T14:00:48.149857491,BATCH-G-20230509
REV-00056589,SKU-0018953,,Anonymous,4,Will definitely buy again.,2023-09-06,False,POSITIVE,2,SOURCE_G_REVIEWS,reviews_2023.csv,2023-09-07T03:08:09.959531053,BATCH-G-20230906
REV-00056599,SKU-0016554,user_25982,Nichole,3,"Livraison très lente, déçu. It's okay, does the job.",2023-08-05,False,NEUTRAL,2,SOURCE_G_REVIEWS,reviews_2023.csv,2023-08-05T03:49:25.381366748,BATCH-G-20230805
REV-00056607,SKU-0018487,user_9024682,Francisco Williams,1,Not as described at all.,2023-12-23,False,NEGATIVE,1,SOURCE_G_REVIEWS,reviews_2023.csv,2023-12-23T07:00:11.646084858,BATCH-G-20231223
REV-00056615,SKU-0003586,,Anonymous,5,Great value for money.,2023-06-15,False,POSITIVE,3,SOURCE_G_REVIEWS,reviews_2023.csv,2023-06-15T22:45:28.347464980,BATCH-G-20230615
REV-00056618,SKU-0009973,user_9012935,Joseph,5,Highly recommend this product.,2023-12-21,True,POSITIVE,1,SOURCE_G_REVIEWS,reviews_2023.csv,2023-12-22T04:26:00.075787586,BATCH-G-20231221
REV-00056627,SKU-0013992,user_9000951,Meagan Adams,4,"Solid build quality, no complaints.",2023-01-26,False,POSITIVE,5,SOURCE_G_REVIEWS,reviews_2023.csv,2023-01-26T21:52:25.656435397,BATCH-G-20230126
REV-00056630,SKU-0018383,user_9030446,Barbara Hebert,3,,2023-07-27,True,NEUTRAL,4,SOURCE_G_REVIEWS,reviews_2023.csv,2023-07-27T09:28:06.616788419,BATCH-G-20230727
REV-00056646,SKU-0002238,user_9003410,Joseph Crosby,4,Great value for money.,2023-05-16,True,POSITIVE,8,SOURCE_G_REVIEWS,reviews_2023.csv,2023-05-16T19:32:50.987104691,BATCH-G-20230516
REV-00056650,SKU-0001181,user_25298,Gabrielle,5,Great value for money.,2023-05-13,True,POSITIVE,0,SOURCE_G_REVIEWS,reviews_2023.csv,2023-05-13T07:59:08.184710784,BATCH-G-20230513
REV-00056655,SKU-0008316,user_9008041,Paige,-1,"Solid build quality, no complaints.",2023-04-27,False,POSITIVE,4,SOURCE_G_REVIEWS,reviews_2023.csv,2023-04-28T02:34:52.842839167,BATCH-G-20230427
REV-00056658,SKU-0001004,user_9023978,Chase Smith Jr.,1,Not as described at all.,2023-11-27,True,NEGATIVE,3,SOURCE_G_REVIEWS,reviews_2023.csv,2023-11-28T00:47:08.221642907,BATCH-G-20231127
REV-00056669,SKU-9979687,,Anonymous,3,"Not bad, not great either.",2023-12-11,True,NEUTRAL,4,SOURCE_G_REVIEWS,reviews_2023.csv,2023-12-11T15:27:04.021784270,BATCH-G-20231211
REV-00056678,SKU-0013440,user_9015352,Dominic White,2,Stopped working after a week.,2023-01-20,True,NEGATIVE,3,SOURCE_G_REVIEWS,reviews_2023.csv,2023-01-21T05:56:04.652752957,BATCH-G-20230120
REV-00056689,SKU-0000063,user_41885,Keith Thompson DDS,3,"It's okay, does the job.",2023-04-26,False,NEUTRAL,3,SOURCE_G_REVIEWS,reviews_2023.csv,2023-04-26T11:25:40.211544037,BATCH-G-20230426
REV-00056695,SKU-0001794,user_40822,Tara,4,"Livraison très lente, déçu.",2023-07-09,True,POSITIVE,1,SOURCE_G_REVIEWS,reviews_2023.csv,2023-07-09T14:26:42.042154011,BATCH-G-20230709
REV-00056698,SKU-0017951,,Anonymous,5,Great value for money.,2023-01-21,True,POSITIVE,3,SOURCE_G_REVIEWS,reviews_2023.csv,2023-01-21T08:12:00.717327413,BATCH-G-20230121
REV-00056703,SKU-0012667,user_9018398,Rickey Carroll,3,"Matches the description, no issues.",2023-07-20,True,NEUTRAL,1,SOURCE_G_REVIEWS,reviews_2023.csv,2023-07-20T14:20:50.387896985,BATCH-G-20230720
REV-00056706,SKU-0004947,user_42186,Michael Castaneda,5,Highly recommend this product.,2023-05-28,True,POSITIVE,2,SOURCE_G_REVIEWS,reviews_2023.csv,2023-05-28T10:51:15.704109662,BATCH-G-20230528
REV-00056722,SKU-0006397,user_9018432,James,5,Great value for money.,2023-08-07,False,POSITIVE,0,SOURCE_G_REVIEWS,reviews_2023.csv,2023-08-07T02:35:36.067419047,BATCH-G-20230807
REV-00056726,SKU-0013867,,Anonymous,4,"Absolutely love it, works perfectly!",2023-06-30,True,POSITIVE,0,SOURCE_G_REVIEWS,reviews_2023.csv,2023-06-30T23:05:50.181725172,BATCH-G-20230630
REV-00056726-DUP,SKU-0013867,,Anonymous,4,"Absolutely love it, works perfectly!",2023-06-30,True,POSITIVE,0,SOURCE_G_REVIEWS,reviews_2023.csv,2023-06-30T23:46:50.181725172,BATCH-G-20230630
REV-00056727,SKU-0014005,user_9014914,Raymond Rowe,4,Wrong item was shipped to me.,2023-03-24,True,NEGATIVE,3,SOURCE_G_REVIEWS,reviews_2023.csv,2023-03-25T03:23:52.254090805,BATCH-G-20230324
REV-00056729,SKU-0009705,user_9011754,Miranda Bernard,4,Better than I expected for the price.,2023-10-27,False,POSITIVE,0,SOURCE_G_REVIEWS,reviews_2023.csv,2023-10-27T14:49:04.844863848,BATCH-G-20231027
REV-00056741,SKU-0012339,user_9032714,Darrell,4,Fast delivery and great quality.,2023-08-29,False,POSITIVE,1,SOURCE_G_REVIEWS,reviews_2023.csv,2023-08-29T11:53:24.608782205,BATCH-G-20230829
REV-00056742,SKU-0012055,user_9032406,Kelly,5,Fast delivery and great quality.,2023-12-24,False,POSITIVE,0,SOURCE_G_REVIEWS,reviews_2023.csv,2023-12-24T08:46:11.273928932,BATCH-G-20231224
REV-00056746,SKU-0018913,user_9029872,Charles Salazar,4,Better than I expected for the price.,2023-06-01,False,POSITIVE,1,SOURCE_G_REVIEWS,reviews_2023.csv,2023-06-01T18:12:18.369022951,BATCH-G-20230601
REV-00056750,SKU-0004261,,Anonymous,4,"Livraison très lente, déçu.",2023-03-13,True,POSITIVE,5,SOURCE_G_REVIEWS,reviews_2023.csv,2023-03-13T16:47:02.192199969,BATCH-G-20230313
REV-00056763,SKU-0013772,user_17307,Daisy Fox,4,Highly recommend this product.,2023-12-18,False,POSITIVE,2,SOURCE_G_REVIEWS,reviews_2023.csv,2023-12-18T18:11:40.441396259,BATCH-G-20231218
REV-00056764,SKU-0006962,user_55769,Karen Smith,1,"Cheaply made, broke immediately.",2023-11-24,True,NEGATIVE,0,SOURCE_G_REVIEWS,reviews_2023.csv,2023-11-24T10:51:36.082490353,BATCH-G-20231124
REV-00056770,SKU-0016918,user_19869,Jeffrey Livingston,5,"Solid build quality, no complaints.",2023-08-09,True,POSITIVE,2,SOURCE_G_REVIEWS,reviews_2023.csv,2023-08-10T04:59:56.244796927,BATCH-G-20230809
REV-00056772,SKU-0018038,user_9001195,Margaret Hopkins,1,Wrong item was shipped to me.,2023-03-19,False,NEGATIVE,1,SOURCE_G_REVIEWS,reviews_2023.csv,2023-03-19T00:47:51.031352268,BATCH-G-20230319
REV-00056777,SKU-0013964,user_9012089,Lisa,5,"Absolutely love it, works perfectly!",2023-07-14,False,POSITIVE,5,SOURCE_G_REVIEWS,reviews_2023.csv,2023-07-14T11:48:13.249656239,BATCH-G-20230714
REV-00056795,SKU-0007936,user_46248,Jennifer,5,Fast delivery and great quality.,2023-02-18,True,POSITIVE,0,SOURCE_G_REVIEWS,reviews_2023.csv,2023-02-18T00:30:41.097872251,BATCH-G-20230218
REV-00056798,SKU-9907956,user_9013509,Melanie Rhodes,5,Will definitely buy again.,2023-01-20,True,POSITIVE,1,SOURCE_G_REVIEWS,reviews_2023.csv,2023-01-21T01:34:46.679211434,BATCH-G-20230120
REV-00056812,SKU-9973320,user_9016064,Timothy Scott,0,"Exactly as described, very happy.",2023-03-31,False,POSITIVE,1,SOURCE_G_REVIEWS,reviews_2023.csv,2023-03-31T06:40:55.054802668,BATCH-G-20230331
REV-00056816,SKU-0001122,,Anonymous,5,   Great  value  for  money.   ,2023-11-09,True,POSITIVE,1,SOURCE_G_REVIEWS,reviews_2023.csv,2023-11-09T06:20:05.914134745,BATCH-G-20231109
REV-00056821,SKU-9952181,user_52186,Sean Thomas,1,Wrong item was shipped to me.,2023-06-23,True,NEGATIVE,5,SOURCE_G_REVIEWS,reviews_2023.csv,2023-06-23T06:13:19.122160002,BATCH-G-20230623
REV-00056824,SKU-9978143,user_3774,Sergio Martinez,4,Exceeded my expectations.,2023-11-08,False,POSITIVE,1,SOURCE_G_REVIEWS,reviews_2023.csv,2023-11-21T00:00:00,BATCH-G-20231108
REV-00056824-DUP,SKU-9978143,user_3774,Sergio Martinez,4,Exceeded my expectations.,2023-11-08,False,POSITIVE,1,SOURCE_G_REVIEWS,reviews_2023.csv,2023-11-21T00:58:00,BATCH-G-20231108
REV-00056829,SKU-0012020,user_40120,Joshua Stewart,3,Decent but overpriced a bit.,2023-10-28,True,NEUTRAL,3,SOURCE_G_REVIEWS,reviews_2023.csv,2023-10-28T04:44:00.717351438,BATCH-G-20231028
REV-00056829-DUP,SKU-0012020,user_40120,Joshua Stewart,3,Decent but overpriced a bit.,2023-10-28,True,NEUTRAL,3,SOURCE_G_REVIEWS,reviews_2023.csv,2023-10-28T04:47:00.717351438,BATCH-G-20231028
REV-00056848,SKU-0016675,user_9003830,Bradley,4,<p>Better than I expected for the price.<i>edited</i>,2023-09-25,True,POSITIVE,6,SOURCE_G_REVIEWS,reviews_2023.csv,2023-09-25T09:35:19.339199682,BATCH-G-20230925
REV-00056871,SKU-0009422,user_40106,Danielle Roberts,4,"Absolutely love it, works perfectly!",2023-03-07,True,POSITIVE,0,SOURCE_G_REVIEWS,reviews_2023.csv,2023-03-07T05:56:01.908354860,BATCH-G-20230307
REV-00056885,SKU-0013489,user_9009065,Rebecca Trujillo,5,Will definitely buy again.,2023-10-28,True,POSITIVE,2,SOURCE_G_REVIEWS,reviews_2023.csv,2023-10-28T10:25:32.326506334,BATCH-G-20231028
REV-00056904,SKU-0013713,user_56707,Donna Chan,4,"Absolutely love it, works perfectly!",2023-10-29,True,POSITIVE,1,SOURCE_G_REVIEWS,reviews_2023.csv,2023-11-03T22:00:00,BATCH-G-20231029
REV-00056909,SKU-0001387,user_9008299,Zachary,5,"Solid build quality, no complaints.",2023-04-15,True,POSITIVE,3,SOURCE_G_REVIEWS,reviews_2023.csv,2023-04-15T16:53:50.902281308,BATCH-G-20230415
REV-00056921,SKU-0009505,user_29716,Sabrina Brown,5,No cumplió mis expectativas.,2023-11-04,False,POSITIVE,5,SOURCE_G_REVIEWS,reviews_2023.csv,2023-11-04T18:07:00.753786009,BATCH-G-20231104
REV-00056924,SKU-0007446,user_29058,Eddie,4,Exceeded my expectations.,2023-08-15,True,POSITIVE,4,SOURCE_G_REVIEWS,reviews_2023.csv,2023-08-15T01:01:22.627556424,BATCH-G-20230815
REV-00056932,SKU-0006174,user_9010766,Kevin,1,Very disappointed with the quality.,2023-04-29,False,NEGATIVE,0,SOURCE_G_REVIEWS,reviews_2023.csv,2023-04-29T16:08:15.429542808,BATCH-G-20230429
REV-00056935,SKU-0009048,user_9032917,Nicole Wilson,4,"Perfect gift, they loved it!",2023-01-20,True,POSITIVE,1,SOURCE_G_REVIEWS,reviews_2023.csv,2023-01-20T17:37:14.178375120,BATCH-G-20230120
REV-00056965,SKU-0010222,user_4286,Leslie Rodriguez,3,NA,2023-02-05,True,NEUTRAL,2,SOURCE_G_REVIEWS,reviews_2023.csv,2023-02-05T23:45:21.419340820,BATCH-G-20230205
REV-00056973,SKU-0000982,user_9016348,Alison Estrada,5,"Excellent rapport qualité-prix. Solid build quality, no complaints.",2023-06-17,True,POSITIVE,0,SOURCE_G_REVIEWS,reviews_2023.csv,2023-06-18T04:39:28.422525356,BATCH-G-20230617
REV-00056987,SKU-0011868,user_64642,Joshua Thornton,4,No cumplió mis expectativas. Will definitely buy again.,2023-05-16,False,POSITIVE,8,SOURCE_G_REVIEWS,reviews_2023.csv,2023-05-16T21:32:53.843842724,BATCH-G-20230516
REV-00056992,SKU-0007140,,Anonymous,unknown,"Average quality, nothing special.",2023-11-25,True,NEUTRAL,6,SOURCE_G_REVIEWS,reviews_2023.csv,2023-11-25T07:29:42.606661157,BATCH-G-20231125
REV-00056992-DUP,SKU-0007140,,Anonymous,unknown,"Average quality, nothing special.",2023-11-25,True,NEUTRAL,6,SOURCE_G_REVIEWS,reviews_2023.csv,2023-11-25T08:09:42.606661157,BATCH-G-20231125
REV-00056994,SKU-0015343,user_3516,Jon Fernandez DDS,5,"Muy buen producto, lo recomiendo.",2023-05-30,True,POSITIVE,0,SOURCE_G_REVIEWS,reviews_2023.csv,2023-05-30T12:57:52.747234625,BATCH-G-20230530
REV-00056999,SKU-0016042,user_56732,Matthew,1,Wrong item was shipped to me.,2023-09-30,False,NEGATIVE,0,SOURCE_G_REVIEWS,reviews_2023.csv,2023-09-30T03:17:39.898993436,BATCH-G-20230930
REV-00057003,SKU-0008580,user_33401,Laurie, ,"<br>बहुत अच्छा उत्पाद है, पैसा वसूल!<p>",2023-01-26,True,POSITIVE,9,SOURCE_G_REVIEWS,reviews_2023.csv,2023-01-26T15:05:11.309138030,BATCH-G-20230126
REV-00057004,SKU-0019695,user_9025923,Jesse Woodard,4,"Perfect gift, they loved it!",2023-01-22,False,POSITIVE,2,SOURCE_G_REVIEWS,reviews_2023.csv,2023-01-22T07:44:31.694524447,BATCH-G-20230122
REV-00057019,SKU-0017031,user_9034210,Tony Gray,4,"Absolutely love it, works perfectly!",2023-07-12,False,POSITIVE,2,SOURCE_G_REVIEWS,reviews_2023.csv,2023-07-13T02:27:33.880455161,BATCH-G-20230712
REV-00057045,SKU-0019059,user_9025533,Amber Foster,1,"Waste of money, do not buy.",2023-02-27,False,NEGATIVE,0,SOURCE_G_REVIEWS,reviews_2023.csv,2023-02-28T00:27:20.952056097,BATCH-G-20230227
REV-00057054,SKU-0019081,user_30513,Gary Carr,4,"Solid build quality, no complaints.",2023-07-24,True,POSITIVE,6,SOURCE_G_REVIEWS,reviews_2023.csv,2023-07-24T12:49:40.650145125,BATCH-G-20230724
REV-00057058,SKU-0004380,,Anonymous,5,Fast delivery and great quality.,2023-01-31,True,POSITIVE,0,SOURCE_G_REVIEWS,reviews_2023.csv,2023-01-31T18:09:43.948965222,BATCH-G-20230131
REV-00057060,SKU-0005982,user_47458,Dr. William Burgess,3,Works fine but delivery was slow.,2023-03-03,True,NEUTRAL,2,SOURCE_G_REVIEWS,reviews_2023.csv,2023-03-07T22:00:00,BATCH-G-20230303
REV-00057062,SKU-0012101,user_9034181,Jeff,4,"Solid build quality, no complaints.",2023-12-22,True,POSITIVE,1,SOURCE_G_REVIEWS,reviews_2023.csv,2023-12-22T09:34:03.673749066,BATCH-G-20231222
REV-00057068,SKU-0018598,user_9020499,Amy Jackson,4,"Livraison très lente, déçu. Will definitely buy again.",2023-07-24,True,POSITIVE,1,SOURCE_G_REVIEWS,reviews_2023.csv,2023-07-24T22:26:30.565006994,BATCH-G-20230724
REV-00057085,SKU-0015701,user_9001771,Gabrielle White,4,Better than I expected for the price.,2023-02-28,False,POSITIVE,0,SOURCE_G_REVIEWS,reviews_2023.csv,2023-03-01T00:54:17.917096428,BATCH-G-20230228
REV-00057095,SKU-0014324,user_27863,Christopher,4,Better than I expected for the price.,2023-11-26,False,POSITIVE,2,SOURCE_G_REVIEWS,reviews_2023.csv,2023-11-26T13:10:53.722845980,BATCH-G-20231126
REV-00057097,SKU-0003090,user_9005002,Luis Lambert,5,Great value for money.,2023-12-03,True,POSITIVE,0,SOURCE_G_REVIEWS,reviews_2023.csv,2023-12-03T04:10:01.897424267,BATCH-G-20231203
REV-00057107,SKU-0009315,user_9001919,Holly Potter,5,"Excellent rapport qualité-prix. Perfect gift, they loved it!",2023-05-25,True,POSITIVE,2,SOURCE_G_REVIEWS,reviews_2023.csv,2023-06-02T11:00:00,BATCH-G-20230525
REV-00057112,SKU-0019213,user_65490,Matthew,4,"Absolutely love it, works perfectly!",2023-08-10,True,POSITIVE,0,SOURCE_G_REVIEWS,reviews_2023.csv,2023-08-10T03:45:06.320464755,BATCH-G-20230810
REV-00057114,SKU-0004162,user_67098,Eric,3,"Matches the description, no issues.",2023-05-23,True,NEUTRAL,0,SOURCE_G_REVIEWS,reviews_2023.csv,2023-05-23T10:30:49.265688186,BATCH-G-20230523
REV-00057117,SKU-0016391,,Anonymous,4,"Solid build quality, no complaints.",2023-05-19,False,POSITIVE,6,SOURCE_G_REVIEWS,reviews_2023.csv,2023-05-19T11:37:29.759931763,BATCH-G-20230519
REV-00057124,SKU-0003875,user_41794,Barbara Nash,5,Exceeded my expectations.,2023-03-26,False,POSITIVE,0,SOURCE_G_REVIEWS,reviews_2023.csv,2023-03-26T01:32:20.176228590,BATCH-G-20230326
REV-00057127,SKU-0014149,user_9002443,Anthony,4,&nbsp;Wrong item was shipped to me.<br>,2023-05-09,False,NEGATIVE,2,SOURCE_G_REVIEWS,reviews_2023.csv,2023-05-09T20:33:01.980956315,BATCH-G-20230509
REV-00057128,SKU-0017806,user_1312,John Sanchez,5,"Absolutely love it, works perfectly!",2023-02-27,True,POSITIVE,6,SOURCE_G_REVIEWS,reviews_2023.csv,2023-02-27T16:40:46.548160750,BATCH-G-20230227
REV-00057140,SKU-0015948,user_9025014,Elizabeth Ramirez,3,Works fine but delivery was slow.,2023-01-26,True,NEUTRAL,11,SOURCE_G_REVIEWS,reviews_2023.csv,2023-01-26T23:32:46.937896306,BATCH-G-20230126
REV-00057152,SKU-0015796,user_11918,Kelly Lopez,3,"Matches the description, no issues.",2023-04-20,True,NEUTRAL,7,SOURCE_G_REVIEWS,reviews_2023.csv,2023-04-20T02:21:51.163360719,BATCH-G-20230420
REV-00057155,SKU-0010733,user_57228,Jake,4,"Solid build quality, no complaints.",2023-08-26,True,POSITIVE,5,SOURCE_G_REVIEWS,reviews_2023.csv,2023-08-26T12:24:12.292579415,BATCH-G-20230826
REV-00057161,SKU-0012845,user_7183,Cynthia,4,Will definitely buy again.,2023-02-01,False,POSITIVE,0,SOURCE_G_REVIEWS,reviews_2023.csv,2023-02-02T01:48:33.013908143,BATCH-G-20230201
REV-00057166,SKU-0009632,,Anonymous,4,"Exactly as described, very happy.",2023-03-11,False,POSITIVE,1,SOURCE_G_REVIEWS,reviews_2023.csv,2023-03-12T02:35:01.331874373,BATCH-G-20230311
REV-00057172,SKU-0016258,user_50281,Kevin Murray,3,"It's okay, does the job. 😡",2023-09-28,True,NEUTRAL,10,SOURCE_G_REVIEWS,reviews_2023.csv,2023-09-28T22:39:13.186206431,BATCH-G-20230928
REV-00057225,SKU-0006455,user_33750,Theresa Parker,4,"Perfect gift, they loved it!",2023-09-18,True,POSITIVE,5,SOURCE_G_REVIEWS,reviews_2023.csv,2023-09-18T02:25:52.027549645,BATCH-G-20230918
REV-00057235,SKU-0001609,,Anonymous,5,Excellent rapport qualité-prix.,2023-05-08,True,POSITIVE,2,SOURCE_G_REVIEWS,reviews_2023.csv,2023-05-08T08:43:23.090951379,BATCH-G-20230508
REV-00057248,SKU-0013772,user_9018012,Samuel Shaw,3,"Average quality, nothing special.",2023-02-16,False,NEUTRAL,0,SOURCE_G_REVIEWS,reviews_2023.csv,2023-02-16T19:15:13.012319633,BATCH-G-20230216
REV-00057252,SKU-9939740,user_9024319,Randy Dixon,3,"It's okay, does the job.",2023-06-25,True,NEUTRAL,1,SOURCE_G_REVIEWS,reviews_2023.csv,2023-06-25T02:45:42.403465981,BATCH-G-20230625
REV-00057256,SKU-0006288,user_27624,Karen Bell,4,Better than I expected for the price. ⭐,2023-03-27,False,POSITIVE,0,SOURCE_G_REVIEWS,reviews_2023.csv,2023-03-27T12:10:30.339414818,BATCH-G-20230327
REV-00057268,SKU-0018721,user_56648,Amanda Cox,5,Exceeded my expectations. 👍,2023-05-23,True,POSITIVE,0,SOURCE_G_REVIEWS,reviews_2023.csv,2023-05-23T10:57:37.078260947,BATCH-G-20230523
REV-00057271,SKU-0018845,user_9030516,Nicholas Baker,5,Will definitely buy again. ⭐,2023-02-17,False,POSITIVE,1,SOURCE_G_REVIEWS,reviews_2023.csv,2023-02-18T04:37:46.228084963,BATCH-G-20230217
REV-00057272,SKU-0008033,user_9008683,Jeffery Esparza,5,Exceeded my expectations.,2023-12-18,True,POSITIVE,0,SOURCE_G_REVIEWS,reviews_2023.csv,2023-12-18T15:23:25.450816631,BATCH-G-20231218
REV-00057282,SKU-0012889,user_9029598,Tina Mcmahon,5,"Exactly as described, very happy.",2023-08-22,True,POSITIVE,2,SOURCE_G_REVIEWS,reviews_2023.csv,2023-08-22T01:38:12.907266282,BATCH-G-20230822
REV-00057284,SKU-0015244,,Anonymous,2,Very disappointed with the quality.,2023-03-31,False,NEGATIVE,4,SOURCE_G_REVIEWS,reviews_2023.csv,2023-03-31T10:07:21.135828755,BATCH-G-20230331
REV-00057287,SKU-0008836,,Anonymous,1,Excellent rapport qualité-prix.,2023-08-13,True,NEGATIVE,3,SOURCE_G_REVIEWS,reviews_2023.csv,2023-08-13T00:53:08.121199844,BATCH-G-20230813
REV-00057293,SKU-0004020,,Anonymous,4,"Exactly as described, very happy.",2023-12-16,False,POSITIVE,2,SOURCE_G_REVIEWS,reviews_2023.csv,2023-12-16T17:17:23.229519463,BATCH-G-20231216
REV-00057310,SKU-0011119,user_9001518,Jason,2,Wrong item was shipped to me.,2023-08-24,False,NEGATIVE,0,SOURCE_G_REVIEWS,reviews_2023.csv,2023-08-24T22:48:55.084593721,BATCH-G-20230824
REV-00057315,SKU-0012280,user_9024143,Jose Smith,4,Better than I expected for the price.,2023-11-27,True,POSITIVE,2,SOURCE_G_REVIEWS,reviews_2023.csv,2023-11-27T16:43:17.438523899,BATCH-G-20231127
REV-00057321,SKU-0012702,user_47175,Frank Gregory,5,"Perfect gift, they loved it!",2023-01-04,True,POSITIVE,1,SOURCE_G_REVIEWS,reviews_2023.csv,2023-01-04T22:52:49.425008365,BATCH-G-20230104
REV-00057323,SKU-0002082,user_65177,Crystal Paul,5,Highly recommend this product.,2023-02-22,True,POSITIVE,1,SOURCE_G_REVIEWS,reviews_2023.csv,2023-02-23T00:25:05.174611999,BATCH-G-20230222
REV-00057328,SKU-0013667,user_9001897,Randy,3,"   Matches  the  description,  no  issues.   ",2023-03-26,True,NEUTRAL,3,SOURCE_G_REVIEWS,reviews_2023.csv,2023-03-26T09:30:30.561786432,BATCH-G-20230326
REV-00057331,SKU-0008305,user_9027289,Johnny Lee,4,Excellent rapport qualité-prix.,2023-12-25,True,POSITIVE,0,SOURCE_G_REVIEWS,reviews_2023.csv,2023-12-25T14:32:42.990652321,BATCH-G-20231225
REV-00057335,SKU-9972603,user_9017021,Sharon,4,"Perfect gift, they loved it!",2023-12-17,True,POSITIVE,1,SOURCE_G_REVIEWS,reviews_2023.csv,2023-12-17T14:11:58.123095269,BATCH-G-20231217
REV-00057339,SKU-0010729,user_9029290,Kelly Miller,5,"   Exactly  as  described,  very  happy.   ",2023-11-23,True,POSITIVE,1,SOURCE_G_REVIEWS,reviews_2023.csv,2023-11-23T14:24:14.871323145,BATCH-G-20231123
REV-00057342,SKU-0013230,user_9747,Megan Robinson,4,"Perfect gift, they loved it!",2023-01-29,True,POSITIVE,0,SOURCE_G_REVIEWS,reviews_2023.csv,2023-01-29T02:59:25.391185872,BATCH-G-20230129
REV-00057343,SKU-0008390,user_9034947,Natalie Haynes,4,Will definitely buy again.,2023-02-17,False,POSITIVE,2,SOURCE_G_REVIEWS,reviews_2023.csv,2023-02-17T21:22:31.467184086,BATCH-G-20230217
REV-00057345,SKU-0018642,user_61259,John Gomez,4,Better than I expected for the price.,2023-05-21,False,POSITIVE,0,SOURCE_G_REVIEWS,reviews_2023.csv,2023-05-21T16:48:19.513086385,BATCH-G-20230521
REV-00057353,SKU-0013597,user_9033256,Kristy Snow,4,"<b>Update:</b>Exactly as described, very happy.</p>",2023-01-20,True,POSITIVE,3,SOURCE_G_REVIEWS,reviews_2023.csv,2023-01-20T04:46:12.468688894,BATCH-G-20230120
REV-00057371,SKU-0002850,,Anonymous,4,Highly recommend this product.,2023-02-21,True,POSITIVE,1,SOURCE_G_REVIEWS,reviews_2023.csv,2023-02-22T03:06:12.471911843,BATCH-G-20230221
REV-00057382,SKU-9916851,user_9030481,Terry Owens,4,Highly recommend this product. 😀😡,2023-12-09,True,POSITIVE,1,SOURCE_G_REVIEWS,reviews_2023.csv,2023-12-10T02:26:59.902018922,BATCH-G-20231209
REV-00057389,SKU-0000707,user_9002092,Tricia Johnson,4,"Perfect gift, they loved it!",2023-12-28,True,POSITIVE,6,SOURCE_G_REVIEWS,reviews_2023.csv,2023-12-28T00:36:16.107886583,BATCH-G-20231228
REV-00057390,SKU-0012216,user_62776,Justin Morgan,5,"Solid build quality, no complaints.",2023-05-10,True,POSITIVE,2,SOURCE_G_REVIEWS,reviews_2023.csv,2023-05-10T19:17:44.120016654,BATCH-G-20230510
REV-00057392,SKU-0018234,user_9000215,James Fry,?,"Not bad, not great either. 😢",2023-05-10,True,NEUTRAL,0,SOURCE_G_REVIEWS,reviews_2023.csv,2023-05-10T07:48:45.038052252,BATCH-G-20230510
REV-00057395,SKU-0008000,,Anonymous,5,"Absolutely love it, works perfectly!",2023-12-19,False,POSITIVE,1,SOURCE_G_REVIEWS,reviews_2023.csv,2023-12-20T00:53:16.254503084,BATCH-G-20231219
REV-00057400,SKU-0014823,user_9022999,Erica,4,Will definitely buy again.,2023-02-23,True,POSITIVE,0,SOURCE_G_REVIEWS,reviews_2023.csv,2023-02-23T09:48:48.968719745,BATCH-G-20230223
REV-00057408,SKU-0015378,user_9033586,Tammie Reeves,3,Works fine but delivery was slow.,2023-05-02,True,NEUTRAL,3,SOURCE_G_REVIEWS,reviews_2023.csv,2023-05-02T17:06:39.933842395,BATCH-G-20230502
REV-00057412,SKU-0014080,user_25058,Christine,3,Works fine but delivery was slow. 👍😀,2023-01-14,True,NEUTRAL,3,SOURCE_G_REVIEWS,reviews_2023.csv,2023-01-14T19:59:24.471237147,BATCH-G-20230114
REV-00057412-DUP,SKU-0014080,user_25058,Christine,3,Works fine but delivery was slow. 👍😀,2023-01-14,True,NEUTRAL,3,SOURCE_G_REVIEWS,reviews_2023.csv,2023-01-14T20:47:24.471237147,BATCH-G-20230114
REV-00057419,SKU-0001985,user_11646,Wendy Hurley,4,"Absolutely love it, works perfectly!",2023-05-20,True,POSITIVE,3,SOURCE_G_REVIEWS,reviews_2023.csv,2023-05-20T18:20:10.964460301,BATCH-G-20230520
REV-00057433,SKU-0019758,user_9021876,Molly,5,Great value for money.,2023-02-24,False,POSITIVE,2,SOURCE_G_REVIEWS,reviews_2023.csv,2023-02-24T23:43:23.094830631,BATCH-G-20230224
REV-00057434,SKU-0014230,user_21679,Kimberly,5,गुणवत्ता ठीक नहीं थी।,2023-05-25,True,POSITIVE,2,SOURCE_G_REVIEWS,reviews_2023.csv,2023-05-25T08:30:03.589796871,BATCH-G-20230525
REV-00057435,SKU-0009437,user_9020843,Vanessa Jackson,5,Better than I expected for the price.,2023-02-18,True,POSITIVE,1,SOURCE_G_REVIEWS,reviews_2023.csv,2023-02-18T13:05:53.976065372,BATCH-G-20230218
REV-00057441,SKU-0016325,user_51785,Michael,4,Highly recommend this product.,2023-07-17,True,POSITIVE,1,SOURCE_G_REVIEWS,reviews_2023.csv,2023-07-17T14:20:38.476362170,BATCH-G-20230717
REV-00057442,SKU-0012302,,Anonymous,4,"Exactly as described, very happy.",2023-01-12,True,POSITIVE,0,SOURCE_G_REVIEWS,reviews_2023.csv,2023-01-12T17:05:32.057606614,BATCH-G-20230112
REV-00057443,SKU-0003233,user_60341,Danny Bishop,3,"Matches the description, no issues. 😐",2023-02-24,False,NEUTRAL,0,SOURCE_G_REVIEWS,reviews_2023.csv,2023-02-24T14:08:08.879244696,BATCH-G-20230224
REV-00057457,SKU-0005988,user_9029488,Margaret Parker,4,"Absolutely love it, works perfectly!",2023-04-06,False,POSITIVE,2,SOURCE_G_REVIEWS,reviews_2023.csv,2023-04-06T20:50:35.983852023,BATCH-G-20230406
REV-00057471,SKU-0006825,,Anonymous,4,"Absolutely love it, works perfectly!",2023-01-31,True,POSITIVE,2,SOURCE_G_REVIEWS,reviews_2023.csv,2023-01-31T09:03:13.887764765,BATCH-G-20230131
REV-00057479,SKU-0005130,user_18669,Sherry Morgan,5,Better than I expected for the price. 🔥😍,2023-03-15,True,POSITIVE,0,SOURCE_G_REVIEWS,reviews_2023.csv,2023-03-16T03:38:49.864025873,BATCH-G-20230315
REV-00057480,SKU-0000902,user_9032986,Brandy Jimenez,1,"Waste of money, do not buy.",2023-06-30,True,NEGATIVE,8,SOURCE_G_REVIEWS,reviews_2023.csv,2023-06-30T18:46:22.913779182,BATCH-G-20230630
REV-00057494,SKU-0013102,user_9012976,Emily Maxwell,1,Very disappointed with the quality.,2023-10-14,True,NEGATIVE,5,SOURCE_G_REVIEWS,reviews_2023.csv,2023-10-14T09:30:19.596309760,BATCH-G-20231014
REV-00057508,SKU-0009892,user_9003902,Jennifer Barnett,5,"Exactly as described, very happy.",2023-12-30,True,POSITIVE,2,SOURCE_G_REVIEWS,reviews_2023.csv,2023-12-30T18:14:00.778177910,BATCH-G-20231230
REV-00057516,SKU-0019447,user_17460,Robert Lee,5,Will definitely buy again.,2023-03-11,False,POSITIVE,0,SOURCE_G_REVIEWS,reviews_2023.csv,2023-03-11T05:13:45.547602347,BATCH-G-20230311
REV-00057519,SKU-0003197,user_9025973,David,5,   Fast  delivery  and  great  quality.   ,2023-06-12,False,POSITIVE,4,SOURCE_G_REVIEWS,reviews_2023.csv,2023-06-12T03:41:18.167868532,BATCH-G-20230612
REV-00057521,SKU-0006711,user_9003734,Bobby Hoover,4,Fast delivery and great quality.,2023-10-14,False,POSITIVE,1,SOURCE_G_REVIEWS,reviews_2023.csv,2023-10-14T15:01:56.586280323,BATCH-G-20231014
REV-00057530,SKU-0001308,user_9002319,Lindsey Myers,5,"Perfect gift, they loved it!",2023-07-25,True,POSITIVE,0,SOURCE_G_REVIEWS,reviews_2023.csv,2023-07-26T01:22:36.827073586,BATCH-G-20230725
REV-00057535,SKU-0019624,user_9025496,Micheal Sanders,5,Highly recommend this product.,2023-03-25,False,POSITIVE,-2,SOURCE_G_REVIEWS,reviews_2023.csv,2023-03-25T08:14:45.800697331,BATCH-G-20230325
REV-00057557,SKU-0015946,user_2699,David Richards,2,"   Poor  packaging,  item  was  defective.   ",2023-09-06,True,NEGATIVE,1,SOURCE_G_REVIEWS,reviews_2023.csv,2023-09-06T13:22:58.780450370,BATCH-G-20230906
REV-00057560,SKU-0007752,,Anonymous,4,"Exactly as described, very happy.",2023-06-20,True,POSITIVE,1,SOURCE_G_REVIEWS,reviews_2023.csv,2023-06-21T04:18:49.971689384,BATCH-G-20230620
REV-00057583,SKU-0019150,user_55491,Anthony,unknown,Great value for money.,2023-07-23,True,POSITIVE,3,SOURCE_G_REVIEWS,reviews_2023.csv,2023-07-23T04:02:16.083321712,BATCH-G-20230723
REV-00057597,SKU-0008339,user_27132,Dawn,4,"Perfect gift, they loved it!",2023-07-01,True,POSITIVE,1,SOURCE_G_REVIEWS,reviews_2023.csv,2023-07-01T02:25:03.546620209,BATCH-G-20230701
REV-00057601,SKU-0009703,user_35250,Adam Santiago,5,Highly recommend this product.,2023-01-22,True,POSITIVE,2,SOURCE_G_REVIEWS,reviews_2023.csv,2023-01-23T04:20:39.844827920,BATCH-G-20230122
REV-00057607,SKU-0018896,,Anonymous,,"Absolutely love it, works perfectly!",2023-12-22,True,POSITIVE,5,SOURCE_G_REVIEWS,reviews_2023.csv,2023-12-23T03:41:33.020153024,BATCH-G-20231222
REV-00057611,SKU-0019317,user_25691,Kara Davis,5,Great value for money.,2023-09-15,True,POSITIVE,0,SOURCE_G_REVIEWS,reviews_2023.csv,2023-09-15T10:48:55.333175060,BATCH-G-20230915
REV-00057619,SKU-0008506,,Anonymous,5,"Perfect gift, they loved it!",2023-12-07,True,POSITIVE,5,SOURCE_G_REVIEWS,reviews_2023.csv,2023-12-07T06:16:26.141842687,BATCH-G-20231207
REV-00057626,SKU-0017446,user_4168,Shawn James,4,Great value for money.,2023-05-18,True,POSITIVE,2,SOURCE_G_REVIEWS,reviews_2023.csv,2023-05-18T14:56:33.827067716,BATCH-G-20230518
REV-00057642,SKU-0001738,,Anonymous,5,"Perfect gift, they loved it!",2023-06-12,True,POSITIVE,0,SOURCE_G_REVIEWS,reviews_2023.csv,2023-06-12T02:43:31.198653243,BATCH-G-20230612
REV-00057657,SKU-0009680,user_4474,Edward Levine,3,Unknown,2023-07-25,True,NEUTRAL,0,SOURCE_G_REVIEWS,reviews_2023.csv,2023-07-26T00:24:46.491105525,BATCH-G-20230725
REV-00057659,SKU-0007347,,Anonymous,4,Will definitely buy again.,2023-03-18,True,POSITIVE,6,SOURCE_G_REVIEWS,reviews_2023.csv,2023-03-26T04:00:00,BATCH-G-20230318
REV-00057667,SKU-0011359,user_23417,Christina Massey,5,   Will  definitely  buy  again.   ,2023-11-05,True,POSITIVE,0,SOURCE_G_REVIEWS,reviews_2023.csv,2023-11-05T06:08:01.692670914,BATCH-G-20231105
REV-00057672,SKU-0018287,,Anonymous,-,"Exactly as described, very happy.",2023-03-12,True,POSITIVE,4,SOURCE_G_REVIEWS,reviews_2023.csv,2023-03-18T22:00:00,BATCH-G-20230312
REV-00057677,SKU-0010583,user_9001979,Julia,3,"It's okay, does the job.",2023-10-04,True,NEUTRAL,0,SOURCE_G_REVIEWS,reviews_2023.csv,2023-10-05T01:25:06.762047430,BATCH-G-20231004
REV-00057682,SKU-0015190,user_9027974,Kayla Carr,4,"Absolutely love it, works perfectly!",2023-12-20,True,POSITIVE,0,SOURCE_G_REVIEWS,reviews_2023.csv,2023-12-20T09:21:56.917290360,BATCH-G-20231220
REV-00057683,SKU-9946355,user_9003984,Sarah Peterson,1,Stopped working after a week.,2023-08-26,False,NEGATIVE,4,SOURCE_G_REVIEWS,reviews_2023.csv,2023-08-26T21:44:36.230089851,BATCH-G-20230826
REV-00057700,SKU-0018097,,Anonymous,5,Great value for money.,2023-12-19,True,POSITIVE,5,SOURCE_G_REVIEWS,reviews_2023.csv,2023-12-19T20:44:27.137511277,BATCH-G-20231219
REV-00057715,SKU-0010730,user_68540,Beth Diaz,4,"Exactly as described, very happy.",2023-03-13,True,POSITIVE,1,SOURCE_G_REVIEWS,reviews_2023.csv,2023-03-13T06:04:53.182137272,BATCH-G-20230313
REV-00057721,SKU-0012991,,Anonymous,4,Fast delivery and great quality.,2023-09-21,True,POSITIVE,3,SOURCE_G_REVIEWS,reviews_2023.csv,2023-09-21T20:21:15.617084085,BATCH-G-20230921
REV-00057723,SKU-0019665,user_59096,Allison Jensen,4,Exceeded my expectations.,2023-12-10,False,POSITIVE,5,SOURCE_G_REVIEWS,reviews_2023.csv,2023-12-10T16:49:30.818485094,BATCH-G-20231210
REV-00057727,SKU-0003426,,Anonymous,3,Decent but overpriced a bit.,2023-08-22,True,NEUTRAL,6,SOURCE_G_REVIEWS,reviews_2023.csv,2023-08-22T17:45:50.116731343,BATCH-G-20230822
REV-00057743,SKU-0003910,,Anonymous,2,Stopped working after a week.,2023-10-24,True,NEGATIVE,0,SOURCE_G_REVIEWS,reviews_2023.csv,2023-10-25T02:15:47.510592394,BATCH-G-20231024
REV-00057746,SKU-0012838,user_9027755,Elizabeth,2,"It's okay, does the job.",2023-11-04,True,NEUTRAL,0,SOURCE_G_REVIEWS,reviews_2023.csv,2023-11-05T03:22:52.496958768,BATCH-G-20231104
REV-00057747,SKU-0010134,user_34444,Jeffrey Fields,4,"   Solid  build  quality,  no  complaints.   ",2023-08-03,True,POSITIVE,1,SOURCE_G_REVIEWS,reviews_2023.csv,2023-08-03T20:25:56.515622244,BATCH-G-20230803
REV-00057761,SKU-0014930,user_9019907,Jennifer,5,Highly recommend this product.,2023-06-08,False,POSITIVE,1,SOURCE_G_REVIEWS,reviews_2023.csv,2023-06-09T05:31:45.977689241,BATCH-G-20230608
REV-00057761-DUP,SKU-0014930,user_9019907,Jennifer,5,Highly recommend this product.,2023-06-08,False,POSITIVE,1,SOURCE_G_REVIEWS,reviews_2023.csv,2023-06-09T05:43:45.977689241,BATCH-G-20230608
REV-00057769,SKU-0013448,user_59345,Jeff,4,"Solid build quality, no complaints.",2023-11-25,True,POSITIVE,5,SOURCE_G_REVIEWS,reviews_2023.csv,2023-11-25T06:43:59.429700671,BATCH-G-20231125
REV-00057770,SKU-0019984,user_65910,John Romero,5,"Livraison très lente, déçu.",2023-12-02,True,POSITIVE,0,SOURCE_G_REVIEWS,reviews_2023.csv,2023-12-02T18:09:06.495889920,BATCH-G-20231202
REV-00057778,SKU-0003774,user_9000836,Bobby Young,4,Fast delivery and great quality.,2023-09-19,True,POSITIVE,0,SOURCE_G_REVIEWS,reviews_2023.csv,2023-09-19T05:07:20.864177638,BATCH-G-20230919
REV-00057793,SKU-0015621,user_9012208,Jennifer Turner,5,Exceeded my expectations.,2023-07-29,True,POSITIVE,0,SOURCE_G_REVIEWS,reviews_2023.csv,2023-07-29T11:18:59.371745764,BATCH-G-20230729
REV-00057805,SKU-0009764,,Anonymous,4,"गुणवत्ता ठीक नहीं थी। Perfect gift, they loved it! 🙏",2023-10-01,False,POSITIVE,2,SOURCE_G_REVIEWS,reviews_2023.csv,2023-10-01T11:35:00.000410878,BATCH-G-20231001
REV-00057808,SKU-0003398,user_9013133,Mary Obrien,5,"Solid build quality, no complaints.",2023-03-13,False,POSITIVE,0,SOURCE_G_REVIEWS,reviews_2023.csv,2023-03-13T03:24:44.221159356,BATCH-G-20230313
REV-00057834,SKU-0001115,user_45245,Mrs.,4,"Perfect gift, they loved it!",2023-08-10,True,POSITIVE,4,SOURCE_G_REVIEWS,reviews_2023.csv,2023-08-11T03:03:17.443660356,BATCH-G-20230810
REV-00057847,SKU-0014182,user_9010384,Craig Barton,5,"   Perfect  gift,  they  loved  it!   ",2023-08-02,True,POSITIVE,0,SOURCE_G_REVIEWS,reviews_2023.csv,2023-08-02T20:41:49.953979144,BATCH-G-20230802
REV-00057849,SKU-0010247,user_1984,Brenda,3,"Matches the description, no issues.",2023-08-11,True,NEUTRAL,0,SOURCE_G_REVIEWS,reviews_2023.csv,2023-08-11T15:32:26.096519290,BATCH-G-20230811
REV-00057852,SKU-0005303,user_9005240,James,4,"Solid build quality, no complaints.",2023-09-11,True,POSITIVE,0,SOURCE_G_REVIEWS,reviews_2023.csv,2023-09-11T13:46:21.180613720,BATCH-G-20230911
REV-00057856,SKU-0001999,user_25716,Chad Duarte,5,"Exactly as described, very happy.",2023-10-08,True,POSITIVE,1,SOURCE_G_REVIEWS,reviews_2023.csv,2023-10-08T20:58:10.154635906,BATCH-G-20231008
REV-00057857,SKU-0014116,user_65241,Jennifer Jackson,5,"Perfect gift, they loved it!",2023-11-20,False,POSITIVE,3,SOURCE_G_REVIEWS,reviews_2023.csv,2023-11-21T02:34:34.538855227,BATCH-G-20231120
REV-00057876,SKU-0000730,user_9028961,Pamela Lee,2,"Poor packaging, item was defective. 😍",2023-11-19,True,NEGATIVE,1,SOURCE_G_REVIEWS,reviews_2023.csv,2023-11-19T21:02:29.295194214,BATCH-G-20231119
REV-00057882,SKU-0017168,user_9013149,Mr. Dylan Oliver,4,"Absolutely love it, works perfectly!",2023-06-22,False,POSITIVE,2,SOURCE_G_REVIEWS,reviews_2023.csv,2023-06-22T11:37:50.536755437,BATCH-G-20230622
REV-00057883,SKU-0006378,user_35770,Linda,4,Will definitely buy again.,2023-03-16,True,POSITIVE,0,SOURCE_G_REVIEWS,reviews_2023.csv,2023-03-17T00:27:23.551798417,BATCH-G-20230316
REV-00057899,SKU-0012605,user_47879,Eric Alexander,3,Decent but overpriced a bit. 😐,2023-01-21,False,NEUTRAL,0,SOURCE_G_REVIEWS,reviews_2023.csv,2023-01-21T12:44:40.402602164,BATCH-G-20230121
REV-00057902,SKU-0001835,,Anonymous,4,Great value for money.,2023-09-29,True,POSITIVE,1,SOURCE_G_REVIEWS,reviews_2023.csv,2023-09-29T04:37:11.570202803,BATCH-G-20230929
REV-00057903,SKU-0018461,user_46765,Tammy Whitney,5,Better than I expected for the price.,2023-05-24,False,POSITIVE,4,SOURCE_G_REVIEWS,reviews_2023.csv,2023-05-24T03:11:39.124750186,BATCH-G-20230524
REV-00057907,SKU-0000098,user_9002784,David Gray,5,Better than I expected for the price.,2023-10-18,True,POSITIVE,2,SOURCE_G_REVIEWS,reviews_2023.csv,2023-10-18T17:09:58.124344638,BATCH-G-20231018
REV-00057908,SKU-0004019,user_9004737,Steven,5,"</p>Solid build quality, no complaints.<br>",2023-04-02,False,POSITIVE,10,SOURCE_G_REVIEWS,reviews_2023.csv,2023-04-02T04:22:27.082931638,BATCH-G-20230402
REV-00057914,SKU-0004918,user_9003566,Jacob,5,गुणवत्ता ठीक नहीं थी।,2023-08-16,True,POSITIVE,2,SOURCE_G_REVIEWS,reviews_2023.csv,2023-08-16T01:47:11.588830885,BATCH-G-20230816
REV-00057929,SKU-0011230,user_9017353,Robin Smith,5,Arrived damaged and support was unhelpful. ⭐,2023-06-28,True,NEGATIVE,1,SOURCE_G_REVIEWS,reviews_2023.csv,2023-06-29T05:55:21.161929401,BATCH-G-20230628
REV-00057933,SKU-0008190,user_9008814,William Rojas,5,Works fine but delivery was slow.,2023-12-04,True,NEUTRAL,2,SOURCE_G_REVIEWS,reviews_2023.csv,2023-12-04T06:29:33.231203679,BATCH-G-20231204
REV-00057944,SKU-0017573,user_37322,Michael,5,"Perfect gift, they loved it!",2023-12-23,False,POSITIVE,1,SOURCE_G_REVIEWS,reviews_2023.csv,2023-12-24T04:41:05.449129464,BATCH-G-20231223
REV-00057952,SKU-0012177,user_1353,Troy,unknown,Exceeded my expectations.,2023-01-02,True,POSITIVE,-1,SOURCE_G_REVIEWS,reviews_2023.csv,2023-01-02T20:07:28.855727338,BATCH-G-20230102
REV-00057955,SKU-0004954,,Anonymous,5,"Exactly as described, very happy.",2023-04-12,True,POSITIVE,5,SOURCE_G_REVIEWS,reviews_2023.csv,2023-04-12T01:46:23.488909251,BATCH-G-20230412
REV-00057959,SKU-0016945,user_15659,George Li,4,"Absolutely love it, works perfectly!",2023-07-03,True,POSITIVE,2,SOURCE_G_REVIEWS,reviews_2023.csv,2023-07-03T18:30:24.369365339,BATCH-G-20230703
REV-00057962,SKU-0006616,user_44680,Tracy,4,Fast delivery and great quality.,2023-09-20,True,POSITIVE,1,SOURCE_G_REVIEWS,reviews_2023.csv,2023-09-20T11:51:14.308873515,BATCH-G-20230920
REV-00057969,SKU-0019757,,Anonymous,NA,Great value for money.,2023-06-20,True,POSITIVE,5,SOURCE_G_REVIEWS,reviews_2023.csv,2023-06-20T16:25:38.562278546,BATCH-G-20230620
REV-00057983,SKU-0015449,user_9014998,Brian,5,Better than I expected for the price.,2023-03-02,False,POSITIVE,1,SOURCE_G_REVIEWS,reviews_2023.csv,2023-03-02T09:33:56.364626889,BATCH-G-20230302
REV-00057988,SKU-0004103,user_30375,Jerry Hobbs,5,No cumplió mis expectativas.,2023-06-01,True,POSITIVE,4,SOURCE_G_REVIEWS,reviews_2023.csv,2023-06-01T10:20:43.419907676,BATCH-G-20230601
REV-00057990,SKU-0019805,user_9030440,Daniel,4,   Will  definitely  buy  again.   ,2023-02-26,True,POSITIVE,0,SOURCE_G_REVIEWS,reviews_2023.csv,2023-02-26T07:49:46.321638433,BATCH-G-20230226
REV-00057994,SKU-0000638,user_9034905,Jeffery Scott,1,null,2023-03-08,True,NEGATIVE,13,SOURCE_G_REVIEWS,reviews_2023.csv,2023-03-08T01:20:19.675268031,BATCH-G-20230308
REV-00057994-BOT,SKU-0000638,user_9012351,Alyssa Chan,1,null,2023-03-08,False,NEGATIVE,0,SOURCE_G_REVIEWS,reviews_2023.csv,2023-03-08T01:20:19.675268031,BATCH-G-20230308
REV-00057996,SKU-0006634,user_9000708,Michael Banks,?,"   Perfect  gift,  they  loved  it!   ",2023-12-29,True,POSITIVE,0,SOURCE_G_REVIEWS,reviews_2023.csv,2023-12-29T09:33:59.612306778,BATCH-G-20231229
REV-00058002,SKU-0010917,user_34927,Ariana,4,Decent but overpriced a bit.,2023-03-19,True,NEUTRAL,3,SOURCE_G_REVIEWS,reviews_2023.csv,2023-03-19T18:59:57.778444136,BATCH-G-20230319
REV-00058004,SKU-0006189,user_9008480,Casey,1,"Cheaply made, broke immediately.",2023-11-08,False,NEGATIVE,0,SOURCE_G_REVIEWS,reviews_2023.csv,2023-11-09T05:16:09.213315356,BATCH-G-20231108
REV-00058013,SKU-9995995,user_9029402,Marissa,5,"Solid build quality, no complaints.",2023-09-24,False,POSITIVE,8,SOURCE_G_REVIEWS,reviews_2023.csv,2023-09-24T05:53:17.524621350,BATCH-G-20230924
REV-00058014,SKU-0016547,user_4692,Julie,5,&nbsp;Great value for money.<i>edited</i>,2023-03-30,False,POSITIVE,5,SOURCE_G_REVIEWS,reviews_2023.csv,2023-03-30T09:49:05.231591753,BATCH-G-20230330
REV-00058018,SKU-0005332,user_47638,Derek Washington,4,Will definitely buy again.,2023-10-06,False,POSITIVE,2,SOURCE_G_REVIEWS,reviews_2023.csv,2023-10-06T06:50:08.194225852,BATCH-G-20231006
REV-00058025,SKU-0005963,,Anonymous,4,NA,2023-07-05,False,POSITIVE,1,SOURCE_G_REVIEWS,reviews_2023.csv,2023-07-05T14:58:24.021096581,BATCH-G-20230705
REV-00058036,SKU-0002028,user_38259,Justin Cain,3,"<i>edited</i>Average quality, nothing special.<p>",2023-08-14,False,NEUTRAL,14,SOURCE_G_REVIEWS,reviews_2023.csv,2023-08-14T11:37:37.400710852,BATCH-G-20230814
REV-00058039,SKU-0006017,,Anonymous,5,"Exactly as described, very happy.",2023-05-25,True,POSITIVE,0,SOURCE_G_REVIEWS,reviews_2023.csv,2023-05-26T05:52:42.206668892,BATCH-G-20230525
REV-00058040,SKU-0009684,,Anonymous,4,"Exactly as described, very happy.",2023-01-08,True,POSITIVE,0,SOURCE_G_REVIEWS,reviews_2023.csv,2023-01-08T09:41:51.088590104,BATCH-G-20230108
REV-00058044,SKU-0006701,user_9002035,Courtney Charles,4,Great value for money.,2023-01-19,True,POSITIVE,6,SOURCE_G_REVIEWS,reviews_2023.csv,2023-01-20T01:16:30.189625355,BATCH-G-20230119
REV-00058046,SKU-0001283,user_9027388,Jason Crawford,4,"Exactly as described, very happy.",2023-01-16,True,POSITIVE,1,SOURCE_G_REVIEWS,reviews_2023.csv,2023-01-16T16:24:45.655110829,BATCH-G-20230116
REV-00058054,SKU-0019794,,Anonymous,3,"<b>Update:</b>Not bad, not great either.<b>Update:</b>",2023-11-28,False,NEUTRAL,2,SOURCE_G_REVIEWS,reviews_2023.csv,2023-11-28T00:57:04.259559305,BATCH-G-20231128
REV-00058057,SKU-0015089,user_9006038,Stephanie Cameron,5,"   Perfect  gift,  they  loved  it!   ",2023-06-28,True,POSITIVE,0,SOURCE_G_REVIEWS,reviews_2023.csv,2023-06-28T17:16:56.261912758,BATCH-G-20230628
REV-00058062,SKU-0003025,,Anonymous,4,"Exactly as described, very happy.",2023-06-04,True,POSITIVE,2,SOURCE_G_REVIEWS,reviews_2023.csv,2023-06-04T12:33:24.947270633,BATCH-G-20230604
REV-00058076,SKU-0014046,user_26796,Crystal,5,Fast delivery and great quality.,2023-01-17,False,POSITIVE,4,SOURCE_G_REVIEWS,reviews_2023.csv,2023-01-17T14:11:54.108538762,BATCH-G-20230117
REV-00058076-DUP,SKU-0014046,user_26796,Crystal,5,Fast delivery and great quality.,2023-01-17,False,POSITIVE,4,SOURCE_G_REVIEWS,reviews_2023.csv,2023-01-17T15:02:54.108538762,BATCH-G-20230117
REV-00058081,SKU-0017909,user_5625,Nathan,3,"Excellent rapport qualité-prix. Not bad, not great either.",2023-01-05,True,NEUTRAL,1,SOURCE_G_REVIEWS,reviews_2023.csv,2023-01-05T03:54:08.301108344,BATCH-G-20230105
REV-00058085,SKU-0009836,user_9013485,Kimberly Smith,1,"Poor packaging, item was defective.",2023-03-13,True,NEGATIVE,2,SOURCE_G_REVIEWS,reviews_2023.csv,2023-03-13T04:29:09.173412419,BATCH-G-20230313
REV-00058099,SKU-0010132,user_9026095,Tina Jones,3,"Matches the description, no issues.",2023-04-11,True,NEUTRAL,3,SOURCE_G_REVIEWS,reviews_2023.csv,2023-04-11T20:42:10.495624063,BATCH-G-20230411
REV-00058108,SKU-0009756,,Anonymous,4,"Solid build quality, no complaints.",2023-06-29,False,POSITIVE,3,SOURCE_G_REVIEWS,reviews_2023.csv,2023-06-29T10:01:52.366544415,BATCH-G-20230629
REV-00058108-DUP,SKU-0009756,,Anonymous,4,"Solid build quality, no complaints.",2023-06-29,False,POSITIVE,3,SOURCE_G_REVIEWS,reviews_2023.csv,2023-06-29T10:33:52.366544415,BATCH-G-20230629
REV-00058112,SKU-0019420,user_9018695,James,4,Exceeded my expectations.,2023-02-12,False,POSITIVE,2,SOURCE_G_REVIEWS,reviews_2023.csv,2023-02-13T05:47:00.195618298,BATCH-G-20230212
REV-00058119,SKU-0019937,user_9010730,Dr. Dennis Allen,4,"   Perfect  gift,  they  loved  it!   ",2023-12-16,True,POSITIVE,1,SOURCE_G_REVIEWS,reviews_2023.csv,2023-12-16T23:38:14.212672325,BATCH-G-20231216
REV-00058135,SKU-0003514,user_9028677,Emily,4,"Exactly as described, very happy. 😀",2023-03-28,True,POSITIVE,1,SOURCE_G_REVIEWS,reviews_2023.csv,2023-03-28T12:42:28.032493329,BATCH-G-20230328
REV-00058136,SKU-0010982,user_47774,Lori Bennett,4,Great value for money.,2023-08-21,True,POSITIVE,0,SOURCE_G_REVIEWS,reviews_2023.csv,2023-08-21T10:03:33.288876586,BATCH-G-20230821
REV-00058138,SKU-0013826,user_9006303,Shawn Brooks,5,<p>Will definitely buy again.<br>,2023-12-02,True,POSITIVE,7,SOURCE_G_REVIEWS,reviews_2023.csv,2023-12-02T12:56:44.801346950,BATCH-G-20231202
REV-00058147,SKU-0013219,user_9029927,Jennifer,5,Will definitely buy again.,2023-12-01,True,POSITIVE,3,SOURCE_G_REVIEWS,reviews_2023.csv,2023-12-01T12:33:38.282056067,BATCH-G-20231201
REV-00058148,SKU-0008771,user_9029407,Dr. Nancy Boyd,5,"Perfect gift, they loved it!",2023-10-09,True,POSITIVE,2,SOURCE_G_REVIEWS,reviews_2023.csv,2023-10-10T05:51:05.190063401,BATCH-G-20231009
REV-00058154,SKU-0000048,,Anonymous,3,"Muy buen producto, lo recomiendo.",2023-12-02,False,NEUTRAL,2,SOURCE_G_REVIEWS,reviews_2023.csv,2023-12-02T17:29:04.134660551,BATCH-G-20231202
REV-00058159,SKU-0018593,user_9032621,Sarah,5,Great value for money.,2023-02-18,False,POSITIVE,3,SOURCE_G_REVIEWS,reviews_2023.csv,2023-02-19T05:22:29.864422628,BATCH-G-20230218
REV-00058162,SKU-0009674,user_51601,Carol Watson,5,"Solid build quality, no complaints.",2023-10-18,False,POSITIVE,2,SOURCE_G_REVIEWS,reviews_2023.csv,2023-10-18T17:44:39.999578931,BATCH-G-20231018
REV-00058168,SKU-0001952,user_9027025,Raymond Warren,5,Great value for money.,2023-11-12,True,POSITIVE,0,SOURCE_G_REVIEWS,reviews_2023.csv,2023-11-13T00:46:45.913957506,BATCH-G-20231112
REV-00058177,SKU-0014595,user_27059,Rebecca Lopez,4,Highly recommend this product.,2023-12-17,True,POSITIVE,2,SOURCE_G_REVIEWS,reviews_2023.csv,2023-12-17T17:07:22.483428456,BATCH-G-20231217
REV-00058178,SKU-0001799,,Anonymous,5,NA,2023-04-20,True,POSITIVE,2,SOURCE_G_REVIEWS,reviews_2023.csv,2023-04-20T10:13:45.442828986,BATCH-G-20230420
REV-00058196,SKU-0013674,,Anonymous,5,Better than I expected for the price.,2023-09-13,False,POSITIVE,7,SOURCE_G_REVIEWS,reviews_2023.csv,2023-09-14T05:14:29.472170166,BATCH-G-20230913
REV-00058200,SKU-9976801,user_9032916,Laura Luna,4,"Perfect gift, they loved it!",2023-06-10,False,POSITIVE,1,SOURCE_G_REVIEWS,reviews_2023.csv,2023-06-10T19:11:27.533451470,BATCH-G-20230610
REV-00058206,SKU-0006507,user_9020993,Mrs. Miranda Gardner,5,Fast delivery and great quality.,2023-11-11,True,POSITIVE,3,SOURCE_G_REVIEWS,reviews_2023.csv,2023-11-11T08:24:29.127157677,BATCH-G-20231111
REV-00058215,SKU-0017576,,Anonymous,3,"Average quality, nothing special.",2023-01-25,True,NEUTRAL,1,SOURCE_G_REVIEWS,reviews_2023.csv,2023-01-26T00:35:15.288966088,BATCH-G-20230125
REV-00058220,SKU-0017650,user_9010480,Angela,4,Exceeded my expectations.,2023-05-05,True,POSITIVE,0,SOURCE_G_REVIEWS,reviews_2023.csv,2023-05-06T05:00:14.922000651,BATCH-G-20230505
REV-00058224,SKU-0016611,user_48149,Emily,4,Fast delivery and great quality.,2023-02-22,True,POSITIVE,1,SOURCE_G_REVIEWS,reviews_2023.csv,2023-02-22T18:48:45.376493778,BATCH-G-20230222
REV-00058225,SKU-0013459,user_57238,Antonio,4,Great value for money.,2023-12-20,True,POSITIVE,12,SOURCE_G_REVIEWS,reviews_2023.csv,2023-12-20T10:11:56.828338172,BATCH-G-20231220
REV-00058233,SKU-0004564,user_5813,Sarah Baker,1,Wrong item was shipped to me.,2023-05-16,False,NEGATIVE,5,SOURCE_G_REVIEWS,reviews_2023.csv,2023-05-16T16:34:16.236687542,BATCH-G-20230516
REV-00058235,SKU-0008189,,Anonymous,2,Stopped working after a week.,2023-08-29,False,NEGATIVE,1,SOURCE_G_REVIEWS,reviews_2023.csv,2023-08-29T22:41:26.615363898,BATCH-G-20230829
REV-00058237,SKU-0007066,user_9015510,Jeremy,4,"Solid build quality, no complaints.",2023-03-08,False,POSITIVE,0,SOURCE_G_REVIEWS,reviews_2023.csv,2023-03-08T12:36:22.130880302,BATCH-G-20230308
REV-00058239,SKU-0019292,user_9026830,Connie Gardner,5,Exceeded my expectations.,2023-01-24,True,POSITIVE,0,SOURCE_G_REVIEWS,reviews_2023.csv,2023-01-24T02:50:13.125311272,BATCH-G-20230124
REV-00058246,SKU-0013681,user_29361,Michael Williams,4,Highly recommend this product.,2023-11-27,True,POSITIVE,2,SOURCE_G_REVIEWS,reviews_2023.csv,2023-11-28T01:19:31.129227833,BATCH-G-20231127
REV-00058252,SKU-9946910,user_9013816,Alexander Johnson,5,गुणवत्ता ठीक नहीं थी।,2023-05-16,True,POSITIVE,3,SOURCE_G_REVIEWS,reviews_2023.csv,2023-05-16T07:29:48.967452926,BATCH-G-20230516
REV-00058254,SKU-0019466,user_31159,Walter Browning,5,Better than I expected for the price.,2023-11-27,False,POSITIVE,3,SOURCE_G_REVIEWS,reviews_2023.csv,2023-11-27T03:55:37.402715143,BATCH-G-20231127
REV-00058271,SKU-0010880,user_69342,Jordan Sanchez,4,Excellent rapport qualité-prix.,2023-06-20,False,POSITIVE,0,SOURCE_G_REVIEWS,reviews_2023.csv,2023-06-20T19:09:43.280120001,BATCH-G-20230620
REV-00058285,SKU-0001869,,Anonymous,5,   Better  than  I  expected  for  the  price.   ,2023-11-25,False,POSITIVE,2,SOURCE_G_REVIEWS,reviews_2023.csv,2023-11-25T17:11:35.166495076,BATCH-G-20231125
REV-00058289,SKU-0018602,user_42918,Taylor Ramirez,1,&nbsp;Very disappointed with the quality.<b>Update:</b>,2023-04-11,True,NEGATIVE,2,SOURCE_G_REVIEWS,reviews_2023.csv,2023-04-11T10:10:42.154640804,BATCH-G-20230411
REV-00058330,SKU-0010519,user_37686,Linda Guerrero,5,"<i>edited</i>Absolutely love it, works perfectly!<b>Update:</b>",2023-01-28,False,POSITIVE,9,SOURCE_G_REVIEWS,reviews_2023.csv,2023-01-29T03:40:07.156476135,BATCH-G-20230128
REV-00058335,SKU-0014469,user_9029637,Matthew,4,"Absolutely love it, works perfectly!",2023-12-08,True,POSITIVE,0,SOURCE_G_REVIEWS,reviews_2023.csv,2023-12-08T23:42:58.485847183,BATCH-G-20231208
REV-00058372,SKU-0011817,user_9030187,John,5,"Perfect gift, they loved it!",2023-06-02,True,POSITIVE,0,SOURCE_G_REVIEWS,reviews_2023.csv,2023-06-03T03:36:22.748994323,BATCH-G-20230602
REV-00058378,SKU-0003389,user_9003723,Diana Mejia,5,Highly recommend this product.,2023-03-21,True,POSITIVE,4,SOURCE_G_REVIEWS,reviews_2023.csv,2023-03-21T02:23:37.552073035,BATCH-G-20230321
REV-00058397,SKU-9933610,,Anonymous,3,"It's okay, does the job.",2023-02-22,True,NEUTRAL,1,SOURCE_G_REVIEWS,reviews_2023.csv,2023-02-23T03:08:18.609560724,BATCH-G-20230222
REV-00058399,SKU-0015752,user_9026499,Allison Webb,1,"Poor packaging, item was defective.",2023-06-02,True,NEGATIVE,1,SOURCE_G_REVIEWS,reviews_2023.csv,2023-06-02T01:25:02.017620484,BATCH-G-20230602
REV-00058403,SKU-0000063,user_9020939,Tyler,5,Exceeded my expectations. 😍,2023-07-13,True,POSITIVE,0,SOURCE_G_REVIEWS,reviews_2023.csv,2023-07-13T21:00:31.019463581,BATCH-G-20230713
REV-00058406,SKU-0008558,user_48682,Richard,5,Great value for money.,2023-02-07,False,POSITIVE,0,SOURCE_G_REVIEWS,reviews_2023.csv,2023-02-07T19:53:11.868299869,BATCH-G-20230207
REV-00058410,SKU-0008943,user_55491,Anthony,5,Highly recommend this product.,2023-09-23,True,POSITIVE,0,SOURCE_G_REVIEWS,reviews_2023.csv,2023-09-23T01:01:51.914888297,BATCH-G-20230923
REV-00058431,SKU-0009492,,Anonymous,4,"Perfect gift, they loved it!",2023-09-26,False,POSITIVE,0,SOURCE_G_REVIEWS,reviews_2023.csv,2023-09-26T08:17:39.585722416,BATCH-G-20230926
REV-00058440,SKU-0013446,user_9010522,Joshua Beltran,1,Not as described at all.,2023-12-29,True,NEGATIVE,0,SOURCE_G_REVIEWS,reviews_2023.csv,2023-12-30T03:02:15.403916649,BATCH-G-20231229
REV-00058444,SKU-0019713,user_39769,Holly Tapia,5,Better than I expected for the price.,2023-01-26,True,POSITIVE,0,SOURCE_G_REVIEWS,reviews_2023.csv,2023-01-26T11:36:55.414134384,BATCH-G-20230126
REV-00058451,SKU-0001485,user_9010479,Christine Gonzales,5,"Exactly as described, very happy.",2023-08-03,True,POSITIVE,2,SOURCE_G_REVIEWS,reviews_2023.csv,2023-08-04T01:10:03.772606149,BATCH-G-20230803
REV-00058457,SKU-0009545,user_977,Mary Rogers,3,"Matches the description, no issues.",2023-10-17,True,NEUTRAL,0,SOURCE_G_REVIEWS,reviews_2023.csv,2023-10-17T01:19:33.298040640,BATCH-G-20231017
REV-00058467,SKU-0014742,,Anonymous,5,"Solid build quality, no complaints.",2023-12-23,False,POSITIVE,0,SOURCE_G_REVIEWS,reviews_2023.csv,2023-12-24T05:34:01.153655113,BATCH-G-20231223
REV-00058476,SKU-0017579,user_56384,Crystal Barker,0,Will definitely buy again.,2023-10-01,True,POSITIVE,1,SOURCE_G_REVIEWS,reviews_2023.csv,2023-10-01T23:02:11.048573975,BATCH-G-20231001
REV-00058489,SKU-0018853,user_27934,Ronald Alvarado,5,"Exactly as described, very happy.",2023-01-25,True,POSITIVE,4,SOURCE_G_REVIEWS,reviews_2023.csv,2023-01-26T00:08:25.450263596,BATCH-G-20230125
REV-00058492,SKU-0008794,user_220,Donald,4,"Absolutely love it, works perfectly!",2023-12-08,True,POSITIVE,1,SOURCE_G_REVIEWS,reviews_2023.csv,2023-12-08T22:43:54.434224450,BATCH-G-20231208
REV-00058495,SKU-0016580,user_9011008,Julie Jones,4,"Matches the description, no issues.",2023-01-11,True,NEUTRAL,1,SOURCE_G_REVIEWS,reviews_2023.csv,2023-01-11T18:20:08.420715332,BATCH-G-20230111
REV-00058510,SKU-0009455,,Anonymous,2,Wrong item was shipped to me.,2023-01-29,False,NEGATIVE,1,SOURCE_G_REVIEWS,reviews_2023.csv,2023-01-29T19:09:24.484756959,BATCH-G-20230129
REV-00058523,SKU-0002224,user_9026848,Darrell,1,"Waste of money, do not buy.",2023-08-14,True,NEGATIVE,5,SOURCE_G_REVIEWS,reviews_2023.csv,2023-08-15T02:43:58.664102220,BATCH-G-20230814
REV-00058526,SKU-0010733,user_36364,Valerie Sanchez,3,"Average quality, nothing special.",2023-02-23,True,NEUTRAL,0,SOURCE_G_REVIEWS,reviews_2023.csv,2023-02-23T02:46:21.080389541,BATCH-G-20230223
REV-00058541,SKU-0019191,user_9000700,Mrs. Jennifer Barber,4,"Perfect gift, they loved it!",2023-12-10,False,POSITIVE,1,SOURCE_G_REVIEWS,reviews_2023.csv,2023-12-10T15:50:09.660088998,BATCH-G-20231210
REV-00058544,SKU-0013587,user_52257,Kimberly Wilson,5,Fast delivery and great quality.,2023-06-19,False,POSITIVE,4,SOURCE_G_REVIEWS,reviews_2023.csv,2023-06-19T20:25:50.232710596,BATCH-G-20230619
REV-00058549,SKU-0017527,user_9001009,Ms. Lisa Davis DVM,3,   Decent  but  overpriced  a  bit.   ,2023-12-17,True,NEUTRAL,1,SOURCE_G_REVIEWS,reviews_2023.csv,2023-12-17T19:20:05.312138940,BATCH-G-20231217
REV-00058555,SKU-0008959,user_9006084,Sean Thompson MD,5,"Perfect gift, they loved it!",2023-07-16,False,POSITIVE,4,SOURCE_G_REVIEWS,reviews_2023.csv,2023-07-16T01:31:53.669055749,BATCH-G-20230716
REV-00058556,SKU-0006077,,Anonymous,2,Arrived damaged and support was unhelpful.,2023-07-01,False,NEGATIVE,1,SOURCE_G_REVIEWS,reviews_2023.csv,2023-07-02T04:06:21.596054937,BATCH-G-20230701
REV-00058564,SKU-0005902,user_9012464,Robert,2,"Poor packaging, item was defective.",2023-01-08,False,NEGATIVE,0,SOURCE_G_REVIEWS,reviews_2023.csv,2023-01-08T23:20:09.879214489,BATCH-G-20230108
REV-00058582,SKU-0009257,user_9013178,John Vasquez,3,</p>Decent but overpriced a bit.<b>Update:</b>,2023-03-12,False,NEUTRAL,1,SOURCE_G_REVIEWS,reviews_2023.csv,2023-03-12T20:09:06.719112549,BATCH-G-20230312
REV-00058596,SKU-0011405,user_9004076,Lisa,5,"Solid build quality, no complaints.",2023-02-07,True,POSITIVE,2,SOURCE_G_REVIEWS,reviews_2023.csv,2023-02-07T17:01:59.132190275,BATCH-G-20230207
REV-00058602,SKU-0018872,user_14897,Micheal,5,"Exactly as described, very happy.",2023-05-17,False,POSITIVE,1,SOURCE_G_REVIEWS,reviews_2023.csv,2023-05-17T13:45:26.131680758,BATCH-G-20230517
REV-00058609,SKU-0020159,,Anonymous,5,Better than I expected for the price.,2023-04-05,True,POSITIVE,25,SOURCE_G_REVIEWS,reviews_2023.csv,2023-04-05T23:02:33.377415073,BATCH-G-20230405
REV-00058623,SKU-0013984,user_9024438,Bill Martin,3,"Average quality, nothing special.",2023-09-20,False,NEUTRAL,0,SOURCE_G_REVIEWS,reviews_2023.csv,2023-09-20T01:45:21.771250415,BATCH-G-20230920
REV-00058637,SKU-0019420,user_33468,Jasmin Wallace,4,"Exactly as described, very happy.",2023-02-12,True,POSITIVE,0,SOURCE_G_REVIEWS,reviews_2023.csv,2023-02-12T06:27:42.126190662,BATCH-G-20230212
REV-00058654,SKU-0013835,,Anonymous,1,"   Poor  packaging,  item  was  defective.   ",2023-03-15,False,NEGATIVE,1,SOURCE_G_REVIEWS,reviews_2023.csv,2023-03-16T03:03:57.258880189,BATCH-G-20230315
REV-00058667,SKU-0011720,user_9012699,Mrs. Lauren Harris,1,"Livraison très lente, déçu.",2023-10-19,True,NEGATIVE,0,SOURCE_G_REVIEWS,reviews_2023.csv,2023-10-19T20:09:06.134931771,BATCH-G-20231019
REV-00058693,SKU-0017784,,Anonymous,5,Will definitely buy again.,2023-04-14,False,POSITIVE,12,SOURCE_G_REVIEWS,reviews_2023.csv,2023-04-14T02:44:40.024482459,BATCH-G-20230414
REV-00058695,SKU-0007527,user_62897,Ricardo Mays,4,Not as described at all.,2023-10-17,False,NEGATIVE,0,SOURCE_G_REVIEWS,reviews_2023.csv,2023-10-17T07:26:52.318088463,BATCH-G-20231017
REV-00058697,SKU-0002732,,Anonymous,3,"<br>Matches the description, no issues.<br>",2023-05-17,False,NEUTRAL,0,SOURCE_G_REVIEWS,reviews_2023.csv,2023-05-17T02:40:59.066281526,BATCH-G-20230517
REV-00058706,SKU-0014583,user_9005440,Tyler Rogers,5,Fast delivery and great quality.,2023-12-10,True,POSITIVE,0,SOURCE_G_REVIEWS,reviews_2023.csv,2023-12-10T18:44:35.302928153,BATCH-G-20231210
REV-00058714,SKU-0005699,user_9031616,James,0,Fast delivery and great quality.,2023-05-03,False,POSITIVE,2,SOURCE_G_REVIEWS,reviews_2023.csv,2023-05-03T08:57:35.876900387,BATCH-G-20230503
REV-00058725,SKU-0000284,user_25857,Danielle Williams,5,"Exactly as described, very happy.",2023-09-24,True,POSITIVE,16,SOURCE_G_REVIEWS,reviews_2023.csv,2023-09-25T00:54:54.763490767,BATCH-G-20230924
REV-00058733,SKU-0009376,user_44585,Alexis Kelley,5,"Solid build quality, no complaints.",2023-03-08,True,POSITIVE,9,SOURCE_G_REVIEWS,reviews_2023.csv,2023-03-06T14:00:00,BATCH-G-20230308
REV-00058744,SKU-0004225,,Anonymous,5,"Livraison très lente, déçu.",2023-12-26,True,POSITIVE,2,SOURCE_G_REVIEWS,reviews_2023.csv,2023-12-26T18:39:35.410044693,BATCH-G-20231226
REV-00058744-BOT,SKU-0004225,user_9029140,Michelle Patrick,5,"Livraison très lente, déçu.",2023-12-26,False,POSITIVE,0,SOURCE_G_REVIEWS,reviews_2023.csv,2023-12-26T18:39:35.410044693,BATCH-G-20231226
REV-00058756,SKU-9981233,user_15683,Jessica Smith,5,Fast delivery and great quality.,2023-02-07,True,POSITIVE,6,SOURCE_G_REVIEWS,reviews_2023.csv,2023-02-08T05:09:36.383831288,BATCH-G-20230207
REV-00058762,SKU-0016485,user_12295,Kimberly Bailey,3,"Matches the description, no issues.",2023-05-19,True,NEUTRAL,2,SOURCE_G_REVIEWS,reviews_2023.csv,2023-05-20T05:42:32.458187431,BATCH-G-20230519
REV-00058780,SKU-0019032,,Anonymous,2,"Waste of money, do not buy. 🙏",2023-10-19,True,NEGATIVE,0,SOURCE_G_REVIEWS,reviews_2023.csv,2023-10-20T03:33:04.911192923,BATCH-G-20231019
REV-00058784,SKU-0009007,user_2844,Christine Morris,3,Works fine but delivery was slow.,2023-11-25,True,NEUTRAL,1,SOURCE_G_REVIEWS,reviews_2023.csv,2023-11-26T03:59:37.297777426,BATCH-G-20231125
REV-00058789,SKU-0006867,user_44185,Edward Farley,4,&nbsp;Fast delivery and great quality.&nbsp;,2023-01-20,True,POSITIVE,1,SOURCE_G_REVIEWS,reviews_2023.csv,2023-01-20T17:08:50.629084962,BATCH-G-20230120
REV-00058790,SKU-0007368,user_9009358,Mr. Edward Garrett Jr.,4,Better than I expected for the price.,2023-05-30,True,POSITIVE,2,SOURCE_G_REVIEWS,reviews_2023.csv,2023-05-30T23:26:45.763546935,BATCH-G-20230530
REV-00058796,SKU-0003545,,Anonymous,4,"Exactly as described, very happy.",2023-06-13,False,POSITIVE,4,SOURCE_G_REVIEWS,reviews_2023.csv,2023-06-13T10:18:00.644456002,BATCH-G-20230613
REV-00058801,SKU-0012653,user_9033604,Duane,3,Works fine but delivery was slow.,2023-12-13,True,NEUTRAL,1,SOURCE_G_REVIEWS,reviews_2023.csv,2023-12-13T16:29:12.650207520,BATCH-G-20231213
REV-00058815,SKU-0004252,user_38930,Ryan Garcia,5,"Solid build quality, no complaints.",2023-03-25,False,POSITIVE,4,SOURCE_G_REVIEWS,reviews_2023.csv,2023-03-25T17:11:20.025591297,BATCH-G-20230325
REV-00058820,SKU-0019025,,Anonymous,5,"Perfect gift, they loved it!",2023-04-02,True,POSITIVE,0,SOURCE_G_REVIEWS,reviews_2023.csv,2023-04-02T15:07:33.679546091,BATCH-G-20230402
REV-00058825,SKU-0011616,user_45607,Kimberly,5,Better than I expected for the price.,2023-01-26,False,POSITIVE,0,SOURCE_G_REVIEWS,reviews_2023.csv,2023-01-26T20:22:03.085144827,BATCH-G-20230126
REV-00058826,SKU-0009578,user_9198,Robert,5,Exceeded my expectations.,2023-08-30,True,POSITIVE,9,SOURCE_G_REVIEWS,reviews_2023.csv,2023-08-31T01:49:51.850514893,BATCH-G-20230830
REV-00058847,SKU-0003850,user_69509,Pamela Shea,3,Decent but overpriced a bit.,2023-12-12,False,NEUTRAL,1,SOURCE_G_REVIEWS,reviews_2023.csv,2023-12-12T14:59:52.204852875,BATCH-G-20231212
REV-00058849,SKU-0001813,user_6981,Scott,4,Better than I expected for the price.,2023-06-10,False,POSITIVE,0,SOURCE_G_REVIEWS,reviews_2023.csv,2023-06-10T16:03:10.966329441,BATCH-G-20230610
REV-00058851,SKU-0010947,user_9011015,Alyssa Stevens,4,Highly recommend this product.,2023-04-13,True,POSITIVE,4,SOURCE_G_REVIEWS,reviews_2023.csv,2023-04-13T10:53:02.519108668,BATCH-G-20230413
REV-00058856,SKU-0015329,user_9002509,Susan Lee,5,"Solid build quality, no complaints.",2023-01-28,False,POSITIVE,0,SOURCE_G_REVIEWS,reviews_2023.csv,2023-01-28T18:37:40.598780653,BATCH-G-20230128
REV-00058858,SKU-0005671,user_24141,Karen,3,"Not bad, not great either.",2023-11-28,False,NEUTRAL,3,SOURCE_G_REVIEWS,reviews_2023.csv,2023-11-28T02:13:27.262580444,BATCH-G-20231128
REV-00058860,SKU-0018809,,Anonymous,3,"   Average  quality,  nothing  special.   ",2023-12-17,False,NEUTRAL,6,SOURCE_G_REVIEWS,reviews_2023.csv,2023-12-17T16:44:49.414229295,BATCH-G-20231217
REV-00058863,SKU-0018360,,Anonymous,4,"Muy buen producto, lo recomiendo. Great value for money.",2023-09-17,True,POSITIVE,0,SOURCE_G_REVIEWS,reviews_2023.csv,2023-09-17T13:26:22.861133397,BATCH-G-20230917
REV-00058865,SKU-0014396,user_9029983,Mark,4,Will definitely buy again.,2023-11-17,True,POSITIVE,2,SOURCE_G_REVIEWS,reviews_2023.csv,2023-11-17T05:00:51.338437821,BATCH-G-20231117
REV-00058878,SKU-0019374,user_9003797,Colleen Graves,3,"Average quality, nothing special.",2023-05-01,True,NEUTRAL,6,SOURCE_G_REVIEWS,reviews_2023.csv,2023-05-01T17:02:32.056558032,BATCH-G-20230501
REV-00058884,SKU-0017385,user_9015159,John Phelps DVM,5,Will definitely buy again.,2023-06-01,False,POSITIVE,2,SOURCE_G_REVIEWS,reviews_2023.csv,2023-06-01T14:48:41.786293324,BATCH-G-20230601
REV-00058885,SKU-0018301,user_9023560,Jared Fernandez,1,Stopped working after a week. 😢,2023-03-10,True,NEGATIVE,5,SOURCE_G_REVIEWS,reviews_2023.csv,2023-03-10T19:45:39.066612413,BATCH-G-20230310
REV-00058894,SKU-0019858,user_34668,Brittany Brown,4,Will definitely buy again.,2023-02-23,True,POSITIVE,3,SOURCE_G_REVIEWS,reviews_2023.csv,2023-02-23T13:18:58.592909318,BATCH-G-20230223
REV-00058897,SKU-0008252,user_13299,Anita Davidson,5,"Perfect gift, they loved it!",2023-01-15,False,POSITIVE,3,SOURCE_G_REVIEWS,reviews_2023.csv,2023-01-15T14:06:36.480021787,BATCH-G-20230115
REV-00058898,SKU-0006524,user_37899,April Hughes,5,"Solid build quality, no complaints.",2023-08-19,False,POSITIVE,2,SOURCE_G_REVIEWS,reviews_2023.csv,2023-08-20T04:47:24.187016106,BATCH-G-20230819
REV-00058901,SKU-0008791,user_47014,Jamie Fisher,4,   Fast  delivery  and  great  quality.   ,2023-06-16,True,POSITIVE,5,SOURCE_G_REVIEWS,reviews_2023.csv,2023-06-16T04:02:20.935184028,BATCH-G-20230616
REV-00058915,SKU-0002458,user_32726,James Bailey,4,"Solid build quality, no complaints.",2023-03-08,True,POSITIVE,2,SOURCE_G_REVIEWS,reviews_2023.csv,2023-03-08T17:34:59.510396966,BATCH-G-20230308
REV-00058920,SKU-0016414,user_67575,Ryan Marquez,3,"It's okay, does the job.",2023-02-01,True,NEUTRAL,1,SOURCE_G_REVIEWS,reviews_2023.csv,2023-02-02T00:47:53.627847799,BATCH-G-20230201
REV-00058922,SKU-0004785,,Anonymous,3,Decent but overpriced a bit.,2023-02-06,True,NEUTRAL,6,SOURCE_G_REVIEWS,reviews_2023.csv,2023-02-06T03:01:12.064539668,BATCH-G-20230206
REV-00058928,SKU-0011620,user_9015616,James Barnes,5,"Solid build quality, no complaints.",2023-01-05,True,POSITIVE,8,SOURCE_G_REVIEWS,reviews_2023.csv,2023-01-05T11:50:14.537839943,BATCH-G-20230105
REV-00058934,SKU-0002774,user_9016716,Christopher Campbell,4,Exceeded my expectations.,2023-11-05,True,POSITIVE,3,SOURCE_G_REVIEWS,reviews_2023.csv,2023-11-05T21:39:49.979531049,BATCH-G-20231105
REV-00058952,SKU-0006220,user_9015199,Timothy Calhoun,1,"Waste of money, do not buy.",2023-11-23,False,NEGATIVE,5,SOURCE_G_REVIEWS,reviews_2023.csv,2023-11-23T18:44:40.236676284,BATCH-G-20231123
REV-00058974,SKU-0003865,user_9020123,Diane Frazier,?,"Exactly as described, very happy.",2023-03-05,True,POSITIVE,0,SOURCE_G_REVIEWS,reviews_2023.csv,2023-03-05T12:49:08.162918077,BATCH-G-20230305
REV-00058986,SKU-0019180,user_9001995,Shane Williams,3,"Average quality, nothing special. 😡😡",2023-11-08,False,NEUTRAL,0,SOURCE_G_REVIEWS,reviews_2023.csv,2023-11-08T23:33:39.039212843,BATCH-G-20231108
REV-00058987,SKU-0017133,user_69780,Jessica Jones,4,"Solid build quality, no complaints. 🔥",2023-04-21,False,POSITIVE,-5,SOURCE_G_REVIEWS,reviews_2023.csv,2023-04-21T18:16:48.448631430,BATCH-G-20230421
REV-00058989,SKU-0003180,user_9013819,Tara Rogers,5,"बहुत अच्छा उत्पाद है, पैसा वसूल!",2023-09-21,False,POSITIVE,4,SOURCE_G_REVIEWS,reviews_2023.csv,2023-09-21T10:34:49.966119474,BATCH-G-20230921
REV-00058999,SKU-0009195,user_22823,Lauren Werner,2,Arrived damaged and support was unhelpful.,2023-06-01,True,NEGATIVE,1,SOURCE_G_REVIEWS,reviews_2023.csv,2023-06-01T19:03:36.378945645,BATCH-G-20230601
REV-00059001,SKU-0015983,user_9008436,Ryan Doyle,4,"Livraison très lente, déçu.",2023-04-11,True,POSITIVE,0,SOURCE_G_REVIEWS,reviews_2023.csv,2023-04-11T05:05:37.482530527,BATCH-G-20230411
REV-00059007,SKU-0018987,user_44141,John,2,"Poor packaging, item was defective.",2023-11-22,False,NEGATIVE,8,SOURCE_G_REVIEWS,reviews_2023.csv,2023-11-22T17:18:02.103421449,BATCH-G-20231122
REV-00059007-DUP,SKU-0018987,user_44141,John,2,"Poor packaging, item was defective.",2023-11-22,False,NEGATIVE,8,SOURCE_G_REVIEWS,reviews_2023.csv,2023-11-22T17:58:02.103421449,BATCH-G-20231122
REV-00059013,SKU-0015340,,Anonymous,5,Fast delivery and great quality.,2023-12-08,True,POSITIVE,3,SOURCE_G_REVIEWS,reviews_2023.csv,2023-12-08T18:00:24.881128423,BATCH-G-20231208
REV-00059014,SKU-0006360,user_51967,Todd Walker,5,Exceeded my expectations.,2023-05-02,False,POSITIVE,0,SOURCE_G_REVIEWS,reviews_2023.csv,2023-05-02T06:02:16.381311449,BATCH-G-20230502
REV-00059016,SKU-0014221,user_22575,Aimee Luna,3,"   Average  quality,  nothing  special.   ",2023-01-19,True,NEUTRAL,0,SOURCE_G_REVIEWS,reviews_2023.csv,2023-01-19T02:58:16.026339601,BATCH-G-20230119
REV-00059026,SKU-0013462,,Anonymous,3,"Not bad, not great either.",2023-08-14,True,NEUTRAL,4,SOURCE_G_REVIEWS,reviews_2023.csv,2023-08-15T02:04:29.601903340,BATCH-G-20230814
REV-00059039,SKU-0006860,user_9014417,Mr. Ryan Wheeler,1,Very disappointed with the quality.,2023-11-25,False,NEGATIVE,3,SOURCE_G_REVIEWS,reviews_2023.csv,2023-11-25T01:50:56.295126941,BATCH-G-20231125
REV-00059040,SKU-0006131,,Anonymous,1,   Not  as  described  at  all.   ,2023-04-12,True,NEGATIVE,4,SOURCE_G_REVIEWS,reviews_2023.csv,2023-04-12T20:18:29.732404733,BATCH-G-20230412
REV-00059041,SKU-0009091,user_9656,Brandi Wallace,3,"Not bad, not great either.",2023-06-30,True,NEUTRAL,2,SOURCE_G_REVIEWS,reviews_2023.csv,2023-06-30T18:48:16.995337631,BATCH-G-20230630
REV-00059043,SKU-0004153,user_41885,Keith Thompson DDS,4,Exceeded my expectations.,2023-03-26,True,POSITIVE,2,SOURCE_G_REVIEWS,reviews_2023.csv,2023-03-26T05:37:31.327812272,BATCH-G-20230326
REV-00059057,SKU-0004657,user_9009747,Matthew Avila,4,"Absolutely love it, works perfectly!",2023-11-11,False,POSITIVE,3,SOURCE_G_REVIEWS,reviews_2023.csv,2023-11-11T22:33:14.674862948,BATCH-G-20231111
REV-00059063,SKU-0016517,user_9006836,Eileen Parker,4,Exceeded my expectations.,2023-07-13,False,POSITIVE,3,SOURCE_G_REVIEWS,reviews_2023.csv,2023-07-14T01:20:57.946190744,BATCH-G-20230713
REV-00059066,SKU-0015717,user_40107,Thomas,5,Great value for money.,2023-11-09,True,POSITIVE,1,SOURCE_G_REVIEWS,reviews_2023.csv,2023-11-09T17:05:11.037016934,BATCH-G-20231109
REV-00059074,SKU-0014923,,Anonymous,4,"Solid build quality, no complaints. 🔥",2023-09-09,False,POSITIVE,0,SOURCE_G_REVIEWS,reviews_2023.csv,2023-09-09T02:33:01.123391076,BATCH-G-20230909
REV-00059079,SKU-0005989,user_65744,Travis Rodriguez,5,Works fine but delivery was slow.,2023-05-28,True,NEUTRAL,5,SOURCE_G_REVIEWS,reviews_2023.csv,2023-05-28T23:56:30.666593729,BATCH-G-20230528
REV-00059082,SKU-0017607,,Anonymous,4,Great value for money.,2023-12-03,False,POSITIVE,6,SOURCE_G_REVIEWS,reviews_2023.csv,2023-12-03T13:53:33.613509023,BATCH-G-20231203
REV-00059085,SKU-0004713,,Anonymous,1,"Waste of money, do not buy.",2023-02-18,True,NEGATIVE,3,SOURCE_G_REVIEWS,reviews_2023.csv,2023-02-19T01:30:58.338685685,BATCH-G-20230218
REV-00059086,SKU-0018948,user_9014804,Joshua Garcia,5,"Solid build quality, no complaints.",2023-02-06,True,POSITIVE,0,SOURCE_G_REVIEWS,reviews_2023.csv,2023-02-06T23:57:08.876947665,BATCH-G-20230206
REV-00059089,SKU-0002087,,Anonymous,3,"Perfect gift, they loved it!",2023-04-29,True,POSITIVE,0,SOURCE_G_REVIEWS,reviews_2023.csv,2023-04-29T02:00:09.208770805,BATCH-G-20230429
REV-00059094,SKU-0018322,user_9027965,Joshua Duran,4,Great value for money.,2023-06-15,True,POSITIVE,0,SOURCE_G_REVIEWS,reviews_2023.csv,2023-06-15T21:55:47.082917084,BATCH-G-20230615
REV-00059098,SKU-0015034,user_9001798,Jessica Wood,3,Decent but overpriced a bit.,2023-12-19,False,NEUTRAL,1,SOURCE_G_REVIEWS,reviews_2023.csv,2023-12-19T03:59:27.468680455,BATCH-G-20231219
REV-00059112,SKU-0015520,user_15446,Krista Stone,4,"Perfect gift, they loved it!",2023-11-11,True,POSITIVE,15,SOURCE_G_REVIEWS,reviews_2023.csv,2023-11-11T18:10:58.439684805,BATCH-G-20231111
REV-00059121,SKU-0005046,user_58577,Mary Conrad,3,Works fine but delivery was slow.,2023-06-05,False,NEUTRAL,5,SOURCE_G_REVIEWS,reviews_2023.csv,2023-06-06T01:17:34.074660561,BATCH-G-20230605
REV-00059122,SKU-0015926,,Anonymous,-1,Better than I expected for the price.,2023-05-15,True,POSITIVE,4,SOURCE_G_REVIEWS,reviews_2023.csv,2023-05-15T23:44:43.750906771,BATCH-G-20230515
REV-00059128,SKU-0003308,,Anonymous,NA,Better than I expected for the price.,2023-12-15,True,POSITIVE,5,SOURCE_G_REVIEWS,reviews_2023.csv,2023-12-15T12:29:25.598854127,BATCH-G-20231215
REV-00059139,SKU-0005185,user_15478,Taylor,1,Arrived damaged and support was unhelpful.,2023-07-11,True,NEGATIVE,1,SOURCE_G_REVIEWS,reviews_2023.csv,2023-07-11T20:11:31.551490848,BATCH-G-20230711
REV-00059147,SKU-0011488,,Anonymous,Unknown,Highly recommend this product.,2023-10-13,True,POSITIVE,2,SOURCE_G_REVIEWS,reviews_2023.csv,2023-10-13T13:32:31.036024971,BATCH-G-20231013
REV-00059153,SKU-0015188,user_13195,James Davis,2,"Waste of money, do not buy.",2023-05-27,False,NEGATIVE,0,SOURCE_G_REVIEWS,reviews_2023.csv,2023-05-27T21:37:37.438565387,BATCH-G-20230527
REV-00059154,SKU-0016152,,Anonymous,5,Fast delivery and great quality.,2023-01-26,True,POSITIVE,7,SOURCE_G_REVIEWS,reviews_2023.csv,2023-01-26T16:03:35.387886660,BATCH-G-20230126
REV-00059167,SKU-9913525,user_9033873,Michael Yu,2,Very disappointed with the quality.,2023-12-04,True,NEGATIVE,2,SOURCE_G_REVIEWS,reviews_2023.csv,2023-12-05T01:29:36.306963971,BATCH-G-20231204
REV-00059169,SKU-0003570,user_29203,Victoria Fox,5,"Solid build quality, no complaints.",2023-05-17,True,POSITIVE,0,SOURCE_G_REVIEWS,reviews_2023.csv,2023-05-17T04:57:46.230910205,BATCH-G-20230517
REV-00059186,SKU-9984001,user_26729,Sarah,4,Fast delivery and great quality.,2023-08-07,True,POSITIVE,4,SOURCE_G_REVIEWS,reviews_2023.csv,2023-08-07T21:31:54.565418455,BATCH-G-20230807
REV-00059191,SKU-0006237,,Anonymous,4,   Better  than  I  expected  for  the  price.   ,2023-02-15,True,POSITIVE,1,SOURCE_G_REVIEWS,reviews_2023.csv,2023-02-16T05:16:04.553889867,BATCH-G-20230215
REV-00059198,SKU-0008583,user_9024542,Cynthia Gonzales,4,"Perfect gift, they loved it!",2023-02-12,True,POSITIVE,0,SOURCE_G_REVIEWS,reviews_2023.csv,2023-02-12T05:13:10.369898289,BATCH-G-20230212
REV-00059200,SKU-0008452,user_9012308,Mitchell,5,"Perfect gift, they loved it!",2023-10-18,True,POSITIVE,4,SOURCE_G_REVIEWS,reviews_2023.csv,2023-10-18T06:39:23.393067497,BATCH-G-20231018
REV-00059203,SKU-0008830,user_66900,Michelle Mitchell,5,   Arrived  damaged  and  support  was  unhelpful.   ,2023-01-02,True,NEGATIVE,2,SOURCE_G_REVIEWS,reviews_2023.csv,2023-01-03T00:38:04.185791982,BATCH-G-20230102
REV-00059206,SKU-9989408,user_9027429,Jon,4,Highly recommend this product.,2023-11-28,True,POSITIVE,0,SOURCE_G_REVIEWS,reviews_2023.csv,2023-11-28T05:22:29.104894080,BATCH-G-20231128
REV-00059208,SKU-0005737,user_9000343,Daniel Ballard,5,"Muy buen producto, lo recomiendo. 😀",2023-12-15,False,POSITIVE,0,SOURCE_G_REVIEWS,reviews_2023.csv,2023-12-15T20:14:39.479588016,BATCH-G-20231215
REV-00059210,SKU-0004315,,Anonymous,2,"Cheaply made, broke immediately.",2023-02-11,True,NEGATIVE,9,SOURCE_G_REVIEWS,reviews_2023.csv,2023-02-11T06:09:00.826979788,BATCH-G-20230211
REV-00059218,SKU-0008496,user_50183,Joshua,3,Decent but overpriced a bit.,2023-02-15,True,NEUTRAL,0,SOURCE_G_REVIEWS,reviews_2023.csv,2023-02-16T02:24:16.861483679,BATCH-G-20230215
REV-00059229,SKU-0000319,user_9029583,Jennifer Barber,5,"Average quality, nothing special.",2023-12-17,True,NEUTRAL,2,SOURCE_G_REVIEWS,reviews_2023.csv,2023-12-17T12:35:17.994142368,BATCH-G-20231217
REV-00059235,SKU-0010534,user_8461,Kimberly,5,Will definitely buy again.,2023-07-02,False,POSITIVE,2,SOURCE_G_REVIEWS,reviews_2023.csv,2023-07-02T03:59:49.938446560,BATCH-G-20230702
REV-00059236,SKU-0012038,user_9004450,Paul Powell,?,"Exactly as described, very happy.",2023-04-30,False,POSITIVE,1,SOURCE_G_REVIEWS,reviews_2023.csv,2023-05-01T04:57:39.528836725,BATCH-G-20230430
REV-00059237,SKU-0019095,,Anonymous,4,"Perfect gift, they loved it!",2023-01-22,True,POSITIVE,0,SOURCE_G_REVIEWS,reviews_2023.csv,2023-01-22T06:42:13.198514605,BATCH-G-20230122
REV-00059249,SKU-0004216,user_21678,Stephanie,5,Better than I expected for the price.,2023-08-02,True,POSITIVE,0,SOURCE_G_REVIEWS,reviews_2023.csv,2023-08-02T22:12:16.392071425,BATCH-G-20230802
REV-00059253,SKU-0000680,user_9017812,Craig,5,"Exactly as described, very happy.",2023-11-11,True,POSITIVE,2,SOURCE_G_REVIEWS,reviews_2023.csv,2023-11-11T17:28:05.519164199,BATCH-G-20231111
REV-00059262,SKU-0012850,user_9026785,Christine,1,Wrong item was shipped to me.,2023-01-21,True,NEGATIVE,0,SOURCE_G_REVIEWS,reviews_2023.csv,2023-01-21T15:17:50.250837362,BATCH-G-20230121
REV-00059279,SKU-0009840,user_9002945,Lee Martin,5,Exceeded my expectations.,2023-12-18,False,POSITIVE,18,SOURCE_G_REVIEWS,reviews_2023.csv,2023-12-18T00:37:51.581302165,BATCH-G-20231218
REV-00059290,SKU-0000837,user_9003999,Joann,2,Very disappointed with the quality. 💯,2023-04-02,False,NEGATIVE,12,SOURCE_G_REVIEWS,reviews_2023.csv,2023-04-03T02:24:36.200344551,BATCH-G-20230402
REV-00059296,SKU-0003319,user_9022958,Timothy,5,"   Solid  build  quality,  no  complaints.   ",2023-04-17,True,POSITIVE,3,SOURCE_G_REVIEWS,reviews_2023.csv,2023-04-17T12:48:00.930158522,BATCH-G-20230417
REV-00059300,SKU-0007071,user_9019917,Susan,5,Highly recommend this product.,2023-11-11,True,POSITIVE,0,SOURCE_G_REVIEWS,reviews_2023.csv,2023-11-12T02:13:39.426800720,BATCH-G-20231111
REV-00059302,SKU-0011906,user_47515,Ryan,3,"Matches the description, no issues. 😍🔥",2023-10-03,False,NEUTRAL,1,SOURCE_G_REVIEWS,reviews_2023.csv,2023-10-03T08:28:32.157539148,BATCH-G-20231003
REV-00059304,SKU-0013938,user_9031094,Madison Mcdonald,5,"Exactly as described, very happy.",2023-11-05,True,POSITIVE,2,SOURCE_G_REVIEWS,reviews_2023.csv,2023-11-06T05:43:00.911593399,BATCH-G-20231105
REV-00059306,SKU-0015826,user_55442,John Burke,4,"Exactly as described, very happy.",2023-01-09,True,POSITIVE,5,SOURCE_G_REVIEWS,reviews_2023.csv,2023-01-10T04:09:38.176548602,BATCH-G-20230109
REV-00059312,SKU-0015380,user_9020143,Andrea Boyd,7,"<i>edited</i>Exactly as described, very happy.<br>",2023-08-05,True,POSITIVE,3,SOURCE_G_REVIEWS,reviews_2023.csv,2023-08-05T19:33:03.158656071,BATCH-G-20230805
REV-00059314,SKU-0017957,user_9031917,James Griffin,5,   Highly  recommend  this  product.   ,2023-05-09,False,POSITIVE,0,SOURCE_G_REVIEWS,reviews_2023.csv,2023-05-09T13:29:02.193512636,BATCH-G-20230509
REV-00059327,SKU-0017455,user_33517,Brenda,3,Works fine but delivery was slow. 😐,2023-12-28,False,NEUTRAL,0,SOURCE_G_REVIEWS,reviews_2023.csv,2023-12-28T14:41:27.565025103,BATCH-G-20231228
REV-00059333,SKU-0000749,,Anonymous,0,Exceeded my expectations. 💯,2023-01-21,False,POSITIVE,2,SOURCE_G_REVIEWS,reviews_2023.csv,2023-01-22T01:40:56.949377893,BATCH-G-20230121
REV-00059334,SKU-0004563,user_9024560,Douglas Moody,5,Great value for money.,2023-01-15,False,POSITIVE,2,SOURCE_G_REVIEWS,reviews_2023.csv,2023-01-16T00:40:29.318263141,BATCH-G-20230115
REV-00059336,SKU-0005417,,Anonymous,1,गुणवत्ता ठीक नहीं थी।,2023-05-23,False,NEGATIVE,2,SOURCE_G_REVIEWS,reviews_2023.csv,2023-05-23T08:45:35.672993799,BATCH-G-20230523
REV-00059345,SKU-0008923,user_2523,Lauren Lewis,5,"Absolutely love it, works perfectly!",2023-02-07,True,POSITIVE,2,SOURCE_G_REVIEWS,reviews_2023.csv,2023-02-07T01:40:37.793557062,BATCH-G-20230207
REV-00059346,SKU-0002429,user_9002311,Elizabeth Hampton,5,Will definitely buy again.,2023-08-02,False,POSITIVE,4,SOURCE_G_REVIEWS,reviews_2023.csv,2023-08-02T00:43:04.772457799,BATCH-G-20230802
REV-00059350,SKU-0009237,user_9026279,Mark,3,"It's okay, does the job.",2023-09-09,False,NEUTRAL,0,SOURCE_G_REVIEWS,reviews_2023.csv,2023-09-09T20:12:09.405062726,BATCH-G-20230909
REV-00059355,SKU-0003482,user_14757,Robin Nelson,5,Great value for money.,2023-04-03,True,POSITIVE,0,SOURCE_G_REVIEWS,reviews_2023.csv,2023-04-03T02:19:26.954937105,BATCH-G-20230403
REV-00059361,SKU-0018664,user_33631,Jerry Newman,4,<b>Update:</b>Better than I expected for the price.&nbsp;,2023-02-02,True,POSITIVE,1,SOURCE_G_REVIEWS,reviews_2023.csv,2023-02-02T08:32:45.223604397,BATCH-G-20230202
REV-00059362,SKU-0008501,user_9016108,Wendy Payne,5,Great value for money. 😐,2023-01-03,True,POSITIVE,1,SOURCE_G_REVIEWS,reviews_2023.csv,2023-01-03T21:30:52.561206844,BATCH-G-20230103
REV-00059363,SKU-0015292,user_12114,Amy Estrada,5,"Absolutely love it, works perfectly!",2023-08-26,False,POSITIVE,1,SOURCE_G_REVIEWS,reviews_2023.csv,2023-08-26T22:07:59.739814311,BATCH-G-20230826
REV-00059368,SKU-0008170,user_13200,Kevin Andrade,4,"Absolutely love it, works perfectly!",2023-12-10,False,POSITIVE,3,SOURCE_G_REVIEWS,reviews_2023.csv,2023-12-10T08:08:17.432278687,BATCH-G-20231210
REV-00059392,SKU-0011132,,Anonymous,5,"Exactly as described, very happy.",2023-03-25,True,POSITIVE,3,SOURCE_G_REVIEWS,reviews_2023.csv,2023-03-25T05:54:05.538941595,BATCH-G-20230325
REV-00059395,SKU-0015846,user_19706,Danielle Bartlett,4,Fast delivery and great quality.,2023-11-21,True,POSITIVE,0,SOURCE_G_REVIEWS,reviews_2023.csv,2023-11-21T16:26:35.781788522,BATCH-G-20231121
REV-00059401,SKU-0010075,,Anonymous,4,Will definitely buy again.,2023-12-25,True,POSITIVE,0,SOURCE_G_REVIEWS,reviews_2023.csv,2023-12-25T06:37:08.791748050,BATCH-G-20231225
REV-00059406,SKU-0008654,user_9025898,Daniel Simmons,5,"Perfect gift, they loved it!",2023-12-18,True,POSITIVE,16,SOURCE_G_REVIEWS,reviews_2023.csv,2023-12-19T01:03:53.612914967,BATCH-G-20231218
REV-00059412,SKU-0000700,user_31699,Kyle Wilkinson,5,"Exactly as described, very happy.",2023-09-27,False,POSITIVE,9,SOURCE_G_REVIEWS,reviews_2023.csv,2023-09-27T06:59:21.972326035,BATCH-G-20230927
REV-00059415,SKU-0017497,,Anonymous,5,Will definitely buy again.,2023-09-27,True,POSITIVE,2,SOURCE_G_REVIEWS,reviews_2023.csv,2023-09-27T09:08:56.921363803,BATCH-G-20230927
REV-00059416,SKU-9984001,user_9032938,Gabriel,5,Will definitely buy again.,2023-09-14,True,POSITIVE,5,SOURCE_G_REVIEWS,reviews_2023.csv,2023-09-14T10:41:09.262390215,BATCH-G-20230914
REV-00059432,SKU-0012795,user_17679,Sophia Hodges,5,"   Solid  build  quality,  no  complaints.   ",2023-05-27,True,POSITIVE,1,SOURCE_G_REVIEWS,reviews_2023.csv,2023-05-27T07:52:22.923779878,BATCH-G-20230527
REV-00059434,SKU-9954467,user_9006881,Steven,4,Highly recommend this product.,2023-01-15,True,POSITIVE,9,SOURCE_G_REVIEWS,reviews_2023.csv,2023-01-15T14:09:11.626885067,BATCH-G-20230115
REV-00059438,SKU-0004037,user_9001197,Kenneth Lee,5,"Perfect gift, they loved it!",2023-09-08,True,POSITIVE,8,SOURCE_G_REVIEWS,reviews_2023.csv,2023-09-08T02:38:05.368297120,BATCH-G-20230908
REV-00059444,SKU-0005882,user_57730,Robert Alexander,unknown,"Exactly as described, very happy.",2023-02-27,True,POSITIVE,3,SOURCE_G_REVIEWS,reviews_2023.csv,2023-02-27T05:24:48.573432237,BATCH-G-20230227
REV-00059451,SKU-0009316,user_33176,Nathan,3,"Matches the description, no issues.",2023-02-20,True,NEUTRAL,2,SOURCE_G_REVIEWS,reviews_2023.csv,2023-02-20T09:53:16.554667085,BATCH-G-20230220
REV-00059452,SKU-0016172,user_58346,James,4,"Absolutely love it, works perfectly!",2023-01-08,True,POSITIVE,0,SOURCE_G_REVIEWS,reviews_2023.csv,2023-01-09T02:43:49.307523374,BATCH-G-20230108
REV-00059455,SKU-0005731,user_9008010,Kristen,5,"   Absolutely  love  it,  works  perfectly!   ",2023-03-10,True,POSITIVE,0,SOURCE_G_REVIEWS,reviews_2023.csv,2023-03-11T00:52:25.365332403,BATCH-G-20230310
REV-00059464,SKU-0011065,,Anonymous,4,Better than I expected for the price.,2023-06-17,True,POSITIVE,0,SOURCE_G_REVIEWS,reviews_2023.csv,2023-06-17T10:57:21.007115320,BATCH-G-20230617
REV-00059472,SKU-0013716,user_7691,Dr.,5,Highly recommend this product.,2023-08-02,True,POSITIVE,0,SOURCE_G_REVIEWS,reviews_2023.csv,2023-08-02T14:03:59.595081671,BATCH-G-20230802
REV-00059474,SKU-0014631,user_43349,Maureen Griffith,1,"Waste of money, do not buy.",2023-09-30,True,NEGATIVE,0,SOURCE_G_REVIEWS,reviews_2023.csv,2023-09-30T15:53:10.048035759,BATCH-G-20230930
REV-00059482,SKU-0013048,user_24043,Melissa,5,Better than I expected for the price.,2023-02-11,True,POSITIVE,0,SOURCE_G_REVIEWS,reviews_2023.csv,2023-02-12T02:11:05.160427038,BATCH-G-20230211
REV-00059483,SKU-0001764,user_9015802,Audrey Henry,5,Will definitely buy again.,2023-03-16,False,POSITIVE,4,SOURCE_G_REVIEWS,reviews_2023.csv,2023-03-17T04:45:43.391000737,BATCH-G-20230316
REV-00059492,SKU-0012658,user_60993,Patricia,4,Exceeded my expectations.,2023-08-23,True,POSITIVE,1,SOURCE_G_REVIEWS,reviews_2023.csv,2023-08-23T23:35:26.899370103,BATCH-G-20230823
REV-00059513,SKU-0003540,user_16303,Thomas,4,"बहुत अच्छा उत्पाद है, पैसा वसूल!",2023-07-01,True,POSITIVE,1,SOURCE_G_REVIEWS,reviews_2023.csv,2023-07-01T20:57:28.879296930,BATCH-G-20230701
REV-00059517,SKU-0001553,user_9017648,James,2,"Poor packaging, item was defective.",2023-05-12,True,NEGATIVE,2,SOURCE_G_REVIEWS,reviews_2023.csv,2023-05-12T01:24:09.277117676,BATCH-G-20230512
REV-00059522,SKU-0005386,user_30133,Bridget Hayes,4,Highly recommend this product.,2023-04-24,True,POSITIVE,0,SOURCE_G_REVIEWS,reviews_2023.csv,2023-04-25T01:42:41.406335144,BATCH-G-20230424
REV-00059524,SKU-9998592,user_9007827,James,5,"Exactly as described, very happy.",2023-06-29,True,POSITIVE,3,SOURCE_G_REVIEWS,reviews_2023.csv,2023-06-29T22:36:21.655960587,BATCH-G-20230629
REV-00059527,SKU-0003358,user_810,Bridget Perkins,5,Great value for money.,2023-08-08,False,POSITIVE,2,SOURCE_G_REVIEWS,reviews_2023.csv,2023-08-08T02:55:00.500353404,BATCH-G-20230808
REV-00059528,SKU-0003728,user_9007178,Charles Todd,5,Not as described at all.,2023-02-04,True,NEGATIVE,2,SOURCE_G_REVIEWS,reviews_2023.csv,2023-02-05T00:27:05.704690511,BATCH-G-20230204
REV-00059536,SKU-0003915,,Anonymous,4,Better than I expected for the price.,2023-09-24,False,POSITIVE,3,SOURCE_G_REVIEWS,reviews_2023.csv,2023-09-25T03:19:15.914210227,BATCH-G-20230924
REV-00059548,SKU-0017348,user_9007716,Kimberly Moore,5,<p>Great value for money.<p>,2023-08-22,True,POSITIVE,0,SOURCE_G_REVIEWS,reviews_2023.csv,2023-08-22T00:35:30.835715656,BATCH-G-20230822
REV-00059550,SKU-0012808,user_9001389,Sarah,5,Will definitely buy again.,2023-02-16,True,POSITIVE,6,SOURCE_G_REVIEWS,reviews_2023.csv,2023-02-17T00:40:01.288403185,BATCH-G-20230216
REV-00059554,SKU-0011519,user_28764,Robin Perry,5,Will definitely buy again.,2023-10-15,True,POSITIVE,0,SOURCE_G_REVIEWS,reviews_2023.csv,2023-10-16T05:31:06.422286386,BATCH-G-20231015
REV-00059564,SKU-0019977,user_5683,Charles,1,Wrong item was shipped to me.,2023-10-22,False,NEGATIVE,3,SOURCE_G_REVIEWS,reviews_2023.csv,2023-10-22T08:10:44.971090972,BATCH-G-20231022
REV-00059566,SKU-0001477,user_28556,Emily,4,Exceeded my expectations.,2023-03-18,False,POSITIVE,0,SOURCE_G_REVIEWS,reviews_2023.csv,2023-03-18T14:33:52.438861779,BATCH-G-20230318
REV-00059577,SKU-0004524,,Anonymous,NULL,"It's okay, does the job.",2023-12-25,True,NEUTRAL,2,SOURCE_G_REVIEWS,reviews_2023.csv,2023-12-25T17:34:56.132577904,BATCH-G-20231225
REV-00059588,SKU-0014236,user_53688,Shane,5,No cumplió mis expectativas. 😍,2023-10-24,True,POSITIVE,1,SOURCE_G_REVIEWS,reviews_2023.csv,2023-10-25T03:49:56.484546206,BATCH-G-20231024
REV-00059597,SKU-0013326,user_67556,Lisa Jefferson,3,Decent but overpriced a bit.,2023-11-20,True,NEUTRAL,2,SOURCE_G_REVIEWS,reviews_2023.csv,2023-11-20T19:15:58.117623675,BATCH-G-20231120
REV-00059619,SKU-0003435,user_9012264,Robert Mason,3,"   Not  bad,  not  great  either.   ",2023-02-07,False,NEUTRAL,0,SOURCE_G_REVIEWS,reviews_2023.csv,2023-02-07T00:31:33.402939513,BATCH-G-20230207
REV-00059620,SKU-0000990,user_9032022,Rachel Valencia,4,"Solid build quality, no complaints.",2023-12-14,False,POSITIVE,0,SOURCE_G_REVIEWS,reviews_2023.csv,2023-12-14T01:30:37.771233059,BATCH-G-20231214
REV-00059632,SKU-0008339,user_3632,Jessica,4,"Exactly as described, very happy.",2023-03-19,True,POSITIVE,3,SOURCE_G_REVIEWS,reviews_2023.csv,2023-03-19T13:37:46.669510930,BATCH-G-20230319
REV-00059635,SKU-9995207,user_9033775,Janice Zhang,4,Fast delivery and great quality.,2023-01-18,False,POSITIVE,0,SOURCE_G_REVIEWS,reviews_2023.csv,2023-01-19T00:19:57.808654423,BATCH-G-20230118
REV-00059640,SKU-0005612,user_11881,Danielle Thompson,4,"Absolutely love it, works perfectly!",2023-11-19,False,POSITIVE,4,SOURCE_G_REVIEWS,reviews_2023.csv,2023-11-19T04:03:21.785012051,BATCH-G-20231119
REV-00059645,SKU-0003977,user_48676,Michael,5,"Muy buen producto, lo recomiendo. Absolutely love it, works perfectly!",2023-02-02,True,POSITIVE,4,SOURCE_G_REVIEWS,reviews_2023.csv,2023-02-02T17:06:45.462415534,BATCH-G-20230202
REV-00059654,SKU-0011519,user_32516,Laurie,3,"Not bad, not great either.",2023-01-29,False,NEUTRAL,1,SOURCE_G_REVIEWS,reviews_2023.csv,2023-01-29T06:21:19.929142330,BATCH-G-20230129
REV-00059654-DUP,SKU-0011519,user_32516,Laurie,3,"Not bad, not great either.",2023-01-29,False,NEUTRAL,1,SOURCE_G_REVIEWS,reviews_2023.csv,2023-01-29T06:25:19.929142330,BATCH-G-20230129
REV-00059674,SKU-0019024,,Anonymous,4,Fast delivery and great quality.,2023-08-14,False,POSITIVE,0,SOURCE_G_REVIEWS,reviews_2023.csv,2023-08-15T02:37:55.388359155,BATCH-G-20230814
REV-00059677,SKU-0014016,user_38754,Cody Parrish,5,Better than I expected for the price.,2023-01-11,True,POSITIVE,4,SOURCE_G_REVIEWS,reviews_2023.csv,2023-01-11T12:19:19.528926346,BATCH-G-20230111
REV-00059683,SKU-0015490,user_40661,Daniel Brown,3,Not as described at all.,2023-04-27,True,NEGATIVE,2,SOURCE_G_REVIEWS,reviews_2023.csv,2023-04-28T00:40:10.424082758,BATCH-G-20230427
REV-00059700,SKU-0005335,user_9027466,Lisa,4,Will definitely buy again.,2023-04-24,True,POSITIVE,4,SOURCE_G_REVIEWS,reviews_2023.csv,2023-04-24T04:45:44.144234402,BATCH-G-20230424
REV-00059710,SKU-0011456,user_9013111,Edward King,4,"Absolutely love it, works perfectly!",2023-06-03,True,POSITIVE,10,SOURCE_G_REVIEWS,reviews_2023.csv,2023-06-03T14:30:08.646941142,BATCH-G-20230603
REV-00059711,SKU-0001077,user_9568,Theresa Gonzales,4,Fast delivery and great quality.,2023-07-12,False,POSITIVE,0,SOURCE_G_REVIEWS,reviews_2023.csv,2023-07-12T05:59:59.763936940,BATCH-G-20230712
REV-00059719,SKU-0002296,user_30509,Erin Torres,0,Highly recommend this product.,2023-07-15,True,POSITIVE,1,SOURCE_G_REVIEWS,reviews_2023.csv,2023-07-15T13:33:02.690528837,BATCH-G-20230715
REV-00059726,SKU-0001469,user_9012138,Edwin Newton,4,Great value for money.,2023-05-16,True,POSITIVE,0,SOURCE_G_REVIEWS,reviews_2023.csv,2023-05-16T13:07:01.718034114,BATCH-G-20230516
REV-00059732,SKU-0002330,user_9009637,Alicia,4,Exceeded my expectations.,2023-09-29,True,POSITIVE,2,SOURCE_G_REVIEWS,reviews_2023.csv,2023-09-29T12:02:48.406686920,BATCH-G-20230929
REV-00059740,SKU-0014151,user_9019079,Timothy Johnson,4,Great value for money.,2023-01-09,False,POSITIVE,3,SOURCE_G_REVIEWS,reviews_2023.csv,2023-01-09T14:52:28.373740262,BATCH-G-20230109
REV-00059746,SKU-0013463,user_23415,Michele,2,Very disappointed with the quality.,2023-07-11,True,NEGATIVE,1,SOURCE_G_REVIEWS,reviews_2023.csv,2023-07-11T08:33:29.528417400,BATCH-G-20230711
REV-00059755,SKU-0010250,user_64530,Shawn,5,Fast delivery and great quality.,2023-12-18,True,POSITIVE,7,SOURCE_G_REVIEWS,reviews_2023.csv,2023-12-18T12:45:29.868198300,BATCH-G-20231218
REV-00059756,SKU-0000110,user_9032679,Kathleen Nelson,5,Great value for money.,2023-06-20,True,POSITIVE,0,SOURCE_G_REVIEWS,reviews_2023.csv,2023-06-21T04:05:45.127923881,BATCH-G-20230620
REV-00059757,SKU-0001964,user_9012506,Kevin Jimenez,5,Will definitely buy again.,2023-04-18,True,POSITIVE,2,SOURCE_G_REVIEWS,reviews_2023.csv,2023-04-18T18:49:37.313031713,BATCH-G-20230418
REV-00059766,SKU-0000907,user_9032847,Melissa Morales,4,Highly recommend this product.,2023-07-13,True,POSITIVE,2,SOURCE_G_REVIEWS,reviews_2023.csv,2023-07-14T01:00:31.522892123,BATCH-G-20230713
REV-00059778,SKU-0011928,,Anonymous, ,"   Cheaply  made,  broke  immediately.   ",2023-07-23,True,NEGATIVE,2,SOURCE_G_REVIEWS,reviews_2023.csv,2023-07-23T14:33:02.603623632,BATCH-G-20230723
REV-00059787,SKU-0007306,user_9022482,Kara Jones,0,Better than I expected for the price.,2023-01-08,False,POSITIVE,2,SOURCE_G_REVIEWS,reviews_2023.csv,2023-01-08T04:01:09.749771314,BATCH-G-20230108
REV-00059798,SKU-0012850,user_52725,Paul,5,"Solid build quality, no complaints.",2023-12-08,True,POSITIVE,0,SOURCE_G_REVIEWS,reviews_2023.csv,2023-12-08T18:38:27.673345615,BATCH-G-20231208
REV-00059799,SKU-0004671,,Anonymous,4,Highly recommend this product.,2023-02-20,True,POSITIVE,0,SOURCE_G_REVIEWS,reviews_2023.csv,2023-02-20T14:28:40.347533963,BATCH-G-20230220
REV-00059808,SKU-0003083,user_9023105,Tamara Mckenzie,4,<br>Better than I expected for the price.<i>edited</i>,2023-03-10,True,POSITIVE,1,SOURCE_G_REVIEWS,reviews_2023.csv,2023-03-10T05:24:47.607807038,BATCH-G-20230310
REV-00059813,SKU-0000162,user_47014,Jamie Fisher,5,"Perfect gift, they loved it!",2023-11-29,True,POSITIVE,0,SOURCE_G_REVIEWS,reviews_2023.csv,2023-11-29T23:07:19.191882993,BATCH-G-20231129
REV-00059820,SKU-0002436,user_9025027,Paul Davis,4,"Solid build quality, no complaints. 😐",2023-08-15,True,POSITIVE,1,SOURCE_G_REVIEWS,reviews_2023.csv,2023-08-15T12:21:27.949203134,BATCH-G-20230815
REV-00059825,SKU-0005941,,Anonymous,4,"Absolutely love it, works perfectly!",2023-08-31,True,POSITIVE,0,SOURCE_G_REVIEWS,reviews_2023.csv,2023-08-31T16:06:21.143020525,BATCH-G-20230831
REV-00059827,SKU-0000819,user_9031577,Christopher Harris,5,Exceeded my expectations.,2023-08-13,True,POSITIVE,2,SOURCE_G_REVIEWS,reviews_2023.csv,2023-08-14T01:20:10.634409045,BATCH-G-20230813
REV-00059832,SKU-0010934,user_9017651,Mrs.,3,"Average quality, nothing special.",2023-12-11,False,NEUTRAL,4,SOURCE_G_REVIEWS,reviews_2023.csv,2023-12-11T05:14:12.813708687,BATCH-G-20231211
REV-00059834,SKU-0002659,user_2813,Anna,5,"Exactly as described, very happy.",2023-11-24,False,POSITIVE,4,SOURCE_G_REVIEWS,reviews_2023.csv,2023-11-24T07:52:19.130896647,BATCH-G-20231124
REV-00059840,SKU-0006424,user_67894,Lauren Brooks,5,"Solid build quality, no complaints.",2023-01-18,False,POSITIVE,2,SOURCE_G_REVIEWS,reviews_2023.csv,2023-01-19T02:00:57.860131591,BATCH-G-20230118
REV-00059843,SKU-0007744,user_15684,Crystal,4,"Solid build quality, no complaints.",2023-11-01,False,POSITIVE,0,SOURCE_G_REVIEWS,reviews_2023.csv,2023-11-02T03:07:02.351993932,BATCH-G-20231101
REV-00059848,SKU-0008138,user_18921,Gary Scott,5,</p>Fast delivery and great quality.</p>,2023-12-22,True,POSITIVE,1,SOURCE_G_REVIEWS,reviews_2023.csv,2023-12-23T01:00:02.714756321,BATCH-G-20231222
REV-00059850,SKU-0015185,,Anonymous,5,N/A,2023-01-28,True,POSITIVE,0,SOURCE_G_REVIEWS,reviews_2023.csv,2023-01-28T08:43:58.144199771,BATCH-G-20230128
REV-00059857,SKU-0018977,,Anonymous,5,"Exactly as described, very happy.",2023-01-12,False,POSITIVE,3,SOURCE_G_REVIEWS,reviews_2023.csv,2023-01-12T20:46:30.074993896,BATCH-G-20230112
REV-00059860,SKU-0007443,user_9003226,Donna,5,Great value for money.,2023-12-21,True,POSITIVE,0,SOURCE_G_REVIEWS,reviews_2023.csv,2023-12-21T02:34:03.288108822,BATCH-G-20231221
REV-00059861,SKU-0017753,user_9003141,Sara Allison,3,"It's okay, does the job.",2023-08-10,True,NEUTRAL,0,SOURCE_G_REVIEWS,reviews_2023.csv,2023-08-10T21:35:52.918141738,BATCH-G-20230810
REV-00059882,SKU-0005688,user_24972,Andrew Austin,3,"   Matches  the  description,  no  issues.   ",2023-05-05,True,NEUTRAL,2,SOURCE_G_REVIEWS,reviews_2023.csv,2023-05-05T02:33:52.796420169,BATCH-G-20230505
REV-00059883,SKU-0014134,user_38969,Jeremy Roberts,5,"Perfect gift, they loved it!",2023-02-20,True,POSITIVE,7,SOURCE_G_REVIEWS,reviews_2023.csv,2023-02-20T18:47:24.275361891,BATCH-G-20230220
REV-00059892,SKU-0014187,user_9001056,Jamie Gutierrez,2,Great value for money.,2023-05-28,False,POSITIVE,0,SOURCE_G_REVIEWS,reviews_2023.csv,2023-05-28T22:26:37.601030559,BATCH-G-20230528
REV-00059912,SKU-0013358,,Anonymous,5,   गुणवत्ता  ठीक  नहीं  थी।   ,2023-05-08,True,POSITIVE,2,SOURCE_G_REVIEWS,reviews_2023.csv,2023-05-27T16:00:00,BATCH-G-20230508
REV-00059920,SKU-0008212,user_56667,Jonathan,4,"Excellent rapport qualité-prix. Exactly as described, very happy.",2023-04-10,False,POSITIVE,6,SOURCE_G_REVIEWS,reviews_2023.csv,2023-04-10T20:56:49.667376012,BATCH-G-20230410
REV-00059921,SKU-0013236,user_23906,Joseph,4,Decent but overpriced a bit.,2023-06-10,False,NEUTRAL,0,SOURCE_G_REVIEWS,reviews_2023.csv,2023-06-10T03:11:24.521055193,BATCH-G-20230610
REV-00059922,SKU-9912454,,Anonymous,4,"   Perfect  gift,  they  loved  it!   ",2023-07-24,False,POSITIVE,3,SOURCE_G_REVIEWS,reviews_2023.csv,2023-07-24T11:22:01.042365978,BATCH-G-20230724
REV-00059934,SKU-0012052,user_29386,Sara,5,Fast delivery and great quality.,2023-03-19,True,POSITIVE,3,SOURCE_G_REVIEWS,reviews_2023.csv,2023-03-19T05:15:46.323909767,BATCH-G-20230319
REV-00059940,SKU-0018384,user_31052,Sarah Massey,5,Fast delivery and great quality.,2023-11-04,False,POSITIVE,2,SOURCE_G_REVIEWS,reviews_2023.csv,2023-11-04T21:11:28.498108656,BATCH-G-20231104
REV-00059941,SKU-0019875,user_56801,Rachel,3,"Average quality, nothing special.",2023-02-04,True,NEUTRAL,1,SOURCE_G_REVIEWS,reviews_2023.csv,2023-02-04T05:38:42.307175687,BATCH-G-20230204
REV-00059958,SKU-0016249,user_9020768,Jennifer Everett,1,null,2023-10-07,True,NEGATIVE,1,SOURCE_G_REVIEWS,reviews_2023.csv,2023-10-08T00:39:37.473628929,BATCH-G-20231007
REV-00059965,SKU-0005804,user_46473,Wanda Richardson,4,Will definitely buy again.,2023-05-22,False,POSITIVE,6,SOURCE_G_REVIEWS,reviews_2023.csv,2023-05-22T10:45:53.092672693,BATCH-G-20230522
REV-00059973,SKU-0001635,user_31133,Michael Horn,4,Highly recommend this product.,2023-12-08,True,POSITIVE,0,SOURCE_G_REVIEWS,reviews_2023.csv,2023-12-08T06:06:21.361729974,BATCH-G-20231208
REV-00059974,SKU-0005499,user_60891,Sara,4,"Livraison très lente, déçu.",2023-01-12,True,POSITIVE,10,SOURCE_G_REVIEWS,reviews_2023.csv,2023-01-13T03:02:12.880285460,BATCH-G-20230112
REV-00059979,SKU-0008442,,Anonymous,5,Will definitely buy again.,2023-05-26,False,POSITIVE,0,SOURCE_G_REVIEWS,reviews_2023.csv,2023-05-26T02:06:00.394886077,BATCH-G-20230526
REV-00059979-BOT,SKU-0008442,user_11568,Dustin Johnson,5,Will definitely buy again.,2023-05-26,False,POSITIVE,0,SOURCE_G_REVIEWS,reviews_2023.csv,2023-05-26T02:06:00.394886077,BATCH-G-20230526
REV-00059993,SKU-0003161,user_9004854,Matthew Chapman,5,"Perfect gift, they loved it!",2023-06-12,True,POSITIVE,1,SOURCE_G_REVIEWS,reviews_2023.csv,2023-06-12T07:41:14.506114265,BATCH-G-20230612
REV-00059997,SKU-9934626,user_28932,Megan Valenzuela,5,Will definitely buy again.,2023-03-26,True,POSITIVE,11,SOURCE_G_REVIEWS,reviews_2023.csv,2023-03-26T17:51:17.015444786,BATCH-G-20230326
REV-00059998,SKU-9929774,user_41783,Alexander Hays,3,"It's okay, does the job.",2023-03-15,True,NEUTRAL,1,SOURCE_G_REVIEWS,reviews_2023.csv,2023-03-15T03:11:20.512967795,BATCH-G-20230315
REV-00060012,SKU-0017476,user_48671,Jeffery Taylor MD,3,Decent but overpriced a bit.,2023-08-02,False,NEUTRAL,10,SOURCE_G_REVIEWS,reviews_2023.csv,2023-08-02T23:04:18.762686738,BATCH-G-20230802
REV-00060014,SKU-0004789,user_9024090,Darlene,3,Works fine but delivery was slow.,2023-06-10,False,NEUTRAL,5,SOURCE_G_REVIEWS,reviews_2023.csv,2023-06-10T23:28:07.750595539,BATCH-G-20230610
REV-00060015,SKU-0006545,user_9001393,Margaret Reid,4,Will definitely buy again.,2023-04-12,True,POSITIVE,7,SOURCE_G_REVIEWS,reviews_2023.csv,2023-04-12T10:18:25.960759917,BATCH-G-20230412
REV-00060018,SKU-0006726,user_9024711,Alyssa Cobb,5,"Exactly as described, very happy.",2023-10-30,True,POSITIVE,0,SOURCE_G_REVIEWS,reviews_2023.csv,2023-10-30T15:22:40.298810811,BATCH-G-20231030
REV-00060027,SKU-0007782,,Anonymous,5,Better than I expected for the price.,2023-06-18,True,POSITIVE,6,SOURCE_G_REVIEWS,reviews_2023.csv,2023-06-18T11:38:09.222365246,BATCH-G-20230618
REV-00060034,SKU-0002260,user_63174,Michael,4,Not as described at all.,2023-02-24,True,NEGATIVE,2,SOURCE_G_REVIEWS,reviews_2023.csv,2023-02-24T08:51:40.535408057,BATCH-G-20230224
REV-00060061,SKU-0005670,user_9002512,Sue Johnson,4,"Absolutely love it, works perfectly!",2023-12-10,True,POSITIVE,1,SOURCE_G_REVIEWS,reviews_2023.csv,2023-12-10T16:52:32.801690041,BATCH-G-20231210
REV-00060064,SKU-0019103,,Anonymous,5,Exceeded my expectations.,2023-02-13,False,POSITIVE,0,SOURCE_G_REVIEWS,reviews_2023.csv,2023-02-13T04:05:47.758910819,BATCH-G-20230213
REV-00060065,SKU-0006585,,Anonymous,5,Highly recommend this product.,2023-06-08,True,POSITIVE,2,SOURCE_G_REVIEWS,reviews_2023.csv,2023-06-08T20:15:02.782196037,BATCH-G-20230608
REV-00060089,SKU-0008739,user_43259,Jacob,4,"Perfect gift, they loved it!",2023-11-05,False,POSITIVE,3,SOURCE_G_REVIEWS,reviews_2023.csv,2023-11-05T08:06:42.187252490,BATCH-G-20231105
REV-00060091,SKU-0002988,user_56122,Alexander,NULL,Great value for money.,2023-11-23,False,POSITIVE,3,SOURCE_G_REVIEWS,reviews_2023.csv,2023-11-23T14:51:53.289505849,BATCH-G-20231123
REV-00060093,SKU-0011764,,Anonymous,-1,"   Livraison  très  lente,  déçu.   ",2023-11-02,True,POSITIVE,2,SOURCE_G_REVIEWS,reviews_2023.csv,2023-11-02T15:54:53.717988085,BATCH-G-20231102
REV-00060095,SKU-0013938,user_9002088,Lori White,4,Exceeded my expectations.,2023-01-11,False,POSITIVE,2,SOURCE_G_REVIEWS,reviews_2023.csv,2023-01-11T22:41:15.185314603,BATCH-G-20230111
REV-00060097,SKU-0000419,user_9015462,Lee Lopez,5,"Muy buen producto, lo recomiendo.",2023-05-12,False,POSITIVE,4,SOURCE_G_REVIEWS,reviews_2023.csv,2023-05-13T05:34:38.769690023,BATCH-G-20230512
REV-00060098,SKU-0003275,user_9003516,Brandy Estes,5,"Muy buen producto, lo recomiendo.",2023-04-26,True,POSITIVE,4,SOURCE_G_REVIEWS,reviews_2023.csv,2023-04-26T11:29:10.241713168,BATCH-G-20230426
REV-00060126,SKU-0018013,user_9000608,Donald,1,Wrong item was shipped to me.,2023-12-16,True,NEGATIVE,2,SOURCE_G_REVIEWS,reviews_2023.csv,2023-12-16T20:09:59.093018918,BATCH-G-20231216
REV-00060127,SKU-0017523,user_20206,Sean Anderson,3,Works fine but delivery was slow.,2023-12-12,False,NEUTRAL,3,SOURCE_G_REVIEWS,reviews_2023.csv,2023-12-12T08:15:53.884207649,BATCH-G-20231212
REV-00060135,SKU-9959462,user_13406,Michael Owen,5,"Exactly as described, very happy. ⭐",2023-11-09,True,POSITIVE,4,SOURCE_G_REVIEWS,reviews_2023.csv,2023-11-09T06:50:39.528127605,BATCH-G-20231109
REV-00060148,SKU-0011743,user_37343,Daniel Welch,4,"Perfect gift, they loved it!",2023-07-11,True,POSITIVE,0,SOURCE_G_REVIEWS,reviews_2023.csv,2023-07-11T05:12:19.479872022,BATCH-G-20230711
REV-00060157,SKU-0007048,user_988,Thomas,5,"Muy buen producto, lo recomiendo.",2023-12-05,True,POSITIVE,3,SOURCE_G_REVIEWS,reviews_2023.csv,2023-12-05T06:04:38.771710716,BATCH-G-20231205
REV-00060161,SKU-0008970,user_9007921,Sarah,-1,"Perfect gift, they loved it!",2023-06-09,True,POSITIVE,4,SOURCE_G_REVIEWS,reviews_2023.csv,2023-06-09T11:19:28.626428247,BATCH-G-20230609
REV-00060161-BOT,SKU-0008970,user_43754,Yvonne,-1,"Perfect gift, they loved it!",2023-06-09,False,POSITIVE,0,SOURCE_G_REVIEWS,reviews_2023.csv,2023-06-09T11:19:28.626428247,BATCH-G-20230609
REV-00060163,SKU-9934836,user_9008805,Jonathan Moss,4,"Exactly as described, very happy.",2023-02-17,False,POSITIVE,1,SOURCE_G_REVIEWS,reviews_2023.csv,2023-02-18T04:26:45.775282200,BATCH-G-20230217
REV-00060176,SKU-0004510,user_17808,Robert Grant,3,Decent but overpriced a bit. 🔥,2023-01-23,True,NEUTRAL,0,SOURCE_G_REVIEWS,reviews_2023.csv,2023-01-23T08:41:36.316712346,BATCH-G-20230123
REV-00060183,SKU-0014853,user_9018461,Danielle Wheeler,5,Better than I expected for the price.,2023-12-09,False,POSITIVE,0,SOURCE_G_REVIEWS,reviews_2023.csv,2023-12-10T01:07:21.813646718,BATCH-G-20231209
REV-00060191,SKU-0007569,user_17841,Richard,2,"Waste of money, do not buy.",2023-02-02,True,NEGATIVE,4,SOURCE_G_REVIEWS,reviews_2023.csv,2023-02-02T23:00:10.574843705,BATCH-G-20230202
REV-00060195,SKU-0016074,user_9029278,Allen Barnett,4,"Exactly as described, very happy.",2023-05-23,False,POSITIVE,6,SOURCE_G_REVIEWS,reviews_2023.csv,2023-05-23T11:39:41.712348876,BATCH-G-20230523
REV-00060196,SKU-0002321,user_9026950,Kevin,4,Highly recommend this product. 😀,2023-11-27,True,POSITIVE,8,SOURCE_G_REVIEWS,reviews_2023.csv,2023-11-27T08:02:57.263653108,BATCH-G-20231127
REV-00060207,SKU-0007076,user_9016012,Morgan Cole,5,Highly recommend this product.,2023-06-10,True,POSITIVE,2,SOURCE_G_REVIEWS,reviews_2023.csv,2023-06-11T05:56:58.358700473,BATCH-G-20230610
REV-00060209,SKU-0014948,user_59847,Robert,5,Exceeded my expectations.,2023-07-21,False,POSITIVE,4,SOURCE_G_REVIEWS,reviews_2023.csv,2023-07-21T01:49:26.268272324,BATCH-G-20230721
REV-00060214,SKU-9918318,user_9028177,Jonathan Adams,3,"Average quality, nothing special.",2023-05-02,False,NEUTRAL,0,SOURCE_G_REVIEWS,reviews_2023.csv,2023-05-02T22:14:32.856592596,BATCH-G-20230502
REV-00060222,SKU-0019498,,Anonymous,4,"Muy buen producto, lo recomiendo. Fast delivery and great quality. 😍💯",2023-10-05,True,POSITIVE,1,SOURCE_G_REVIEWS,reviews_2023.csv,2023-10-05T07:32:32.514897672,BATCH-G-20231005
REV-00060224,SKU-0009370,user_9003677,James Hernandez MD,1,Not as described at all.,2023-11-23,False,NEGATIVE,0,SOURCE_G_REVIEWS,reviews_2023.csv,2023-11-23T09:05:34.529465922,BATCH-G-20231123
REV-00060225,SKU-0001223,user_9013569,Laurie Adkins,3,Will definitely buy again.,2023-10-19,True,POSITIVE,2,SOURCE_G_REVIEWS,reviews_2023.csv,2023-10-19T01:25:39.239167947,BATCH-G-20231019
REV-00060236,SKU-0003847,,Anonymous,4,Exceeded my expectations.,2023-10-21,True,POSITIVE,1,SOURCE_G_REVIEWS,reviews_2023.csv,2023-10-21T17:53:03.610335526,BATCH-G-20231021
REV-00060237,SKU-0001813,user_22921,William Terry,4,"Not bad, not great either.",2023-01-12,True,NEUTRAL,2,SOURCE_G_REVIEWS,reviews_2023.csv,2023-01-12T08:05:02.282342166,BATCH-G-20230112
REV-00060242,SKU-0017626,user_9003427,Curtis Hale,1,Very disappointed with the quality.,2023-09-29,True,NEGATIVE,7,SOURCE_G_REVIEWS,reviews_2023.csv,2023-09-29T23:37:06.053470144,BATCH-G-20230929
REV-00060250,SKU-0004216,,Anonymous,4,Will definitely buy again. 😐,2023-09-18,False,POSITIVE,0,SOURCE_G_REVIEWS,reviews_2023.csv,2023-09-18T21:59:14.229105230,BATCH-G-20230918
REV-00060253,SKU-0019840,user_9008539,Jennifer Thompson,3,"Average quality, nothing special.",2023-07-28,True,NEUTRAL,5,SOURCE_G_REVIEWS,reviews_2023.csv,2023-07-28T05:26:04.169602469,BATCH-G-20230728
REV-00060259,SKU-0002067,user_9013266,Kevin Taylor,?,Will definitely buy again.,2023-12-04,True,POSITIVE,11,SOURCE_G_REVIEWS,reviews_2023.csv,2023-12-04T16:12:16.335474910,BATCH-G-20231204
REV-00060261,SKU-0013255,user_9034031,Kelly Fletcher,5,Will definitely buy again.,2023-11-19,True,POSITIVE,9,SOURCE_G_REVIEWS,reviews_2023.csv,2023-11-19T10:00:16.462816726,BATCH-G-20231119
REV-00060268,SKU-0003343,user_44476,Michael Barr,1,   Arrived  damaged  and  support  was  unhelpful.   ,2023-06-23,True,NEGATIVE,1,SOURCE_G_REVIEWS,reviews_2023.csv,2023-06-23T22:34:32.738567612,BATCH-G-20230623
REV-00060271,SKU-0012420,user_3896,Carlos Long,3,"   Not  bad,  not  great  either.   ",2023-01-15,False,NEUTRAL,3,SOURCE_G_REVIEWS,reviews_2023.csv,2023-01-15T01:55:00.147931569,BATCH-G-20230115
REV-00060276,SKU-0009180,user_31409,Stephanie Page,3,"Matches the description, no issues. 😀",2023-04-30,False,NEUTRAL,7,SOURCE_G_REVIEWS,reviews_2023.csv,2023-04-30T09:05:09.300801246,BATCH-G-20230430
REV-00060284,SKU-0004083,user_9034268,Michael,2,"<b>Update:</b>Livraison très lente, déçu.<br>",2023-12-06,True,NEGATIVE,1,SOURCE_G_REVIEWS,reviews_2023.csv,2023-12-06T00:51:10.572100450,BATCH-G-20231206
REV-00060287,SKU-0007931,user_9030857,Mitchell Barnett,4,"Solid build quality, no complaints.",2023-12-16,True,POSITIVE,3,SOURCE_G_REVIEWS,reviews_2023.csv,2023-12-17T04:13:47.451006128,BATCH-G-20231216
REV-00060311,SKU-0017222,user_9020079,Eric Moore,?,Will definitely buy again.,2023-05-22,True,POSITIVE,1,SOURCE_G_REVIEWS,reviews_2023.csv,2023-05-23T02:39:53.415893671,BATCH-G-20230522
REV-00060328,SKU-0006130,,Anonymous,4,Exceeded my expectations.,2023-07-18,True,POSITIVE,0,SOURCE_G_REVIEWS,reviews_2023.csv,2023-07-18T08:14:40.178394791,BATCH-G-20230718
REV-00060331,SKU-0002644,user_9027699,Katie,4,"Absolutely love it, works perfectly!",2023-04-08,True,POSITIVE,1,SOURCE_G_REVIEWS,reviews_2023.csv,2023-04-09T04:07:46.980511488,BATCH-G-20230408
REV-00060332,SKU-0019282,user_9034779,Mr.,5,"Absolutely love it, works perfectly!",2023-11-29,False,POSITIVE,0,SOURCE_G_REVIEWS,reviews_2023.csv,2023-11-29T05:57:50.957856183,BATCH-G-20231129
REV-00060339,SKU-0005912,user_9024000,Samuel Powell,3,"Matches the description, no issues.",2023-04-11,False,NEUTRAL,3,SOURCE_G_REVIEWS,reviews_2023.csv,2023-04-11T19:16:22.674821418,BATCH-G-20230411
REV-00060347,SKU-0003434,user_8018,Shawna Sanchez,4,"Waste of money, do not buy.",2023-02-28,True,NEGATIVE,2,SOURCE_G_REVIEWS,reviews_2023.csv,2023-02-28T15:20:43.547346410,BATCH-G-20230228
REV-00060357,SKU-0001721,,Anonymous,3,"Average quality, nothing special.",2023-12-26,True,NEUTRAL,13,SOURCE_G_REVIEWS,reviews_2023.csv,2023-12-26T15:56:10.892615793,BATCH-G-20231226
REV-00060362,SKU-0017688,,Anonymous,3,Decent but overpriced a bit.,2023-10-13,True,NEUTRAL,0,SOURCE_G_REVIEWS,reviews_2023.csv,2023-10-13T18:13:39.378778522,BATCH-G-20231013
REV-00060362-DUP,SKU-0017688,,Anonymous,3,Decent but overpriced a bit.,2023-10-13,True,NEUTRAL,0,SOURCE_G_REVIEWS,reviews_2023.csv,2023-10-13T18:53:39.378778522,BATCH-G-20231013
REV-00060371,SKU-0004091,user_62649,Matthew Ferguson,4,Highly recommend this product.,2023-07-26,False,POSITIVE,0,SOURCE_G_REVIEWS,reviews_2023.csv,2023-07-26T22:20:25.920336852,BATCH-G-20230726
REV-00060379,SKU-0008915,,Anonymous,4,"Exactly as described, very happy.",2023-06-22,True,POSITIVE,6,SOURCE_G_REVIEWS,reviews_2023.csv,2023-06-22T01:37:31.612531146,BATCH-G-20230622
REV-00060389,SKU-0016449,user_9017502,Matthew Parks,2,"Cheaply made, broke immediately.",2023-07-05,True,NEGATIVE,8,SOURCE_G_REVIEWS,reviews_2023.csv,2023-07-05T07:27:21.910183042,BATCH-G-20230705
REV-00060397,SKU-0013695,,Anonymous,4,"Exactly as described, very happy.",2023-12-03,True,POSITIVE,5,SOURCE_G_REVIEWS,reviews_2023.csv,2023-12-03T18:46:16.012394299,BATCH-G-20231203
REV-00060401,SKU-0005419,user_23154,Timothy Henderson,5,"Exactly as described, very happy.",2023-12-22,False,POSITIVE,7,SOURCE_G_REVIEWS,reviews_2023.csv,2023-12-22T09:12:01.530384829,BATCH-G-20231222
REV-00060402,SKU-0006124,user_19839,Jason Bishop,1,"Cheaply made, broke immediately. 👍😍",2023-06-19,False,NEGATIVE,2,SOURCE_G_REVIEWS,reviews_2023.csv,2023-06-19T10:02:42.176381559,BATCH-G-20230619
REV-00060415,SKU-0008123,user_9018343,Sarah Williams,3,"Not bad, not great either.",2023-01-27,False,NEUTRAL,2,SOURCE_G_REVIEWS,reviews_2023.csv,2023-01-27T04:13:51.867167998,BATCH-G-20230127
REV-00060417,SKU-0006900,user_38432,Chelsea Bailey,3,"It's okay, does the job.",2023-09-07,True,NEUTRAL,3,SOURCE_G_REVIEWS,reviews_2023.csv,2023-09-07T09:48:23.176563455,BATCH-G-20230907
REV-00060418,SKU-0013109,user_29802,Justin Spencer,5,"Exactly as described, very happy.",2023-06-14,False,POSITIVE,1,SOURCE_G_REVIEWS,reviews_2023.csv,2023-06-14T04:31:54.236464242,BATCH-G-20230614
REV-00060419,SKU-0007449,user_9010350,Amanda,1,Wrong item was shipped to me.,2023-12-28,True,NEGATIVE,1,SOURCE_G_REVIEWS,reviews_2023.csv,2023-12-28T12:01:39.285202455,BATCH-G-20231228
REV-00060424,SKU-0011092,,Anonymous,0,"Perfect gift, they loved it!",2023-09-15,True,POSITIVE,0,SOURCE_G_REVIEWS,reviews_2023.csv,2023-09-15T13:37:08.029655641,BATCH-G-20230915
REV-00060435,SKU-0000648,user_9000224,Michael Landry,3,Decent but overpriced a bit.,2023-03-10,True,NEUTRAL,3,SOURCE_G_REVIEWS,reviews_2023.csv,2023-03-10T21:52:47.729762206,BATCH-G-20230310
REV-00060459,SKU-9996686,,Anonymous,4,"Livraison très lente, déçu. Solid build quality, no complaints.",2023-07-25,True,POSITIVE,0,SOURCE_G_REVIEWS,reviews_2023.csv,2023-07-25T23:32:25.166516727,BATCH-G-20230725
REV-00060462,SKU-0019580,user_9009893,Danny Smith,5,Great value for money.,2023-01-20,True,POSITIVE,1,SOURCE_G_REVIEWS,reviews_2023.csv,2023-01-20T11:51:37.097907927,BATCH-G-20230120
REV-00060471,SKU-0001930,user_15127,Mary Adams,4,Better than I expected for the price.,2023-05-11,True,POSITIVE,4,SOURCE_G_REVIEWS,reviews_2023.csv,2023-05-11T02:37:11.683555302,BATCH-G-20230511
REV-00060483,SKU-0003465,user_9007240,Gregory Gates,4,"Solid build quality, no complaints.",2023-04-15,False,POSITIVE,1,SOURCE_G_REVIEWS,reviews_2023.csv,2023-04-15T21:56:08.309421605,BATCH-G-20230415
REV-00060494,SKU-0012491,,Anonymous,5,"Absolutely love it, works perfectly!",2023-01-07,False,POSITIVE,3,SOURCE_G_REVIEWS,reviews_2023.csv,2023-01-13T08:00:00,BATCH-G-20230107
REV-00060497,SKU-0016005,user_9007433,Jamie Smith,2,Stopped working after a week.,2023-09-27,True,NEGATIVE,14,SOURCE_G_REVIEWS,reviews_2023.csv,2023-09-27T03:42:11.340632151,BATCH-G-20230927
REV-00060498,SKU-0003061,user_68038,Abigail Jackson,5,Great value for money.,2023-09-13,False,POSITIVE,5,SOURCE_G_REVIEWS,reviews_2023.csv,2023-09-14T05:27:36.693755980,BATCH-G-20230913
REV-00060501,SKU-0015631,user_41105,Elizabeth Murray,4,Exceeded my expectations.,2023-09-21,True,POSITIVE,3,SOURCE_G_REVIEWS,reviews_2023.csv,2023-09-21T21:07:47.396619993,BATCH-G-20230921
REV-00060509,SKU-0004747,user_9012028,Larry Bell,1,No cumplió mis expectativas.,2023-08-13,True,NEGATIVE,0,SOURCE_G_REVIEWS,reviews_2023.csv,2023-08-13T23:29:46.807119759,BATCH-G-20230813
REV-00060522,SKU-0012620,user_9019178,Sonia Huerta,4,   Highly  recommend  this  product.   ,2023-12-12,True,POSITIVE,6,SOURCE_G_REVIEWS,reviews_2023.csv,2023-12-13T04:55:26.581947549,BATCH-G-20231212
REV-00060524,SKU-0018778,user_19517,Robin Taylor,5,Fast delivery and great quality.,2023-05-26,False,POSITIVE,8,SOURCE_G_REVIEWS,reviews_2023.csv,2023-05-27T05:49:27.256940829,BATCH-G-20230526
REV-00060534,SKU-0006513,user_9020941,Dr.,5,Great value for money.,2023-01-30,True,POSITIVE,2,SOURCE_G_REVIEWS,reviews_2023.csv,2023-01-30T07:38:36.162309422,BATCH-G-20230130
REV-00060535,SKU-0012365,user_69898,William Delgado,3,Decent but overpriced a bit.,2023-11-30,False,NEUTRAL,4,SOURCE_G_REVIEWS,reviews_2023.csv,2023-12-01T03:33:21.914402784,BATCH-G-20231130
REV-00060545,SKU-0000001,user_52286,Jeffrey,5,Highly recommend this product.,2023-01-14,True,POSITIVE,6,SOURCE_G_REVIEWS,reviews_2023.csv,2023-01-14T16:34:51.726305115,BATCH-G-20230114
REV-00060559,SKU-0005901,user_5254,Elizabeth Smith,5,"Exactly as described, very happy.",2023-09-14,True,POSITIVE,2,SOURCE_G_REVIEWS,reviews_2023.csv,2023-09-15T02:44:46.059713223,BATCH-G-20230914
REV-00060560,SKU-0007135,user_9004487,Stacey Burton,1,"Poor packaging, item was defective.",2023-05-20,True,NEGATIVE,1,SOURCE_G_REVIEWS,reviews_2023.csv,2023-05-21T03:46:44.988460948,BATCH-G-20230520
REV-00060561,SKU-0010713,,Anonymous,3,Works fine but delivery was slow.,2023-10-06,False,NEUTRAL,2,SOURCE_G_REVIEWS,reviews_2023.csv,2023-10-07T02:11:46.770699624,BATCH-G-20231006
REV-00060602,SKU-0001465,user_9028938,Stephen,5,Exceeded my expectations.,2023-02-11,False,POSITIVE,1,SOURCE_G_REVIEWS,reviews_2023.csv,2023-02-11T17:58:32.673347707,BATCH-G-20230211
REV-00060608,SKU-0003365,user_9005360,Catherine Rodriguez,5,Will definitely buy again.,2023-12-23,False,POSITIVE,1,SOURCE_G_REVIEWS,reviews_2023.csv,2023-12-23T01:14:06.326861113,BATCH-G-20231223
REV-00060631,SKU-0015114,user_26641,Erika,5,"Solid build quality, no complaints.",2023-01-16,True,POSITIVE,4,SOURCE_G_REVIEWS,reviews_2023.csv,2023-01-16T04:20:12.079420815,BATCH-G-20230116
REV-00060633,SKU-0012234,user_9002376,Samuel Jones,4,   Better  than  I  expected  for  the  price.   ,2023-05-01,False,POSITIVE,1,SOURCE_G_REVIEWS,reviews_2023.csv,2023-05-01T02:06:14.801978223,BATCH-G-20230501
REV-00060649,SKU-0010137,user_26776,Michelle,5,Fast delivery and great quality.,2023-11-08,True,POSITIVE,1,SOURCE_G_REVIEWS,reviews_2023.csv,2023-11-08T07:30:37.290646102,BATCH-G-20231108
REV-00060657,SKU-0011688,user_9028664,Julie Vaughan,5,Better than I expected for the price.,2023-07-15,False,POSITIVE,0,SOURCE_G_REVIEWS,reviews_2023.csv,2023-07-15T01:07:32.068924288,BATCH-G-20230715
REV-00060667,SKU-0014893,user_9002333,Joseph Hood,5,गुणवत्ता ठीक नहीं थी।,2023-03-05,True,POSITIVE,2,SOURCE_G_REVIEWS,reviews_2023.csv,2023-03-06T04:10:36.469278686,BATCH-G-20230305
REV-00060674,SKU-0017185,user_9029867,Jessica King,4,"Cheaply made, broke immediately.",2023-12-05,True,NEGATIVE,6,SOURCE_G_REVIEWS,reviews_2023.csv,2023-12-05T02:12:07.285525179,BATCH-G-20231205
REV-00060704,SKU-0016185,user_9032382,Joan Mendoza,5,Better than I expected for the price.,2023-01-22,True,POSITIVE,0,SOURCE_G_REVIEWS,reviews_2023.csv,2023-01-22T03:08:09.589098159,BATCH-G-20230122
REV-00060710,SKU-0019034,user_9013304,William,5,Will definitely buy again.,2023-06-30,True,POSITIVE,2,SOURCE_G_REVIEWS,reviews_2023.csv,2023-06-30T09:57:59.104912679,BATCH-G-20230630
REV-00060714,SKU-0004811,,Anonymous,5,Will definitely buy again.,2023-03-12,False,POSITIVE,1,SOURCE_G_REVIEWS,reviews_2023.csv,2023-03-12T12:14:30.374593878,BATCH-G-20230312
REV-00060724,SKU-0002234,user_69411,Melissa,5,   Great  value  for  money.   ,2023-09-28,True,POSITIVE,2,SOURCE_G_REVIEWS,reviews_2023.csv,2023-10-02T23:00:00,BATCH-G-20230928
REV-00060725,SKU-0007913,,Anonymous,4,Great value for money.,2023-01-16,False,POSITIVE,4,SOURCE_G_REVIEWS,reviews_2023.csv,2023-01-16T20:10:37.439078317,BATCH-G-20230116
REV-00060728,SKU-0015200,user_9005710,Kari Martinez,3,"Not bad, not great either.",2023-05-19,True,NEUTRAL,0,SOURCE_G_REVIEWS,reviews_2023.csv,2023-05-19T14:21:51.784708550,BATCH-G-20230519
REV-00060732,SKU-0008383,user_9007627,Benjamin Conley,1,"</p>गुणवत्ता ठीक नहीं थी। Poor packaging, item was defective.<b>Update:</b>",2023-02-13,True,NEGATIVE,5,SOURCE_G_REVIEWS,reviews_2023.csv,2023-02-13T17:58:16.605934799,BATCH-G-20230213
REV-00060735,SKU-0014728,user_9023552,Steven,NA,Great value for money.,2023-09-05,False,POSITIVE,4,SOURCE_G_REVIEWS,reviews_2023.csv,2023-09-05T12:54:13.349113450,BATCH-G-20230905
REV-00060745,SKU-9924429,,Anonymous,5,"Absolutely love it, works perfectly!",2023-10-24,True,POSITIVE,1,SOURCE_G_REVIEWS,reviews_2023.csv,2023-10-24T12:34:12.492335949,BATCH-G-20231024
REV-00060747,SKU-0002995,,Anonymous,1,"Waste of money, do not buy.",2023-11-29,False,NEGATIVE,1,SOURCE_G_REVIEWS,reviews_2023.csv,2023-11-30T01:34:49.241756532,BATCH-G-20231129
REV-00060758,SKU-0014214,user_58068,John Munoz,1,Stopped working after a week.,2023-07-22,True,NEGATIVE,3,SOURCE_G_REVIEWS,reviews_2023.csv,2023-07-22T11:37:22.714154203,BATCH-G-20230722
REV-00060761,SKU-0016615,user_9026927,William Harris,4,Will definitely buy again.,2023-01-10,False,POSITIVE,2,SOURCE_G_REVIEWS,reviews_2023.csv,2023-01-10T23:29:29.189163860,BATCH-G-20230110
REV-00060768,SKU-0013804,user_9019051,William Ramirez,5,Fast delivery and great quality. 😡,2023-12-20,True,POSITIVE,2,SOURCE_G_REVIEWS,reviews_2023.csv,2023-12-20T09:15:11.589415484,BATCH-G-20231220
REV-00060769,SKU-0005539,user_14878,Andrea,5,"बहुत अच्छा उत्पाद है, पैसा वसूल!",2023-02-03,True,POSITIVE,1,SOURCE_G_REVIEWS,reviews_2023.csv,2023-02-03T02:01:36.925907131,BATCH-G-20230203
REV-00060790,SKU-0010003,user_9011167,Dr. Sara Ellis,4,"Absolutely love it, works perfectly!",2023-12-29,False,POSITIVE,7,SOURCE_G_REVIEWS,reviews_2023.csv,2023-12-30T00:00:14.520710353,BATCH-G-20231229
REV-00060794,SKU-0006228,user_42810,Kayla,5,Excellent rapport qualité-prix.,2023-10-18,True,POSITIVE,5,SOURCE_G_REVIEWS,reviews_2023.csv,2023-10-18T20:06:12.484596746,BATCH-G-20231018
REV-00060796,SKU-0001423,user_27067,Diane,4,"Solid build quality, no complaints. 🔥",2023-02-12,True,POSITIVE,1,SOURCE_G_REVIEWS,reviews_2023.csv,2023-02-12T09:31:56.580587498,BATCH-G-20230212
REV-00060811,SKU-0001407,user_9032732,Brandy,5,Highly recommend this product. 👍,2023-12-25,True,POSITIVE,1,SOURCE_G_REVIEWS,reviews_2023.csv,2023-12-26T00:27:20.593664621,BATCH-G-20231225
REV-00060814,SKU-0016400,user_38475,Shawn,5,Will definitely buy again.,2023-10-01,True,POSITIVE,2,SOURCE_G_REVIEWS,reviews_2023.csv,2023-10-02T01:18:38.283931686,BATCH-G-20231001
REV-00060818,SKU-0012111,user_51140,Dr. Rebecca Santiago MD,3,"Matches the description, no issues.",2023-07-21,False,NEUTRAL,7,SOURCE_G_REVIEWS,reviews_2023.csv,2023-07-21T10:23:44.704394144,BATCH-G-20230721
REV-00060819,SKU-0008198,user_69052,James,5,   Will  definitely  buy  again.   ,2023-03-04,True,POSITIVE,1,SOURCE_G_REVIEWS,reviews_2023.csv,2023-03-05T05:58:29.308018955,BATCH-G-20230304
REV-00060820,SKU-0003308,user_52673,Laurie Kelly,4,Fast delivery and great quality.,2023-11-06,True,POSITIVE,0,SOURCE_G_REVIEWS,reviews_2023.csv,2023-11-06T10:14:56.219884415,BATCH-G-20231106
REV-00060823,SKU-0016267,user_9021652,Amber,5,Fast delivery and great quality.,2023-10-11,True,POSITIVE,2,SOURCE_G_REVIEWS,reviews_2023.csv,2023-10-11T21:37:56.533100436,BATCH-G-20231011
REV-00060828,SKU-0002736,user_30350,Judy Castillo DVM,3,"Average quality, nothing special.",2023-11-17,False,NEUTRAL,2,SOURCE_G_REVIEWS,reviews_2023.csv,2023-11-17T02:59:57.314292132,BATCH-G-20231117
REV-00060839,SKU-0000890,user_29631,Elizabeth,Unknown,गुणवत्ता ठीक नहीं थी।,2023-02-21,True,POSITIVE,2,SOURCE_G_REVIEWS,reviews_2023.csv,2023-02-21T15:01:41.669561439,BATCH-G-20230221
REV-00060841,SKU-0000505,user_9012374,Kristin Jones,3,Works fine but delivery was slow.,2023-07-26,True,NEUTRAL,2,SOURCE_G_REVIEWS,reviews_2023.csv,2023-07-26T04:47:49.998800939,BATCH-G-20230726
REV-00060844,SKU-0003953,,Anonymous,4,Better than I expected for the price.,2023-11-23,True,POSITIVE,3,SOURCE_G_REVIEWS,reviews_2023.csv,2023-11-23T19:51:08.992612930,BATCH-G-20231123
REV-00060846,SKU-0002948,user_9022713,Samantha,4,Exceeded my expectations.,2023-07-14,True,POSITIVE,14,SOURCE_G_REVIEWS,reviews_2023.csv,2023-07-14T15:28:34.841387403,BATCH-G-20230714
REV-00060853,SKU-0017970,user_15845,Morgan Wade,4,"Exactly as described, very happy.",2023-04-12,False,POSITIVE,4,SOURCE_G_REVIEWS,reviews_2023.csv,2023-04-12T16:21:22.283752623,BATCH-G-20230412
REV-00060870,SKU-0013120,user_18886,Cindy Kelly,5,"Solid build quality, no complaints.",2023-02-26,True,POSITIVE,0,SOURCE_G_REVIEWS,reviews_2023.csv,2023-02-27T02:12:58.068822004,BATCH-G-20230226
REV-00060875,SKU-0006772,,Anonymous,5,Better than I expected for the price. 👍,2023-08-03,True,POSITIVE,9,SOURCE_G_REVIEWS,reviews_2023.csv,2023-08-03T05:11:12.166202973,BATCH-G-20230803
REV-00060880,SKU-0011329,user_49773,Michael Smith,1,"Poor packaging, item was defective.",2023-03-11,True,NEGATIVE,7,SOURCE_G_REVIEWS,reviews_2023.csv,2023-03-11T14:40:23.819845976,BATCH-G-20230311
REV-00060893,SKU-0013570,user_29612,Ashley Smith,4,Great value for money.,2023-02-17,True,POSITIVE,1,SOURCE_G_REVIEWS,reviews_2023.csv,2023-02-17T11:07:23.827631391,BATCH-G-20230217
REV-00060898,SKU-0003799,user_9000418,Matthew,5,Great value for money.,2023-08-16,True,POSITIVE,0,SOURCE_G_REVIEWS,reviews_2023.csv,2023-08-16T19:06:59.714270566,BATCH-G-20230816
REV-00060903,SKU-0015344,user_46534,Richard,5,Will definitely buy again.,2023-05-31,True,POSITIVE,2,SOURCE_G_REVIEWS,reviews_2023.csv,2023-05-31T19:40:38.748956360,BATCH-G-20230531
REV-00060905,SKU-0010843,user_9032593,Matthew,3,"It's okay, does the job.",2023-06-29,True,NEUTRAL,4,SOURCE_G_REVIEWS,reviews_2023.csv,2023-06-29T11:12:42.508443847,BATCH-G-20230629
REV-00060915,SKU-0009942,user_9033352,Jessica Fisher,5,"Solid build quality, no complaints.",2023-12-14,False,POSITIVE,0,SOURCE_G_REVIEWS,reviews_2023.csv,2023-12-14T10:32:32.120199273,BATCH-G-20231214
REV-00060920,SKU-0000099,,Anonymous,4,Very disappointed with the quality.,2023-09-24,False,NEGATIVE,0,SOURCE_G_REVIEWS,reviews_2023.csv,2023-09-25T04:02:21.479998840,BATCH-G-20230924
REV-00060921,SKU-0012507,,Anonymous,4,Great value for money. 😢,2023-08-13,True,POSITIVE,2,SOURCE_G_REVIEWS,reviews_2023.csv,2023-08-13T08:30:32.584542673,BATCH-G-20230813
REV-00060932,SKU-0007428,user_62681,Thomas Kelley,5,Exceeded my expectations.,2023-08-22,False,POSITIVE,2,SOURCE_G_REVIEWS,reviews_2023.csv,2023-08-22T23:38:36.536798203,BATCH-G-20230822
REV-00060939,SKU-0017972,user_19687,Rachel Perry,5,"Solid build quality, no complaints.",2023-03-09,True,POSITIVE,0,SOURCE_G_REVIEWS,reviews_2023.csv,2023-03-10T01:25:26.298240513,BATCH-G-20230309
REV-00060940,SKU-0017221,user_9009673,Dylan Johnson,5,"Exactly as described, very happy.",2023-03-28,True,POSITIVE,3,SOURCE_G_REVIEWS,reviews_2023.csv,2023-03-28T18:53:16.932710729,BATCH-G-20230328
REV-00060940-DUP,SKU-0017221,user_9009673,Dylan Johnson,5,"Exactly as described, very happy.",2023-03-28,True,POSITIVE,3,SOURCE_G_REVIEWS,reviews_2023.csv,2023-03-28T18:56:16.932710729,BATCH-G-20230328
REV-00060945,SKU-0002485,user_9031486,Christina Gibbs,5,"Exactly as described, very happy.",2023-05-13,True,POSITIVE,0,SOURCE_G_REVIEWS,reviews_2023.csv,2023-05-14T03:29:56.641589028,BATCH-G-20230513
REV-00060950,SKU-0000521,user_62303,Elizabeth,4,"Solid build quality, no complaints.",2023-01-13,True,POSITIVE,0,SOURCE_G_REVIEWS,reviews_2023.csv,2023-01-13T17:31:59.045206786,BATCH-G-20230113
REV-00060956,SKU-0016598,user_39245,Amanda Moore,4,"Exactly as described, very happy.",2023-10-15,False,POSITIVE,5,SOURCE_G_REVIEWS,reviews_2023.csv,2023-10-15T05:26:33.231552178,BATCH-G-20231015
REV-00060969,SKU-0011645,,Anonymous,5,"Perfect gift, they loved it!",2023-04-29,False,POSITIVE,0,SOURCE_G_REVIEWS,reviews_2023.csv,2023-04-30T05:52:00.497810227,BATCH-G-20230429
REV-00060971,SKU-0019799,user_31715,Heather,4,Better than I expected for the price.,2023-11-15,False,POSITIVE,2,SOURCE_G_REVIEWS,reviews_2023.csv,2023-11-15T06:16:27.929761652,BATCH-G-20231115
REV-00060982,SKU-0013414,,Anonymous,2,Arrived damaged and support was unhelpful.,2023-02-02,True,NEGATIVE,0,SOURCE_G_REVIEWS,reviews_2023.csv,2023-02-02T13:29:09.684256925,BATCH-G-20230202
REV-00060989,SKU-0019430,user_64642,Joshua Thornton,4,Better than I expected for the price.,2023-08-09,True,POSITIVE,1,SOURCE_G_REVIEWS,reviews_2023.csv,2023-08-09T21:08:38.106412852,BATCH-G-20230809
REV-00060999,SKU-0011495,,Anonymous,4,Fast delivery and great quality.,2023-10-22,True,POSITIVE,1,SOURCE_G_REVIEWS,reviews_2023.csv,2023-10-22T07:23:42.397792719,BATCH-G-20231022
REV-00061004,SKU-0019610,user_9013219,Adriana,5,"Absolutely love it, works perfectly!",2023-10-15,False,POSITIVE,2,SOURCE_G_REVIEWS,reviews_2023.csv,2023-10-30T00:00:00,BATCH-G-20231015
REV-00061006,SKU-0010209,user_9007351,Tyler,5,Exceeded my expectations.,2023-12-22,False,POSITIVE,7,SOURCE_G_REVIEWS,reviews_2023.csv,2023-12-22T18:33:36.250011613,BATCH-G-20231222
REV-00061040,SKU-0010869,user_9026116,Audrey Rodriguez,5,Exceeded my expectations.,2023-07-30,True,POSITIVE,5,SOURCE_G_REVIEWS,reviews_2023.csv,2023-07-30T02:48:23.167953289,BATCH-G-20230730
REV-00061043,SKU-9914713,,Anonymous,5,Great value for money.,2023-07-02,True,POSITIVE,2,SOURCE_G_REVIEWS,reviews_2023.csv,2023-07-02T13:13:01.646147232,BATCH-G-20230702
REV-00061046,SKU-0010337,user_9003817,Carla,5,Exceeded my expectations.,2023-08-14,True,POSITIVE,0,SOURCE_G_REVIEWS,reviews_2023.csv,2023-08-14T01:19:39.296308817,BATCH-G-20230814
REV-00061048,SKU-0013171,user_9019051,William Ramirez,4,Highly recommend this product.,2023-03-18,True,POSITIVE,0,SOURCE_G_REVIEWS,reviews_2023.csv,2023-03-18T16:27:24.431380976,BATCH-G-20230318
REV-00061049,SKU-0014429,,Anonymous,6,"Poor packaging, item was defective.",2023-07-25,True,NEGATIVE,9,SOURCE_G_REVIEWS,reviews_2023.csv,2023-07-25T10:31:50.857726572,BATCH-G-20230725
REV-00061061,SKU-0007654,user_65442,Randy Ward,-,"Cheaply made, broke immediately.",2023-07-21,True,NEGATIVE,2,SOURCE_G_REVIEWS,reviews_2023.csv,2023-07-21T05:21:36.027245739,BATCH-G-20230721
REV-00061080,SKU-0020017,user_33263,William Lee,4,"   बहुत  अच्छा  उत्पाद  है,  पैसा  वसूल!   ",2023-08-28,True,POSITIVE,6,SOURCE_G_REVIEWS,reviews_2023.csv,2023-08-28T04:03:21.085587471,BATCH-G-20230828
REV-00061087,SKU-0011019,user_21689,Stephanie Carrillo,3,"Average quality, nothing special.",2023-02-15,True,NEUTRAL,4,SOURCE_G_REVIEWS,reviews_2023.csv,2023-02-15T22:15:25.262906265,BATCH-G-20230215
REV-00061091,SKU-0014559,user_9016796,Timothy Adkins,4,Fast delivery and great quality.,2023-10-15,True,POSITIVE,2,SOURCE_G_REVIEWS,reviews_2023.csv,2023-10-16T02:15:37.712640029,BATCH-G-20231015
REV-00061093,SKU-0007842,user_9787,Michael Smith,3,"It's okay, does the job.",2023-09-03,True,NEUTRAL,6,SOURCE_G_REVIEWS,reviews_2023.csv,2023-09-03T05:10:48.008087168,BATCH-G-20230903
REV-00061097,SKU-9909247,user_23382,Zachary,3,Works fine but delivery was slow.,2023-08-22,True,NEUTRAL,3,SOURCE_G_REVIEWS,reviews_2023.csv,2023-08-22T09:52:53.766405388,BATCH-G-20230822
REV-00061100,SKU-0005567,user_9030955,Jeffrey,4,"Absolutely love it, works perfectly!",2023-03-12,False,POSITIVE,2,SOURCE_G_REVIEWS,reviews_2023.csv,2023-03-12T03:13:13.299272968,BATCH-G-20230312
REV-00061103,SKU-0017536,user_9019105,Mark Watkins,5,"Livraison très lente, déçu.",2023-01-15,False,POSITIVE,7,SOURCE_G_REVIEWS,reviews_2023.csv,2023-01-16T00:47:31.044181676,BATCH-G-20230115
REV-00061112,SKU-0017845,user_5096,Deborah Campbell,3,"बहुत अच्छा उत्पाद है, पैसा वसूल!",2023-01-04,False,NEUTRAL,3,SOURCE_G_REVIEWS,reviews_2023.csv,2023-01-04T01:23:20.626332945,BATCH-G-20230104
REV-00061127,SKU-0004325,,Anonymous,4,Exceeded my expectations.,2023-11-08,True,POSITIVE,1,SOURCE_G_REVIEWS,reviews_2023.csv,2023-11-09T00:07:15.172330672,BATCH-G-20231108
REV-00061128,SKU-0019607,user_5875,Erik Ramirez,4,Exceeded my expectations.,2023-05-24,True,POSITIVE,0,SOURCE_G_REVIEWS,reviews_2023.csv,2023-05-24T21:32:28.325544758,BATCH-G-20230524
REV-00061139,SKU-0013538,,Anonymous,2,Very disappointed with the quality.,2023-02-10,True,NEGATIVE,1,SOURCE_G_REVIEWS,reviews_2023.csv,2023-02-10T02:32:26.726841650,BATCH-G-20230210
REV-00061141,SKU-0007156,user_9024064,Dawn Jacobs,4,"Solid build quality, no complaints.",2023-10-12,True,POSITIVE,1,SOURCE_G_REVIEWS,reviews_2023.csv,2023-10-12T13:54:20.744119634,BATCH-G-20231012
REV-00061142,SKU-9986407,,Anonymous,4,No cumplió mis expectativas. Fast delivery and great quality.,2023-01-26,False,POSITIVE,1,SOURCE_G_REVIEWS,reviews_2023.csv,2023-01-26T22:51:31.402487438,BATCH-G-20230126
REV-00061146,SKU-0001710,user_12952,Brett Huff,4,Wrong item was shipped to me.,2023-11-17,True,NEGATIVE,4,SOURCE_G_REVIEWS,reviews_2023.csv,2023-11-17T19:01:28.637278327,BATCH-G-20231117
REV-00061157,SKU-0019673,user_9031758,Timothy Black,5,"Exactly as described, very happy.",2023-05-20,False,POSITIVE,9,SOURCE_G_REVIEWS,reviews_2023.csv,2023-05-20T13:35:23.713503540,BATCH-G-20230520
REV-00061170,SKU-0008329,user_9029205,Angela Rodriguez,5,"Exactly as described, very happy.",2023-11-16,False,POSITIVE,1,SOURCE_G_REVIEWS,reviews_2023.csv,2023-11-16T00:38:50.498885782,BATCH-G-20231116
REV-00061171,SKU-0017015,user_69832,Jenny Huber,4,Better than I expected for the price.,2023-09-17,False,POSITIVE,0,SOURCE_G_REVIEWS,reviews_2023.csv,2023-09-17T03:01:12.222649003,BATCH-G-20230917
REV-00061173,SKU-0012448,user_12328,Miguel,4,"Exactly as described, very happy.",2023-11-08,False,POSITIVE,1,SOURCE_G_REVIEWS,reviews_2023.csv,2023-11-08T09:16:40.602089523,BATCH-G-20231108
REV-00061177,SKU-0006098,user_9007469,Bobby,2,Stopped working after a week.,2023-01-14,True,NEGATIVE,0,SOURCE_G_REVIEWS,reviews_2023.csv,2023-01-14T08:55:14.477830705,BATCH-G-20230114
REV-00061189,SKU-0013892,,Anonymous,4,"Exactly as described, very happy.",2023-07-11,True,POSITIVE,0,SOURCE_G_REVIEWS,reviews_2023.csv,2023-07-11T00:53:18.342079216,BATCH-G-20230711
REV-00061212,SKU-9906181,user_43824,Megan,5,"Muy buen producto, lo recomiendo.",2023-11-12,False,POSITIVE,5,SOURCE_G_REVIEWS,reviews_2023.csv,2023-11-12T12:48:59.431861441,BATCH-G-20231112
REV-00061217,SKU-0002896,user_9031151,Patrick Duarte,5,"Exactly as described, very happy.",2023-10-27,True,POSITIVE,8,SOURCE_G_REVIEWS,reviews_2023.csv,2023-10-27T10:12:44.327952919,BATCH-G-20231027
REV-00061235,SKU-0002370,user_9005294,Laura Sanchez,4,Highly recommend this product.,2023-08-17,False,POSITIVE,5,SOURCE_G_REVIEWS,reviews_2023.csv,2023-08-17T01:34:35.309269626,BATCH-G-20230817
REV-00061239,SKU-0018130,user_9025126,Sharon Gordon,5,Great value for money.,2023-12-19,True,POSITIVE,0,SOURCE_G_REVIEWS,reviews_2023.csv,2023-12-19T19:50:43.576542775,BATCH-G-20231219
REV-00061251,SKU-0011794,user_56385,David Cook,5,"Perfect gift, they loved it!",2023-01-08,True,POSITIVE,1,SOURCE_G_REVIEWS,reviews_2023.csv,2023-01-08T22:51:42.130802813,BATCH-G-20230108
REV-00061252,SKU-0012674,user_23473,Anthony Bell,5,"Perfect gift, they loved it!",2023-07-08,False,POSITIVE,0,SOURCE_G_REVIEWS,reviews_2023.csv,2023-07-08T03:04:40.662497007,BATCH-G-20230708
REV-00061256,SKU-0004443,,Anonymous,5,Great value for money. 😀,2023-03-15,False,POSITIVE,2,SOURCE_G_REVIEWS,reviews_2023.csv,2023-03-15T10:13:55.450193314,BATCH-G-20230315
REV-00061258,SKU-0014897,user_9398,Jordan Smith,5,"Perfect gift, they loved it!",2023-03-21,True,POSITIVE,1,SOURCE_G_REVIEWS,reviews_2023.csv,2023-03-21T17:35:45.512533535,BATCH-G-20230321
REV-00061259,SKU-0004181,user_3275,Edward Stone,5,"Absolutely love it, works perfectly!",2023-02-14,True,POSITIVE,2,SOURCE_G_REVIEWS,reviews_2023.csv,2023-02-15T01:45:35.345803647,BATCH-G-20230214
REV-00061266,SKU-0007023,,Anonymous,5,Exceeded my expectations.,2023-10-08,True,POSITIVE,1,SOURCE_G_REVIEWS,reviews_2023.csv,2023-10-09T03:51:43.123095396,BATCH-G-20231008
REV-00061283,SKU-0016078,,Anonymous,2,"Waste of money, do not buy.",2023-08-26,True,NEGATIVE,4,SOURCE_G_REVIEWS,reviews_2023.csv,2023-08-26T03:57:07.044053899,BATCH-G-20230826
REV-00061305,SKU-0013572,user_9005876,John White,6,"Livraison très lente, déçu. Fast delivery and great quality.",2023-06-22,True,POSITIVE,0,SOURCE_G_REVIEWS,reviews_2023.csv,2023-06-23T03:40:43.993739999,BATCH-G-20230622
REV-00061310,SKU-0013686,user_9032367,Jason Moore,4,"Absolutely love it, works perfectly! 👍🙏",2023-01-30,True,POSITIVE,0,SOURCE_G_REVIEWS,reviews_2023.csv,2023-01-30T09:28:24.195315828,BATCH-G-20230130
REV-00061327,SKU-0007184,,Anonymous,2,"Cheaply made, broke immediately.",2023-08-21,False,NEGATIVE,1,SOURCE_G_REVIEWS,reviews_2023.csv,2023-08-22T03:32:20.418410120,BATCH-G-20230821
REV-00061337,SKU-0013512,user_9033610,Thomas Lopez,4,Will definitely buy again.,2023-12-17,False,POSITIVE,3,SOURCE_G_REVIEWS,reviews_2023.csv,2023-12-17T01:01:07.651452083,BATCH-G-20231217
REV-00061340,SKU-0012621,user_9014546,Megan,2,Wrong item was shipped to me.,2023-06-24,True,NEGATIVE,0,SOURCE_G_REVIEWS,reviews_2023.csv,2023-06-24T23:02:22.576896198,BATCH-G-20230624
REV-00061351,SKU-0002329,,Anonymous,3,"Average quality, nothing special. 😡",2023-09-04,True,NEUTRAL,0,SOURCE_G_REVIEWS,reviews_2023.csv,2023-09-04T22:30:35.482252263,BATCH-G-20230904
REV-00061371,SKU-0011512,user_9001890,Jim Pena,4,Fast delivery and great quality.,2023-10-23,True,POSITIVE,4,SOURCE_G_REVIEWS,reviews_2023.csv,2023-10-23T22:40:52.690958752,BATCH-G-20231023
REV-00061379,SKU-0003425,user_34082,Ronald,4,Fast delivery and great quality.,2023-03-28,False,POSITIVE,2,SOURCE_G_REVIEWS,reviews_2023.csv,2023-03-28T06:18:50.897183922,BATCH-G-20230328
REV-00061410,SKU-0007319,user_69070,Carolyn Sweeney,5,No cumplió mis expectativas. Better than I expected for the price.,2023-12-01,True,POSITIVE,1,SOURCE_G_REVIEWS,reviews_2023.csv,2023-12-01T12:06:56.583922422,BATCH-G-20231201
REV-00061421,SKU-0020136,user_9000111,Kelly Lee,3,"It's okay, does the job.",2023-11-12,False,NEUTRAL,0,SOURCE_G_REVIEWS,reviews_2023.csv,2023-11-12T09:54:32.959167069,BATCH-G-20231112
REV-00061433,SKU-0006480,user_9002557,Diane Mejia,5,Fast delivery and great quality.,2023-04-05,False,POSITIVE,0,SOURCE_G_REVIEWS,reviews_2023.csv,2023-04-05T07:17:00.981638186,BATCH-G-20230405
REV-00061436,SKU-0014054,user_43202,Kristi,5,Exceeded my expectations.,2023-09-26,True,POSITIVE,4,SOURCE_G_REVIEWS,reviews_2023.csv,2023-09-27T00:50:01.614101794,BATCH-G-20230926
REV-00061445,SKU-0011134,user_39125,Anna Johnson MD,5,"<i>edited</i>बहुत अच्छा उत्पाद है, पैसा वसूल!<b>Update:</b>",2023-10-11,True,POSITIVE,0,SOURCE_G_REVIEWS,reviews_2023.csv,2023-10-11T17:19:51.139622475,BATCH-G-20231011
REV-00061458,SKU-0001377,user_9006585,Sherry,5,"Exactly as described, very happy.",2023-07-20,True,POSITIVE,5,SOURCE_G_REVIEWS,reviews_2023.csv,2023-07-20T22:07:37.396136105,BATCH-G-20230720
REV-00061459,SKU-0019620,,Anonymous,4,"Perfect gift, they loved it!",2023-11-23,True,POSITIVE,4,SOURCE_G_REVIEWS,reviews_2023.csv,2023-11-23T17:53:28.815129105,BATCH-G-20231123
REV-00061462,SKU-0012996,user_9020371,Tyler Mosley,3,"Not bad, not great either.",2023-07-07,False,NEUTRAL,0,SOURCE_G_REVIEWS,reviews_2023.csv,2023-07-07T15:20:33.760615762,BATCH-G-20230707
REV-00061469,SKU-0010892,user_5006,Joanna Ballard,5,Fast delivery and great quality.,2023-12-29,True,POSITIVE,1,SOURCE_G_REVIEWS,reviews_2023.csv,2023-12-29T07:25:17.878387881,BATCH-G-20231229
REV-00061473,SKU-0017121,user_9030526,Gina Jones,4,Better than I expected for the price.,2023-10-06,True,POSITIVE,1,SOURCE_G_REVIEWS,reviews_2023.csv,2023-10-06T05:21:27.041617386,BATCH-G-20231006
REV-00061474,SKU-9965012,user_9026964,Jonathon,2,"Waste of money, do not buy.",2023-11-27,True,NEGATIVE,3,SOURCE_G_REVIEWS,reviews_2023.csv,2023-11-28T00:03:58.644486417,BATCH-G-20231127
REV-00061476,SKU-0010015,user_9007837,Jason Vance,5,Great value for money.,2023-07-03,True,POSITIVE,3,SOURCE_G_REVIEWS,reviews_2023.csv,2023-07-04T02:38:48.693847906,BATCH-G-20230703
REV-00061480,SKU-0015858,user_22434,Robert Stone,5,Highly recommend this product.,2023-08-13,False,POSITIVE,1,SOURCE_G_REVIEWS,reviews_2023.csv,2023-08-13T15:31:35.561519991,BATCH-G-20230813
REV-00061490,SKU-0004858,user_22191,Hannah Sharp,5,Better than I expected for the price.,2023-02-08,True,POSITIVE,6,SOURCE_G_REVIEWS,reviews_2023.csv,2023-02-08T05:09:22.111110410,BATCH-G-20230208
REV-00061498,SKU-0004972,user_9023791,Cassandra,5,Great value for money. 💯⭐,2023-10-22,True,POSITIVE,0,SOURCE_G_REVIEWS,reviews_2023.csv,2023-10-22T09:43:07.113039411,BATCH-G-20231022
REV-00061512,SKU-0005566,user_16226,Tyler Glover,4,"Muy buen producto, lo recomiendo.",2023-11-30,False,POSITIVE,10,SOURCE_G_REVIEWS,reviews_2023.csv,2023-11-30T12:51:04.703146777,BATCH-G-20231130
REV-00061517,SKU-0011203,user_9016695,Amy Holmes,1,Better than I expected for the price.,2023-01-08,True,POSITIVE,0,SOURCE_G_REVIEWS,reviews_2023.csv,2023-01-08T18:27:46.837654450,BATCH-G-20230108
REV-00061523,SKU-0018591,user_12098,Katrina Obrien,4,"Livraison très lente, déçu. Absolutely love it, works perfectly!",2023-08-23,False,POSITIVE,1,SOURCE_G_REVIEWS,reviews_2023.csv,2023-08-24T04:24:38.226075644,BATCH-G-20230823
REV-00061538,SKU-0007300,user_9028764,Laura,5,Will definitely buy again.,2023-05-26,False,POSITIVE,8,SOURCE_G_REVIEWS,reviews_2023.csv,2023-05-26T18:08:57.696964022,BATCH-G-20230526
REV-00061539,SKU-0003741,user_5061,Lisa Holmes,5,Highly recommend this product.,2023-12-01,True,POSITIVE,-6,SOURCE_G_REVIEWS,reviews_2023.csv,2023-12-01T17:12:21.866029377,BATCH-G-20231201
REV-00061544,SKU-0004762,user_58367,Rachel Neal,4,Will definitely buy again.,2023-09-14,False,POSITIVE,1,SOURCE_G_REVIEWS,reviews_2023.csv,2023-09-15T04:52:09.518912629,BATCH-G-20230914
REV-00061551,SKU-0003107,user_9015249,Brendan Khan,4,</p>Highly recommend this product.<i>edited</i>,2023-01-30,True,POSITIVE,0,SOURCE_G_REVIEWS,reviews_2023.csv,2023-01-31T03:08:54.676586306,BATCH-G-20230130
REV-00061561,SKU-0007133,user_9018192,Gabrielle Mccormick,5,"Exactly as described, very happy.",2023-12-29,True,POSITIVE,7,SOURCE_G_REVIEWS,reviews_2023.csv,2023-12-29T04:09:28.810664420,BATCH-G-20231229
REV-00061565,SKU-0012633,,Anonymous,2,Wrong item was shipped to me.,2023-04-30,False,NEGATIVE,3,SOURCE_G_REVIEWS,reviews_2023.csv,2023-05-01T02:18:30.328610848,BATCH-G-20230430
REV-00061570,SKU-0006114,user_9034431,Kelly,1,"Perfect gift, they loved it!",2023-01-14,False,POSITIVE,0,SOURCE_G_REVIEWS,reviews_2023.csv,2023-01-14T03:59:50.282603231,BATCH-G-20230114
REV-00061576,SKU-0000803,user_34082,Ronald,5,NA,2023-09-10,True,POSITIVE,3,SOURCE_G_REVIEWS,reviews_2023.csv,2023-09-10T16:04:44.027368032,BATCH-G-20230910
REV-00061594,SKU-0014811,user_51212,Sarah,5,Great value for money.,2023-10-22,False,POSITIVE,0,SOURCE_G_REVIEWS,reviews_2023.csv,2023-10-22T05:23:39.362179255,BATCH-G-20231022
REV-00061598,SKU-9983362,user_9003706,Megan Barnett,4,Excellent rapport qualité-prix.,2023-12-08,True,POSITIVE,0,SOURCE_G_REVIEWS,reviews_2023.csv,2023-12-08T21:28:54.605046859,BATCH-G-20231208
REV-00061600,SKU-0009462,user_64183,Joshua Rose,4,"Livraison très lente, déçu.",2023-08-15,True,NEGATIVE,0,SOURCE_G_REVIEWS,reviews_2023.csv,2023-08-15T15:46:13.406785279,BATCH-G-20230815
REV-00061615,SKU-0013088,user_31710,Patricia Salazar,5,"Waste of money, do not buy.",2023-04-16,False,NEGATIVE,2,SOURCE_G_REVIEWS,reviews_2023.csv,2023-04-16T16:26:50.504763193,BATCH-G-20230416
REV-00061617,SKU-0011270,user_9007671,Melissa,2,Stopped working after a week.,2023-12-14,True,NEGATIVE,0,SOURCE_G_REVIEWS,reviews_2023.csv,2023-12-14T10:14:23.032103090,BATCH-G-20231214
REV-00061620,SKU-0016112,,Anonymous,3,Works fine but delivery was slow. 😐🔥,2023-08-28,False,NEUTRAL,13,SOURCE_G_REVIEWS,reviews_2023.csv,2023-08-28T04:23:45.291341312,BATCH-G-20230828
REV-00061636,SKU-0011817,user_37538,Jennifer Smith,4,Exceeded my expectations.,2023-06-16,True,POSITIVE,0,SOURCE_G_REVIEWS,reviews_2023.csv,2023-06-16T07:42:55.956775302,BATCH-G-20230616
REV-00061637,SKU-0003682,user_9024048,Angel Lawson,5,"Solid build quality, no complaints.",2023-08-26,False,POSITIVE,0,SOURCE_G_REVIEWS,reviews_2023.csv,2023-08-26T06:37:34.596409508,BATCH-G-20230826
REV-00061644,SKU-0001924,user_41210,Angela,5,Exceeded my expectations.,2023-11-08,False,POSITIVE,6,SOURCE_G_REVIEWS,reviews_2023.csv,2023-11-08T19:24:42.774587131,BATCH-G-20231108
REV-00061653,SKU-0018371,user_9002162,Robin,5,Will definitely buy again.,2023-09-30,True,POSITIVE,1,SOURCE_G_REVIEWS,reviews_2023.csv,2023-09-30T05:12:42.107812864,BATCH-G-20230930
REV-00061664,SKU-0009269,user_9001698,Justin Ellis,3,"Average quality, nothing special.",2023-02-10,True,NEUTRAL,0,SOURCE_G_REVIEWS,reviews_2023.csv,2023-02-11T01:39:28.507955982,BATCH-G-20230210
REV-00061665,SKU-0015533,user_8743,Lori,3,"Not bad, not great either.",2023-08-13,False,NEUTRAL,13,SOURCE_G_REVIEWS,reviews_2023.csv,2023-08-13T18:49:07.624096324,BATCH-G-20230813
REV-00061667,SKU-0013126,,Anonymous,1,"Cheaply made, broke immediately.",2023-05-20,True,NEGATIVE,1,SOURCE_G_REVIEWS,reviews_2023.csv,2023-05-21T00:44:03.729888499,BATCH-G-20230520
REV-00061685,SKU-0009139,,Anonymous,2,   Stopped  working  after  a  week.   ,2023-07-02,False,NEGATIVE,0,SOURCE_G_REVIEWS,reviews_2023.csv,2023-07-02T17:29:35.065232140,BATCH-G-20230702
REV-00061692,SKU-0012522,user_9007367,Gail Mclaughlin,5,"Solid build quality, no complaints.",2023-12-23,False,POSITIVE,0,SOURCE_G_REVIEWS,reviews_2023.csv,2023-12-23T09:39:36.586255340,BATCH-G-20231223
REV-00061696,SKU-0004653,,Anonymous,1,"Waste of money, do not buy.",2023-02-03,False,NEGATIVE,2,SOURCE_G_REVIEWS,reviews_2023.csv,2023-02-04T00:27:30.911379083,BATCH-G-20230203
REV-00061697,SKU-0007138,user_30182,Alec Cross,5,"Absolutely love it, works perfectly!",2023-05-19,True,POSITIVE,1,SOURCE_G_REVIEWS,reviews_2023.csv,2023-05-19T11:09:34.502408486,BATCH-G-20230519
REV-00061704,SKU-0007033,,Anonymous,4,"Solid build quality, no complaints.",2023-01-12,False,POSITIVE,1,SOURCE_G_REVIEWS,reviews_2023.csv,2023-01-12T13:51:20.599658912,BATCH-G-20230112
REV-00061708,SKU-0010931,user_9016537,Jeremy Williams,5,Exceeded my expectations.,2023-10-26,True,POSITIVE,0,SOURCE_G_REVIEWS,reviews_2023.csv,2023-10-26T01:11:34.816369388,BATCH-G-20231026
REV-00061710,SKU-0015511,user_66784,Kathleen Smith,4,"Solid build quality, no complaints.",2023-01-15,True,POSITIVE,0,SOURCE_G_REVIEWS,reviews_2023.csv,2023-01-15T00:31:44.579784173,BATCH-G-20230115
REV-00061717,SKU-0003990,user_9011396,Janice White,5,Will definitely buy again.,2023-08-19,True,POSITIVE,1,SOURCE_G_REVIEWS,reviews_2023.csv,2023-08-19T13:14:01.347492906,BATCH-G-20230819
REV-00061726,SKU-0006671,user_32482,John,1,Not as described at all.,2023-02-02,True,NEGATIVE,1,SOURCE_G_REVIEWS,reviews_2023.csv,2023-02-02T23:18:00.852282907,BATCH-G-20230202
REV-00061732,SKU-0014264,user_18811,Jacob,2,"Poor packaging, item was defective.",2023-12-21,False,NEGATIVE,1,SOURCE_G_REVIEWS,reviews_2023.csv,2023-12-21T00:55:27.127186515,BATCH-G-20231221
REV-00061733,SKU-0004681,user_9022080,Michelle Mcdowell,1,Wrong item was shipped to me.,2023-03-24,True,NEGATIVE,0,SOURCE_G_REVIEWS,reviews_2023.csv,2023-03-24T15:25:52.810773829,BATCH-G-20230324
REV-00061739,SKU-0017415,user_52499,Joy Sanford,3,"Average quality, nothing special.",2023-06-24,True,NEUTRAL,4,SOURCE_G_REVIEWS,reviews_2023.csv,2023-06-24T06:20:46.737165360,BATCH-G-20230624
REV-00061744,SKU-0005511,user_9012880,Jonathan,5,Very disappointed with the quality.,2023-12-16,True,NEGATIVE,2,SOURCE_G_REVIEWS,reviews_2023.csv,2023-12-16T20:15:37.805661277,BATCH-G-20231216
REV-00061751,SKU-0009117,user_7799,Cynthia Underwood,5,Highly recommend this product.,2023-09-03,False,POSITIVE,3,SOURCE_G_REVIEWS,reviews_2023.csv,2023-09-03T02:43:00.656731293,BATCH-G-20230903
REV-00061754,SKU-0019688,user_9031952,Keith,5,"Absolutely love it, works perfectly!",2023-07-02,True,POSITIVE,1,SOURCE_G_REVIEWS,reviews_2023.csv,2023-07-02T08:46:11.271456115,BATCH-G-20230702
REV-00061767,SKU-0011636,user_9002515,Christopher,5,Exceeded my expectations.,2023-07-28,True,POSITIVE,0,SOURCE_G_REVIEWS,reviews_2023.csv,2023-07-28T04:56:19.450755011,BATCH-G-20230728
REV-00061773,SKU-0011395,,Anonymous,5,Highly recommend this product.,2023-07-04,True,POSITIVE,0,SOURCE_G_REVIEWS,reviews_2023.csv,2023-07-05T01:21:11.980815008,BATCH-G-20230704
REV-00061791,SKU-0007490,user_9021377,Sara Williams,NULL,&nbsp;Will definitely buy again.<i>edited</i>,2023-02-19,True,POSITIVE,9,SOURCE_G_REVIEWS,reviews_2023.csv,2023-02-19T00:56:27.204561041,BATCH-G-20230219
REV-00061795,SKU-0006194,user_9002375,Marcus Vazquez,5,"Absolutely love it, works perfectly!",2023-01-22,True,POSITIVE,0,SOURCE_G_REVIEWS,reviews_2023.csv,2023-01-22T23:16:15.180500156,BATCH-G-20230122
REV-00061797,SKU-0012653,user_9029958,Alison Combs,4,Wrong item was shipped to me.,2023-11-28,True,NEGATIVE,1,SOURCE_G_REVIEWS,reviews_2023.csv,2023-11-28T12:41:45.263369137,BATCH-G-20231128
REV-00061797-DUP,SKU-0012653,user_9029958,Alison Combs,4,Wrong item was shipped to me.,2023-11-28,True,NEGATIVE,1,SOURCE_G_REVIEWS,reviews_2023.csv,2023-11-28T13:03:45.263369137,BATCH-G-20231128
REV-00061799,SKU-0014323,user_9004864,William,4,Highly recommend this product.,2023-12-12,False,POSITIVE,0,SOURCE_G_REVIEWS,reviews_2023.csv,2023-12-13T03:58:38.846486900,BATCH-G-20231212
REV-00061812,SKU-0015715,,Anonymous,2,"Poor packaging, item was defective.",2023-10-23,True,NEGATIVE,3,SOURCE_G_REVIEWS,reviews_2023.csv,2023-10-23T10:08:06.327922221,BATCH-G-20231023
REV-00061821,SKU-0009483,user_9013006,Eric Jacobs,2,"Poor packaging, item was defective. 😍",2023-10-11,False,NEGATIVE,3,SOURCE_G_REVIEWS,reviews_2023.csv,2023-10-12T03:10:54.107237204,BATCH-G-20231011
REV-00061832,SKU-0015465,user_59357,Brittany Floyd,2,Wrong item was shipped to me.,2023-12-25,True,NEGATIVE,2,SOURCE_G_REVIEWS,reviews_2023.csv,2023-12-25T11:47:06.338314154,BATCH-G-20231225
REV-00061848,SKU-0018419,,Anonymous,5,"Livraison très lente, déçu.",2023-09-14,True,POSITIVE,6,SOURCE_G_REVIEWS,reviews_2023.csv,2023-09-14T14:27:04.838163201,BATCH-G-20230914
REV-00061850,SKU-0003928,user_3063,Shannon Kent,4,Will definitely buy again.,2023-06-09,False,POSITIVE,3,SOURCE_G_REVIEWS,reviews_2023.csv,2023-06-09T18:46:39.180220648,BATCH-G-20230609
REV-00061856,SKU-0003295,user_9017046,Richard,5,Exceeded my expectations.,2023-09-09,False,POSITIVE,3,SOURCE_G_REVIEWS,reviews_2023.csv,2023-09-09T12:33:13.477386425,BATCH-G-20230909
REV-00061860,SKU-0008805,user_50517,Vickie,5,"Solid build quality, no complaints.",2023-08-07,True,POSITIVE,0,SOURCE_G_REVIEWS,reviews_2023.csv,2023-08-07T11:19:55.765588096,BATCH-G-20230807
REV-00061864,SKU-9956993,user_54411,William Holmes,4,"Solid build quality, no complaints. 👍⭐",2023-04-09,False,POSITIVE,0,SOURCE_G_REVIEWS,reviews_2023.csv,2023-04-09T22:51:11.548564619,BATCH-G-20230409
REV-00061867,SKU-9973241,,Anonymous,1,Excellent rapport qualité-prix.,2023-05-01,True,NEGATIVE,6,SOURCE_G_REVIEWS,reviews_2023.csv,2023-05-01T09:33:17.489357170,BATCH-G-20230501
REV-00061868,SKU-0001459,user_51094,Cheryl,2,"Cheaply made, broke immediately.",2023-01-15,True,NEGATIVE,2,SOURCE_G_REVIEWS,reviews_2023.csv,2023-01-16T00:20:39.633409902,BATCH-G-20230115
REV-00061875,SKU-0018502,user_1779,Mathew,4,Better than I expected for the price.,2023-12-05,True,POSITIVE,6,SOURCE_G_REVIEWS,reviews_2023.csv,2023-12-05T20:35:58.287317864,BATCH-G-20231205
REV-00061892,SKU-0018301,user_9024385,Jeffrey Berry,5,Fast delivery and great quality.,2023-12-09,False,POSITIVE,1,SOURCE_G_REVIEWS,reviews_2023.csv,2023-12-10T05:50:02.594436042,BATCH-G-20231209
REV-00061893,SKU-0001365,user_22751,Victoria,4,"Perfect gift, they loved it! 💯",2023-09-12,False,POSITIVE,5,SOURCE_G_REVIEWS,reviews_2023.csv,2023-09-12T05:14:50.573884507,BATCH-G-20230912
REV-00061896,SKU-0009093,user_9033779,Barbara Mcintyre,3,"Exactly as described, very happy.",2023-10-14,True,POSITIVE,14,SOURCE_G_REVIEWS,reviews_2023.csv,2023-10-14T04:59:25.771040393,BATCH-G-20231014
REV-00061898,SKU-0014658,user_62889,Charles Gray,2,"Poor packaging, item was defective.",2023-01-21,True,NEGATIVE,2,SOURCE_G_REVIEWS,reviews_2023.csv,2023-01-21T06:36:21.581222851,BATCH-G-20230121
REV-00061900,SKU-0013586,,Anonymous,5,Better than I expected for the price.,2023-01-03,True,POSITIVE,6,SOURCE_G_REVIEWS,reviews_2023.csv,2023-01-03T13:16:40.689132181,BATCH-G-20230103
REV-00061903,SKU-0011235,user_9028808,Robert Sanchez,5,"Exactly as described, very happy.",2023-07-13,False,POSITIVE,2,SOURCE_G_REVIEWS,reviews_2023.csv,2023-07-13T14:06:36.051723745,BATCH-G-20230713
REV-00061904,SKU-0019884,,Anonymous,4,"Absolutely love it, works perfectly!",2023-09-05,False,POSITIVE,4,SOURCE_G_REVIEWS,reviews_2023.csv,2023-09-05T12:09:06.512986658,BATCH-G-20230905
REV-00061907,SKU-0014485,user_49593,Christopher,5,&nbsp;Will definitely buy again.&nbsp;,2023-09-02,False,POSITIVE,4,SOURCE_G_REVIEWS,reviews_2023.csv,2023-09-02T02:47:14.923394302,BATCH-G-20230902
REV-00061914,SKU-0005140,,Anonymous,4,"Absolutely love it, works perfectly!",2023-03-10,True,POSITIVE,2,SOURCE_G_REVIEWS,reviews_2023.csv,2023-03-10T02:55:18.503054286,BATCH-G-20230310
REV-00061916,SKU-0015903,user_9008805,Jonathan Moss,1,Very disappointed with the quality.,2023-12-10,False,NEGATIVE,1,SOURCE_G_REVIEWS,reviews_2023.csv,2023-12-10T17:39:01.888234972,BATCH-G-20231210
REV-00061926,SKU-0016843,user_9016390,Charles Wright,2,Arrived damaged and support was unhelpful.,2023-06-11,True,NEGATIVE,0,SOURCE_G_REVIEWS,reviews_2023.csv,2023-06-11T09:14:25.878401136,BATCH-G-20230611
REV-00061942,SKU-0010599,user_9015338,Christian Hernandez,5,Highly recommend this product.,2023-12-16,False,POSITIVE,11,SOURCE_G_REVIEWS,reviews_2023.csv,2023-12-16T04:00:54.083857020,BATCH-G-20231216
REV-00061944,SKU-0009002,user_9014226,John Huerta,1,Stopped working after a week.,2023-09-17,False,NEGATIVE,5,SOURCE_G_REVIEWS,reviews_2023.csv,2023-09-18T02:27:30.877516218,BATCH-G-20230917
REV-00061947,SKU-0005914,user_39196,Tony Miller,2,"Waste of money, do not buy.",2023-11-11,False,NEGATIVE,3,SOURCE_G_REVIEWS,reviews_2023.csv,2023-11-11T11:38:23.433359795,BATCH-G-20231111
REV-00061952,SKU-0005153,,Anonymous,3,"Not bad, not great either.",2023-09-15,False,NEUTRAL,2,SOURCE_G_REVIEWS,reviews_2023.csv,2023-09-15T03:17:07.514612650,BATCH-G-20230915
REV-00061953,SKU-0018081,user_9018477,Christopher,4,Great value for money.,2023-07-23,False,POSITIVE,0,SOURCE_G_REVIEWS,reviews_2023.csv,2023-07-23T17:46:36.201552518,BATCH-G-20230723
REV-00061966,SKU-0009994,,Anonymous,5,<i>edited</i>No cumplió mis expectativas.&nbsp;,2023-06-26,True,POSITIVE,0,SOURCE_G_REVIEWS,reviews_2023.csv,2023-06-26T06:08:28.800985686,BATCH-G-20230626
REV-00061971,SKU-0013705,user_9006794,James Brady,2,"<i>edited</i>Cheaply made, broke immediately.<br>",2023-04-13,True,NEGATIVE,0,SOURCE_G_REVIEWS,reviews_2023.csv,2023-04-13T00:43:17.633716596,BATCH-G-20230413
REV-00061977,SKU-0004893,user_9001621,Jamie,5,Exceeded my expectations.,2023-12-26,False,POSITIVE,6,SOURCE_G_REVIEWS,reviews_2023.csv,2023-12-26T09:34:20.601797141,BATCH-G-20231226
REV-00062015,SKU-9900142,user_2011,Zachary Austin,5,"Exactly as described, very happy.",2023-03-08,False,POSITIVE,13,SOURCE_G_REVIEWS,reviews_2023.csv,2023-03-09T05:30:21.890026345,BATCH-G-20230308
REV-00062019,SKU-0000434,user_9003180,Peter,4,Better than I expected for the price.,2023-02-10,True,POSITIVE,0,SOURCE_G_REVIEWS,reviews_2023.csv,2023-02-11T02:13:22.082208413,BATCH-G-20230210
REV-00062022,SKU-0001791,user_9016564,Corey Walls,3,"Average quality, nothing special.",2023-03-14,True,NEUTRAL,1,SOURCE_G_REVIEWS,reviews_2023.csv,2023-03-14T20:56:18.037855545,BATCH-G-20230314
REV-00062038,SKU-0007059,user_58405,Jennifer White,1,"Cheaply made, broke immediately.",2023-09-11,True,NEGATIVE,0,SOURCE_G_REVIEWS,reviews_2023.csv,2023-09-11T17:24:30.588328628,BATCH-G-20230911
REV-00062039,SKU-0006809,user_9021911,Vincent Thomas,4,Great value for money.,2023-08-20,False,POSITIVE,4,SOURCE_G_REVIEWS,reviews_2023.csv,2023-08-20T11:45:44.683175104,BATCH-G-20230820
REV-00062045,SKU-0017992,user_9023910,Paula Hernandez,5,"Average quality, nothing special.",2023-01-25,True,NEUTRAL,1,SOURCE_G_REVIEWS,reviews_2023.csv,2023-01-25T08:39:34.838317783,BATCH-G-20230125
REV-00062052,SKU-0012308,,Anonymous,5,"Exactly as described, very happy.",2023-08-06,True,POSITIVE,0,SOURCE_G_REVIEWS,reviews_2023.csv,2023-08-06T23:12:58.569265551,BATCH-G-20230806
REV-00062064,SKU-0010721,user_9030342,Anthony Smith Jr.,5,"Exactly as described, very happy.",2023-06-28,True,POSITIVE,1,SOURCE_G_REVIEWS,reviews_2023.csv,2023-06-28T08:50:22.436746486,BATCH-G-20230628
REV-00062069,SKU-0002992,user_9020515,Dawn Alvarez,1,"Cheaply made, broke immediately.",2023-03-02,True,NEGATIVE,0,SOURCE_G_REVIEWS,reviews_2023.csv,2023-03-03T02:02:38.735306611,BATCH-G-20230302
REV-00062073,SKU-0014694,user_27896,Kenneth,3,"गुणवत्ता ठीक नहीं थी। Average quality, nothing special.",2023-02-17,True,NEUTRAL,0,SOURCE_G_REVIEWS,reviews_2023.csv,2023-02-17T23:05:28.090455244,BATCH-G-20230217
REV-00062075,SKU-9910417,user_9002831,Robert Webb,5,Highly recommend this product.,2023-06-01,True,POSITIVE,4,SOURCE_G_REVIEWS,reviews_2023.csv,2023-06-01T10:44:28.507464759,BATCH-G-20230601
REV-00062088,SKU-0017498,user_56116,Joshua Bowman,4,Great value for money.,2023-09-02,True,POSITIVE,0,SOURCE_G_REVIEWS,reviews_2023.csv,2023-09-02T13:08:00.390462132,BATCH-G-20230902
REV-00062089,SKU-0007067,,Anonymous,5,Better than I expected for the price. 😢,2023-12-08,True,POSITIVE,2,SOURCE_G_REVIEWS,reviews_2023.csv,2023-12-08T13:36:24.788129822,BATCH-G-20231208
REV-00062091,SKU-0013884,,Anonymous,5,"Exactly as described, very happy.",2023-10-17,False,POSITIVE,2,SOURCE_G_REVIEWS,reviews_2023.csv,2023-10-17T00:50:04.646361822,BATCH-G-20231017
REV-00062094,SKU-0017805,user_52537,Rebecca Johnson,5,Better than I expected for the price.,2023-07-13,True,POSITIVE,2,SOURCE_G_REVIEWS,reviews_2023.csv,2023-07-13T10:30:33.126182056,BATCH-G-20230713
REV-00062104,SKU-0004665,user_31163,Valerie Mueller,3,"Not bad, not great either.",2023-11-16,True,NEUTRAL,1,SOURCE_G_REVIEWS,reviews_2023.csv,2023-11-16T05:14:58.778379031,BATCH-G-20231116
REV-00062107,SKU-0015093,user_9010690,Jessica Ruiz,4,Better than I expected for the price.,2023-05-06,True,POSITIVE,1,SOURCE_G_REVIEWS,reviews_2023.csv,2023-05-07T01:15:43.082509127,BATCH-G-20230506
REV-00062126,SKU-0012135,user_9025856,Felicia,4,Great value for money.,2023-09-30,False,POSITIVE,1,SOURCE_G_REVIEWS,reviews_2023.csv,2023-10-06T18:00:00,BATCH-G-20230930
REV-00062136,SKU-0012521,user_36824,Amanda,5,"Absolutely love it, works perfectly!",2023-05-22,True,POSITIVE,0,SOURCE_G_REVIEWS,reviews_2023.csv,2023-05-22T01:53:26.273210622,BATCH-G-20230522
REV-00062148,SKU-0012289,,Anonymous,4,Highly recommend this product.,2023-07-08,False,POSITIVE,0,SOURCE_G_REVIEWS,reviews_2023.csv,2023-07-08T17:26:57.805968042,BATCH-G-20230708
REV-00062150,SKU-0010929,user_9032102,Samantha Melendez,1,"Poor packaging, item was defective.",2023-10-30,False,NEGATIVE,0,SOURCE_G_REVIEWS,reviews_2023.csv,2023-10-30T02:36:41.084306750,BATCH-G-20231030
REV-00062173,SKU-0001153,user_27698,Sherry,2,"   Waste  of  money,  do  not  buy.   ",2023-02-23,True,NEGATIVE,2,SOURCE_G_REVIEWS,reviews_2023.csv,2023-03-05T14:00:00,BATCH-G-20230223
REV-00062176,SKU-0008019,user_9001849,Carla,unknown,   Arrived  damaged  and  support  was  unhelpful.   ,2023-12-17,True,NEGATIVE,1,SOURCE_G_REVIEWS,reviews_2023.csv,2023-12-18T04:49:06.122502830,BATCH-G-20231217
REV-00062182,SKU-0012874,user_7555,Michael Campbell,2,Wrong item was shipped to me.,2023-03-12,True,NEGATIVE,4,SOURCE_G_REVIEWS,reviews_2023.csv,2023-03-12T23:04:51.700472205,BATCH-G-20230312
REV-00062185,SKU-0000211,,Anonymous,4,Great value for money.,2023-08-01,False,POSITIVE,2,SOURCE_G_REVIEWS,reviews_2023.csv,2023-08-01T07:38:31.382257326,BATCH-G-20230801
REV-00062204,SKU-0003145,user_9031406,Kimberly,3,"It's okay, does the job.",2023-04-06,True,NEUTRAL,4,SOURCE_G_REVIEWS,reviews_2023.csv,2023-04-06T12:53:02.461803791,BATCH-G-20230406
REV-00062205,SKU-0015273,user_32340,Katherine,5,Will definitely buy again.,2023-08-10,True,POSITIVE,2,SOURCE_G_REVIEWS,reviews_2023.csv,2023-08-10T19:58:00.957591416,BATCH-G-20230810
REV-00062226,SKU-0015290,user_8679,Jason,5,Great value for money.,2023-05-06,True,POSITIVE,1,SOURCE_G_REVIEWS,reviews_2023.csv,2023-05-06T14:04:59.785284913,BATCH-G-20230506
REV-00062243,SKU-9998592,,Anonymous,5,Great value for money.,2023-07-19,True,POSITIVE,1,SOURCE_G_REVIEWS,reviews_2023.csv,2023-07-19T04:33:42.727177819,BATCH-G-20230719
REV-00062249,SKU-0002197,user_9007883,Lori,4,Exceeded my expectations.,2023-11-14,False,POSITIVE,0,SOURCE_G_REVIEWS,reviews_2023.csv,2023-11-14T01:20:25.999327936,BATCH-G-20231114
REV-00062255,SKU-0018549,user_35246,Alicia Wolf,3,"Muy buen producto, lo recomiendo.",2023-12-02,False,NEUTRAL,0,SOURCE_G_REVIEWS,reviews_2023.csv,2023-12-02T08:13:20.819106883,BATCH-G-20231202
REV-00062256,SKU-0008065,user_9000198,Barbara Johnson,5,Exceeded my expectations.,2023-07-21,True,POSITIVE,0,SOURCE_G_REVIEWS,reviews_2023.csv,2023-07-22T05:01:51.452646208,BATCH-G-20230721
REV-00062282,SKU-0007522,user_21156,Mark Johnson,5,Will definitely buy again.,2023-07-22,False,POSITIVE,0,SOURCE_G_REVIEWS,reviews_2023.csv,2023-07-22T00:52:55.979740184,BATCH-G-20230722
REV-00062288,SKU-0003340,user_1465,Andrew,3,"Average quality, nothing special.",2023-12-26,False,NEUTRAL,7,SOURCE_G_REVIEWS,reviews_2023.csv,2023-12-26T22:16:45.871098673,BATCH-G-20231226
REV-00062292,SKU-0007540,user_9005928,James,5,null,2023-11-24,False,POSITIVE,0,SOURCE_G_REVIEWS,reviews_2023.csv,2023-11-24T20:22:49.044287682,BATCH-G-20231124
REV-00062293,SKU-0009558,user_9013745,Kari,5,Exceeded my expectations.,2023-12-28,False,POSITIVE,1,SOURCE_G_REVIEWS,reviews_2023.csv,2023-12-28T12:48:20.250602922,BATCH-G-20231228
REV-00062301,SKU-0003030,,Anonymous,3,Works fine but delivery was slow.,2023-09-18,True,NEUTRAL,0,SOURCE_G_REVIEWS,reviews_2023.csv,2023-09-18T17:03:36.456449276,BATCH-G-20230918
REV-00062316,SKU-0019667,user_9028091,Hannah Smith,4,Better than I expected for the price.,2023-09-19,False,POSITIVE,5,SOURCE_G_REVIEWS,reviews_2023.csv,2023-09-20T03:00:21.929478160,BATCH-G-20230919
REV-00062327,SKU-0005124,user_9031565,Kayla Bright,5,Better than I expected for the price.,2023-06-10,False,POSITIVE,0,SOURCE_G_REVIEWS,reviews_2023.csv,2023-06-10T04:05:14.167868281,BATCH-G-20230610
REV-00062329,SKU-0005711,user_9019470,Sarah,4,   Exceeded  my  expectations.  😡   ,2023-10-05,False,POSITIVE,0,SOURCE_G_REVIEWS,reviews_2023.csv,2023-10-05T07:15:36.997263825,BATCH-G-20231005
REV-00062337,SKU-0014242,user_9013468,Jonathan Cobb,4,"Solid build quality, no complaints.",2023-08-07,False,POSITIVE,0,SOURCE_G_REVIEWS,reviews_2023.csv,2023-08-07T02:40:14.082330264,BATCH-G-20230807
REV-00062338,SKU-0003935,user_9024726,Sean,5,Will definitely buy again.,2023-12-24,False,POSITIVE,13,SOURCE_G_REVIEWS,reviews_2023.csv,2023-12-24T22:40:32.765049273,BATCH-G-20231224
REV-00062346,SKU-0009537,user_9033615,Elizabeth Reynolds,3,"Average quality, nothing special.",2023-06-27,True,NEUTRAL,10,SOURCE_G_REVIEWS,reviews_2023.csv,2023-06-27T13:07:31.989035130,BATCH-G-20230627
REV-00062347,SKU-0014476,user_9033351,Erica House,4,Great value for money.,2023-07-14,True,POSITIVE,6,SOURCE_G_REVIEWS,reviews_2023.csv,2023-07-15T03:12:26.577366229,BATCH-G-20230714
REV-00062354,SKU-0016189,user_9026982,John,4,"Solid build quality, no complaints.",2023-12-03,True,POSITIVE,1,SOURCE_G_REVIEWS,reviews_2023.csv,2023-12-03T13:51:24.167212789,BATCH-G-20231203
REV-00062361,SKU-0006162,,Anonymous,2,Wrong item was shipped to me.,2023-03-06,True,NEGATIVE,9,SOURCE_G_REVIEWS,reviews_2023.csv,2023-03-07T03:11:49.380165398,BATCH-G-20230306
REV-00062365,SKU-0001323,user_9024904,Nicole Taylor,4,</p>Excellent rapport qualité-prix. Fast delivery and great quality.&nbsp;,2023-11-16,True,POSITIVE,10,SOURCE_G_REVIEWS,reviews_2023.csv,2023-11-16T23:07:00.263225483,BATCH-G-20231116
REV-00062379,SKU-0018225,user_9003683,Tasha Gomez,5,"   Absolutely  love  it,  works  perfectly!   ",2023-10-07,False,POSITIVE,0,SOURCE_G_REVIEWS,reviews_2023.csv,2023-10-07T20:44:48.931702526,BATCH-G-20231007
REV-00062396,SKU-9989870,user_7029,Natalie,4,Better than I expected for the price.,2023-07-30,True,POSITIVE,2,SOURCE_G_REVIEWS,reviews_2023.csv,2023-07-30T23:39:43.359032485,BATCH-G-20230730
REV-00062401,SKU-0005783,user_35819,Jeffrey,4,"Matches the description, no issues.",2023-11-20,True,NEUTRAL,5,SOURCE_G_REVIEWS,reviews_2023.csv,2023-11-20T23:33:21.166836988,BATCH-G-20231120
REV-00062414,SKU-0006911,,Anonymous,1,   Wrong  item  was  shipped  to  me.   ,2023-05-23,False,NEGATIVE,0,SOURCE_G_REVIEWS,reviews_2023.csv,2023-06-12T04:00:00,BATCH-G-20230523
REV-00062428,SKU-0015159,user_19604,Becky,4,"Perfect gift, they loved it!",2023-03-14,True,POSITIVE,2,SOURCE_G_REVIEWS,reviews_2023.csv,2023-03-14T04:34:06.261079326,BATCH-G-20230314
REV-00062431,SKU-0005196,user_48239,Jesse Jarvis,5,"<br>Exactly as described, very happy.<i>edited</i>",2023-03-08,True,POSITIVE,5,SOURCE_G_REVIEWS,reviews_2023.csv,2023-03-08T17:21:35.176032899,BATCH-G-20230308
REV-00062434,SKU-0007044,user_14177,Brian,5,"Solid build quality, no complaints.",2023-08-12,True,POSITIVE,0,SOURCE_G_REVIEWS,reviews_2023.csv,2023-08-12T06:18:57.107393045,BATCH-G-20230812
REV-00062441,SKU-0012008,user_9030351,Mary Miller,5,Better than I expected for the price. 💯😡,2023-02-18,False,POSITIVE,1,SOURCE_G_REVIEWS,reviews_2023.csv,2023-02-18T08:39:17.320700042,BATCH-G-20230218
REV-00062466,SKU-0001448,user_9056,Linda Fisher,4,null,2023-05-12,True,POSITIVE,1,SOURCE_G_REVIEWS,reviews_2023.csv,2023-05-12T05:06:14.786860648,BATCH-G-20230512
REV-00062475,SKU-0012453,user_9019460,Joyce Smith,4,Great value for money.,2023-08-15,True,POSITIVE,2,SOURCE_G_REVIEWS,reviews_2023.csv,2023-08-15T08:32:44.683145500,BATCH-G-20230815
REV-00062481,SKU-0015961,user_14110,Phillip Osborn,3,No cumplió mis expectativas.,2023-01-22,True,NEUTRAL,1,SOURCE_G_REVIEWS,reviews_2023.csv,2023-01-22T09:04:05.016085434,BATCH-G-20230122
REV-00062484,SKU-0009537,,Anonymous,5,Exceeded my expectations.,2023-08-09,True,POSITIVE,1,SOURCE_G_REVIEWS,reviews_2023.csv,2023-08-09T19:16:01.280297203,BATCH-G-20230809
REV-00062492,SKU-0009005,user_9006446,Joe,4,Better than I expected for the price.,2023-05-04,True,POSITIVE,3,SOURCE_G_REVIEWS,reviews_2023.csv,2023-05-04T07:08:33.864664812,BATCH-G-20230504
REV-00062511,SKU-0013295,,Anonymous,2, ,2023-12-09,True,NEGATIVE,2,SOURCE_G_REVIEWS,reviews_2023.csv,2023-12-09T16:42:09.276224718,BATCH-G-20231209
REV-00062523,SKU-0004312,,Anonymous,4,"Exactly as described, very happy.",2023-12-13,False,POSITIVE,5,SOURCE_G_REVIEWS,reviews_2023.csv,2023-12-13T07:02:24.851233859,BATCH-G-20231213
REV-00062531,SKU-0019082,user_9005890,Juan Watts,5,"Exactly as described, very happy.",2023-02-04,False,POSITIVE,1,SOURCE_G_REVIEWS,reviews_2023.csv,2023-02-04T13:55:37.336693570,BATCH-G-20230204
REV-00062533,SKU-0017328,user_9012619,Matthew,5,Great value for money. 😢,2023-12-03,True,POSITIVE,0,SOURCE_G_REVIEWS,reviews_2023.csv,2023-12-03T13:23:49.864376718,BATCH-G-20231203
REV-00062535,SKU-0017747,user_9019462,Amy,4,Great value for money.,2023-04-28,False,POSITIVE,1,SOURCE_G_REVIEWS,reviews_2023.csv,2023-04-28T17:29:39.521029848,BATCH-G-20230428
REV-00062536,SKU-9986407,user_52156,Valerie Kennedy,4,"Solid build quality, no complaints.",2023-01-19,True,POSITIVE,1,SOURCE_G_REVIEWS,reviews_2023.csv,2023-01-19T22:39:19.872956502,BATCH-G-20230119
REV-00062555,SKU-0005770,user_9029073,Nancy Gregory,2,Arrived damaged and support was unhelpful.,2023-03-08,True,NEGATIVE,7,SOURCE_G_REVIEWS,reviews_2023.csv,2023-03-08T11:54:03.193431777,BATCH-G-20230308
REV-00062559,SKU-0006962,user_25646,Martin Baker,5,No cumplió mis expectativas.,2023-12-06,True,POSITIVE,2,SOURCE_G_REVIEWS,reviews_2023.csv,2023-12-06T02:32:50.898465405,BATCH-G-20231206
REV-00062561,SKU-9955504,,Anonymous,5,"Exactly as described, very happy.",2023-06-05,True,POSITIVE,8,SOURCE_G_REVIEWS,reviews_2023.csv,2023-06-05T20:05:49.435320845,BATCH-G-20230605
REV-00062563,SKU-0011774,,Anonymous,2,Not as described at all.,2023-12-03,True,NEGATIVE,1,SOURCE_G_REVIEWS,reviews_2023.csv,2023-12-03T17:09:18.463123573,BATCH-G-20231203
REV-00062564,SKU-0000877,user_9034839,Dana Dean,4,Great value for money.,2023-07-04,True,POSITIVE,3,SOURCE_G_REVIEWS,reviews_2023.csv,2023-07-04T03:20:45.204714986,BATCH-G-20230704
REV-00062566,SKU-0001407,user_2699,David Richards,5,"Perfect gift, they loved it!",2023-01-29,False,POSITIVE,3,SOURCE_G_REVIEWS,reviews_2023.csv,2023-01-29T14:25:34.566964598,BATCH-G-20230129
REV-00062570,SKU-0010029,user_9009293,Marissa Hernandez,5,"Solid build quality, no complaints. 💯🙏",2023-10-05,True,POSITIVE,2,SOURCE_G_REVIEWS,reviews_2023.csv,2023-10-05T02:21:36.770298341,BATCH-G-20231005
REV-00062580,SKU-0009920,,Anonymous,3,"It's okay, does the job.",2023-04-17,False,NEUTRAL,1,SOURCE_G_REVIEWS,reviews_2023.csv,2023-04-17T03:35:05.356536653,BATCH-G-20230417
REV-00062591,SKU-0009074,user_9003531,Emily Harris,4,Great value for money.,2023-12-30,False,POSITIVE,2,SOURCE_G_REVIEWS,reviews_2023.csv,2023-12-30T19:17:15.419635282,BATCH-G-20231230
REV-00062592,SKU-0002070,user_6817,Anne,5,Highly recommend this product.,2023-05-21,True,POSITIVE,1,SOURCE_G_REVIEWS,reviews_2023.csv,2023-05-21T16:02:38.206412806,BATCH-G-20230521
REV-00062612,SKU-0003142,,Anonymous,5,"Perfect gift, they loved it!",2023-12-20,False,POSITIVE,2,SOURCE_G_REVIEWS,reviews_2023.csv,2023-12-21T02:16:10.839784472,BATCH-G-20231220
REV-00062614,SKU-0002714,user_60357,Vanessa,5,Great value for money.,2023-09-10,True,POSITIVE,4,SOURCE_G_REVIEWS,reviews_2023.csv,2023-09-11T05:34:01.941660175,BATCH-G-20230910
REV-00062616,SKU-0017260,user_31494,Virginia Anderson,5,Exceeded my expectations. 😡,2023-02-19,True,POSITIVE,14,SOURCE_G_REVIEWS,reviews_2023.csv,2023-02-20T05:08:11.713853832,BATCH-G-20230219
REV-00062628,SKU-0007742,user_9015233,Calvin Benitez,3,"Matches the description, no issues.",2023-03-21,True,NEUTRAL,7,SOURCE_G_REVIEWS,reviews_2023.csv,2023-03-21T14:35:30.809690834,BATCH-G-20230321
REV-00062636,SKU-0001724,user_18329,Jonathan Garcia,4,"Perfect gift, they loved it!",2023-04-02,False,POSITIVE,0,SOURCE_G_REVIEWS,reviews_2023.csv,2023-04-02T15:53:07.406789727,BATCH-G-20230402
REV-00062638,SKU-0001582,user_17008,Steven,3,Works fine but delivery was slow.,2023-12-18,True,NEUTRAL,1,SOURCE_G_REVIEWS,reviews_2023.csv,2023-12-18T18:00:14.613371342,BATCH-G-20231218
REV-00062652,SKU-9946910,user_9021541,Dylan Becker,2,"   Poor  packaging,  item  was  defective.   ",2023-05-27,True,NEGATIVE,11,SOURCE_G_REVIEWS,reviews_2023.csv,2023-05-28T00:11:46.007881275,BATCH-G-20230527
REV-00062653,SKU-0008026,user_288,Michael Webster,3,"It's okay, does the job.",2023-11-25,True,NEUTRAL,2,SOURCE_G_REVIEWS,reviews_2023.csv,2023-11-25T02:51:41.965401971,BATCH-G-20231125
REV-00062654,SKU-0016535,user_45122,Glenn,4,"Matches the description, no issues.",2023-10-28,False,NEUTRAL,0,SOURCE_G_REVIEWS,reviews_2023.csv,2023-10-28T13:04:44.730468320,BATCH-G-20231028
REV-00062677,SKU-0011828,user_32754,Ralph Davis,3,"Livraison très lente, déçu.",2023-07-24,True,NEUTRAL,2,SOURCE_G_REVIEWS,reviews_2023.csv,2023-07-24T18:49:10.766938666,BATCH-G-20230724
REV-00062679,SKU-0002347,user_21416,Maureen Ortiz,3,"Matches the description, no issues.",2023-01-04,True,NEUTRAL,0,SOURCE_G_REVIEWS,reviews_2023.csv,2023-01-04T06:39:12.082052686,BATCH-G-20230104
REV-00062690,SKU-0014706,,Anonymous,unknown,"Exactly as described, very happy. 😢",2023-02-07,True,POSITIVE,0,SOURCE_G_REVIEWS,reviews_2023.csv,2023-02-07T19:42:36.709796205,BATCH-G-20230207
REV-00062694,SKU-0009983,user_28461,Jennifer Brown,4,Better than I expected for the price.,2023-11-26,True,POSITIVE,3,SOURCE_G_REVIEWS,reviews_2023.csv,2023-11-26T04:47:01.713525021,BATCH-G-20231126
REV-00062699,SKU-0012843,user_39273,John,5,"Solid build quality, no complaints.",2023-06-22,True,POSITIVE,4,SOURCE_G_REVIEWS,reviews_2023.csv,2023-06-22T23:48:06.382116525,BATCH-G-20230622
REV-00062706,SKU-0017601,user_36313,Christopher Hernandez,5,</p>Better than I expected for the price. 😡</p>,2023-10-15,True,POSITIVE,2,SOURCE_G_REVIEWS,reviews_2023.csv,2023-10-15T15:27:43.621503718,BATCH-G-20231015
REV-00062710,SKU-0004739,user_9005112,Janet Rogers,4,"Absolutely love it, works perfectly!",2023-01-01,False,POSITIVE,1,SOURCE_G_REVIEWS,reviews_2023.csv,2023-01-01T17:44:59.619364281,BATCH-G-20230101
REV-00062715,SKU-0015582,user_9015079,Sara,3,"Average quality, nothing special.",2023-10-07,False,NEUTRAL,0,SOURCE_G_REVIEWS,reviews_2023.csv,2023-10-07T16:46:34.424320975,BATCH-G-20231007
REV-00062724,SKU-0012562,user_9024884,Brandon Brown,4,"गुणवत्ता ठीक नहीं थी। Perfect gift, they loved it!",2023-02-25,False,POSITIVE,7,SOURCE_G_REVIEWS,reviews_2023.csv,2023-02-25T18:01:11.465477275,BATCH-G-20230225
REV-00062729,SKU-0006523,user_6085,Ashley Luna,5,"Solid build quality, no complaints.",2023-04-02,True,POSITIVE,0,SOURCE_G_REVIEWS,reviews_2023.csv,2023-04-02T20:35:16.903738014,BATCH-G-20230402
REV-00062740,SKU-0010125,user_9022598,Rachel,5,Fast delivery and great quality.,2023-04-18,True,POSITIVE,1,SOURCE_G_REVIEWS,reviews_2023.csv,2023-04-18T12:42:00.364681992,BATCH-G-20230418
REV-00062742,SKU-0017426,user_58217,Adam,2,Stopped working after a week.,2023-01-22,True,NEGATIVE,5,SOURCE_G_REVIEWS,reviews_2023.csv,2023-01-22T05:57:48.530608414,BATCH-G-20230122
REV-00062747,SKU-0000486,user_47387,Adrian Nguyen,5,Highly recommend this product.,2023-07-24,True,POSITIVE,3,SOURCE_G_REVIEWS,reviews_2023.csv,2023-07-24T21:38:03.254884518,BATCH-G-20230724
REV-00062753,SKU-0010397,user_9015155,William,5,Will definitely buy again.,2023-04-18,True,POSITIVE,0,SOURCE_G_REVIEWS,reviews_2023.csv,2023-04-19T02:16:31.759931029,BATCH-G-20230418
REV-00062771,SKU-0015857,user_31398,Wendy Kennedy,3,"Not bad, not great either.",2023-09-12,True,NEUTRAL,7,SOURCE_G_REVIEWS,reviews_2023.csv,2023-09-12T15:15:00.361452889,BATCH-G-20230912
REV-00062777,SKU-0000993,user_32378,Tim Hughes,5,Great value for money.,2023-11-26,False,POSITIVE,1,SOURCE_G_REVIEWS,reviews_2023.csv,2023-11-26T21:56:07.682801956,BATCH-G-20231126
REV-00062778,SKU-0012304,user_30063,Kathryn,4,Not as described at all.,2023-12-05,True,NEGATIVE,3,SOURCE_G_REVIEWS,reviews_2023.csv,2023-12-05T18:43:49.486208404,BATCH-G-20231205
REV-00062797,SKU-0012807,user_39087,Courtney Stephens,5,"Solid build quality, no complaints.",2023-01-21,True,POSITIVE,2,SOURCE_G_REVIEWS,reviews_2023.csv,2023-01-21T08:54:52.987591604,BATCH-G-20230121
REV-00062808,SKU-0016885,user_9013514,Jared Hardy,3,Decent but overpriced a bit.,2023-08-20,True,NEUTRAL,3,SOURCE_G_REVIEWS,reviews_2023.csv,2023-08-21T05:51:56.292365577,BATCH-G-20230820
REV-00062811,SKU-0006135,user_9011542,Sally Smith,4,Fast delivery and great quality.,2023-01-25,True,POSITIVE,6,SOURCE_G_REVIEWS,reviews_2023.csv,2023-01-25T14:09:52.131983942,BATCH-G-20230125
REV-00062821,SKU-0017070,,Anonymous,2,Very disappointed with the quality.,2023-06-25,True,NEGATIVE,0,SOURCE_G_REVIEWS,reviews_2023.csv,2023-06-25T13:03:49.369274050,BATCH-G-20230625
REV-00062823,SKU-9988685,user_9019117,Mark Johnson,4,Great value for money.,2023-11-07,True,POSITIVE,8,SOURCE_G_REVIEWS,reviews_2023.csv,2023-11-08T03:38:20.967945439,BATCH-G-20231107
REV-00062831,SKU-0007214,,Anonymous,4,Great value for money.,2023-01-07,False,POSITIVE,0,SOURCE_G_REVIEWS,reviews_2023.csv,2023-01-07T08:51:17.236538504,BATCH-G-20230107
REV-00062837,SKU-0018617,user_9015968,Austin,2,"   Cheaply  made,  broke  immediately.   ",2023-01-23,True,NEGATIVE,2,SOURCE_G_REVIEWS,reviews_2023.csv,2023-01-23T07:56:43.122002466,BATCH-G-20230123
REV-00062850,SKU-0007964,user_9012740,Randall Baker,4,"Perfect gift, they loved it!",2023-08-02,True,POSITIVE,3,SOURCE_G_REVIEWS,reviews_2023.csv,2023-08-02T12:57:32.665816559,BATCH-G-20230802
REV-00062853,SKU-0016451,,Anonymous,3,Decent but overpriced a bit.,2023-11-08,False,NEUTRAL,3,SOURCE_G_REVIEWS,reviews_2023.csv,2023-11-08T19:18:58.591648418,BATCH-G-20231108
REV-00062856,SKU-0002142,user_44998,Bryan,4,Excellent rapport qualité-prix.,2023-12-23,False,POSITIVE,5,SOURCE_G_REVIEWS,reviews_2023.csv,2023-12-24T02:58:17.568829207,BATCH-G-20231223
REV-00062859,SKU-0010206,user_9002359,Paul,5,Highly recommend this product.,2023-03-11,True,POSITIVE,5,SOURCE_G_REVIEWS,reviews_2023.csv,2023-03-11T11:16:56.197291457,BATCH-G-20230311
REV-00062870,SKU-0008323,user_9004807,Karl Taylor,5,Great value for money.,2023-05-03,True,POSITIVE,0,SOURCE_G_REVIEWS,reviews_2023.csv,2023-05-03T22:13:19.612393594,BATCH-G-20230503
REV-00062878,SKU-9969842,user_9029379,John Kelly,5,गुणवत्ता ठीक नहीं थी।,2023-04-16,True,POSITIVE,0,SOURCE_G_REVIEWS,reviews_2023.csv,2023-04-17T01:13:52.731112895,BATCH-G-20230416
REV-00062889,SKU-0011949,,Anonymous,4,Exceeded my expectations.,2023-04-01,False,POSITIVE,0,SOURCE_G_REVIEWS,reviews_2023.csv,2023-04-01T02:55:21.096784778,BATCH-G-20230401
REV-00062891,SKU-0001998,user_9022427,Allison,5,Will definitely buy again.,2023-11-22,True,POSITIVE,3,SOURCE_G_REVIEWS,reviews_2023.csv,2023-11-22T01:29:57.999484923,BATCH-G-20231122
REV-00062892,SKU-0012328,user_9012105,Jasmine Campbell,3,"Matches the description, no issues.",2023-05-23,True,NEUTRAL,0,SOURCE_G_REVIEWS,reviews_2023.csv,2023-05-23T22:16:52.518318523,BATCH-G-20230523
REV-00062895,SKU-0010307,user_9032859,Susan Cole,2,Not as described at all.,2023-12-23,False,NEGATIVE,1,SOURCE_G_REVIEWS,reviews_2023.csv,2023-12-24T02:32:30.513226046,BATCH-G-20231223
REV-00062900,SKU-0014711,,Anonymous,3,"It's okay, does the job.",2023-01-18,True,NEUTRAL,3,SOURCE_G_REVIEWS,reviews_2023.csv,2023-01-18T04:20:42.277074318,BATCH-G-20230118
REV-00062917,SKU-0019574,user_9028017,Tracy Woodward,2,Not as described at all.,2023-03-07,False,NEGATIVE,3,SOURCE_G_REVIEWS,reviews_2023.csv,2023-03-07T05:22:38.404474696,BATCH-G-20230307
REV-00062921,SKU-9970986,user_9024411,Tonya Schmitt, ,Exceeded my expectations.,2023-04-18,True,POSITIVE,3,SOURCE_G_REVIEWS,reviews_2023.csv,2023-04-18T07:17:49.630357324,BATCH-G-20230418
REV-00062923,SKU-0004187,user_1683,Deborah,4,Will definitely buy again.,2023-07-10,False,POSITIVE,4,SOURCE_G_REVIEWS,reviews_2023.csv,2023-07-10T22:00:02.046959173,BATCH-G-20230710
REV-00062930,SKU-0000560,user_67624,Matthew Weiss,5,"Absolutely love it, works perfectly!",2023-05-08,True,POSITIVE,4,SOURCE_G_REVIEWS,reviews_2023.csv,2023-05-09T00:15:54.205359078,BATCH-G-20230508
REV-00062935,SKU-0009887,user_57670,Lynn Galvan,5,"Average quality, nothing special. 👍",2023-04-21,True,NEUTRAL,0,SOURCE_G_REVIEWS,reviews_2023.csv,2023-04-21T08:23:41.174657403,BATCH-G-20230421
REV-00062952,SKU-0001142,user_9025376,Claire,5,Better than I expected for the price.,2023-12-15,False,POSITIVE,1,SOURCE_G_REVIEWS,reviews_2023.csv,2023-12-15T20:50:27.518909619,BATCH-G-20231215
REV-00062955,SKU-0007318,user_66077,Seth,5,"Solid build quality, no complaints.",2023-11-15,False,POSITIVE,13,SOURCE_G_REVIEWS,reviews_2023.csv,2023-11-15T10:25:40.708685121,BATCH-G-20231115
REV-00062955-BOT,SKU-0007318,user_9004399,Brian Wilson,5,"Solid build quality, no complaints.",2023-11-15,False,POSITIVE,0,SOURCE_G_REVIEWS,reviews_2023.csv,2023-11-15T10:25:40.708685121,BATCH-G-20231115
REV-00062976,SKU-0011632,user_9022479,Reginald Martin,2,"Cheaply made, broke immediately.",2023-05-11,True,NEGATIVE,1,SOURCE_G_REVIEWS,reviews_2023.csv,2023-05-11T01:41:34.375659540,BATCH-G-20230511
REV-00062995,SKU-0017707,,Anonymous,4,Great value for money.,2023-05-31,True,POSITIVE,3,SOURCE_G_REVIEWS,reviews_2023.csv,2023-05-31T11:23:26.813110745,BATCH-G-20230531
REV-00062996,SKU-0019966,user_9031641,Carrie Black,4,Will definitely buy again. 🔥,2023-02-20,True,POSITIVE,0,SOURCE_G_REVIEWS,reviews_2023.csv,2023-02-20T11:07:14.353904317,BATCH-G-20230220
REV-00063000,SKU-0016881,,Anonymous,5,Better than I expected for the price. 😢🙏,2023-06-08,False,POSITIVE,6,SOURCE_G_REVIEWS,reviews_2023.csv,2023-06-08T15:43:36.825067034,BATCH-G-20230608
REV-00063007,SKU-0002171,user_9002468,Evan,NULL,Exceeded my expectations.,2023-09-19,True,POSITIVE,3,SOURCE_G_REVIEWS,reviews_2023.csv,2023-09-20T01:45:56.649911682,BATCH-G-20230919
REV-00063015,SKU-0001401,user_61940,Stanley,5,"Exactly as described, very happy.",2023-01-10,True,POSITIVE,2,SOURCE_G_REVIEWS,reviews_2023.csv,2023-01-10T19:11:57.590012341,BATCH-G-20230110
REV-00063017,SKU-0009951,,Anonymous,4,Better than I expected for the price.,2023-02-03,True,POSITIVE,1,SOURCE_G_REVIEWS,reviews_2023.csv,2023-02-04T04:20:41.356622825,BATCH-G-20230203
REV-00063029,SKU-0013849,user_43619,Adrian Martinez,5,Fast delivery and great quality.,2023-10-29,True,POSITIVE,2,SOURCE_G_REVIEWS,reviews_2023.csv,2023-10-30T05:13:57.811834893,BATCH-G-20231029
REV-00063030,SKU-0005255,user_9005784,David,5,"Perfect gift, they loved it!",2023-01-21,False,POSITIVE,5,SOURCE_G_REVIEWS,reviews_2023.csv,2023-01-21T03:46:11.625419714,BATCH-G-20230121
REV-00063033,SKU-0016833,,Anonymous,3,Works fine but delivery was slow.,2023-09-11,False,NEUTRAL,11,SOURCE_G_REVIEWS,reviews_2023.csv,2023-09-11T18:00:54.917787074,BATCH-G-20230911
REV-00063042,SKU-0019553,user_15275,Cristian,2,"Muy buen producto, lo recomiendo.",2023-02-26,False,NEGATIVE,2,SOURCE_G_REVIEWS,reviews_2023.csv,2023-02-26T03:27:02.094174254,BATCH-G-20230226
REV-00063043,SKU-0018559,user_29517,Deborah Irwin,2,Arrived damaged and support was unhelpful.,2023-04-22,False,NEGATIVE,7,SOURCE_G_REVIEWS,reviews_2023.csv,2023-04-22T20:12:06.174944899,BATCH-G-20230422
REV-00063048,SKU-0018024,user_9024932,Kimberly,4,Better than I expected for the price.,2023-11-28,False,POSITIVE,0,SOURCE_G_REVIEWS,reviews_2023.csv,2023-11-29T01:29:00.091536290,BATCH-G-20231128
REV-00063054,SKU-9949946,user_9013235,Jason Norris,5,"Absolutely love it, works perfectly!",2023-12-25,True,POSITIVE,3,SOURCE_G_REVIEWS,reviews_2023.csv,2023-12-25T10:39:06.334706736,BATCH-G-20231225
REV-00063055,SKU-0017680,user_9011824,Patrick,3,Works fine but delivery was slow.,2023-11-23,True,NEUTRAL,3,SOURCE_G_REVIEWS,reviews_2023.csv,2023-11-23T21:10:42.306596471,BATCH-G-20231123
REV-00063068,SKU-0010740,,Anonymous,5,Exceeded my expectations.,2023-06-28,True,POSITIVE,2,SOURCE_G_REVIEWS,reviews_2023.csv,2023-06-28T19:19:41.080943721,BATCH-G-20230628
REV-00063068-BOT,SKU-0010740,user_9023761,Thomas Dickerson,5,Exceeded my expectations.,2023-06-28,False,POSITIVE,0,SOURCE_G_REVIEWS,reviews_2023.csv,2023-06-28T19:19:41.080943721,BATCH-G-20230628
REV-00063089,SKU-0015424,user_12440,Jennifer Wilson,5,Will definitely buy again.,2023-12-08,True,POSITIVE,16,SOURCE_G_REVIEWS,reviews_2023.csv,2023-12-09T05:48:34.928699952,BATCH-G-20231208
REV-00063090,SKU-0003779,user_9025567,Rachel Gallegos,4,Exceeded my expectations.,2023-07-20,True,POSITIVE,0,SOURCE_G_REVIEWS,reviews_2023.csv,2023-07-20T17:51:23.309023371,BATCH-G-20230720
REV-00063097,SKU-0020157,user_9029969,Sarah Watkins,4,"Exactly as described, very happy.",2023-10-26,True,POSITIVE,1,SOURCE_G_REVIEWS,reviews_2023.csv,2023-10-26T22:15:41.471851739,BATCH-G-20231026
REV-00063099,SKU-9996827,user_9034737,David Vazquez,5,Fast delivery and great quality.,2023-04-16,False,POSITIVE,0,SOURCE_G_REVIEWS,reviews_2023.csv,2023-04-16T17:17:15.032417959,BATCH-G-20230416
REV-00063103,SKU-0008152,user_9009786,Mark,5,"Absolutely love it, works perfectly!",2023-11-27,True,POSITIVE,3,SOURCE_G_REVIEWS,reviews_2023.csv,2023-11-27T11:38:01.790403520,BATCH-G-20231127
REV-00063108,SKU-0013093,user_9015653,Colleen Armstrong,1,Arrived damaged and support was unhelpful.,2023-08-22,False,NEGATIVE,4,SOURCE_G_REVIEWS,reviews_2023.csv,2023-08-22T13:50:01.713667349,BATCH-G-20230822
REV-00063109,SKU-0010140,user_50420,Mrs.,4,Exceeded my expectations.,2023-11-26,True,POSITIVE,1,SOURCE_G_REVIEWS,reviews_2023.csv,2023-11-26T17:41:09.288561694,BATCH-G-20231126
REV-00063111,SKU-0016651,user_23275,Philip,5,Better than I expected for the price.,2023-07-31,True,POSITIVE,6,SOURCE_G_REVIEWS,reviews_2023.csv,2023-07-31T07:46:29.390062722,BATCH-G-20230731
REV-00063119,SKU-0012861,user_9018239,Amanda,4,"Perfect gift, they loved it!",2023-02-04,False,POSITIVE,0,SOURCE_G_REVIEWS,reviews_2023.csv,2023-02-04T23:56:31.064072661,BATCH-G-20230204
REV-00063128,SKU-0008532,user_33728,Kimberly Valencia,5,"Perfect gift, they loved it!",2023-12-03,True,POSITIVE,4,SOURCE_G_REVIEWS,reviews_2023.csv,2023-12-03T12:15:12.194493507,BATCH-G-20231203
REV-00063134,SKU-0000468,,Anonymous,5,Great value for money.,2023-02-14,False,POSITIVE,0,SOURCE_G_REVIEWS,reviews_2023.csv,2023-02-14T02:16:57.876895915,BATCH-G-20230214
REV-00063134-DUP,SKU-0000468,,Anonymous,5,Great value for money.,2023-02-14,False,POSITIVE,0,SOURCE_G_REVIEWS,reviews_2023.csv,2023-02-14T02:21:57.876895915,BATCH-G-20230214
REV-00063142,SKU-0001547,user_2662,Robert Espinoza,4,"Livraison très lente, déçu.",2023-02-02,True,POSITIVE,0,SOURCE_G_REVIEWS,reviews_2023.csv,2023-02-02T07:57:15.839345718,BATCH-G-20230202
REV-00063147,SKU-0008947,user_62798,Christopher Flores,5,"Exactly as described, very happy.",2023-12-21,True,POSITIVE,8,SOURCE_G_REVIEWS,reviews_2023.csv,2023-12-21T01:33:12.140959319,BATCH-G-20231221
REV-00063151,SKU-9903541,user_11271,Maria,3,"Not bad, not great either.",2023-01-14,False,NEUTRAL,2,SOURCE_G_REVIEWS,reviews_2023.csv,2023-01-14T23:19:50.161431922,BATCH-G-20230114
REV-00063156,SKU-0014665,user_65356,Justin,3,"Not bad, not great either.",2023-01-28,False,NEUTRAL,0,SOURCE_G_REVIEWS,reviews_2023.csv,2023-01-28T18:46:46.051740899,BATCH-G-20230128
REV-00063175,SKU-0016415,user_32358,Steven Miranda,5,Highly recommend this product.,2023-11-11,False,POSITIVE,0,SOURCE_G_REVIEWS,reviews_2023.csv,2023-11-11T15:17:10.666337668,BATCH-G-20231111
REV-00063180,SKU-0008237,user_9003002,Katherine,3,"Average quality, nothing special.",2023-09-20,True,NEUTRAL,1,SOURCE_G_REVIEWS,reviews_2023.csv,2023-09-20T01:43:03.540684638,BATCH-G-20230920
REV-00063182,SKU-0001789,user_9032393,Lindsey,2,"Waste of money, do not buy.",2023-07-16,True,NEGATIVE,0,SOURCE_G_REVIEWS,reviews_2023.csv,2023-07-17T01:48:18.915413397,BATCH-G-20230716
REV-00063190,SKU-0001533,user_9026483,Jose,4,<p>Exceeded my expectations.<p>,2023-09-04,False,POSITIVE,0,SOURCE_G_REVIEWS,reviews_2023.csv,2023-09-04T05:33:00.188809046,BATCH-G-20230904
REV-00063199,SKU-0019931,user_14946,Raymond Hopkins,3,"Average quality, nothing special.",2023-10-12,True,NEUTRAL,10,SOURCE_G_REVIEWS,reviews_2023.csv,2023-10-12T02:02:24.300867396,BATCH-G-20231012
REV-00063202,SKU-9925748,,Anonymous,Unknown,Decent but overpriced a bit.,2023-01-01,False,NEUTRAL,0,SOURCE_G_REVIEWS,reviews_2023.csv,2023-01-01T00:55:53.407397420,BATCH-G-20230101
REV-00063215,SKU-0003454,,Anonymous,4,"Absolutely love it, works perfectly!",2023-02-18,True,POSITIVE,0,SOURCE_G_REVIEWS,reviews_2023.csv,2023-02-18T03:11:09.171514335,BATCH-G-20230218
REV-00063221,SKU-0006668,user_9009115,Stephanie Moore,4,"Solid build quality, no complaints.",2023-11-26,True,POSITIVE,0,SOURCE_G_REVIEWS,reviews_2023.csv,2023-11-26T06:36:41.404694136,BATCH-G-20231126
REV-00063228,SKU-0001641,,Anonymous,4,"Exactly as described, very happy.",2023-02-26,True,POSITIVE,0,SOURCE_G_REVIEWS,reviews_2023.csv,2023-02-26T11:24:23.666682705,BATCH-G-20230226
REV-00063250,SKU-0010078,user_23184,Veronica Peck,1,Wrong item was shipped to me.,2023-04-16,True,NEGATIVE,2,SOURCE_G_REVIEWS,reviews_2023.csv,2023-04-16T11:44:26.018948622,BATCH-G-20230416
REV-00063256,SKU-0007227,user_36410,Sarah Reynolds,5,"बहुत अच्छा उत्पाद है, पैसा वसूल! 🔥",2023-02-11,True,POSITIVE,7,SOURCE_G_REVIEWS,reviews_2023.csv,2023-02-11T18:59:05.230246873,BATCH-G-20230211
REV-00063262,SKU-0005219,user_53937,Alyssa Hickman,4,"Perfect gift, they loved it!",2023-10-09,False,POSITIVE,0,SOURCE_G_REVIEWS,reviews_2023.csv,2023-10-09T15:27:18.867977038,BATCH-G-20231009
REV-00063263,SKU-0009529,user_9031666,Sharon Lester,5,Fast delivery and great quality.,2023-03-14,False,POSITIVE,0,SOURCE_G_REVIEWS,reviews_2023.csv,2023-03-15T05:15:11.527921289,BATCH-G-20230314
REV-00063269,SKU-0003335,,Anonymous,4,<i>edited</i>Better than I expected for the price.&nbsp;,2023-07-26,False,POSITIVE,1,SOURCE_G_REVIEWS,reviews_2023.csv,2023-07-27T01:52:03.159344708,BATCH-G-20230726
REV-00063277,SKU-0007107,user_9030272,Jennifer Stafford,4,"Absolutely love it, works perfectly! 😢",2023-01-17,True,POSITIVE,1,SOURCE_G_REVIEWS,reviews_2023.csv,2023-01-17T19:50:47.648757043,BATCH-G-20230117
REV-00063287,SKU-0001989,user_9016589,Brittany Parsons,5,Highly recommend this product.,2023-12-31,True,POSITIVE,9,SOURCE_G_REVIEWS,reviews_2023.csv,2023-12-31T10:42:49.513773420,BATCH-G-20231231
REV-00063302,SKU-9913471,user_9023567,Tamara Long,5,"Solid build quality, no complaints.",2023-06-10,False,POSITIVE,4,SOURCE_G_REVIEWS,reviews_2023.csv,2023-06-10T05:36:10.076331946,BATCH-G-20230610
REV-00063317,SKU-0006587,user_9018640,Michael,4,NA,2023-04-09,True,POSITIVE,3,SOURCE_G_REVIEWS,reviews_2023.csv,2023-04-09T20:10:03.964569751,BATCH-G-20230409
REV-00063335,SKU-0002732,user_9017465,Mary Herrera,2,Not as described at all.,2023-01-22,True,NEGATIVE,3,SOURCE_G_REVIEWS,reviews_2023.csv,2023-01-22T20:35:51.030431442,BATCH-G-20230122
REV-00063350,SKU-0004937,user_9027829,James Le,4,"Absolutely love it, works perfectly!",2023-03-21,False,POSITIVE,0,SOURCE_G_REVIEWS,reviews_2023.csv,2023-03-21T01:12:29.310001899,BATCH-G-20230321
REV-00063355,SKU-9967715,user_9017503,Jenna Wong,1,Not as described at all.,2023-01-11,True,NEGATIVE,2,SOURCE_G_REVIEWS,reviews_2023.csv,2023-01-12T02:40:54.428827365,BATCH-G-20230111
REV-00063355-BOT,SKU-9967715,user_41841,David,1,Not as described at all.,2023-01-11,False,NEGATIVE,0,SOURCE_G_REVIEWS,reviews_2023.csv,2023-01-12T02:40:54.428827365,BATCH-G-20230111
REV-00063363,SKU-0011565,user_9029335,Mark Garcia,4,Exceeded my expectations.,2023-11-14,False,POSITIVE,1,SOURCE_G_REVIEWS,reviews_2023.csv,2023-11-15T02:54:15.929282321,BATCH-G-20231114
REV-00063370,SKU-0007368,user_7089,Linda,4,Highly recommend this product.,2023-08-22,True,POSITIVE,2,SOURCE_G_REVIEWS,reviews_2023.csv,2023-08-22T15:47:47.143437939,BATCH-G-20230822
REV-00063375,SKU-0003738,user_31487,Renee Smith,4,Fast delivery and great quality.,2023-03-25,False,POSITIVE,1,SOURCE_G_REVIEWS,reviews_2023.csv,2023-03-26T04:02:27.498129862,BATCH-G-20230325
REV-00063382,SKU-0007311,user_6654,Jonathan Griffin,4,Will definitely buy again.,2023-12-22,True,POSITIVE,2,SOURCE_G_REVIEWS,reviews_2023.csv,2023-12-22T16:25:34.755414862,BATCH-G-20231222
REV-00063386,SKU-0010051,,Anonymous,2,"Perfect gift, they loved it!",2023-02-19,True,POSITIVE,17,SOURCE_G_REVIEWS,reviews_2023.csv,2023-02-19T21:34:50.319408676,BATCH-G-20230219
REV-00063389,SKU-0010834,user_6684,Gary Best,5,Exceeded my expectations.,2023-03-10,False,POSITIVE,2,SOURCE_G_REVIEWS,reviews_2023.csv,2023-03-10T01:33:09.481314275,BATCH-G-20230310
REV-00063399,SKU-0000816,user_9016613,Molly Sanders,5,Excellent rapport qualité-prix.,2023-10-27,True,POSITIVE,0,SOURCE_G_REVIEWS,reviews_2023.csv,2023-10-27T19:38:24.722300229,BATCH-G-20231027
REV-00063413,SKU-0009339,,Anonymous,5,Better than I expected for the price.,2023-02-25,False,POSITIVE,3,SOURCE_G_REVIEWS,reviews_2023.csv,2023-02-25T11:19:30.310879199,BATCH-G-20230225
REV-00063421,SKU-0020054,user_46759,Derek,4,Great value for money.,2023-01-16,True,POSITIVE,4,SOURCE_G_REVIEWS,reviews_2023.csv,2023-01-16T18:20:52.553339870,BATCH-G-20230116
REV-00063424,SKU-0007311,user_9012857,Alicia Boone,4,Fast delivery and great quality.,2023-10-10,False,POSITIVE,3,SOURCE_G_REVIEWS,reviews_2023.csv,2023-10-10T08:00:23.285557116,BATCH-G-20231010
REV-00063425,SKU-0006796,user_5976,Robert Bailey,5,"Solid build quality, no complaints.",2023-12-13,True,POSITIVE,0,SOURCE_G_REVIEWS,reviews_2023.csv,2023-12-13T13:18:43.698555777,BATCH-G-20231213
REV-00063432,SKU-0002017,,Anonymous,3,Works fine but delivery was slow.,2023-08-28,True,NEUTRAL,3,SOURCE_G_REVIEWS,reviews_2023.csv,2023-08-29T00:34:38.274228977,BATCH-G-20230828
REV-00063455,SKU-0009809,user_61616,Debbie,,"Solid build quality, no complaints.",2023-03-13,False,POSITIVE,0,SOURCE_G_REVIEWS,reviews_2023.csv,2023-03-13T07:59:59.495864351,BATCH-G-20230313
REV-00063458,SKU-0004965,user_9009166,Kelsey,5,"   Exactly  as  described,  very  happy.   ",2023-07-04,True,POSITIVE,1,SOURCE_G_REVIEWS,reviews_2023.csv,2023-07-04T06:59:03.808774636,BATCH-G-20230704
REV-00063460,SKU-0017694,,Anonymous,5,"Muy buen producto, lo recomiendo.",2023-04-06,False,POSITIVE,1,SOURCE_G_REVIEWS,reviews_2023.csv,2023-04-06T10:09:05.825506624,BATCH-G-20230406
REV-00063468,SKU-0002115,user_9028415,Brian,4,No cumplió mis expectativas. Great value for money. 💯,2023-08-31,False,POSITIVE,0,SOURCE_G_REVIEWS,reviews_2023.csv,2023-08-31T20:17:15.228016927,BATCH-G-20230831
REV-00063484,SKU-0003072,user_9033710,Andrew Zuniga,1,Arrived damaged and support was unhelpful.,2023-05-08,False,NEGATIVE,6,SOURCE_G_REVIEWS,reviews_2023.csv,2023-05-08T20:48:41.084638147,BATCH-G-20230508
REV-00063485,SKU-0013625,,Anonymous,5,Will definitely buy again.,2023-09-25,True,POSITIVE,3,SOURCE_G_REVIEWS,reviews_2023.csv,2023-09-25T09:02:36.301967082,BATCH-G-20230925
REV-00063494,SKU-0015406,user_9004384,Allison Chambers,5,Highly recommend this product.,2023-05-12,True,POSITIVE,0,SOURCE_G_REVIEWS,reviews_2023.csv,2023-05-12T14:24:46.205203523,BATCH-G-20230512
REV-00063508,SKU-0006258,user_38802,Judy Lin,5,"Solid build quality, no complaints.",2023-05-16,False,POSITIVE,1,SOURCE_G_REVIEWS,reviews_2023.csv,2023-05-16T04:32:05.089526647,BATCH-G-20230516
REV-00063520,SKU-0006451,user_64673,Dennis Boyd,4,   Great  value  for  money.   ,2023-09-12,False,POSITIVE,2,SOURCE_G_REVIEWS,reviews_2023.csv,2023-09-12T00:40:11.257129002,BATCH-G-20230912
REV-00063530,SKU-9973447,user_9018711,Mr. Michael Rodriguez,5,Will definitely buy again.,2023-07-15,False,POSITIVE,0,SOURCE_G_REVIEWS,reviews_2023.csv,2023-07-15T05:59:55.223481831,BATCH-G-20230715
REV-00063535,SKU-0006390,user_25876,Jennifer Parsons,4,Great value for money.,2023-05-01,True,POSITIVE,1,SOURCE_G_REVIEWS,reviews_2023.csv,2023-05-02T03:36:22.457573161,BATCH-G-20230501
REV-00063538,SKU-0006618,,Anonymous,4,Great value for money.,2023-07-14,False,POSITIVE,8,SOURCE_G_REVIEWS,reviews_2023.csv,2023-07-15T04:42:03.357671052,BATCH-G-20230714
REV-00063547,SKU-0017622,user_36140,Lindsay Burke,4,"Absolutely love it, works perfectly!",2023-02-08,False,POSITIVE,0,SOURCE_G_REVIEWS,reviews_2023.csv,2023-02-08T20:41:52.217569218,BATCH-G-20230208
REV-00063550,SKU-0016039,,Anonymous,5,Better than I expected for the price. 👍,2023-06-07,False,POSITIVE,3,SOURCE_G_REVIEWS,reviews_2023.csv,2023-06-07T12:12:37.438240073,BATCH-G-20230607
REV-00063550-DUP,SKU-0016039,,Anonymous,5,Better than I expected for the price. 👍,2023-06-07,False,POSITIVE,3,SOURCE_G_REVIEWS,reviews_2023.csv,2023-06-07T13:05:37.438240073,BATCH-G-20230607
REV-00063554,SKU-0003904,user_9034283,Julia Morales,4,"Muy buen producto, lo recomiendo.",2023-04-16,True,POSITIVE,5,SOURCE_G_REVIEWS,reviews_2023.csv,2023-04-16T12:50:13.028417197,BATCH-G-20230416
REV-00063556,SKU-0014756,user_9019947,William Ibarra DDS,5,"Absolutely love it, works perfectly!",2023-01-06,False,POSITIVE,1,SOURCE_G_REVIEWS,reviews_2023.csv,2023-01-07T00:35:15.641518437,BATCH-G-20230106
REV-00063570,SKU-0000225,,Anonymous,3,"It's okay, does the job.",2023-08-30,True,NEUTRAL,0,SOURCE_G_REVIEWS,reviews_2023.csv,2023-08-30T21:40:37.038940475,BATCH-G-20230830
REV-00063575,SKU-0006820,user_37244,Taylor Warren,5,Will definitely buy again.,2023-11-29,True,POSITIVE,0,SOURCE_G_REVIEWS,reviews_2023.csv,2023-11-29T14:10:10.292658274,BATCH-G-20231129
REV-00063577,SKU-9921431,,Anonymous,3,"It's okay, does the job.",2023-02-26,False,NEUTRAL,11,SOURCE_G_REVIEWS,reviews_2023.csv,2023-02-26T03:16:12.813992120,BATCH-G-20230226
REV-00063579,SKU-0010093,,Anonymous,5,Better than I expected for the price.,2023-06-20,True,POSITIVE,1,SOURCE_G_REVIEWS,reviews_2023.csv,2023-06-20T10:49:21.261961821,BATCH-G-20230620
REV-00063582,SKU-0002722,user_53194,Ryan,3,"Matches the description, no issues.",2023-03-07,True,NEUTRAL,0,SOURCE_G_REVIEWS,reviews_2023.csv,2023-03-07T08:41:32.479396023,BATCH-G-20230307
REV-00063589,SKU-0000492,user_39969,Mrs. Lisa Baker MD,4,Exceeded my expectations.,2023-05-17,False,POSITIVE,2,SOURCE_G_REVIEWS,reviews_2023.csv,2023-05-17T20:08:40.106321138,BATCH-G-20230517
REV-00063591,SKU-0015273,user_40026,Olivia Little,5,Fast delivery and great quality.,2023-02-19,True,POSITIVE,13,SOURCE_G_REVIEWS,reviews_2023.csv,2023-02-19T21:02:32.487004488,BATCH-G-20230219
REV-00063593,SKU-0004632,user_39461,Jeanette Crane MD,5,Highly recommend this product.,2023-04-22,False,POSITIVE,3,SOURCE_G_REVIEWS,reviews_2023.csv,2023-04-23T04:31:58.145881687,BATCH-G-20230422
REV-00063595,SKU-0019967,user_67832,Erica,5,No cumplió mis expectativas.,2023-11-24,False,POSITIVE,1,SOURCE_G_REVIEWS,reviews_2023.csv,2023-11-25T00:13:04.942984299,BATCH-G-20231124
REV-00063597,SKU-0015297,,Anonymous,5,"Muy buen producto, lo recomiendo.",2023-01-03,True,POSITIVE,6,SOURCE_G_REVIEWS,reviews_2023.csv,2023-01-03T01:17:07.021859198,BATCH-G-20230103
REV-00063611,SKU-0001641,,Anonymous,4,"Solid build quality, no complaints.",2023-02-05,False,POSITIVE,2,SOURCE_G_REVIEWS,reviews_2023.csv,2023-02-06T00:37:35.587043763,BATCH-G-20230205
REV-00063616,SKU-0019352,,Anonymous,3,"Not bad, not great either.",2023-11-12,True,NEUTRAL,0,SOURCE_G_REVIEWS,reviews_2023.csv,2023-11-13T04:04:03.947326624,BATCH-G-20231112
REV-00063617,SKU-0016934,user_9021990,Luis Reese,1,   Not  as  described  at  all.   ,2023-05-05,False,NEGATIVE,4,SOURCE_G_REVIEWS,reviews_2023.csv,2023-05-05T20:38:59.812295726,BATCH-G-20230505
REV-00063619,SKU-0015845,user_18120,Stephanie,4,<b>Update:</b>Fast delivery and great quality.<p>,2023-11-25,False,POSITIVE,0,SOURCE_G_REVIEWS,reviews_2023.csv,2023-11-25T19:16:03.528423670,BATCH-G-20231125
REV-00063620,SKU-0006738,,Anonymous,1,"   Cheaply  made,  broke  immediately.   ",2023-08-17,False,NEGATIVE,3,SOURCE_G_REVIEWS,reviews_2023.csv,2023-08-17T18:48:38.903412265,BATCH-G-20230817
REV-00063624,SKU-0009883,user_11737,Joe,2,Arrived damaged and support was unhelpful.,2023-11-05,True,NEGATIVE,1,SOURCE_G_REVIEWS,reviews_2023.csv,2023-11-05T14:35:40.087486416,BATCH-G-20231105
REV-00063647,SKU-0014801,user_19615,Thomas,4,   Exceeded  my  expectations.   ,2023-04-10,False,POSITIVE,0,SOURCE_G_REVIEWS,reviews_2023.csv,2023-04-10T14:11:57.376236190,BATCH-G-20230410
REV-00063648,SKU-0011588,user_9021116,Elizabeth,4,"Solid build quality, no complaints. 🔥",2023-07-13,True,POSITIVE,0,SOURCE_G_REVIEWS,reviews_2023.csv,2023-07-14T04:07:52.037000306,BATCH-G-20230713
REV-00063651,SKU-0007560,user_58588,Matthew,5,"Exactly as described, very happy.",2023-12-18,True,POSITIVE,2,SOURCE_G_REVIEWS,reviews_2023.csv,2023-12-18T06:36:14.210055787,BATCH-G-20231218
REV-00063655,SKU-0010764,user_69440,Raymond Perez,4,Excellent rapport qualité-prix.,2023-08-19,True,POSITIVE,0,SOURCE_G_REVIEWS,reviews_2023.csv,2023-08-19T12:31:48.408024640,BATCH-G-20230819
REV-00063659,SKU-0008822,user_9003548,Cody Wallace,5,Better than I expected for the price.,2023-10-30,False,POSITIVE,1,SOURCE_G_REVIEWS,reviews_2023.csv,2023-10-30T05:00:35.788211502,BATCH-G-20231030
REV-00063660,SKU-0018381,user_9031960,Tracey Lewis,4,"Perfect gift, they loved it!",2023-04-27,False,POSITIVE,4,SOURCE_G_REVIEWS,reviews_2023.csv,2023-04-27T09:41:59.816080996,BATCH-G-20230427
REV-00063662,SKU-0009613,user_9020046,Angel Smith,5,"   Solid  build  quality,  no  complaints.   ",2023-09-30,True,POSITIVE,2,SOURCE_G_REVIEWS,reviews_2023.csv,2023-09-30T19:56:24.703437302,BATCH-G-20230930
REV-00063690,SKU-0005317,,Anonymous,4,Arrived damaged and support was unhelpful.,2023-11-28,False,NEGATIVE,1,SOURCE_G_REVIEWS,reviews_2023.csv,2023-11-28T14:47:10.452409845,BATCH-G-20231128
REV-00063694,SKU-0000793,user_57562,James Wade,4,Better than I expected for the price.,2023-02-11,False,POSITIVE,1,SOURCE_G_REVIEWS,reviews_2023.csv,2023-02-11T16:27:12.476761161,BATCH-G-20230211
REV-00063700,SKU-0017452,,Anonymous,4,"Exactly as described, very happy.",2023-03-27,True,POSITIVE,9,SOURCE_G_REVIEWS,reviews_2023.csv,2023-03-28T04:30:10.605454778,BATCH-G-20230327
REV-00063702,SKU-0003588,user_9015145,Edwin Jones,3,"Not bad, not great either.",2023-12-23,True,NEUTRAL,2,SOURCE_G_REVIEWS,reviews_2023.csv,2023-12-23T11:00:36.025439673,BATCH-G-20231223
REV-00063703,SKU-0009007,user_46895,Kristy,4,"Perfect gift, they loved it!",2023-12-07,True,POSITIVE,4,SOURCE_G_REVIEWS,reviews_2023.csv,2023-12-07T15:00:36.109980422,BATCH-G-20231207
REV-00063711,SKU-0019041,user_9017558,Rachel,4,Better than I expected for the price.,2023-04-13,False,POSITIVE,1,SOURCE_G_REVIEWS,reviews_2023.csv,2023-04-14T05:08:13.370136969,BATCH-G-20230413
REV-00063715,SKU-0003600,user_3701,Anne English,2,Not as described at all.,2023-08-17,False,NEGATIVE,1,SOURCE_G_REVIEWS,reviews_2023.csv,2023-08-17T16:27:10.084699534,BATCH-G-20230817
REV-00063718,SKU-0015130,user_4985,Jessica,1,Stopped working after a week.,2023-10-16,True,NEGATIVE,0,SOURCE_G_REVIEWS,reviews_2023.csv,2023-10-16T04:18:43.711571601,BATCH-G-20231016
REV-00063719,SKU-0006065,,Anonymous,5,Great value for money.,2023-12-24,False,POSITIVE,2,SOURCE_G_REVIEWS,reviews_2023.csv,2023-12-24T21:04:45.469816930,BATCH-G-20231224
REV-00063727,SKU-0017132,user_65893,Robert Rodriguez,5,"Absolutely love it, works perfectly!",2023-01-01,False,POSITIVE,1,SOURCE_G_REVIEWS,reviews_2023.csv,2023-01-01T15:24:05.358681490,BATCH-G-20230101
REV-00063737,SKU-0001895,user_9012495,Elizabeth Love,4,Great value for money. 😡👍,2023-01-16,True,POSITIVE,0,SOURCE_G_REVIEWS,reviews_2023.csv,2023-01-16T19:07:15.020532668,BATCH-G-20230116
REV-00063739,SKU-0019253,user_68049,Matthew Santos,NA,No cumplió mis expectativas. Highly recommend this product.,2023-01-02,True,POSITIVE,2,SOURCE_G_REVIEWS,reviews_2023.csv,2023-01-02T03:52:44.312336914,BATCH-G-20230102
REV-00063746,SKU-9976005,,Anonymous,4,</p>Highly recommend this product.&nbsp;,2023-08-10,True,POSITIVE,2,SOURCE_G_REVIEWS,reviews_2023.csv,2023-08-10T02:05:32.971145175,BATCH-G-20230810
REV-00063750,SKU-9971026,user_9013409,Thomas Wilson,unknown,Highly recommend this product.,2023-08-18,False,POSITIVE,18,SOURCE_G_REVIEWS,reviews_2023.csv,2023-08-19T04:55:31.926616885,BATCH-G-20230818
REV-00063753,SKU-0004151,user_9018181,Wendy Turner,5,"Perfect gift, they loved it!",2023-09-09,True,POSITIVE,0,SOURCE_G_REVIEWS,reviews_2023.csv,2023-09-10T05:55:08.787714541,BATCH-G-20230909
REV-00063762,SKU-0002113,user_9033634,Christopher,5,"Exactly as described, very happy.",2023-01-06,False,POSITIVE,2,SOURCE_G_REVIEWS,reviews_2023.csv,2023-01-06T15:03:48.881765921,BATCH-G-20230106
REV-00063764,SKU-0013353,user_9027054,Howard Frazier,5,"   Absolutely  love  it,  works  perfectly!   ",2023-06-08,True,POSITIVE,4,SOURCE_G_REVIEWS,reviews_2023.csv,2023-06-08T02:31:17.817635164,BATCH-G-20230608
REV-00063765,SKU-0009249,,Anonymous,5,"Muy buen producto, lo recomiendo.",2023-12-07,False,POSITIVE,1,SOURCE_G_REVIEWS,reviews_2023.csv,2023-12-07T13:51:12.284701853,BATCH-G-20231207
REV-00063771,SKU-0018896,user_15843,Charles,4,   Exceeded  my  expectations.   ,2023-09-19,True,POSITIVE,5,SOURCE_G_REVIEWS,reviews_2023.csv,2023-09-19T04:10:16.456589179,BATCH-G-20230919
REV-00063773,SKU-0002520,user_9033983,Amber,3,Decent but overpriced a bit.,2023-01-12,False,NEUTRAL,4,SOURCE_G_REVIEWS,reviews_2023.csv,2023-01-13T04:54:24.618472189,BATCH-G-20230112
REV-00063779,SKU-0019526,user_9027061,Kyle,3,"It's okay, does the job.",2023-01-15,True,NEUTRAL,6,SOURCE_G_REVIEWS,reviews_2023.csv,2023-01-16T02:49:11.923504979,BATCH-G-20230115
REV-00063786,SKU-0015120,user_16777,Shawn,?,Better than I expected for the price.,2023-08-31,True,POSITIVE,3,SOURCE_G_REVIEWS,reviews_2023.csv,2023-09-01T05:56:42.738500483,BATCH-G-20230831
REV-00063790,SKU-0015440,,Anonymous,4,Exceeded my expectations. 😢,2023-12-02,False,POSITIVE,2,SOURCE_G_REVIEWS,reviews_2023.csv,2023-12-02T09:05:30.799744411,BATCH-G-20231202
REV-00063791,SKU-0012215,user_9001581,David Sawyer,5,Highly recommend this product.,2023-06-06,True,POSITIVE,1,SOURCE_G_REVIEWS,reviews_2023.csv,2023-06-07T03:52:49.131614412,BATCH-G-20230606
REV-00063800,SKU-0002244,user_68183,Elizabeth Morris,3,Decent but overpriced a bit.,2023-04-06,False,NEUTRAL,3,SOURCE_G_REVIEWS,reviews_2023.csv,2023-04-06T11:14:46.586396198,BATCH-G-20230406
REV-00063803,SKU-0001075,user_9030065,Jeanne Cruz,5,Excellent rapport qualité-prix.,2023-09-06,False,POSITIVE,0,SOURCE_G_REVIEWS,reviews_2023.csv,2023-09-07T03:00:46.693436465,BATCH-G-20230906
REV-00063807,SKU-0012590,user_9034245,Mark Jensen,3,"Matches the description, no issues.",2023-06-24,False,NEUTRAL,0,SOURCE_G_REVIEWS,reviews_2023.csv,2023-06-24T01:15:44.982977357,BATCH-G-20230624
REV-00063816,SKU-0007823,user_6464,Katherine,4,<p>Highly recommend this product.</p>,2023-03-18,True,POSITIVE,2,SOURCE_G_REVIEWS,reviews_2023.csv,2023-03-18T11:26:51.892443420,BATCH-G-20230318
REV-00063820,SKU-0014349,user_18163,Brent,Unknown,Very disappointed with the quality.,2023-12-03,True,NEGATIVE,3,SOURCE_G_REVIEWS,reviews_2023.csv,2023-12-03T19:42:56.187747789,BATCH-G-20231203
REV-00063821,SKU-0019849,user_9026223,Deborah,5,Highly recommend this product.,2023-08-13,False,POSITIVE,3,SOURCE_G_REVIEWS,reviews_2023.csv,2023-08-13T04:52:06.727067248,BATCH-G-20230813
REV-00063831,SKU-0004921,user_2141,Kelly Barrett,2,Stopped working after a week.,2023-11-20,True,NEGATIVE,3,SOURCE_G_REVIEWS,reviews_2023.csv,2023-11-21T04:44:46.114430670,BATCH-G-20231120
REV-00063837,SKU-0003266,user_9010447,Susan Fuller,2,Arrived damaged and support was unhelpful.,2023-09-05,True,NEGATIVE,0,SOURCE_G_REVIEWS,reviews_2023.csv,2023-09-05T09:54:04.171574430,BATCH-G-20230905
REV-00063839,SKU-0013171,user_9019819,Anthony Cisneros,4,Better than I expected for the price.,2023-12-31,True,POSITIVE,3,SOURCE_G_REVIEWS,reviews_2023.csv,2023-12-31T14:44:18.683874205,BATCH-G-20231231
REV-00063844,SKU-0015711,user_44914,Michelle,4,Better than I expected for the price.,2023-11-28,True,POSITIVE,7,SOURCE_G_REVIEWS,reviews_2023.csv,2023-11-28T23:20:48.679149359,BATCH-G-20231128
REV-00063846,SKU-0015879,user_21797,Carla,4,"Exactly as described, very happy.",2023-06-25,True,POSITIVE,0,SOURCE_G_REVIEWS,reviews_2023.csv,2023-06-25T15:28:28.690714169,BATCH-G-20230625
REV-00063848,SKU-0010462,,Anonymous,4,"Exactly as described, very happy.",2023-01-12,True,POSITIVE,0,SOURCE_G_REVIEWS,reviews_2023.csv,2023-01-13T02:59:35.820271520,BATCH-G-20230112
REV-00063867,SKU-0015733,user_12584,Aaron Bryant,1,"Waste of money, do not buy. 😡🔥",2023-02-07,False,NEGATIVE,7,SOURCE_G_REVIEWS,reviews_2023.csv,2023-02-07T06:10:40.031178424,BATCH-G-20230207
REV-00063870,SKU-0002334,,Anonymous,4,"Absolutely love it, works perfectly!",2023-12-06,True,POSITIVE,0,SOURCE_G_REVIEWS,reviews_2023.csv,2023-12-06T05:12:48.647249362,BATCH-G-20231206
REV-00063876,SKU-0002858,user_33100,Tracey Patterson,2,Not as described at all.,2023-09-29,False,NEGATIVE,2,SOURCE_G_REVIEWS,reviews_2023.csv,2023-09-29T22:10:32.899194252,BATCH-G-20230929
REV-00063882,SKU-0015228,user_33281,Patricia,3,"Not bad, not great either.",2023-01-06,False,NEUTRAL,9,SOURCE_G_REVIEWS,reviews_2023.csv,2023-01-06T14:07:03.559036134,BATCH-G-20230106
REV-00063883,SKU-0016686,,Anonymous,5,Better than I expected for the price.,2023-09-16,True,POSITIVE,4,SOURCE_G_REVIEWS,reviews_2023.csv,2023-09-16T22:51:45.394515914,BATCH-G-20230916
REV-00063887,SKU-0003317,user_9017072,Sherry Norton,5,"Perfect gift, they loved it!",2023-07-03,True,POSITIVE,1,SOURCE_G_REVIEWS,reviews_2023.csv,2023-07-03T14:10:04.001962199,BATCH-G-20230703
REV-00063888,SKU-0002623,user_9021106,Lisa Torres,4,Great value for money.,2023-01-11,True,POSITIVE,0,SOURCE_G_REVIEWS,reviews_2023.csv,2023-01-11T19:38:37.591803085,BATCH-G-20230111
REV-00063897,SKU-0016594,,Anonymous,5,"Solid build quality, no complaints.",2023-05-21,True,POSITIVE,1,SOURCE_G_REVIEWS,reviews_2023.csv,2023-05-21T02:10:32.230007686,BATCH-G-20230521
REV-00063906,SKU-9952181,user_9016025,Michelle,5,"Livraison très lente, déçu. Absolutely love it, works perfectly!",2023-07-23,False,POSITIVE,1,SOURCE_G_REVIEWS,reviews_2023.csv,2023-07-23T09:36:58.153995305,BATCH-G-20230723
REV-00063908,SKU-0016591,user_7834,Sarah Olson,1,Wrong item was shipped to me.,2023-11-13,False,NEGATIVE,1,SOURCE_G_REVIEWS,reviews_2023.csv,2023-11-25T17:00:00,BATCH-G-20231113
REV-00063914,SKU-0007576,,Anonymous,2,Wrong item was shipped to me.,2023-08-29,True,NEGATIVE,0,SOURCE_G_REVIEWS,reviews_2023.csv,2023-08-29T04:22:18.423852616,BATCH-G-20230829
REV-00063916,SKU-0010002,user_29270,Eric Reed,5,Will definitely buy again.,2023-11-07,False,POSITIVE,1,SOURCE_G_REVIEWS,reviews_2023.csv,2023-11-07T14:12:24.723940650,BATCH-G-20231107
REV-00063946,SKU-0016876,user_40903,Shane Stewart,4,Great value for money.,2023-01-15,False,POSITIVE,2,SOURCE_G_REVIEWS,reviews_2023.csv,2023-01-15T17:17:41.526280969,BATCH-G-20230115
REV-00063970,SKU-0006522,user_9019829,Bradley Armstrong,4,Will definitely buy again.,2023-05-09,True,POSITIVE,2,SOURCE_G_REVIEWS,reviews_2023.csv,2023-05-09T21:25:45.370482692,BATCH-G-20230509
REV-00063977,SKU-0007276,,Anonymous,5,Better than I expected for the price.,2023-12-23,False,POSITIVE,1,SOURCE_G_REVIEWS,reviews_2023.csv,2023-12-23T03:44:39.539643897,BATCH-G-20231223
REV-00063980,SKU-0015050,user_9016345,Kyle Watts,5,"Exactly as described, very happy.",2023-04-08,False,POSITIVE,6,SOURCE_G_REVIEWS,reviews_2023.csv,2023-04-09T04:47:10.721835527,BATCH-G-20230408
REV-00063981,SKU-0017355,user_29340,Richard Castro,5,"Muy buen producto, lo recomiendo.",2023-12-24,True,POSITIVE,4,SOURCE_G_REVIEWS,reviews_2023.csv,2023-12-24T00:57:54.263950437,BATCH-G-20231224
REV-00063983,SKU-0017052,user_25032,Brittney,1,"<p>Waste of money, do not buy.&nbsp;",2023-06-27,False,NEGATIVE,0,SOURCE_G_REVIEWS,reviews_2023.csv,2023-06-27T20:23:22.112354290,BATCH-G-20230627
REV-00063986,SKU-0002017,user_9031512,Christopher Cline,5,Stopped working after a week.,2023-04-20,True,NEGATIVE,9,SOURCE_G_REVIEWS,reviews_2023.csv,2023-04-21T00:21:05.670104813,BATCH-G-20230420
REV-00063995,SKU-0008569,user_9010398,Ms. Kelly Thornton,5,Fast delivery and great quality.,2023-08-17,True,POSITIVE,6,SOURCE_G_REVIEWS,reviews_2023.csv,2023-08-18T01:42:30.519705307,BATCH-G-20230817
REV-00064001,SKU-0014741,,Anonymous,5,Stopped working after a week.,2023-03-06,False,NEGATIVE,3,SOURCE_G_REVIEWS,reviews_2023.csv,2023-03-06T09:17:44.656271151,BATCH-G-20230306
REV-00064013,SKU-0018232,user_9032290,Jacob Fisher,4,Will definitely buy again.,2023-06-01,True,POSITIVE,10,SOURCE_G_REVIEWS,reviews_2023.csv,2023-06-01T16:03:23.245867597,BATCH-G-20230601
REV-00064016,SKU-0001097,,Anonymous,2,Wrong item was shipped to me.,2023-05-31,False,NEGATIVE,8,SOURCE_G_REVIEWS,reviews_2023.csv,2023-06-01T04:28:55.517325784,BATCH-G-20230531
REV-00064020,SKU-0006802,user_9034275,Ashlee Williams,1,"Poor packaging, item was defective.",2023-09-12,True,NEGATIVE,2,SOURCE_G_REVIEWS,reviews_2023.csv,2023-09-12T12:21:11.980958361,BATCH-G-20230912
REV-00064042,SKU-0014837,user_9033637,Wesley Cardenas,5,Fast delivery and great quality.,2023-08-21,True,POSITIVE,4,SOURCE_G_REVIEWS,reviews_2023.csv,2023-08-22T02:41:58.747666548,BATCH-G-20230821
REV-00064047,SKU-0001340,user_51647,Michael Williams,5,Fast delivery and great quality.,2023-12-16,False,POSITIVE,2,SOURCE_G_REVIEWS,reviews_2023.csv,2023-12-16T05:42:52.676823883,BATCH-G-20231216
REV-00064049,SKU-0006039,user_17355,Seth Ortega,4,"<b>Update:</b>Absolutely love it, works perfectly!<p>",2023-06-19,False,POSITIVE,11,SOURCE_G_REVIEWS,reviews_2023.csv,2023-06-19T13:18:27.346385771,BATCH-G-20230619
REV-00064060,SKU-0010644,user_26437,Joshua Vazquez,7,Highly recommend this product.,2023-11-23,False,POSITIVE,3,SOURCE_G_REVIEWS,reviews_2023.csv,2023-11-23T18:29:39.429786437,BATCH-G-20231123
REV-00064068,SKU-0004159,user_9019613,Julie Jordan,4,<b>Update:</b>Exceeded my expectations.<br>,2023-04-17,True,POSITIVE,0,SOURCE_G_REVIEWS,reviews_2023.csv,2023-04-17T16:27:07.831747281,BATCH-G-20230417
REV-00064075,SKU-0001346,,Anonymous,5,"बहुत अच्छा उत्पाद है, पैसा वसूल!",2023-03-16,True,POSITIVE,3,SOURCE_G_REVIEWS,reviews_2023.csv,2023-03-16T11:07:12.101600091,BATCH-G-20230316
REV-00064077,SKU-0000103,user_9018863,Daniel Graham,5,"Exactly as described, very happy.",2023-03-08,False,POSITIVE,6,SOURCE_G_REVIEWS,reviews_2023.csv,2023-03-08T10:27:14.010299942,BATCH-G-20230308
REV-00064095,SKU-0002314,user_65838,Gina Evans,5,Highly recommend this product. ⭐,2023-04-05,False,POSITIVE,1,SOURCE_G_REVIEWS,reviews_2023.csv,2023-04-06T03:58:17.673177895,BATCH-G-20230405
REV-00064102,SKU-0004908,user_20466,Amanda,5,Will definitely buy again.,2023-04-01,False,POSITIVE,1,SOURCE_G_REVIEWS,reviews_2023.csv,2023-04-01T18:23:03.316430997,BATCH-G-20230401
REV-00064116,SKU-0000569,user_68183,Elizabeth Morris,-,Exceeded my expectations.,2023-08-21,True,POSITIVE,0,SOURCE_G_REVIEWS,reviews_2023.csv,2023-08-21T22:47:40.268185433,BATCH-G-20230821
REV-00064117,SKU-0017296,user_9015528,Jessica May,4,Decent but overpriced a bit.,2023-02-12,False,NEUTRAL,0,SOURCE_G_REVIEWS,reviews_2023.csv,2023-02-12T15:30:51.617217722,BATCH-G-20230212
REV-00064135,SKU-0002589,user_47268,Eric,5,Will definitely buy again.,2023-03-11,True,POSITIVE,2,SOURCE_G_REVIEWS,reviews_2023.csv,2023-03-11T20:55:49.646291992,BATCH-G-20230311
REV-00064138,SKU-0015400,user_47438,Marc,5,Highly recommend this product.,2023-11-11,False,POSITIVE,3,SOURCE_G_REVIEWS,reviews_2023.csv,2023-11-12T00:33:49.902874167,BATCH-G-20231111
REV-00064150,SKU-0015480,user_63607,David Church,5,Fast delivery and great quality.,2023-08-21,False,POSITIVE,0,SOURCE_G_REVIEWS,reviews_2023.csv,2023-08-21T13:48:40.167295747,BATCH-G-20230821
REV-00064161,SKU-0019446,user_9013480,Kimberly Moore,5,Exceeded my expectations.,2023-04-10,False,POSITIVE,5,SOURCE_G_REVIEWS,reviews_2023.csv,2023-04-10T03:16:47.803991316,BATCH-G-20230410
REV-00064162,SKU-0004367,user_9005985,Kaitlin,3,Works fine but delivery was slow.,2023-12-01,True,NEUTRAL,0,SOURCE_G_REVIEWS,reviews_2023.csv,2023-12-02T02:06:07.504715382,BATCH-G-20231201
REV-00064165,SKU-0011082,,Anonymous,4,Will definitely buy again.,2023-12-09,False,POSITIVE,2,SOURCE_G_REVIEWS,reviews_2023.csv,2023-12-09T19:12:46.591163299,BATCH-G-20231209
REV-00064172,SKU-0017862,user_50817,Christopher,5,Exceeded my expectations.,2023-03-18,False,POSITIVE,0,SOURCE_G_REVIEWS,reviews_2023.csv,2023-03-18T08:45:26.681750391,BATCH-G-20230318
REV-00064175,SKU-0003805,user_9011456,Anne Powell,4,"Solid build quality, no complaints.",2023-08-12,False,POSITIVE,2,SOURCE_G_REVIEWS,reviews_2023.csv,2023-08-12T02:34:29.641884512,BATCH-G-20230812
REV-00064178,SKU-0006758,user_9031833,Angelica,5,Will definitely buy again.,2023-05-04,True,POSITIVE,0,SOURCE_G_REVIEWS,reviews_2023.csv,2023-05-04T04:55:08.473790206,BATCH-G-20230504
REV-00064187,SKU-0006002,,Anonymous,5,"Solid build quality, no complaints.",2023-08-11,True,POSITIVE,0,SOURCE_G_REVIEWS,reviews_2023.csv,2023-08-11T12:55:35.637586349,BATCH-G-20230811
REV-00064217,SKU-0003011,user_9018918,James Vargas,2,"Cheaply made, broke immediately.",2023-10-23,True,NEGATIVE,0,SOURCE_G_REVIEWS,reviews_2023.csv,2023-10-23T20:59:07.149863755,BATCH-G-20231023
REV-00064227,SKU-0012350,user_19343,Jerry Jones,3,"Matches the description, no issues.",2023-04-01,False,NEUTRAL,1,SOURCE_G_REVIEWS,reviews_2023.csv,2023-04-02T05:31:50.191231212,BATCH-G-20230401
REV-00064234,SKU-0008208,user_21060,Kyle,1,Wrong item was shipped to me.,2023-10-02,True,NEGATIVE,4,SOURCE_G_REVIEWS,reviews_2023.csv,2023-10-02T01:38:01.883511045,BATCH-G-20231002
REV-00064241,SKU-0005402,,Anonymous,4,"Solid build quality, no complaints.",2023-11-16,True,POSITIVE,4,SOURCE_G_REVIEWS,reviews_2023.csv,2023-11-16T05:49:45.944631876,BATCH-G-20231116
REV-00064242,SKU-0013135,user_9027511,Matthew,2,Not as described at all.,2023-11-04,False,NEGATIVE,3,SOURCE_G_REVIEWS,reviews_2023.csv,2023-11-04T04:43:08.001880961,BATCH-G-20231104
REV-00064248,SKU-0017638,,Anonymous,4,Great value for money.,2023-12-26,True,POSITIVE,3,SOURCE_G_REVIEWS,reviews_2023.csv,2023-12-26T08:52:38.105634484,BATCH-G-20231226
REV-00064255,SKU-9940022,user_9001220,Tyler,4,Will definitely buy again.,2023-01-15,True,POSITIVE,2,SOURCE_G_REVIEWS,reviews_2023.csv,2023-01-15T07:38:43.098650950,BATCH-G-20230115
REV-00064265,SKU-0009001,user_9025244,Gary Edwards,4,"Livraison très lente, déçu. Highly recommend this product.",2023-06-05,True,POSITIVE,0,SOURCE_G_REVIEWS,reviews_2023.csv,2023-06-05T20:51:54.757647457,BATCH-G-20230605
REV-00064269,SKU-0017571,user_48618,David,?,Better than I expected for the price.,2023-11-30,True,POSITIVE,0,SOURCE_G_REVIEWS,reviews_2023.csv,2023-11-30T13:52:08.009835657,BATCH-G-20231130
REV-00064273,SKU-0009016,,Anonymous,3,"Average quality, nothing special.",2023-11-16,True,NEUTRAL,0,SOURCE_G_REVIEWS,reviews_2023.csv,2023-11-16T09:04:00.980144875,BATCH-G-20231116
REV-00064283,SKU-0019496,user_9028674,Taylor Diaz,5,Excellent rapport qualité-prix.,2023-06-16,True,POSITIVE,4,SOURCE_G_REVIEWS,reviews_2023.csv,2023-06-16T16:59:11.870308398,BATCH-G-20230616
REV-00064286,SKU-0010957,user_9034387,Oscar Cruz,5,Better than I expected for the price.,2023-11-11,False,POSITIVE,1,SOURCE_G_REVIEWS,reviews_2023.csv,2023-11-11T06:45:17.299553951,BATCH-G-20231111
REV-00064294,SKU-0009769,user_9019638,Joseph Hampton,-1,Works fine but delivery was slow.,2023-09-29,True,NEUTRAL,0,SOURCE_G_REVIEWS,reviews_2023.csv,2023-09-29T20:14:57.608098660,BATCH-G-20230929
REV-00064301,SKU-0000374,user_62590,Erin Raymond,4,Better than I expected for the price.,2023-02-07,True,POSITIVE,7,SOURCE_G_REVIEWS,reviews_2023.csv,2023-02-07T20:57:08.480579423,BATCH-G-20230207
REV-00064303,SKU-0020225,user_9001204,Amanda,4,Exceeded my expectations.,2023-06-10,False,POSITIVE,0,SOURCE_G_REVIEWS,reviews_2023.csv,2023-06-10T02:05:29.153738120,BATCH-G-20230610
REV-00064305,SKU-0002912,user_57974,Andrew Rogers,4,"<br>Absolutely love it, works perfectly!</p>",2023-09-07,True,POSITIVE,1,SOURCE_G_REVIEWS,reviews_2023.csv,2023-09-07T19:56:21.463001746,BATCH-G-20230907
REV-00064312,SKU-9984858,user_36988,Karen Bartlett,1,"Cheaply made, broke immediately.",2023-11-10,True,NEGATIVE,6,SOURCE_G_REVIEWS,reviews_2023.csv,2023-11-10T22:39:29.691403071,BATCH-G-20231110
REV-00064323,SKU-0015553,user_16342,Christina,4,Great value for money. 🙏,2023-07-03,False,POSITIVE,1,SOURCE_G_REVIEWS,reviews_2023.csv,2023-07-03T12:39:25.674808561,BATCH-G-20230703
REV-00064327,SKU-0012330,user_9017713,Sarah Parker,4,Fast delivery and great quality.,2023-06-05,True,POSITIVE,0,SOURCE_G_REVIEWS,reviews_2023.csv,2023-06-05T15:21:30.288328857,BATCH-G-20230605
REV-00064333,SKU-0010598,user_9026999,Cheryl Pena DDS,3,Decent but overpriced a bit.,2023-08-21,True,NEUTRAL,1,SOURCE_G_REVIEWS,reviews_2023.csv,2023-08-21T17:32:52.640681183,BATCH-G-20230821
REV-00064339,SKU-0008432,user_40285,Melissa Hansen,3,"Matches the description, no issues.",2023-03-25,True,NEUTRAL,0,SOURCE_G_REVIEWS,reviews_2023.csv,2023-03-25T02:30:11.157034741,BATCH-G-20230325
REV-00064339-DUP,SKU-0008432,user_40285,Melissa Hansen,3,"Matches the description, no issues.",2023-03-25,True,NEUTRAL,0,SOURCE_G_REVIEWS,reviews_2023.csv,2023-03-25T02:45:11.157034741,BATCH-G-20230325
REV-00064341,SKU-0008658,user_64642,Joshua Thornton,4,Great value for money.,2023-10-22,True,POSITIVE,0,SOURCE_G_REVIEWS,reviews_2023.csv,2023-10-22T11:33:34.810446773,BATCH-G-20231022
REV-00064352,SKU-0007848,,Anonymous,unknown,Fast delivery and great quality.,2023-11-29,False,POSITIVE,5,SOURCE_G_REVIEWS,reviews_2023.csv,2023-11-29T14:44:23.126325837,BATCH-G-20231129
REV-00064358,SKU-0017002,user_9028565,Kevin Hicks,3,"Not bad, not great either.",2023-07-03,True,NEUTRAL,1,SOURCE_G_REVIEWS,reviews_2023.csv,2023-07-03T18:22:23.523762896,BATCH-G-20230703
REV-00064361,SKU-0000328,user_9000994,Melissa,5,Highly recommend this product.,2023-08-30,False,POSITIVE,0,SOURCE_G_REVIEWS,reviews_2023.csv,2023-08-31T00:39:34.298542252,BATCH-G-20230830
REV-00064362,SKU-9908268,user_67295,Tracy,5,Better than I expected for the price.,2023-11-11,True,POSITIVE,2,SOURCE_G_REVIEWS,reviews_2023.csv,2023-11-11T23:04:42.534676002,BATCH-G-20231111
REV-00064368,SKU-0008779,user_9017216,Daniel Gardner,1,Not as described at all.,2023-03-23,True,NEGATIVE,0,SOURCE_G_REVIEWS,reviews_2023.csv,2023-03-24T05:24:22.465145780,BATCH-G-20230323
REV-00064369,SKU-0003160,user_9015962,Joseph Kim,5,"Perfect gift, they loved it!",2023-01-01,True,POSITIVE,6,SOURCE_G_REVIEWS,reviews_2023.csv,2023-01-01T10:28:06.069703418,BATCH-G-20230101
REV-00064370,SKU-0011106,,Anonymous,4,Highly recommend this product.,2023-01-13,False,POSITIVE,7,SOURCE_G_REVIEWS,reviews_2023.csv,2023-01-13T02:01:39.571842570,BATCH-G-20230113
REV-00064377,SKU-0001321,user_9019310,Nicole,5,Better than I expected for the price.,2023-08-31,True,POSITIVE,0,SOURCE_G_REVIEWS,reviews_2023.csv,2023-08-31T23:39:59.398004518,BATCH-G-20230831
REV-00064378,SKU-0012940,,Anonymous,5,Fast delivery and great quality.,2023-01-08,False,POSITIVE,1,SOURCE_G_REVIEWS,reviews_2023.csv,2023-01-09T02:41:20.258927109,BATCH-G-20230108
REV-00064381,SKU-0003233,user_9017452,Steven Butler,2,"Cheaply made, broke immediately.",2023-04-15,True,NEGATIVE,0,SOURCE_G_REVIEWS,reviews_2023.csv,2023-04-15T22:26:15.569271206,BATCH-G-20230415
REV-00064388,SKU-0008220,user_46445,Elizabeth Schwartz,4,Exceeded my expectations.,2023-03-13,True,POSITIVE,3,SOURCE_G_REVIEWS,reviews_2023.csv,2023-03-13T12:00:09.251255950,BATCH-G-20230313
REV-00064392,SKU-0003633,,Anonymous,5,Great value for money.,2023-03-31,False,POSITIVE,2,SOURCE_G_REVIEWS,reviews_2023.csv,2023-04-01T02:46:16.680906633,BATCH-G-20230331
REV-00064403,SKU-0017524,user_9014387,John,4,Great value for money.,2023-07-04,True,POSITIVE,0,SOURCE_G_REVIEWS,reviews_2023.csv,2023-07-05T04:19:42.504405845,BATCH-G-20230704
REV-00064409,SKU-0012574,user_20656,Jason Perez,2,unknown,2023-11-30,True,NEGATIVE,1,SOURCE_G_REVIEWS,reviews_2023.csv,2023-11-30T03:51:21.174710331,BATCH-G-20231130
REV-00064410,SKU-0002159,,Anonymous,1,Stopped working after a week.,2023-04-14,True,NEGATIVE,7,SOURCE_G_REVIEWS,reviews_2023.csv,2023-04-14T23:34:34.017909851,BATCH-G-20230414
REV-00064413,SKU-0008385,user_27445,Christopher Scott,5,Highly recommend this product.,2023-04-21,True,POSITIVE,1,SOURCE_G_REVIEWS,reviews_2023.csv,2023-04-21T17:22:32.294510430,BATCH-G-20230421
REV-00064417,SKU-0014019,user_9001452,Donna,5,"Absolutely love it, works perfectly!",2023-01-29,True,POSITIVE,2,SOURCE_G_REVIEWS,reviews_2023.csv,2023-01-30T00:21:53.299223561,BATCH-G-20230129
REV-00064420,SKU-0019813,user_9009824,Toni,3,"Matches the description, no issues.",2023-01-07,True,NEUTRAL,2,SOURCE_G_REVIEWS,reviews_2023.csv,2023-01-07T10:50:57.861283635,BATCH-G-20230107
REV-00064421,SKU-0018550,user_9009507,Dr.,4,<br>गुणवत्ता ठीक नहीं थी।<b>Update:</b>,2023-01-10,True,POSITIVE,11,SOURCE_G_REVIEWS,reviews_2023.csv,2023-01-10T19:17:21.353592685,BATCH-G-20230110
REV-00064428,SKU-0004526,user_49818,Bob Lester,4,   Exceeded  my  expectations.   ,2023-07-24,False,POSITIVE,5,SOURCE_G_REVIEWS,reviews_2023.csv,2023-07-25T05:54:09.308902986,BATCH-G-20230724
REV-00064433,SKU-9962668,user_9023176,Jacob,4,"Not bad, not great either.",2023-09-12,True,NEUTRAL,3,SOURCE_G_REVIEWS,reviews_2023.csv,2023-09-12T20:08:11.595049415,BATCH-G-20230912
REV-00064446,SKU-0018498,user_9006564,Anthony Carroll,3,Decent but overpriced a bit.,2023-01-15,True,NEUTRAL,4,SOURCE_G_REVIEWS,reviews_2023.csv,2023-01-15T14:00:40.235753468,BATCH-G-20230115
REV-00064456,SKU-0000097,user_36431,John Smith,3,Works fine but delivery was slow.,2023-10-24,False,NEUTRAL,0,SOURCE_G_REVIEWS,reviews_2023.csv,2023-10-24T20:30:18.131193098,BATCH-G-20231024
REV-00064457,SKU-0018444,user_44314,Leslie Nguyen,5,"Absolutely love it, works perfectly! ⭐",2023-05-14,True,POSITIVE,5,SOURCE_G_REVIEWS,reviews_2023.csv,2023-05-14T11:12:51.416831519,BATCH-G-20230514
REV-00064458,SKU-0004057,user_9006117,Megan Barnes,4,Will definitely buy again.,2023-02-06,True,POSITIVE,2,SOURCE_G_REVIEWS,reviews_2023.csv,2023-02-06T18:48:30.432643519,BATCH-G-20230206
REV-00064475,SKU-0015243,user_58826,Stephen,4,"<i>edited</i>Exactly as described, very happy.<i>edited</i>",2023-06-25,False,POSITIVE,2,SOURCE_G_REVIEWS,reviews_2023.csv,2023-06-25T18:20:35.668302406,BATCH-G-20230625
REV-00064477,SKU-0009789,,Anonymous,4,"Perfect gift, they loved it!",2023-11-09,True,POSITIVE,0,SOURCE_G_REVIEWS,reviews_2023.csv,2023-11-09T04:32:34.086450310,BATCH-G-20231109
REV-00064488,SKU-0017844,user_9012766,Laura,5,"Absolutely love it, works perfectly!",2023-07-30,True,POSITIVE,2,SOURCE_G_REVIEWS,reviews_2023.csv,2023-07-31T05:23:48.519885538,BATCH-G-20230730
REV-00064493,SKU-0012867,user_9033634,Christopher,5,"Absolutely love it, works perfectly!",2023-04-05,True,POSITIVE,1,SOURCE_G_REVIEWS,reviews_2023.csv,2023-04-05T14:49:37.934406616,BATCH-G-20230405
REV-00064496,SKU-0008253,user_9009766,Joseph Owen,3,"It's okay, does the job.",2023-10-29,False,NEUTRAL,2,SOURCE_G_REVIEWS,reviews_2023.csv,2023-10-29T05:05:03.737945097,BATCH-G-20231029
REV-00064507,SKU-0005322,user_9026108,Kelly Green,4,"   Exactly  as  described,  very  happy.   ",2023-11-26,False,POSITIVE,1,SOURCE_G_REVIEWS,reviews_2023.csv,2023-11-27T05:44:07.337524340,BATCH-G-20231126
REV-00064520,SKU-0004448,user_14241,Eric,null,Wrong item was shipped to me.,2023-01-12,True,NEGATIVE,6,SOURCE_G_REVIEWS,reviews_2023.csv,2023-01-12T20:59:42.981273142,BATCH-G-20230112
REV-00064523,SKU-0019271,user_48171,Hector Mills,4,Will definitely buy again.,2023-11-01,False,POSITIVE,3,SOURCE_G_REVIEWS,reviews_2023.csv,2023-11-01T23:11:24.389400469,BATCH-G-20231101
REV-00064530,SKU-0001070,user_30361,David Booth,5,Highly recommend this product.,2023-11-16,False,POSITIVE,1,SOURCE_G_REVIEWS,reviews_2023.csv,2023-11-16T11:36:07.680117635,BATCH-G-20231116
REV-00064535,SKU-0011889,user_39573,Courtney Davis,3,   Works  fine  but  delivery  was  slow.   ,2023-12-14,False,NEUTRAL,15,SOURCE_G_REVIEWS,reviews_2023.csv,2023-12-14T14:36:16.606392887,BATCH-G-20231214
REV-00064536,SKU-0006489,user_9007893,Charles Mccarthy,5,Fast delivery and great quality.,2023-12-29,True,POSITIVE,4,SOURCE_G_REVIEWS,reviews_2023.csv,2023-12-29T08:26:29.141342483,BATCH-G-20231229
REV-00064548,SKU-0017533,user_9023572,Joseph Romero,2,"<i>edited</i>Poor packaging, item was defective.<p>",2023-09-09,True,NEGATIVE,1,SOURCE_G_REVIEWS,reviews_2023.csv,2023-09-09T17:16:14.005334795,BATCH-G-20230909
REV-00064561,SKU-0004328,user_2439,April Adkins,5,Excellent rapport qualité-prix.,2023-01-30,True,POSITIVE,8,SOURCE_G_REVIEWS,reviews_2023.csv,2023-01-30T12:30:54.875210667,BATCH-G-20230130
REV-00064565,SKU-0001773,user_61161,Steven,4,"Exactly as described, very happy.",2023-01-28,True,POSITIVE,1,SOURCE_G_REVIEWS,reviews_2023.csv,2023-01-28T08:31:48.481642885,BATCH-G-20230128
REV-00064566,SKU-0009915,user_9034025,Julia Thompson,5,   Fast  delivery  and  great  quality.   ,2023-02-16,False,POSITIVE,5,SOURCE_G_REVIEWS,reviews_2023.csv,2023-02-17T03:39:18.130105959,BATCH-G-20230216
REV-00064584,SKU-9959877,user_60092,Nicole,4,Fast delivery and great quality.,2023-10-01,True,POSITIVE,0,SOURCE_G_REVIEWS,reviews_2023.csv,2023-10-01T02:16:00.987211523,BATCH-G-20231001
REV-00064585,SKU-0002664,user_9009138,James Espinoza,4,"बहुत अच्छा उत्पाद है, पैसा वसूल! Absolutely love it, works perfectly! 😀",2023-05-15,True,POSITIVE,0,SOURCE_G_REVIEWS,reviews_2023.csv,2023-05-15T11:00:36.413135323,BATCH-G-20230515
REV-00064587,SKU-0003392,user_9030259,Jon,3,"Average quality, nothing special.",2023-05-13,False,NEUTRAL,0,SOURCE_G_REVIEWS,reviews_2023.csv,2023-05-13T16:37:48.378415357,BATCH-G-20230513
REV-00064588,SKU-0005957,user_46796,Deanna Stewart,4,"Exactly as described, very happy.",2023-02-08,False,POSITIVE,0,SOURCE_G_REVIEWS,reviews_2023.csv,2023-02-08T18:17:32.795034573,BATCH-G-20230208
REV-00064593,SKU-0009998,,Anonymous,5,Will definitely buy again.,2023-05-24,True,POSITIVE,2,SOURCE_G_REVIEWS,reviews_2023.csv,2023-05-24T08:32:05.880178849,BATCH-G-20230524
REV-00064608,SKU-0004468,user_9008140,William Adams,4,Fast delivery and great quality.,2023-04-25,True,POSITIVE,3,SOURCE_G_REVIEWS,reviews_2023.csv,2023-04-25T18:29:32.152289402,BATCH-G-20230425
REV-00064614,SKU-0011548,user_27720,Ethan Singh,5,Better than I expected for the price.,2023-03-14,False,POSITIVE,11,SOURCE_G_REVIEWS,reviews_2023.csv,2023-03-15T01:40:40.557663947,BATCH-G-20230314
REV-00064618,SKU-0003554,user_24692,Alyssa,5,Highly recommend this product.,2023-09-17,True,POSITIVE,0,SOURCE_G_REVIEWS,reviews_2023.csv,2023-09-17T01:07:23.669093059,BATCH-G-20230917
REV-00064628,SKU-0011208,,Anonymous,4,Highly recommend this product. ⭐,2023-02-17,False,POSITIVE,3,SOURCE_G_REVIEWS,reviews_2023.csv,2023-03-08T04:00:00,BATCH-G-20230217
REV-00064630,SKU-0015883,user_9003687,Sandra Bishop,4,"Absolutely love it, works perfectly!",2023-12-14,True,POSITIVE,11,SOURCE_G_REVIEWS,reviews_2023.csv,2023-12-14T15:53:46.339246191,BATCH-G-20231214
REV-00064632,SKU-0012369,user_24409,Paul,3,"Matches the description, no issues.",2023-12-12,True,NEUTRAL,0,SOURCE_G_REVIEWS,reviews_2023.csv,2023-12-16T08:00:00,BATCH-G-20231212
REV-00064643,SKU-0005018,user_9016155,Jacob,5,"Solid build quality, no complaints.",2023-07-19,True,POSITIVE,2,SOURCE_G_REVIEWS,reviews_2023.csv,2023-07-19T23:06:54.255313154,BATCH-G-20230719
REV-00064652,SKU-0004860,user_19642,Crystal Anderson,3,Works fine but delivery was slow.,2023-10-21,False,NEUTRAL,0,SOURCE_G_REVIEWS,reviews_2023.csv,2023-10-22T04:58:01.754821611,BATCH-G-20231021
REV-00064669,SKU-0006993,user_26776,Michelle,5,"Exactly as described, very happy.",2023-05-17,True,POSITIVE,0,SOURCE_G_REVIEWS,reviews_2023.csv,2023-05-17T18:51:47.392298961,BATCH-G-20230517
REV-00064670,SKU-0019597,user_9013290,Renee Brennan,4,Great value for money.,2023-05-05,True,POSITIVE,1,SOURCE_G_REVIEWS,reviews_2023.csv,2023-05-06T04:55:22.170596046,BATCH-G-20230505
REV-00064675,SKU-0013254,,Anonymous,2,Wrong item was shipped to me.,2023-10-07,False,NEGATIVE,4,SOURCE_G_REVIEWS,reviews_2023.csv,2023-10-07T03:41:23.507576497,BATCH-G-20231007
REV-00064680,SKU-0008196,user_9023619,Gabriel Harris,5,"   Perfect  gift,  they  loved  it!   ",2023-01-18,True,POSITIVE,0,SOURCE_G_REVIEWS,reviews_2023.csv,2023-01-19T02:15:54.356550656,BATCH-G-20230118
REV-00064685,SKU-0017444,user_9012655,Catherine Joyce,1,Not as described at all.,2023-02-10,True,NEGATIVE,3,SOURCE_G_REVIEWS,reviews_2023.csv,2023-02-10T00:48:30.337534123,BATCH-G-20230210
REV-00064688,SKU-9983362,user_9019556,Justin,4,Fast delivery and great quality.,2023-11-01,True,POSITIVE,4,SOURCE_G_REVIEWS,reviews_2023.csv,2023-11-01T06:45:32.093262746,BATCH-G-20231101
REV-00064689,SKU-0019199,user_9032156,Dennis Martinez,4,"Muy buen producto, lo recomiendo. Perfect gift, they loved it!",2023-02-05,True,POSITIVE,3,SOURCE_G_REVIEWS,reviews_2023.csv,2023-02-05T01:12:39.252210347,BATCH-G-20230205
REV-00064704,SKU-0007419,user_31124,Felicia,5,Great value for money. 😢,2023-07-06,True,POSITIVE,1,SOURCE_G_REVIEWS,reviews_2023.csv,2023-07-07T02:17:20.915663227,BATCH-G-20230706
REV-00064706,SKU-0019099,user_9027204,Danny Berg,5,"Absolutely love it, works perfectly!",2023-11-25,True,POSITIVE,3,SOURCE_G_REVIEWS,reviews_2023.csv,2023-11-26T03:05:39.680159011,BATCH-G-20231125
REV-00064707,SKU-0018027,user_9006955,Kaitlin Jones,5,Great value for money.,2023-09-17,False,POSITIVE,2,SOURCE_G_REVIEWS,reviews_2023.csv,2023-10-04T18:00:00,BATCH-G-20230917
REV-00064709,SKU-0019983,user_61784,Aaron Huber,5,Exceeded my expectations.,2023-07-25,False,POSITIVE,3,SOURCE_G_REVIEWS,reviews_2023.csv,2023-07-26T00:57:46.750916558,BATCH-G-20230725
REV-00064715,SKU-0012710,,Anonymous,5,"   Livraison  très  lente,  déçu.   ",2023-06-24,True,POSITIVE,0,SOURCE_G_REVIEWS,reviews_2023.csv,2023-06-25T04:48:52.959911963,BATCH-G-20230624
REV-00064727,SKU-0001657,user_9027634,Melanie Green,4,Will definitely buy again.,2023-02-28,False,POSITIVE,0,SOURCE_G_REVIEWS,reviews_2023.csv,2023-03-01T00:28:42.166499691,BATCH-G-20230228
REV-00064729,SKU-0004831,user_31314,Mr. Jacob Marks,4,Highly recommend this product.,2023-07-02,True,POSITIVE,0,SOURCE_G_REVIEWS,reviews_2023.csv,2023-07-02T17:32:09.292000166,BATCH-G-20230702
REV-00064735,SKU-9990834,user_9028096,Isabel Jones,1,Wrong item was shipped to me.,2023-11-13,False,NEGATIVE,1,SOURCE_G_REVIEWS,reviews_2023.csv,2023-11-13T03:32:08.624565311,BATCH-G-20231113
REV-00064739,SKU-9953141,user_9016236,Robert,3,Works fine but delivery was slow.,2023-01-10,True,NEUTRAL,0,SOURCE_G_REVIEWS,reviews_2023.csv,2023-01-10T05:02:27.593528648,BATCH-G-20230110
REV-00064743,SKU-0005625,user_25531,Robin Pruitt,2,Wrong item was shipped to me.,2023-07-11,False,NEGATIVE,0,SOURCE_G_REVIEWS,reviews_2023.csv,2023-07-12T03:45:25.803006396,BATCH-G-20230711
REV-00064744,SKU-0003073,user_9873,Tracey Meyer,1,"Waste of money, do not buy.",2023-07-10,True,NEGATIVE,10,SOURCE_G_REVIEWS,reviews_2023.csv,2023-07-10T22:48:41.235209847,BATCH-G-20230710
REV-00064751,SKU-0010281,user_9024255,Michael Maxwell,3,Very disappointed with the quality.,2023-01-31,True,NEGATIVE,3,SOURCE_G_REVIEWS,reviews_2023.csv,2023-02-01T02:07:48.191159982,BATCH-G-20230131
REV-00064758,SKU-0009609,,Anonymous,3,Works fine but delivery was slow.,2023-08-16,True,NEUTRAL,0,SOURCE_G_REVIEWS,reviews_2023.csv,2023-08-16T17:18:03.170364409,BATCH-G-20230816
REV-00064773,SKU-0001609,user_69989,John Figueroa,4,Exceeded my expectations.,2023-06-05,False,POSITIVE,2,SOURCE_G_REVIEWS,reviews_2023.csv,2023-06-05T20:48:40.383008940,BATCH-G-20230605
REV-00064780,SKU-0007572,,Anonymous,5,Exceeded my expectations.,2023-01-24,True,POSITIVE,0,SOURCE_G_REVIEWS,reviews_2023.csv,2023-01-24T07:20:57.144363445,BATCH-G-20230124
REV-00064789,SKU-0011865,user_9031520,Erin Green,4,Highly recommend this product.,2023-02-07,True,POSITIVE,0,SOURCE_G_REVIEWS,reviews_2023.csv,2023-02-07T09:53:11.949345624,BATCH-G-20230207
REV-00064795,SKU-0003221,user_58322,Sean Daugherty,2,   Arrived  damaged  and  support  was  unhelpful.   ,2023-02-05,False,NEGATIVE,2,SOURCE_G_REVIEWS,reviews_2023.csv,2023-02-06T01:09:05.532815244,BATCH-G-20230205
REV-00064801,SKU-0018541,user_9012494,Nathan Manning,0,"Perfect gift, they loved it!",2023-01-08,False,POSITIVE,4,SOURCE_G_REVIEWS,reviews_2023.csv,2023-01-08T17:30:15.344159553,BATCH-G-20230108
REV-00064829,SKU-0002296,user_9008318,Gary Morrison,5,"Exactly as described, very happy.",2023-02-21,False,POSITIVE,0,SOURCE_G_REVIEWS,reviews_2023.csv,2023-02-21T02:26:28.711016380,BATCH-G-20230221
REV-00064833,SKU-0015183,user_2979,Dominique Cook,5,"Livraison très lente, déçu. 🔥",2023-10-26,True,POSITIVE,8,SOURCE_G_REVIEWS,reviews_2023.csv,2023-10-26T05:15:47.571096171,BATCH-G-20231026
REV-00064836,SKU-0011824,user_69842,Sean Reyes,4,"Solid build quality, no complaints.",2023-02-27,True,POSITIVE,0,SOURCE_G_REVIEWS,reviews_2023.csv,2023-02-28T03:09:45.150813293,BATCH-G-20230227
REV-00064847,SKU-0015078,user_9005024,Patrick,1,"Poor packaging, item was defective.",2023-07-09,True,NEGATIVE,2,SOURCE_G_REVIEWS,reviews_2023.csv,2023-07-09T04:41:29.680429046,BATCH-G-20230709
REV-00064848,SKU-0012293,user_3253,Paul Wilson,5,"Exactly as described, very happy.",2023-07-05,True,POSITIVE,1,SOURCE_G_REVIEWS,reviews_2023.csv,2023-07-05T20:55:49.220108804,BATCH-G-20230705
REV-00064850,SKU-0012361,user_13541,James Fernandez,5,Fast delivery and great quality.,2023-12-14,False,POSITIVE,1,SOURCE_G_REVIEWS,reviews_2023.csv,2023-12-15T03:36:05.582648698,BATCH-G-20231214
REV-00064860,SKU-0019876,,Anonymous,4,Exceeded my expectations.,2023-05-26,False,POSITIVE,8,SOURCE_G_REVIEWS,reviews_2023.csv,2023-05-27T03:51:13.408001053,BATCH-G-20230526
REV-00064864,SKU-0014297,,Anonymous,5,"Perfect gift, they loved it! ⭐",2023-01-24,False,POSITIVE,0,SOURCE_G_REVIEWS,reviews_2023.csv,2023-01-24T00:57:26.262777193,BATCH-G-20230124
REV-00064870,SKU-0016349,user_30047,James Hardy,3,"Not bad, not great either.",2023-03-09,True,NEUTRAL,0,SOURCE_G_REVIEWS,reviews_2023.csv,2023-03-10T05:32:05.738885015,BATCH-G-20230309
REV-00064875,SKU-0006230,user_9026828,Emily,5,<p>Better than I expected for the price.<p>,2023-01-06,True,POSITIVE,4,SOURCE_G_REVIEWS,reviews_2023.csv,2023-01-06T21:17:11.853023313,BATCH-G-20230106
REV-00064877,SKU-0018828,,Anonymous,4,"Exactly as described, very happy.",2023-11-07,True,POSITIVE,1,SOURCE_G_REVIEWS,reviews_2023.csv,2023-11-07T05:53:54.843783655,BATCH-G-20231107
REV-00064878,SKU-0004419,user_9009414,Paul Joseph,4,"Solid build quality, no complaints.",2023-05-18,True,POSITIVE,15,SOURCE_G_REVIEWS,reviews_2023.csv,2023-05-18T19:05:52.782806646,BATCH-G-20230518
REV-00064889,SKU-0009807,user_59672,Steven Mitchell,5,"Solid build quality, no complaints.",2023-10-24,True,POSITIVE,1,SOURCE_G_REVIEWS,reviews_2023.csv,2023-10-25T05:45:06.949346787,BATCH-G-20231024
REV-00064894,SKU-0017773,user_9020822,Dennis Rivera DDS,5,Fast delivery and great quality.,2023-08-27,True,POSITIVE,4,SOURCE_G_REVIEWS,reviews_2023.csv,2023-08-28T04:24:50.381686002,BATCH-G-20230827
REV-00064897,SKU-0007877,user_9001922,Susan Owens,1,Very disappointed with the quality.,2023-12-06,True,NEGATIVE,0,SOURCE_G_REVIEWS,reviews_2023.csv,2023-12-07T03:40:21.696000161,BATCH-G-20231206
REV-00064901,SKU-9929774,,Anonymous,2,Not as described at all.,2023-03-11,True,NEGATIVE,3,SOURCE_G_REVIEWS,reviews_2023.csv,2023-03-11T18:02:17.174152378,BATCH-G-20230311
REV-00064903,SKU-0001366,,Anonymous,4,"Solid build quality, no complaints.",2023-03-22,True,POSITIVE,2,SOURCE_G_REVIEWS,reviews_2023.csv,2023-03-23T02:59:25.504629694,BATCH-G-20230322
REV-00064905,SKU-0010064,user_11569,Dennis Williams,4,Highly recommend this product.,2023-08-20,False,POSITIVE,11,SOURCE_G_REVIEWS,reviews_2023.csv,2023-08-20T04:52:17.300219930,BATCH-G-20230820
REV-00064907,SKU-0010538,user_66603,Jeff Stewart,-1,Stopped working after a week.,2023-12-02,True,NEGATIVE,1,SOURCE_G_REVIEWS,reviews_2023.csv,2023-12-02T00:34:29.600963370,BATCH-G-20231202
REV-00064909,SKU-0002513,user_45122,Glenn,5,Better than I expected for the price.,2023-02-12,True,POSITIVE,1,SOURCE_G_REVIEWS,reviews_2023.csv,2023-02-13T01:51:32.966311364,BATCH-G-20230212
REV-00064913,SKU-0004096,user_22805,Sydney Garcia,3,"Matches the description, no issues.",2023-12-22,False,NEUTRAL,1,SOURCE_G_REVIEWS,reviews_2023.csv,2023-12-22T19:48:13.379373737,BATCH-G-20231222
REV-00064916,SKU-0019706,user_19475,Joshua Mitchell,2,"Cheaply made, broke immediately.",2023-12-10,True,NEGATIVE,0,SOURCE_G_REVIEWS,reviews_2023.csv,2023-12-10T15:54:25.357892472,BATCH-G-20231210
REV-00064926,SKU-0012365,user_9033822,Eric Patterson,5,Excellent rapport qualité-prix.,2023-05-07,True,POSITIVE,1,SOURCE_G_REVIEWS,reviews_2023.csv,2023-05-08T01:22:39.246849355,BATCH-G-20230507
REV-00064930,SKU-0008346,,Anonymous,5,"Perfect gift, they loved it!",2023-05-03,True,POSITIVE,2,SOURCE_G_REVIEWS,reviews_2023.csv,2023-05-04T02:31:30.759575270,BATCH-G-20230503
REV-00064939,SKU-0001619,user_9031603,Emily Martinez,4,Will definitely buy again.,2023-09-09,False,POSITIVE,0,SOURCE_G_REVIEWS,reviews_2023.csv,2023-09-10T01:06:31.193236236,BATCH-G-20230909
REV-00064947,SKU-0004120,user_9031155,Jon,5,Will definitely buy again.,2023-01-18,True,POSITIVE,1,SOURCE_G_REVIEWS,reviews_2023.csv,2023-01-18T22:53:40.681631555,BATCH-G-20230118
REV-00064965,SKU-0000245,user_59780,Cameron Evans,5,</p>Great value for money.<i>edited</i>,2023-05-22,True,POSITIVE,0,SOURCE_G_REVIEWS,reviews_2023.csv,2023-05-23T00:34:02.297922418,BATCH-G-20230522
REV-00064972,SKU-0012922,,Anonymous,5,Decent but overpriced a bit.,2023-05-08,True,NEUTRAL,1,SOURCE_G_REVIEWS,reviews_2023.csv,2023-05-08T01:56:16.287265557,BATCH-G-20230508
REV-00064974,SKU-0012710,user_9013584,Leah Mccann,5,Better than I expected for the price.,2023-12-24,False,POSITIVE,3,SOURCE_G_REVIEWS,reviews_2023.csv,2023-12-24T07:43:09.907367048,BATCH-G-20231224
REV-00064979,SKU-0008478,user_9022503,Savannah Johnson,4,"Exactly as described, very happy.",2023-02-14,True,POSITIVE,1,SOURCE_G_REVIEWS,reviews_2023.csv,2023-02-15T04:13:48.465976294,BATCH-G-20230214
REV-00064980,SKU-0018788,user_9011063,Steven Davis,1,"Cheaply made, broke immediately.",2023-05-26,True,NEGATIVE,6,SOURCE_G_REVIEWS,reviews_2023.csv,2023-05-26T22:12:00.341839570,BATCH-G-20230526
REV-00064980-DUP,SKU-0018788,user_9011063,Steven Davis,1,"Cheaply made, broke immediately.",2023-05-26,True,NEGATIVE,6,SOURCE_G_REVIEWS,reviews_2023.csv,2023-05-26T23:07:00.341839570,BATCH-G-20230526
REV-00064986,SKU-0007841,user_66389,Roger Li,4,"Solid build quality, no complaints.",2023-12-13,False,POSITIVE,2,SOURCE_G_REVIEWS,reviews_2023.csv,2023-12-13T08:07:02.436594325,BATCH-G-20231213
REV-00064994,SKU-0019435,user_9026119,Stephanie Barnes,1,Very disappointed with the quality.,2023-03-16,True,NEGATIVE,1,SOURCE_G_REVIEWS,reviews_2023.csv,2023-03-16T06:47:34.906399184,BATCH-G-20230316
REV-00064995,SKU-0009291,user_8476,Nancy,5,"Exactly as described, very happy.",2023-02-15,True,POSITIVE,8,SOURCE_G_REVIEWS,reviews_2023.csv,2023-02-15T13:57:16.021818530,BATCH-G-20230215
REV-00064999,SKU-0015238,user_9033573,Jeffrey Leblanc,5,Better than I expected for the price. 💯,2023-12-16,False,POSITIVE,5,SOURCE_G_REVIEWS,reviews_2023.csv,2023-12-16T08:06:51.836663539,BATCH-G-20231216
REV-00065001,SKU-0010436,,Anonymous,NULL,Great value for money.,2023-09-23,False,POSITIVE,0,SOURCE_G_REVIEWS,reviews_2023.csv,2023-09-23T01:38:53.685509439,BATCH-G-20230923
REV-00065015,SKU-0005966,user_9002770,Nicole Thompson,4,Highly recommend this product.,2023-10-25,True,POSITIVE,0,SOURCE_G_REVIEWS,reviews_2023.csv,2023-10-25T00:56:55.706793120,BATCH-G-20231025
REV-00065018,SKU-0006612,user_7161,Ronald,4,"<i>edited</i>No cumplió mis expectativas. Perfect gift, they loved it!</p>",2023-01-23,True,POSITIVE,6,SOURCE_G_REVIEWS,reviews_2023.csv,2023-01-23T21:49:11.297279070,BATCH-G-20230123
REV-00065021,SKU-0003917,user_9009448,Daniel,4,"Exactly as described, very happy.",2023-12-27,True,POSITIVE,4,SOURCE_G_REVIEWS,reviews_2023.csv,2023-12-28T02:58:57.127541644,BATCH-G-20231227
REV-00065035,SKU-0002712,user_7764,Jeremy Osborn,3,"   Not  bad,  not  great  either.   ",2023-12-14,True,NEUTRAL,1,SOURCE_G_REVIEWS,reviews_2023.csv,2023-12-15T03:46:24.580170267,BATCH-G-20231214
REV-00065050,SKU-0015032,,Anonymous,3,Works fine but delivery was slow.,2023-04-19,True,NEUTRAL,4,SOURCE_G_REVIEWS,reviews_2023.csv,2023-04-19T01:13:25.196132014,BATCH-G-20230419
REV-00065091,SKU-0013534,user_6918,Caroline Peterson,5,"Solid build quality, no complaints.",2023-08-23,False,POSITIVE,0,SOURCE_G_REVIEWS,reviews_2023.csv,2023-08-23T05:44:03.752194910,BATCH-G-20230823
REV-00065093,SKU-0017789,user_9875,Angela Cabrera,4,"Exactly as described, very happy.",2023-05-10,True,POSITIVE,2,SOURCE_G_REVIEWS,reviews_2023.csv,2023-05-10T03:58:18.528370164,BATCH-G-20230510
REV-00065104,SKU-0015463,,Anonymous,1,"Waste of money, do not buy.",2023-11-17,True,NEGATIVE,3,SOURCE_G_REVIEWS,reviews_2023.csv,2023-11-17T19:11:18.197886995,BATCH-G-20231117
REV-00065106,SKU-0010581,user_9023544,Anthony,5,"Exactly as described, very happy.",2023-06-15,True,POSITIVE,0,SOURCE_G_REVIEWS,reviews_2023.csv,2023-06-15T04:44:06.822059859,BATCH-G-20230615
REV-00065107,SKU-0010262,user_9025744,George Bauer,4,"Absolutely love it, works perfectly!",2023-12-06,False,POSITIVE,1,SOURCE_G_REVIEWS,reviews_2023.csv,2023-12-06T23:32:40.403054432,BATCH-G-20231206
REV-00065109,SKU-0000033,user_2242,Karen Hall,3,Decent but overpriced a bit.,2023-11-23,False,NEUTRAL,4,SOURCE_G_REVIEWS,reviews_2023.csv,2023-11-23T02:39:53.770361593,BATCH-G-20231123
REV-00065116,SKU-0018770,,Anonymous,5,"Solid build quality, no complaints.",2023-02-05,True,POSITIVE,1,SOURCE_G_REVIEWS,reviews_2023.csv,2023-02-05T19:29:43.393279088,BATCH-G-20230205
REV-00065118,SKU-0005662,user_9020713,Patrick Estrada,4,"Exactly as described, very happy.",2023-08-01,False,POSITIVE,8,SOURCE_G_REVIEWS,reviews_2023.csv,2023-08-01T06:21:35.744882604,BATCH-G-20230801
REV-00065121,SKU-0003541,,Anonymous,5,"Cheaply made, broke immediately.",2023-10-14,True,NEGATIVE,1,SOURCE_G_REVIEWS,reviews_2023.csv,2023-10-14T14:40:43.061906615,BATCH-G-20231014
REV-00065130,SKU-0009788,,Anonymous,4,"Exactly as described, very happy.",2023-12-04,True,POSITIVE,4,SOURCE_G_REVIEWS,reviews_2023.csv,2023-12-04T07:47:55.237509373,BATCH-G-20231204
REV-00065146,SKU-0014150,user_9012907,Kathleen,5,"Absolutely love it, works perfectly!",2023-01-28,True,POSITIVE,7,SOURCE_G_REVIEWS,reviews_2023.csv,2023-01-28T21:04:56.565842840,BATCH-G-20230128
REV-00065155,SKU-0015223,user_63302,Robert Hernandez,4,?,2023-05-15,True,POSITIVE,5,SOURCE_G_REVIEWS,reviews_2023.csv,2023-05-15T12:17:23.907008266,BATCH-G-20230515
REV-00065157,SKU-0004183,user_9031472,Johnny,5,"बहुत अच्छा उत्पाद है, पैसा वसूल! Will definitely buy again.",2023-12-03,True,POSITIVE,0,SOURCE_G_REVIEWS,reviews_2023.csv,2023-12-03T04:29:31.381554068,BATCH-G-20231203
REV-00065175,SKU-0017907,user_9034641,Patrick Wright,5,"Exactly as described, very happy.",2023-06-14,True,POSITIVE,0,SOURCE_G_REVIEWS,reviews_2023.csv,2023-06-14T16:28:17.703761313,BATCH-G-20230614
REV-00065181,SKU-0012851,user_9001087,Trevor Smith,4,"Exactly as described, very happy.",2023-07-07,True,POSITIVE,3,SOURCE_G_REVIEWS,reviews_2023.csv,2023-07-21T18:00:00,BATCH-G-20230707
REV-00065185,SKU-0005024,user_27920,Louis Mahoney,5,Fast delivery and great quality.,2023-11-09,False,POSITIVE,2,SOURCE_G_REVIEWS,reviews_2023.csv,2023-11-09T04:11:42.924330014,BATCH-G-20231109
REV-00065200,SKU-0014624,user_9006396,Stephanie Cole,5,unknown,2023-11-21,False,POSITIVE,0,SOURCE_G_REVIEWS,reviews_2023.csv,2023-11-22T05:58:23.370910602,BATCH-G-20231121
REV-00065216,SKU-0017706,user_54174,David Henderson,4,गुणवत्ता ठीक नहीं थी।,2023-12-27,False,POSITIVE,2,SOURCE_G_REVIEWS,reviews_2023.csv,2023-12-27T00:48:57.488134650,BATCH-G-20231227
REV-00065223,SKU-0017398,user_63368,Gloria Williams,4,Great value for money. 😀,2023-01-21,True,POSITIVE,0,SOURCE_G_REVIEWS,reviews_2023.csv,2023-01-22T03:04:17.063942356,BATCH-G-20230121
REV-00065225,SKU-0015363,user_9023966,Molly,5,Better than I expected for the price.,2023-06-30,True,POSITIVE,6,SOURCE_G_REVIEWS,reviews_2023.csv,2023-06-30T23:09:53.185029375,BATCH-G-20230630
REV-00065233,SKU-0016814,user_9007080,Todd Berry,2,Excellent rapport qualité-prix.,2023-11-25,False,NEGATIVE,3,SOURCE_G_REVIEWS,reviews_2023.csv,2023-11-25T22:58:50.730272396,BATCH-G-20231125
REV-00065245,SKU-0007882,user_9013589,Andrew Griffin,5,गुणवत्ता ठीक नहीं थी। 😐😍,2023-09-17,True,POSITIVE,2,SOURCE_G_REVIEWS,reviews_2023.csv,2023-09-18T02:50:08.632558598,BATCH-G-20230917
REV-00065261,SKU-0011622,user_35043,Zachary King,5,Better than I expected for the price.,2023-01-10,True,POSITIVE,0,SOURCE_G_REVIEWS,reviews_2023.csv,2023-01-10T11:01:58.524986100,BATCH-G-20230110
REV-00065272,SKU-0000414,user_33913,Bobby,2,   Very  disappointed  with  the  quality.   ,2023-08-31,True,NEGATIVE,4,SOURCE_G_REVIEWS,reviews_2023.csv,2023-09-01T01:21:03.966262424,BATCH-G-20230831
REV-00065273,SKU-0007006,user_65639,Samuel,5,"Solid build quality, no complaints.",2023-05-19,True,POSITIVE,16,SOURCE_G_REVIEWS,reviews_2023.csv,2023-05-22T20:00:00,BATCH-G-20230519
REV-00065275,SKU-0015943,user_21269,Gina Walters,3,"Average quality, nothing special.",2023-08-17,True,NEUTRAL,4,SOURCE_G_REVIEWS,reviews_2023.csv,2023-08-17T03:13:47.052046431,BATCH-G-20230817
REV-00065286,SKU-0006672,user_7856,Kimberly Jones,5,Highly recommend this product.,2023-07-14,False,POSITIVE,4,SOURCE_G_REVIEWS,reviews_2023.csv,2023-07-14T15:35:04.027901526,BATCH-G-20230714
REV-00065300,SKU-0008900,user_9002076,Charles,5,गुणवत्ता ठीक नहीं थी। Fast delivery and great quality.,2023-06-02,False,POSITIVE,2,SOURCE_G_REVIEWS,reviews_2023.csv,2023-06-02T18:15:38.589934926,BATCH-G-20230602
REV-00065311,SKU-0015773,user_9024855,Matthew Rosario,1,"Waste of money, do not buy.",2023-03-05,False,NEGATIVE,1,SOURCE_G_REVIEWS,reviews_2023.csv,2023-03-05T17:38:37.079256810,BATCH-G-20230305
REV-00065313,SKU-0002261,user_49637,Scott Johnson,2,Very disappointed with the quality.,2023-11-23,False,NEGATIVE,0,SOURCE_G_REVIEWS,reviews_2023.csv,2023-11-23T05:52:21.254742593,BATCH-G-20231123
REV-00065316,SKU-0011677,user_37429,Christopher Diaz,4,Great value for money.,2023-09-19,False,POSITIVE,9,SOURCE_G_REVIEWS,reviews_2023.csv,2023-09-19T01:34:24.397791476,BATCH-G-20230919
REV-00065320,SKU-0019192,user_9018229,Joseph,-1,"Solid build quality, no complaints.",2023-10-23,True,POSITIVE,7,SOURCE_G_REVIEWS,reviews_2023.csv,2023-10-23T20:35:40.128054370,BATCH-G-20231023
REV-00065329,SKU-0006191,user_9007674,Mr. Stephen Garner,1,Wrong item was shipped to me.,2023-02-14,True,NEGATIVE,0,SOURCE_G_REVIEWS,reviews_2023.csv,2023-02-14T23:18:54.482640860,BATCH-G-20230214
REV-00065349,SKU-9966608,user_54509,Julie,5,Will definitely buy again.,2023-12-20,True,POSITIVE,4,SOURCE_G_REVIEWS,reviews_2023.csv,2023-12-20T09:26:21.856171778,BATCH-G-20231220
REV-00065360,SKU-0005715,user_45144,Mark Holmes,3,"Average quality, nothing special.",2023-01-16,False,NEUTRAL,8,SOURCE_G_REVIEWS,reviews_2023.csv,2023-01-16T17:08:50.573480730,BATCH-G-20230116
REV-00065361,SKU-0017519,user_63171,Danielle,1,<br>Not as described at all.<br>,2023-10-12,True,NEGATIVE,5,SOURCE_G_REVIEWS,reviews_2023.csv,2023-10-12T06:20:59.663103742,BATCH-G-20231012
REV-00065368,SKU-0014639,user_9026934,Katherine Martinez,N/A,Wrong item was shipped to me.,2023-01-11,False,NEGATIVE,0,SOURCE_G_REVIEWS,reviews_2023.csv,2023-01-12T02:30:58.291646754,BATCH-G-20230111
REV-00065375,SKU-0006599,user_27795,Alice Ruiz,5,"Absolutely love it, works perfectly!",2023-01-06,True,POSITIVE,6,SOURCE_G_REVIEWS,reviews_2023.csv,2023-01-06T12:08:19.346788309,BATCH-G-20230106
REV-00065375-BOT,SKU-0006599,user_46930,Kari Zimmerman,5,"Absolutely love it, works perfectly!",2023-01-06,False,POSITIVE,0,SOURCE_G_REVIEWS,reviews_2023.csv,2023-01-06T12:08:19.346788309,BATCH-G-20230106
REV-00065384,SKU-9967250,user_67486,Dean Blair,4,"Absolutely love it, works perfectly! ⭐😀",2023-05-30,False,POSITIVE,1,SOURCE_G_REVIEWS,reviews_2023.csv,2023-05-30T16:06:28.439194793,BATCH-G-20230530
REV-00065388,SKU-0012487,user_47477,Tracy Rogers,4,"Absolutely love it, works perfectly!",2023-09-27,False,POSITIVE,1,SOURCE_G_REVIEWS,reviews_2023.csv,2023-10-12T00:00:00,BATCH-G-20230927
REV-00065393,SKU-0018303,user_30541,Kelly Morrison,4,Will definitely buy again.,2023-01-10,True,POSITIVE,0,SOURCE_G_REVIEWS,reviews_2023.csv,2023-01-10T17:44:35.051172449,BATCH-G-20230110
REV-00065417,SKU-0005951,,Anonymous,4,"Solid build quality, no complaints.",2023-09-22,False,POSITIVE,7,SOURCE_G_REVIEWS,reviews_2023.csv,2023-09-22T18:45:51.294698174,BATCH-G-20230922
REV-00065418,SKU-0000099,,Anonymous,2,Not as described at all.,2023-09-25,False,NEGATIVE,1,SOURCE_G_REVIEWS,reviews_2023.csv,2023-09-26T01:52:54.746714220,BATCH-G-20230925
REV-00065419,SKU-0019068,user_9023155,Jeffrey Mitchell,NA,Highly recommend this product.,2023-09-29,True,POSITIVE,5,SOURCE_G_REVIEWS,reviews_2023.csv,2023-09-30T00:19:12.712639547,BATCH-G-20230929
REV-00065426,SKU-0000341,,Anonymous,4,"Exactly as described, very happy. ⭐",2023-10-01,True,POSITIVE,3,SOURCE_G_REVIEWS,reviews_2023.csv,2023-10-01T00:31:16.082298922,BATCH-G-20231001
REV-00065430,SKU-0017249,user_56925,Jennifer,5,Exceeded my expectations.,2023-08-19,True,POSITIVE,2,SOURCE_G_REVIEWS,reviews_2023.csv,2023-08-19T14:46:59.378432814,BATCH-G-20230819
REV-00065441,SKU-0010824,user_9034004,Amy Mcgee,1,Arrived damaged and support was unhelpful.,2023-11-15,True,NEGATIVE,0,SOURCE_G_REVIEWS,reviews_2023.csv,2023-11-15T01:08:40.261401617,BATCH-G-20231115
REV-00065442,SKU-0008032,user_9028230,Alexis,5,Highly recommend this product.,2023-12-20,True,POSITIVE,7,SOURCE_G_REVIEWS,reviews_2023.csv,2023-12-20T08:01:28.178373673,BATCH-G-20231220
REV-00065446,SKU-9950482,,Anonymous,3,Decent but overpriced a bit.,2023-11-16,False,NEUTRAL,4,SOURCE_G_REVIEWS,reviews_2023.csv,2023-11-16T11:14:29.442728277,BATCH-G-20231116
REV-00065449,SKU-0007608,,Anonymous,3,Works fine but delivery was slow.,2023-03-27,True,NEUTRAL,0,SOURCE_G_REVIEWS,reviews_2023.csv,2023-03-27T10:19:29.034864178,BATCH-G-20230327
REV-00065453,SKU-0016503,user_34553,Kelsey Schwartz,2,"Waste of money, do not buy.",2023-03-27,False,NEGATIVE,1,SOURCE_G_REVIEWS,reviews_2023.csv,2023-03-28T04:29:35.573983886,BATCH-G-20230327
REV-00065455,SKU-0002874,user_32359,Michael Kaufman,4,Fast delivery and great quality.,2023-05-02,False,POSITIVE,7,SOURCE_G_REVIEWS,reviews_2023.csv,2023-05-02T10:18:14.792190146,BATCH-G-20230502
REV-00065463,SKU-0017543,user_43867,Kimberly Griffith,4,"Absolutely love it, works perfectly!",2023-03-14,True,POSITIVE,0,SOURCE_G_REVIEWS,reviews_2023.csv,2023-03-15T05:01:36.685460228,BATCH-G-20230314
REV-00065467,SKU-0019572,user_9010449,Timothy Robbins,4,"Muy buen producto, lo recomiendo.",2023-07-27,False,POSITIVE,0,SOURCE_G_REVIEWS,reviews_2023.csv,2023-07-27T03:13:10.531367517,BATCH-G-20230727
REV-00065474,SKU-0010329,user_9002417,Cole Gibson,4,Will definitely buy again.,2023-11-26,False,POSITIVE,2,SOURCE_G_REVIEWS,reviews_2023.csv,2023-11-26T16:48:55.895582678,BATCH-G-20231126
REV-00065486,SKU-0006605,user_21847,Brandon,5,Great value for money.,2023-04-15,True,POSITIVE,0,SOURCE_G_REVIEWS,reviews_2023.csv,2023-04-15T01:38:21.263920082,BATCH-G-20230415
REV-00065490,SKU-0003035,user_39274,John,2,&nbsp;Very disappointed with the quality.<br>,2023-06-10,True,NEGATIVE,8,SOURCE_G_REVIEWS,reviews_2023.csv,2023-06-10T21:37:21.416599799,BATCH-G-20230610
REV-00065507,SKU-0005513,user_9016751,Daniel,5,Exceeded my expectations.,2023-11-06,True,POSITIVE,4,SOURCE_G_REVIEWS,reviews_2023.csv,2023-11-06T06:39:15.055158270,BATCH-G-20231106
REV-00065535,SKU-0012212,user_27655,Jasmine Sutton,5,Great value for money.,2023-02-18,True,POSITIVE,0,SOURCE_G_REVIEWS,reviews_2023.csv,2023-02-18T20:22:51.247180214,BATCH-G-20230218
REV-00065536,SKU-0018644,user_4033,Ashley,4,"Muy buen producto, lo recomiendo. 🙏",2023-04-17,False,POSITIVE,0,SOURCE_G_REVIEWS,reviews_2023.csv,2023-04-17T08:00:05.577381303,BATCH-G-20230417
REV-00065538,SKU-0011690,user_9027059,Brian,3,"It's okay, does the job.",2023-06-07,False,NEUTRAL,5,SOURCE_G_REVIEWS,reviews_2023.csv,2023-06-08T04:26:44.653484581,BATCH-G-20230607
REV-00065539,SKU-0009322,user_9034761,Benjamin Cortez,2,Very disappointed with the quality.,2023-12-08,True,NEGATIVE,0,SOURCE_G_REVIEWS,reviews_2023.csv,2023-12-08T07:41:44.922650305,BATCH-G-20231208
REV-00065540,SKU-9939361,,Anonymous,1,Wrong item was shipped to me.,2023-08-07,True,NEGATIVE,4,SOURCE_G_REVIEWS,reviews_2023.csv,2023-08-07T09:09:16.590414793,BATCH-G-20230807
REV-00065542,SKU-0014660,,Anonymous,1,"Cheaply made, broke immediately.",2023-07-18,True,NEGATIVE,2,SOURCE_G_REVIEWS,reviews_2023.csv,2023-07-19T02:04:50.725985537,BATCH-G-20230718
REV-00065549,SKU-0000946,user_61037,John Rivera,3,"Muy buen producto, lo recomiendo.",2023-01-17,False,NEUTRAL,1,SOURCE_G_REVIEWS,reviews_2023.csv,2023-01-17T05:51:15.425509422,BATCH-G-20230117
REV-00065552,SKU-0003050,user_45993,Kristin Patterson,5,"Absolutely love it, works perfectly!",2023-08-18,False,POSITIVE,1,SOURCE_G_REVIEWS,reviews_2023.csv,2023-08-18T21:15:20.576041706,BATCH-G-20230818
REV-00065555,SKU-0020141,user_23991,Jorge Jenkins,4,Better than I expected for the price.,2023-06-19,False,POSITIVE,0,SOURCE_G_REVIEWS,reviews_2023.csv,2023-06-19T17:03:17.468095563,BATCH-G-20230619
REV-00065566,SKU-0015974,user_9031864,Chelsea Huffman,5,Will definitely buy again.,2023-06-20,False,POSITIVE,1,SOURCE_G_REVIEWS,reviews_2023.csv,2023-06-21T00:32:04.332922533,BATCH-G-20230620
REV-00065569,SKU-0003440,user_11512,Steven Decker,4,,2023-11-28,False,POSITIVE,3,SOURCE_G_REVIEWS,reviews_2023.csv,2023-11-28T23:16:50.367538358,BATCH-G-20231128
REV-00065590,SKU-0018985,user_9018898,Brent,unknown,Exceeded my expectations.,2023-02-28,False,POSITIVE,8,SOURCE_G_REVIEWS,reviews_2023.csv,2023-02-28T09:08:19.080178327,BATCH-G-20230228
REV-00065594,SKU-0015191,user_9032208,Eric,4,"Absolutely love it, works perfectly!",2023-12-14,True,POSITIVE,2,SOURCE_G_REVIEWS,reviews_2023.csv,2023-12-14T15:43:43.962884640,BATCH-G-20231214
REV-00065597,SKU-0009033,user_63316,Charles Williams,5,Exceeded my expectations.,2023-03-10,False,POSITIVE,2,SOURCE_G_REVIEWS,reviews_2023.csv,2023-03-10T21:19:07.493290040,BATCH-G-20230310
REV-00065600,SKU-0004328,user_34746,Dr. Lauren Todd,5,Highly recommend this product.,2023-09-16,True,POSITIVE,1,SOURCE_G_REVIEWS,reviews_2023.csv,2023-09-16T15:37:41.623245912,BATCH-G-20230916
REV-00065609,SKU-0019630,user_34691,Joseph Cobb MD,2,Very disappointed with the quality.,2023-12-22,False,NEGATIVE,0,SOURCE_G_REVIEWS,reviews_2023.csv,2023-12-22T09:30:36.949273144,BATCH-G-20231222
REV-00065612,SKU-0003857,user_9033021,Mark,5,Better than I expected for the price.,2023-01-03,True,POSITIVE,2,SOURCE_G_REVIEWS,reviews_2023.csv,2023-01-03T07:15:32.565153428,BATCH-G-20230103
REV-00065619,SKU-0016086,user_9033756,Elizabeth,-,Exceeded my expectations.,2023-12-29,True,POSITIVE,0,SOURCE_G_REVIEWS,reviews_2023.csv,2023-12-29T14:46:50.598271922,BATCH-G-20231229
REV-00065627,SKU-0012115,user_9006689,Patrick Petersen,4,"Perfect gift, they loved it!",2023-05-13,False,POSITIVE,0,SOURCE_G_REVIEWS,reviews_2023.csv,2023-05-13T08:51:00.518146684,BATCH-G-20230513
REV-00065633,SKU-0000269,user_9014304,Michael,5,Will definitely buy again.,2023-03-13,False,POSITIVE,4,SOURCE_G_REVIEWS,reviews_2023.csv,2023-03-13T10:54:48.323623537,BATCH-G-20230313
REV-00065643,SKU-0017561,user_9019247,Michael Watson,5,"Solid build quality, no complaints.",2023-04-10,True,POSITIVE,2,SOURCE_G_REVIEWS,reviews_2023.csv,2023-04-10T15:02:46.125782109,BATCH-G-20230410
REV-00065645,SKU-0015277,,Anonymous,4,"Livraison très lente, déçu.",2023-09-30,False,POSITIVE,1,SOURCE_G_REVIEWS,reviews_2023.csv,2023-09-30T05:00:44.025480439,BATCH-G-20230930
REV-00065654,SKU-0004976,user_9016727,Isaac Ponce II,2,"Poor packaging, item was defective.",2023-08-10,True,NEGATIVE,2,SOURCE_G_REVIEWS,reviews_2023.csv,2023-08-10T19:32:14.899157724,BATCH-G-20230810
REV-00065663,SKU-0001930,user_9002111,Sandra Eaton,5,Exceeded my expectations.,2023-05-22,True,POSITIVE,2,SOURCE_G_REVIEWS,reviews_2023.csv,2023-05-22T06:27:41.395099665,BATCH-G-20230522
REV-00065665,SKU-0011613,user_9032096,Christopher Smith,4,Will definitely buy again.,2023-04-02,True,POSITIVE,2,SOURCE_G_REVIEWS,reviews_2023.csv,2023-04-02T13:58:57.752862711,BATCH-G-20230402
REV-00065676,SKU-0016457,user_29544,Mary,4,Highly recommend this product.,2023-12-05,False,POSITIVE,7,SOURCE_G_REVIEWS,reviews_2023.csv,2023-12-05T08:33:43.763321190,BATCH-G-20231205
REV-00065680,SKU-0016153,user_9033217,Jonathon Browning,5,"Exactly as described, very happy.",2023-01-04,True,POSITIVE,0,SOURCE_G_REVIEWS,reviews_2023.csv,2023-01-04T20:16:53.140114669,BATCH-G-20230104
REV-00065681,SKU-0003361,,Anonymous,3,"Average quality, nothing special.",2023-02-21,True,NEUTRAL,0,SOURCE_G_REVIEWS,reviews_2023.csv,2023-02-21T20:41:23.621917191,BATCH-G-20230221
REV-00065687,SKU-0002652,user_9033848,Robert,4,Exceeded my expectations.,2023-08-09,True,POSITIVE,3,SOURCE_G_REVIEWS,reviews_2023.csv,2023-08-09T17:35:23.556508619,BATCH-G-20230809
REV-00065708,SKU-0005222,user_31411,Stephen Peterson,5,Great value for money.,2023-11-23,True,POSITIVE,0,SOURCE_G_REVIEWS,reviews_2023.csv,2023-11-23T06:58:26.317928762,BATCH-G-20231123
REV-00065709,SKU-0016580,user_68313,Barbara,3,Works fine but delivery was slow.,2023-06-02,True,NEUTRAL,6,SOURCE_G_REVIEWS,reviews_2023.csv,2023-06-03T04:01:33.948264850,BATCH-G-20230602
REV-00065730,SKU-0017237,user_52058,William Schroeder,2,"Waste of money, do not buy.",2023-05-09,False,NEGATIVE,4,SOURCE_G_REVIEWS,reviews_2023.csv,2023-05-09T22:19:48.695389462,BATCH-G-20230509
REV-00065737,SKU-0002275,user_9004555,John Montgomery,5,   Fast  delivery  and  great  quality.   ,2023-08-16,True,POSITIVE,3,SOURCE_G_REVIEWS,reviews_2023.csv,2023-08-16T13:34:03.929630663,BATCH-G-20230816
REV-00065751,SKU-0010860,user_34875,Dr. James Church,5,Fast delivery and great quality.,2023-02-22,False,POSITIVE,1,SOURCE_G_REVIEWS,reviews_2023.csv,2023-02-22T21:50:48.397603534,BATCH-G-20230222
REV-00065759,SKU-9909724,user_9002378,Brent,5,"Solid build quality, no complaints.",2023-08-26,True,POSITIVE,0,SOURCE_G_REVIEWS,reviews_2023.csv,2023-08-27T00:43:01.669448894,BATCH-G-20230826
REV-00065769,SKU-0014976,user_47306,Monica Robinson,4,Better than I expected for the price.,2023-03-06,True,POSITIVE,5,SOURCE_G_REVIEWS,reviews_2023.csv,2023-03-06T02:57:22.394092419,BATCH-G-20230306
REV-00065780,SKU-0003988,user_1922,Cynthia Rodriguez,2,Excellent rapport qualité-prix.,2023-06-07,True,NEGATIVE,2,SOURCE_G_REVIEWS,reviews_2023.csv,2023-06-07T22:00:53.828584250,BATCH-G-20230607
REV-00065788,SKU-0001237,user_66980,Mark Flores,3,Works fine but delivery was slow.,2023-07-06,True,NEUTRAL,4,SOURCE_G_REVIEWS,reviews_2023.csv,2023-07-06T14:11:32.970954270,BATCH-G-20230706
REV-00065792,SKU-0018487,,Anonymous,7,"Waste of money, do not buy.",2023-01-03,True,NEGATIVE,2,SOURCE_G_REVIEWS,reviews_2023.csv,2023-01-17T19:00:00,BATCH-G-20230103
REV-00065820,SKU-0002308,user_9005730,Alfred Williams,4,"Exactly as described, very happy.",2023-06-08,True,POSITIVE,0,SOURCE_G_REVIEWS,reviews_2023.csv,2023-06-08T18:22:51.838744381,BATCH-G-20230608
REV-00065829,SKU-9974803,user_60783,Douglas,4,"Absolutely love it, works perfectly!",2023-06-17,True,POSITIVE,6,SOURCE_G_REVIEWS,reviews_2023.csv,2023-06-17T15:38:15.348327619,BATCH-G-20230617
REV-00065834,SKU-0015715,,Anonymous,5,Great value for money.,2023-03-26,True,POSITIVE,1,SOURCE_G_REVIEWS,reviews_2023.csv,2023-03-26T10:29:06.413756022,BATCH-G-20230326
REV-00065841,SKU-0003928,user_9014007,John,4,Exceeded my expectations.,2023-11-02,True,POSITIVE,2,SOURCE_G_REVIEWS,reviews_2023.csv,2023-11-03T02:17:43.744158123,BATCH-G-20231102
REV-00065846,SKU-0015145,user_9027547,Alexander Singh,2,"बहुत अच्छा उत्पाद है, पैसा वसूल!",2023-01-14,True,NEGATIVE,4,SOURCE_G_REVIEWS,reviews_2023.csv,2023-01-14T11:15:14.527444415,BATCH-G-20230114
REV-00065851,SKU-0008286,user_9001634,Christian Matthews,2,Wrong item was shipped to me.,2023-01-05,True,NEGATIVE,4,SOURCE_G_REVIEWS,reviews_2023.csv,2023-01-06T05:42:10.356049310,BATCH-G-20230105
REV-00065864,SKU-0009856,user_9034060,Tiffany Bender,5,"Exactly as described, very happy.",2023-08-13,False,POSITIVE,1,SOURCE_G_REVIEWS,reviews_2023.csv,2023-08-13T01:03:50.756097460,BATCH-G-20230813
REV-00065866,SKU-9925614,user_9007584,Darren Payne,5,Exceeded my expectations.,2023-06-08,True,POSITIVE,8,SOURCE_G_REVIEWS,reviews_2023.csv,2023-06-08T10:30:27.713796661,BATCH-G-20230608
REV-00065867,SKU-9945601,user_9024980,Cathy Bailey,1,Wrong item was shipped to me. 😢👍,2023-04-28,False,NEGATIVE,7,SOURCE_G_REVIEWS,reviews_2023.csv,2023-04-28T01:04:38.677877533,BATCH-G-20230428
REV-00065871,SKU-0012799,,Anonymous,null,Highly recommend this product.,2023-07-22,True,POSITIVE,2,SOURCE_G_REVIEWS,reviews_2023.csv,2023-07-22T17:09:34.512940598,BATCH-G-20230722
REV-00065878,SKU-0018896,user_9012506,Kevin Jimenez,1,"Cheaply made, broke immediately.",2023-09-05,True,NEGATIVE,7,SOURCE_G_REVIEWS,reviews_2023.csv,2023-09-05T21:45:50.886451355,BATCH-G-20230905
REV-00065900,SKU-0013173,user_9018197,Ellen Chambers,5,"Absolutely love it, works perfectly!",2023-01-08,True,POSITIVE,1,SOURCE_G_REVIEWS,reviews_2023.csv,2023-01-08T16:06:18.951520261,BATCH-G-20230108
REV-00065904,SKU-0006060,user_2842,Monica,4,"Excellent rapport qualité-prix. Exactly as described, very happy.",2023-02-21,False,POSITIVE,1,SOURCE_G_REVIEWS,reviews_2023.csv,2023-02-21T12:16:06.947096915,BATCH-G-20230221
REV-00065912,SKU-0003290,user_15760,Theresa Lee,unknown,"Absolutely love it, works perfectly!",2023-02-11,True,POSITIVE,7,SOURCE_G_REVIEWS,reviews_2023.csv,2023-02-11T22:51:15.601535696,BATCH-G-20230211
REV-00065917,SKU-0017975,user_40788,Adam Williamson,1,   &nbsp;Wrong  item  was  shipped  to  me.&nbsp;   ,2023-06-08,True,NEGATIVE,3,SOURCE_G_REVIEWS,reviews_2023.csv,2023-06-08T07:26:10.502576157,BATCH-G-20230608
REV-00065948,SKU-0012586,,Anonymous,4,Great value for money.,2023-07-04,True,POSITIVE,7,SOURCE_G_REVIEWS,reviews_2023.csv,2023-07-04T20:56:51.556308513,BATCH-G-20230704
REV-00065955,SKU-0015062,user_4592,Taylor Oconnell,3,गुणवत्ता ठीक नहीं थी।,2023-06-18,True,NEUTRAL,3,SOURCE_G_REVIEWS,reviews_2023.csv,2023-06-18T16:44:58.439198016,BATCH-G-20230618
REV-00065961,SKU-0013119,,Anonymous,4,Highly recommend this product.,2023-01-02,True,POSITIVE,4,SOURCE_G_REVIEWS,reviews_2023.csv,2023-01-02T11:03:13.446838469,BATCH-G-20230102
REV-00065962,SKU-0008730,user_67114,Luis,5,-,2023-02-06,True,POSITIVE,0,SOURCE_G_REVIEWS,reviews_2023.csv,2023-02-06T21:55:57.596318637,BATCH-G-20230206
REV-00065967,SKU-0001284,user_35470,Jose Hill,4,Highly recommend this product.,2023-09-14,True,POSITIVE,2,SOURCE_G_REVIEWS,reviews_2023.csv,2023-09-14T08:07:29.703176384,BATCH-G-20230914
REV-00065980,SKU-0003655,user_9017549,Noah Love,1,गुणवत्ता ठीक नहीं थी।,2023-04-01,False,NEGATIVE,0,SOURCE_G_REVIEWS,reviews_2023.csv,2023-04-01T17:32:13.460461901,BATCH-G-20230401
REV-00065995,SKU-0008491,,Anonymous,5,"Absolutely love it, works perfectly! 😢",2023-12-30,True,POSITIVE,0,SOURCE_G_REVIEWS,reviews_2023.csv,2023-12-30T05:43:08.477471667,BATCH-G-20231230
REV-00066001,SKU-0003103,user_48797,Rebecca Silva,2,Stopped working after a week.,2023-09-05,True,NEGATIVE,1,SOURCE_G_REVIEWS,reviews_2023.csv,2023-09-05T18:33:14.050836482,BATCH-G-20230905
REV-00066012,SKU-0017546,,Anonymous,1,Very disappointed with the quality.,2023-06-22,False,NEGATIVE,8,SOURCE_G_REVIEWS,reviews_2023.csv,2023-06-22T03:42:56.507701351,BATCH-G-20230622
REV-00066027,SKU-0013171,user_9003290,Jennifer Mckinney,,Exceeded my expectations.,2023-03-12,True,POSITIVE,2,SOURCE_G_REVIEWS,reviews_2023.csv,2023-03-12T14:31:39.425071842,BATCH-G-20230312
REV-00066035,SKU-0007598,user_9016135,Kimberly Hall,5,Highly recommend this product.,2023-09-12,False,POSITIVE,12,SOURCE_G_REVIEWS,reviews_2023.csv,2023-09-12T06:45:51.693845825,BATCH-G-20230912
REV-00066047,SKU-0005015,user_55222,Jimmy,-,Very disappointed with the quality.,2023-11-16,False,NEGATIVE,1,SOURCE_G_REVIEWS,reviews_2023.csv,2023-11-16T16:57:03.749521573,BATCH-G-20231116
REV-00066048,SKU-0010389,user_57542,Alexandra Smith,2,"Muy buen producto, lo recomiendo. Stopped working after a week.",2023-12-03,True,NEGATIVE,0,SOURCE_G_REVIEWS,reviews_2023.csv,2023-12-03T05:39:36.508938231,BATCH-G-20231203
REV-00066069,SKU-0017892,user_9014097,Kimberly Elliott,5,"Solid build quality, no complaints.",2023-10-17,True,POSITIVE,1,SOURCE_G_REVIEWS,reviews_2023.csv,2023-10-17T08:09:08.215265533,BATCH-G-20231017
REV-00066071,SKU-0016096,user_29545,Tracey Mathews,5,"Matches the description, no issues.",2023-09-16,False,NEUTRAL,1,SOURCE_G_REVIEWS,reviews_2023.csv,2023-09-16T00:41:59.865897551,BATCH-G-20230916
REV-00066080,SKU-0006918,user_44276,Paula Harding,4,Will definitely buy again.,2023-06-30,False,POSITIVE,4,SOURCE_G_REVIEWS,reviews_2023.csv,2023-06-30T03:11:18.739374499,BATCH-G-20230630
REV-00066081,SKU-0019920,user_9033789,David Barnes,5,"Perfect gift, they loved it!",2023-02-28,True,POSITIVE,5,SOURCE_G_REVIEWS,reviews_2023.csv,2023-02-28T21:59:10.806123213,BATCH-G-20230228
REV-00066087,SKU-9984971,user_9032548,Richard Castro,1,"Poor packaging, item was defective.",2023-06-16,False,NEGATIVE,0,SOURCE_G_REVIEWS,reviews_2023.csv,2023-06-16T07:20:27.887810547,BATCH-G-20230616
REV-00066088,SKU-9913525,user_43663,Brent Cooper,4,"Absolutely love it, works perfectly!",2023-10-28,True,POSITIVE,2,SOURCE_G_REVIEWS,reviews_2023.csv,2023-10-28T18:33:41.790115237,BATCH-G-20231028
REV-00066093,SKU-0010660,user_9001536,Patricia Martinez,5,"Exactly as described, very happy.",2023-11-23,False,POSITIVE,3,SOURCE_G_REVIEWS,reviews_2023.csv,2023-11-23T05:22:45.614321581,BATCH-G-20231123
REV-00066098,SKU-0019128,user_65113,Linda,5,Highly recommend this product.,2023-01-27,False,POSITIVE,2,SOURCE_G_REVIEWS,reviews_2023.csv,2023-01-28T01:47:45.153475935,BATCH-G-20230127
REV-00066122,SKU-9932615,user_1107,Rachel Schmidt,3,"Matches the description, no issues.",2023-05-17,True,NEUTRAL,0,SOURCE_G_REVIEWS,reviews_2023.csv,2023-05-17T05:11:30.382558148,BATCH-G-20230517
REV-00066126,SKU-0014439,user_9009050,Nicole Rhodes,5,Exceeded my expectations.,2023-08-10,True,POSITIVE,1,SOURCE_G_REVIEWS,reviews_2023.csv,2023-08-10T12:45:53.836065093,BATCH-G-20230810
REV-00066138,SKU-0015038,,Anonymous,3,Not as described at all.,2023-01-21,True,NEGATIVE,12,SOURCE_G_REVIEWS,reviews_2023.csv,2023-01-21T11:45:56.424172614,BATCH-G-20230121
REV-00066140,SKU-0012663,user_15738,April,4,Very disappointed with the quality.,2023-12-07,True,NEGATIVE,0,SOURCE_G_REVIEWS,reviews_2023.csv,2023-12-07T15:47:33.597225894,BATCH-G-20231207
REV-00066141,SKU-0004071,user_9027264,Kathryn Warren,5,Highly recommend this product.,2023-12-12,True,POSITIVE,0,SOURCE_G_REVIEWS,reviews_2023.csv,2023-12-12T01:53:35.387134608,BATCH-G-20231212
REV-00066178,SKU-0000739,user_63570,James Hoffman,5,Better than I expected for the price.,2023-12-28,True,POSITIVE,7,SOURCE_G_REVIEWS,reviews_2023.csv,2023-12-28T04:51:47.716780344,BATCH-G-20231228
REV-00066193,SKU-0007621,,Anonymous,5,"Exactly as described, very happy.",2023-10-17,False,POSITIVE,0,SOURCE_G_REVIEWS,reviews_2023.csv,2023-10-17T09:07:01.574888447,BATCH-G-20231017
REV-00066199,SKU-0006417,user_9010364,Michael Carney,4,Highly recommend this product.,2023-10-25,True,POSITIVE,0,SOURCE_G_REVIEWS,reviews_2023.csv,2023-10-25T12:26:06.139586147,BATCH-G-20231025
REV-00066216,SKU-0000911,user_32271,Jennifer,-,"Solid build quality, no complaints.",2023-04-11,True,POSITIVE,5,SOURCE_G_REVIEWS,reviews_2023.csv,2023-04-11T03:00:48.608355489,BATCH-G-20230411
REV-00066222,SKU-0012593,user_28385,Michael Oneal,5,"Perfect gift, they loved it!",2023-01-11,True,POSITIVE,9,SOURCE_G_REVIEWS,reviews_2023.csv,2023-01-11T04:11:54.786552366,BATCH-G-20230111
REV-00066232,SKU-0019166,user_9023410,Ann Morgan,3,गुणवत्ता ठीक नहीं थी।,2023-10-07,True,NEUTRAL,0,SOURCE_G_REVIEWS,reviews_2023.csv,2023-10-07T14:32:24.125169947,BATCH-G-20231007
REV-00066242,SKU-0005790,user_21868,Kenneth Gentry,4,Fast delivery and great quality.,2023-11-11,True,POSITIVE,0,SOURCE_G_REVIEWS,reviews_2023.csv,2023-11-11T10:24:23.576305452,BATCH-G-20231111
REV-00066257,SKU-0007725,user_29924,David,5,"बहुत अच्छा उत्पाद है, पैसा वसूल! Solid build quality, no complaints.",2023-11-26,True,POSITIVE,5,SOURCE_G_REVIEWS,reviews_2023.csv,2023-11-26T02:37:03.532467722,BATCH-G-20231126
REV-00066257-BOT,SKU-0007725,user_9014207,Eric Alvarez,5,"बहुत अच्छा उत्पाद है, पैसा वसूल! Solid build quality, no complaints.",2023-11-26,False,POSITIVE,0,SOURCE_G_REVIEWS,reviews_2023.csv,2023-11-26T02:37:03.532467722,BATCH-G-20231126
REV-00066263,SKU-0012718,user_9014252,Valerie,5,"Cheaply made, broke immediately.",2023-01-24,False,NEGATIVE,0,SOURCE_G_REVIEWS,reviews_2023.csv,2023-01-24T22:31:29.929690967,BATCH-G-20230124
REV-00066265,SKU-0001572,user_14550,George Murray,5,Great value for money.,2023-09-10,True,POSITIVE,6,SOURCE_G_REVIEWS,reviews_2023.csv,2023-09-10T22:57:00.758862213,BATCH-G-20230910
REV-00066266,SKU-9964209,user_43669,Jonathan Conley,4,"Exactly as described, very happy.",2023-09-07,True,POSITIVE,0,SOURCE_G_REVIEWS,reviews_2023.csv,2023-09-07T15:04:06.040105476,BATCH-G-20230907
REV-00066273,SKU-0019485,user_45249,Jeffery Perry,4,"Exactly as described, very happy.",2023-09-12,True,POSITIVE,1,SOURCE_G_REVIEWS,reviews_2023.csv,2023-09-12T04:16:46.673928480,BATCH-G-20230912
REV-00066288,SKU-0018652,user_55113,Rebecca,4,"Exactly as described, very happy.",2023-11-21,False,POSITIVE,0,SOURCE_G_REVIEWS,reviews_2023.csv,2023-11-21T20:59:33.190182646,BATCH-G-20231121
REV-00066297,SKU-0004957,user_9012811,Ernest Blanchard,4,"Solid build quality, no complaints.",2023-03-30,True,POSITIVE,1,SOURCE_G_REVIEWS,reviews_2023.csv,2023-03-30T02:04:35.022143842,BATCH-G-20230330
REV-00066315,SKU-0005375,,Anonymous,5,Fast delivery and great quality.,2023-01-31,True,POSITIVE,2,SOURCE_G_REVIEWS,reviews_2023.csv,2023-02-01T00:25:36.158285434,BATCH-G-20230131
REV-00066317,SKU-0007637,user_9022925,Monica Blanchard,4,"Not bad, not great either.",2023-07-02,True,NEUTRAL,1,SOURCE_G_REVIEWS,reviews_2023.csv,2023-07-03T00:15:46.329256488,BATCH-G-20230702
REV-00066325,SKU-0011361,user_8025,Mary Jensen,4,"Exactly as described, very happy.",2023-09-02,True,POSITIVE,1,SOURCE_G_REVIEWS,reviews_2023.csv,2023-09-02T04:23:15.778239715,BATCH-G-20230902
REV-00066327,SKU-0008852,user_37199,Elizabeth Andrews,3,Works fine but delivery was slow.,2023-02-20,True,NEUTRAL,0,SOURCE_G_REVIEWS,reviews_2023.csv,2023-02-20T17:05:55.704818390,BATCH-G-20230220
REV-00066331,SKU-0003486,,Anonymous,2,Stopped working after a week.,2023-11-19,True,NEGATIVE,0,SOURCE_G_REVIEWS,reviews_2023.csv,2023-11-20T05:18:35.509345745,BATCH-G-20231119
REV-00066331-DUP,SKU-0003486,,Anonymous,2,Stopped working after a week.,2023-11-19,True,NEGATIVE,0,SOURCE_G_REVIEWS,reviews_2023.csv,2023-11-20T06:00:35.509345745,BATCH-G-20231119
REV-00066338,SKU-0017131,user_9002880,Brian Walton,5,"Solid build quality, no complaints.",2023-03-21,True,POSITIVE,0,SOURCE_G_REVIEWS,reviews_2023.csv,2023-03-22T00:11:09.189416606,BATCH-G-20230321
REV-00066352,SKU-0019718,user_9016475,Timothy Morgan,5,No cumplió mis expectativas. 😍,2023-01-24,True,POSITIVE,7,SOURCE_G_REVIEWS,reviews_2023.csv,2023-01-24T04:37:15.193127241,BATCH-G-20230124
REV-00066374,SKU-0011339,user_31558,Lauren Vaughan,4,Great value for money.,2023-10-05,False,POSITIVE,7,SOURCE_G_REVIEWS,reviews_2023.csv,2023-10-05T22:50:12.803150216,BATCH-G-20231005
REV-00066384,SKU-0000147,,Anonymous,3,"Not bad, not great either. ⭐😐",2023-03-13,False,NEUTRAL,5,SOURCE_G_REVIEWS,reviews_2023.csv,2023-03-13T20:45:49.665546476,BATCH-G-20230313
REV-00066385,SKU-0014623,user_19366,Mary Hicks,4,No cumplió mis expectativas. 😢,2023-10-26,True,POSITIVE,3,SOURCE_G_REVIEWS,reviews_2023.csv,2023-10-26T09:23:46.036922722,BATCH-G-20231026
REV-00066395,SKU-0013727,user_9011061,Lisa Hall,4,"Exactly as described, very happy.",2023-05-09,True,POSITIVE,3,SOURCE_G_REVIEWS,reviews_2023.csv,2023-05-09T23:21:12.074903996,BATCH-G-20230509
REV-00066400,SKU-0014493,user_9019610,Sean Nguyen,4,Will definitely buy again.,2023-05-12,False,POSITIVE,1,SOURCE_G_REVIEWS,reviews_2023.csv,2023-05-12T08:07:07.185412426,BATCH-G-20230512
REV-00066405,SKU-0002132,user_9021316,Kelly Morrison,5,"Perfect gift, they loved it!",2023-08-23,True,POSITIVE,1,SOURCE_G_REVIEWS,reviews_2023.csv,2023-08-23T07:05:19.274687876,BATCH-G-20230823
REV-00066406,SKU-0011074,user_3222,Joan Miranda,4,,2023-10-28,True,POSITIVE,6,SOURCE_G_REVIEWS,reviews_2023.csv,2023-10-28T14:39:08.575354232,BATCH-G-20231028
REV-00066421,SKU-0008385,user_9017526,Cory Villarreal,2,<i>edited</i>Stopped working after a week.</p>,2023-02-18,False,NEGATIVE,0,SOURCE_G_REVIEWS,reviews_2023.csv,2023-02-18T16:40:08.371050400,BATCH-G-20230218
REV-00066423,SKU-0012570,user_9000692,Mary,null,Better than I expected for the price.,2023-06-23,True,POSITIVE,1,SOURCE_G_REVIEWS,reviews_2023.csv,2023-06-23T04:49:03.407681168,BATCH-G-20230623
REV-00066430,SKU-0015385,user_30703,Michael,3,"It's okay, does the job.",2023-01-25,True,NEUTRAL,0,SOURCE_G_REVIEWS,reviews_2023.csv,2023-01-25T08:28:51.911852771,BATCH-G-20230125
REV-00066441,SKU-0005801,user_9028983,Paul Garrett,5,Better than I expected for the price.,2023-03-09,False,POSITIVE,0,SOURCE_G_REVIEWS,reviews_2023.csv,2023-03-09T08:52:38.048040810,BATCH-G-20230309
REV-00066443,SKU-0004837,user_19980,Samantha Fisher,4,"Perfect gift, they loved it!",2023-01-08,True,POSITIVE,0,SOURCE_G_REVIEWS,reviews_2023.csv,2023-01-08T19:16:43.677955940,BATCH-G-20230108
REV-00066444,SKU-0007541,,Anonymous,5,Exceeded my expectations.,2023-12-31,True,POSITIVE,0,SOURCE_G_REVIEWS,reviews_2023.csv,2023-12-31T05:57:58.095448236,BATCH-G-20231231
REV-00066444-DUP,SKU-0007541,,Anonymous,5,Exceeded my expectations.,2023-12-31,True,POSITIVE,0,SOURCE_G_REVIEWS,reviews_2023.csv,2023-12-31T06:08:58.095448236,BATCH-G-20231231
REV-00066452,SKU-0003310,user_16905,Virginia Morgan,,"Average quality, nothing special.",2023-12-17,True,NEUTRAL,1,SOURCE_G_REVIEWS,reviews_2023.csv,2023-12-17T10:30:00.485403985,BATCH-G-20231217
REV-00066453,SKU-0006327,,Anonymous,4,"Perfect gift, they loved it!",2023-06-24,True,POSITIVE,3,SOURCE_G_REVIEWS,reviews_2023.csv,2023-06-25T00:25:28.534432142,BATCH-G-20230624
REV-00066456,SKU-0011791,,Anonymous,5,Will definitely buy again.,2023-12-16,True,POSITIVE,0,SOURCE_G_REVIEWS,reviews_2023.csv,2023-12-16T19:48:14.366436207,BATCH-G-20231216
REV-00066461,SKU-0016159,user_14988,Marvin,4,Fast delivery and great quality.,2023-04-21,True,POSITIVE,8,SOURCE_G_REVIEWS,reviews_2023.csv,2023-04-21T16:11:03.539010425,BATCH-G-20230421
REV-00066465,SKU-0001997,,Anonymous,3,Decent but overpriced a bit.,2023-07-24,False,NEUTRAL,7,SOURCE_G_REVIEWS,reviews_2023.csv,2023-07-24T12:01:29.532742152,BATCH-G-20230724
REV-00066474,SKU-0006997,user_51698,Barry Silva,5,Great value for money.,2023-06-02,True,POSITIVE,3,SOURCE_G_REVIEWS,reviews_2023.csv,2023-06-03T05:19:50.933468477,BATCH-G-20230602
REV-00066482,SKU-0011715,user_13097,Sarah,4,"Absolutely love it, works perfectly! 👍",2023-11-15,False,POSITIVE,4,SOURCE_G_REVIEWS,reviews_2023.csv,2023-11-15T08:43:12.021594529,BATCH-G-20231115
REV-00066485,SKU-0011297,user_31895,Julie,5,"   Absolutely  love  it,  works  perfectly!  👍   ",2023-01-16,True,POSITIVE,0,SOURCE_G_REVIEWS,reviews_2023.csv,2023-01-16T04:54:56.490430811,BATCH-G-20230116
REV-00066488,SKU-0011914,user_42223,Jeffrey Duncan,4,"Absolutely love it, works perfectly!",2023-10-03,False,POSITIVE,0,SOURCE_G_REVIEWS,reviews_2023.csv,2023-10-15T15:00:00,BATCH-G-20231003
REV-00066490,SKU-0004427,user_21647,Leslie Fry,5,Highly recommend this product.,2023-12-30,False,POSITIVE,0,SOURCE_G_REVIEWS,reviews_2023.csv,2023-12-30T22:32:30.866872916,BATCH-G-20231230
REV-00066494,SKU-9965499,user_9025031,Jesus,2,Arrived damaged and support was unhelpful.,2023-09-29,True,NEGATIVE,3,SOURCE_G_REVIEWS,reviews_2023.csv,2023-09-29T17:50:35.401990450,BATCH-G-20230929
REV-00066503,SKU-0017136,user_9012105,Jasmine Campbell,4,Fast delivery and great quality.,2023-08-07,True,POSITIVE,3,SOURCE_G_REVIEWS,reviews_2023.csv,2023-08-08T04:05:56.529332801,BATCH-G-20230807
REV-00066527,SKU-0001948,user_9002896,Lisa,3,NA,2023-01-25,True,NEUTRAL,0,SOURCE_G_REVIEWS,reviews_2023.csv,2023-01-26T04:26:19.793953296,BATCH-G-20230125
REV-00066543,SKU-0006526,user_68737,Jennifer Dalton,4,Fast delivery and great quality.,2023-12-23,True,POSITIVE,3,SOURCE_G_REVIEWS,reviews_2023.csv,2023-12-23T17:20:10.819486897,BATCH-G-20231223
REV-00066546,SKU-0013962,,Anonymous,3,Works fine but delivery was slow.,2023-01-08,True,NEUTRAL,0,SOURCE_G_REVIEWS,reviews_2023.csv,2023-01-09T05:39:37.335257792,BATCH-G-20230108
REV-00066552,SKU-0001607,user_7776,Jonathan,3,"Not bad, not great either.",2023-12-17,True,NEUTRAL,0,SOURCE_G_REVIEWS,reviews_2023.csv,2023-12-17T22:19:33.765861053,BATCH-G-20231217
REV-00066554,SKU-0002348,user_9012753,David Bell,4,"Perfect gift, they loved it!",2023-01-29,False,POSITIVE,4,SOURCE_G_REVIEWS,reviews_2023.csv,2023-01-29T13:06:08.421630251,BATCH-G-20230129
REV-00066555,SKU-0009103,user_68873,Amanda,NA,"Solid build quality, no complaints.",2023-02-24,True,POSITIVE,2,SOURCE_G_REVIEWS,reviews_2023.csv,2023-02-24T11:12:47.042561500,BATCH-G-20230224
REV-00066556,SKU-0017191,user_12114,Amy Estrada,3,"Not bad, not great either.",2023-07-09,False,NEUTRAL,1,SOURCE_G_REVIEWS,reviews_2023.csv,2023-07-09T03:27:57.068286207,BATCH-G-20230709
REV-00066558,SKU-0006078,user_9024438,Bill Martin,5,"Exactly as described, very happy.",2023-02-19,True,POSITIVE,1,SOURCE_G_REVIEWS,reviews_2023.csv,2023-02-19T21:58:24.949371349,BATCH-G-20230219
REV-00066567,SKU-9917564,user_69779,Joseph,-,Arrived damaged and support was unhelpful.,2023-02-16,True,NEGATIVE,6,SOURCE_G_REVIEWS,reviews_2023.csv,2023-02-16T17:19:29.954137555,BATCH-G-20230216
REV-00066573,SKU-0018247,user_60794,Marissa,4,"<i>edited</i>Perfect gift, they loved it!<p>",2023-08-22,True,POSITIVE,4,SOURCE_G_REVIEWS,reviews_2023.csv,2023-08-22T11:33:44.217295932,BATCH-G-20230822
REV-00066577,SKU-0015674,,Anonymous,3,"Not bad, not great either.",2023-04-20,True,NEUTRAL,5,SOURCE_G_REVIEWS,reviews_2023.csv,2023-04-20T03:16:00.917900697,BATCH-G-20230420
REV-00066583,SKU-9925547,user_3867,Rebekah Mcgee,4,Great value for money.,2023-06-30,False,POSITIVE,3,SOURCE_G_REVIEWS,reviews_2023.csv,2023-06-30T22:37:30.614649100,BATCH-G-20230630
REV-00066589,SKU-0017872,,Anonymous,4,"Exactly as described, very happy.",2023-12-19,False,POSITIVE,15,SOURCE_G_REVIEWS,reviews_2023.csv,2023-12-19T07:58:54.622228978,BATCH-G-20231219
REV-00066597,SKU-0019029,,Anonymous,3,Works fine but delivery was slow.,2023-12-04,True,NEUTRAL,3,SOURCE_G_REVIEWS,reviews_2023.csv,2023-12-04T12:33:19.693570880,BATCH-G-20231204
REV-00066606,SKU-0005944,user_24806,Donna Schroeder,5,"No cumplió mis expectativas. Exactly as described, very happy.",2023-06-04,True,POSITIVE,5,SOURCE_G_REVIEWS,reviews_2023.csv,2023-06-04T19:23:36.444204166,BATCH-G-20230604
REV-00066619,SKU-0009627,user_9009954,Cynthia Navarro,5,"Perfect gift, they loved it!",2023-10-18,True,POSITIVE,4,SOURCE_G_REVIEWS,reviews_2023.csv,2023-10-18T23:44:17.354328938,BATCH-G-20231018
REV-00066633,SKU-0018832,,Anonymous,4,Highly recommend this product.,2023-12-30,True,POSITIVE,1,SOURCE_G_REVIEWS,reviews_2023.csv,2023-12-31T04:23:23.194614975,BATCH-G-20231230
REV-00066638,SKU-0007256,,Anonymous,5,Great value for money.,2023-02-03,True,POSITIVE,8,SOURCE_G_REVIEWS,reviews_2023.csv,2023-02-03T01:22:04.395000639,BATCH-G-20230203
REV-00066648,SKU-0015632,user_7430,Thomas,4,"Solid build quality, no complaints.",2023-12-23,False,POSITIVE,3,SOURCE_G_REVIEWS,reviews_2023.csv,2023-12-23T18:45:01.818798333,BATCH-G-20231223
REV-00066661,SKU-0002794,user_48442,Laurie Barajas,3,,2023-08-18,False,NEGATIVE,0,SOURCE_G_REVIEWS,reviews_2023.csv,2023-08-18T13:43:53.918858986,BATCH-G-20230818
REV-00066673,SKU-0002375,user_9011522,Marissa,5,"बहुत अच्छा उत्पाद है, पैसा वसूल!",2023-10-17,True,POSITIVE,5,SOURCE_G_REVIEWS,reviews_2023.csv,2023-10-15T08:00:00,BATCH-G-20231017
REV-00066683,SKU-0009663,user_9025337,Thomas Bell,4,"Solid build quality, no complaints.",2023-07-11,True,POSITIVE,0,SOURCE_G_REVIEWS,reviews_2023.csv,2023-07-11T11:52:43.269667540,BATCH-G-20230711
REV-00066692,SKU-0011388,user_9005059,Brandy Singleton PhD,3,Decent but overpriced a bit.,2023-07-01,False,NEUTRAL,0,SOURCE_G_REVIEWS,reviews_2023.csv,2023-07-02T01:20:55.273989279,BATCH-G-20230701
REV-00066695,SKU-0007668,user_17273,Breanna Wade,4,Fast delivery and great quality.,2023-04-06,False,POSITIVE,1,SOURCE_G_REVIEWS,reviews_2023.csv,2023-04-07T00:55:43.039509391,BATCH-G-20230406
REV-00066698,SKU-0006182,user_19934,Brenda Allen,5,"Exactly as described, very happy.",2023-08-14,True,POSITIVE,4,SOURCE_G_REVIEWS,reviews_2023.csv,2023-08-14T01:33:52.970763852,BATCH-G-20230814
REV-00066700,SKU-0013423,user_9021322,April Martinez,4,"Solid build quality, no complaints.",2023-06-13,True,POSITIVE,8,SOURCE_G_REVIEWS,reviews_2023.csv,2023-06-13T18:37:51.785249948,BATCH-G-20230613
REV-00066702,SKU-0006840,user_1028,Jonathan Zavala,5,Exceeded my expectations.,2023-01-02,True,POSITIVE,4,SOURCE_G_REVIEWS,reviews_2023.csv,2023-01-02T03:15:09.020409339,BATCH-G-20230102
REV-00066709,SKU-0012565,user_9004722,Derrick Schmitt MD,4,"Solid build quality, no complaints.",2023-12-22,True,POSITIVE,0,SOURCE_G_REVIEWS,reviews_2023.csv,2023-12-22T03:13:32.394167496,BATCH-G-20231222
REV-00066721,SKU-0008772,user_9009614,Sarah,5,Great value for money.,2023-12-29,True,POSITIVE,0,SOURCE_G_REVIEWS,reviews_2023.csv,2023-12-30T05:57:59.683180548,BATCH-G-20231229
REV-00066725,SKU-0008635,user_9013010,Morgan,3,"It's okay, does the job.",2023-12-23,False,NEUTRAL,1,SOURCE_G_REVIEWS,reviews_2023.csv,2023-12-23T04:55:23.753852613,BATCH-G-20231223
REV-00066730,SKU-0015114,user_30700,Crystal Neal,4,Better than I expected for the price.,2023-03-02,True,POSITIVE,0,SOURCE_G_REVIEWS,reviews_2023.csv,2023-03-02T11:05:19.496648762,BATCH-G-20230302
REV-00066733,SKU-9989870,user_64900,Samuel Garcia,4,"Solid build quality, no complaints.",2023-08-03,True,POSITIVE,5,SOURCE_G_REVIEWS,reviews_2023.csv,2023-08-03T16:36:54.838877379,BATCH-G-20230803
REV-00066740,SKU-0003105,user_9030337,Kristen Ortiz,4,Better than I expected for the price.,2023-01-24,True,POSITIVE,1,SOURCE_G_REVIEWS,reviews_2023.csv,2023-01-24T01:12:05.128146870,BATCH-G-20230124
REV-00066762,SKU-9945813,user_61090,Jeffrey Carrillo,5,Better than I expected for the price.,2023-10-24,False,POSITIVE,6,SOURCE_G_REVIEWS,reviews_2023.csv,2023-10-24T20:50:05.508446215,BATCH-G-20231024
REV-00066797,SKU-0007278,user_45204,Kathy Sherman,4,"   Exactly  as  described,  very  happy.   ",2023-12-28,True,POSITIVE,2,SOURCE_G_REVIEWS,reviews_2023.csv,2023-12-28T11:57:29.836471578,BATCH-G-20231228
REV-00066798,SKU-0013069,user_9028555,Patricia Cole,4,"Exactly as described, very happy.",2023-07-09,True,POSITIVE,3,SOURCE_G_REVIEWS,reviews_2023.csv,2023-07-09T12:58:49.569861247,BATCH-G-20230709
REV-00066806,SKU-0005968,,Anonymous,5,"Exactly as described, very happy.",2023-11-29,False,POSITIVE,0,SOURCE_G_REVIEWS,reviews_2023.csv,2023-11-29T03:23:30.874429376,BATCH-G-20231129
REV-00066808,SKU-0002189,user_9019068,Brittany Hayes,4,"Solid build quality, no complaints.",2023-07-01,False,POSITIVE,1,SOURCE_G_REVIEWS,reviews_2023.csv,2023-07-01T05:08:23.430092692,BATCH-G-20230701
REV-00066811,SKU-0010543,user_16993,Ellen Lane,3,Excellent rapport qualité-prix.,2023-01-24,True,NEUTRAL,3,SOURCE_G_REVIEWS,reviews_2023.csv,2023-01-24T14:55:16.993686068,BATCH-G-20230124
REV-00066832,SKU-0006596,,Anonymous,4,Better than I expected for the price.,2023-01-07,True,POSITIVE,8,SOURCE_G_REVIEWS,reviews_2023.csv,2023-01-08T01:17:34.454757918,BATCH-G-20230107
REV-00066836,SKU-0009753,user_20530,Joseph,2,"Cheaply made, broke immediately.",2023-10-17,True,NEGATIVE,1,SOURCE_G_REVIEWS,reviews_2023.csv,2023-10-17T03:57:19.107916741,BATCH-G-20231017
REV-00066847,SKU-0010190,user_9010283,Hannah Kim,4,"Not bad, not great either.",2023-10-30,False,NEUTRAL,0,SOURCE_G_REVIEWS,reviews_2023.csv,2023-10-30T16:41:23.333544615,BATCH-G-20231030
REV-00066850,SKU-0008500,user_9022435,Thomas Riddle,4,Highly recommend this product.,2023-12-22,False,POSITIVE,3,SOURCE_G_REVIEWS,reviews_2023.csv,2023-12-22T01:07:51.279422967,BATCH-G-20231222
REV-00066859,SKU-0011912,user_68247,Mary Nguyen,5,"Solid build quality, no complaints.",2023-12-29,True,POSITIVE,3,SOURCE_G_REVIEWS,reviews_2023.csv,2023-12-29T13:49:51.000336896,BATCH-G-20231229
REV-00066861,SKU-0011331,user_12337,Chris Baker,5,Exceeded my expectations.,2023-03-07,True,POSITIVE,1,SOURCE_G_REVIEWS,reviews_2023.csv,2023-03-07T17:10:06.069483024,BATCH-G-20230307
REV-00066869,SKU-0002847,user_9033832,Mr.,4,Will definitely buy again.,2023-07-03,True,POSITIVE,1,SOURCE_G_REVIEWS,reviews_2023.csv,2023-07-03T22:32:02.097950763,BATCH-G-20230703
REV-00066883,SKU-0005574,user_9004874,Kelly Odom,4,"Perfect gift, they loved it!",2023-10-20,True,POSITIVE,1,SOURCE_G_REVIEWS,reviews_2023.csv,2023-10-20T01:26:14.105889393,BATCH-G-20231020
REV-00066893,SKU-0020026,user_9011529,Theresa Stewart,4,Better than I expected for the price.,2023-07-04,False,POSITIVE,0,SOURCE_G_REVIEWS,reviews_2023.csv,2023-07-04T15:41:57.299183614,BATCH-G-20230704
REV-00066895,SKU-0006633,user_26132,Elizabeth Pruitt,2,Not as described at all.,2023-11-01,True,NEGATIVE,0,SOURCE_G_REVIEWS,reviews_2023.csv,2023-11-01T09:27:14.256704003,BATCH-G-20231101
REV-00066896,SKU-0013412,user_65920,Ronald Bautista,4,Great value for money.,2023-09-27,True,POSITIVE,0,SOURCE_G_REVIEWS,reviews_2023.csv,2023-09-27T14:14:15.974703865,BATCH-G-20230927
REV-00066897,SKU-0012560,user_9026256,Scott Coleman,1,"Cheaply made, broke immediately.",2023-09-04,True,NEGATIVE,0,SOURCE_G_REVIEWS,reviews_2023.csv,2023-09-04T19:21:39.407416932,BATCH-G-20230904
REV-00066900,SKU-9959783,user_67942,Jennifer Ramsey,5,Fast delivery and great quality.,2023-12-19,False,POSITIVE,-1,SOURCE_G_REVIEWS,reviews_2023.csv,2023-12-19T14:09:38.413839468,BATCH-G-20231219
REV-00066902,SKU-0016735,user_9007091,Monica Nelson DDS,5,"Livraison très lente, déçu.",2023-12-21,False,POSITIVE,0,SOURCE_G_REVIEWS,reviews_2023.csv,2023-12-21T17:01:24.923358197,BATCH-G-20231221
REV-00066913,SKU-9904454,,Anonymous,3,Excellent rapport qualité-prix.,2023-07-17,True,NEUTRAL,1,SOURCE_G_REVIEWS,reviews_2023.csv,2023-07-17T20:28:32.133923912,BATCH-G-20230717
REV-00066923,SKU-0009661,user_9010890,Jordan Charles,3,Decent but overpriced a bit.,2023-11-16,True,NEUTRAL,3,SOURCE_G_REVIEWS,reviews_2023.csv,2023-11-16T20:16:26.454305019,BATCH-G-20231116
REV-00066926,SKU-0010553,user_9023932,Ann Williams,4,"Absolutely love it, works perfectly!",2023-10-04,True,POSITIVE,5,SOURCE_G_REVIEWS,reviews_2023.csv,2023-10-04T15:57:50.468021724,BATCH-G-20231004
REV-00066949,SKU-0008603,user_29049,Ryan Chen,2,"Poor packaging, item was defective.",2023-02-11,False,NEGATIVE,7,SOURCE_G_REVIEWS,reviews_2023.csv,2023-02-11T02:20:58.073497750,BATCH-G-20230211
REV-00066953,SKU-0016018,user_44172,Robert Buchanan,2,Arrived damaged and support was unhelpful.,2023-08-04,False,NEGATIVE,5,SOURCE_G_REVIEWS,reviews_2023.csv,2023-08-05T04:10:46.306003071,BATCH-G-20230804
REV-00066954,SKU-0001493,user_28699,Eric Bennett,4,Better than I expected for the price. 💯😍,2023-05-04,False,POSITIVE,2,SOURCE_G_REVIEWS,reviews_2023.csv,2023-05-04T23:26:28.248104549,BATCH-G-20230504
REV-00066957,SKU-9913779,user_31409,Stephanie Page,,"Absolutely love it, works perfectly! 😍🔥",2023-11-10,False,POSITIVE,1,SOURCE_G_REVIEWS,reviews_2023.csv,2023-11-10T09:14:06.987610513,BATCH-G-20231110
REV-00066972,SKU-0008235,user_43843,Michelle,4,Highly recommend this product.,2023-11-30,False,POSITIVE,4,SOURCE_G_REVIEWS,reviews_2023.csv,2023-11-30T20:02:55.509563221,BATCH-G-20231130
REV-00066974,SKU-0000941,user_9025093,Daniel,4,"Exactly as described, very happy.",2023-03-14,False,POSITIVE,5,SOURCE_G_REVIEWS,reviews_2023.csv,2023-03-14T12:45:16.498035116,BATCH-G-20230314
REV-00066976,SKU-0005248,user_4291,Christina,1,Wrong item was shipped to me.,2023-09-22,False,NEGATIVE,0,SOURCE_G_REVIEWS,reviews_2023.csv,2023-09-22T18:24:25.059098702,BATCH-G-20230922
REV-00066984,SKU-0015335,user_54393,Leah Perez,3,"बहुत अच्छा उत्पाद है, पैसा वसूल!",2023-11-24,True,NEUTRAL,0,SOURCE_G_REVIEWS,reviews_2023.csv,2023-11-24T04:48:28.697163019,BATCH-G-20231124
REV-00066987,SKU-0003706,,Anonymous,4,Great value for money.,2023-09-25,False,POSITIVE,1,SOURCE_G_REVIEWS,reviews_2023.csv,2023-09-26T00:48:38.812265167,BATCH-G-20230925
REV-00066990,SKU-9949103,,Anonymous,2,"Average quality, nothing special.",2023-05-26,False,NEUTRAL,3,SOURCE_G_REVIEWS,reviews_2023.csv,2023-05-26T08:16:37.085887933,BATCH-G-20230526
REV-00066993,SKU-0012359,user_32516,Laurie,5,Fast delivery and great quality.,2023-12-25,True,POSITIVE,18,SOURCE_G_REVIEWS,reviews_2023.csv,2023-12-26T01:24:08.800740575,BATCH-G-20231225
REV-00066997,SKU-0006367,,Anonymous,3,Decent but overpriced a bit.,2023-06-06,True,NEUTRAL,14,SOURCE_G_REVIEWS,reviews_2023.csv,2023-06-06T04:27:10.954405741,BATCH-G-20230606
REV-00066999,SKU-0006753,user_57493,Brooke,5,Will definitely buy again. 😀,2023-12-18,False,POSITIVE,2,SOURCE_G_REVIEWS,reviews_2023.csv,2023-12-19T05:52:38.509383937,BATCH-G-20231218
REV-00067011,SKU-0012815,user_9021560,Jodi Thompson,3,"Average quality, nothing special. 😍",2023-09-28,True,NEUTRAL,0,SOURCE_G_REVIEWS,reviews_2023.csv,2023-09-28T15:14:02.635591184,BATCH-G-20230928
REV-00067017,SKU-0005282,user_51671,Matthew Webb,4,"Perfect gift, they loved it!",2023-06-29,False,POSITIVE,0,SOURCE_G_REVIEWS,reviews_2023.csv,2023-06-30T03:30:21.787788046,BATCH-G-20230629
REV-00067022,SKU-0013561,,Anonymous,4,"Solid build quality, no complaints.",2023-12-15,False,POSITIVE,0,SOURCE_G_REVIEWS,reviews_2023.csv,2023-12-15T23:11:29.513181660,BATCH-G-20231215
REV-00067025,SKU-0017033,user_62601,Julie Le,5,Great value for money. 👍⭐,2023-04-26,True,POSITIVE,1,SOURCE_G_REVIEWS,reviews_2023.csv,2023-04-26T09:44:22.459771949,BATCH-G-20230426
REV-00067036,SKU-0016294,,Anonymous,null,"Poor packaging, item was defective.",2023-06-26,True,NEGATIVE,11,SOURCE_G_REVIEWS,reviews_2023.csv,2023-06-26T04:44:21.754908009,BATCH-G-20230626
REV-00067037,SKU-0014145,user_60326,Andrew Gutierrez,5,Exceeded my expectations.,2023-08-19,True,POSITIVE,2,SOURCE_G_REVIEWS,reviews_2023.csv,2023-08-19T01:20:41.097812314,BATCH-G-20230819
REV-00067050,SKU-0006719,,Anonymous,5,Great value for money.,2023-11-10,True,POSITIVE,0,SOURCE_G_REVIEWS,reviews_2023.csv,2023-11-10T04:22:57.658290760,BATCH-G-20231110
REV-00067055,SKU-0015564,user_9020982,Ryan Morris DDS,4,Better than I expected for the price.,2023-03-06,False,POSITIVE,4,SOURCE_G_REVIEWS,reviews_2023.csv,2023-03-06T08:35:20.048370185,BATCH-G-20230306
REV-00067083,SKU-0013166,,Anonymous,2,Wrong item was shipped to me. 😡,2023-04-14,False,NEGATIVE,3,SOURCE_G_REVIEWS,reviews_2023.csv,2023-04-14T10:23:49.753354326,BATCH-G-20230414
REV-00067089,SKU-9923344,user_54105,Amy Ward,5,   Better  than  I  expected  for  the  price.   ,2023-05-30,False,POSITIVE,3,SOURCE_G_REVIEWS,reviews_2023.csv,2023-05-30T14:16:58.489035443,BATCH-G-20230530
REV-00067104,SKU-0015150,user_9010290,Ann Gonzalez,3,"Average quality, nothing special.",2023-07-22,False,NEUTRAL,2,SOURCE_G_REVIEWS,reviews_2023.csv,2023-07-22T22:13:46.900041340,BATCH-G-20230722
REV-00067111,SKU-0002445,,Anonymous,4,Great value for money.,2023-05-01,True,POSITIVE,0,SOURCE_G_REVIEWS,reviews_2023.csv,2023-05-01T08:37:45.420915700,BATCH-G-20230501
REV-00067112,SKU-0003608,user_9018132,Jacob Baldwin,4,Exceeded my expectations.,2023-05-21,True,POSITIVE,4,SOURCE_G_REVIEWS,reviews_2023.csv,2023-05-22T01:55:15.065758848,BATCH-G-20230521
REV-00067114,SKU-0017700,,Anonymous,4,"Solid build quality, no complaints. 😡",2023-03-02,True,POSITIVE,0,SOURCE_G_REVIEWS,reviews_2023.csv,2023-03-02T18:38:37.333896706,BATCH-G-20230302
REV-00067128,SKU-0007719,user_9192,Scott Warren,5,"Exactly as described, very happy.",2023-08-19,True,POSITIVE,0,SOURCE_G_REVIEWS,reviews_2023.csv,2023-08-19T22:57:54.269955616,BATCH-G-20230819
REV-00067135,SKU-0001979,user_25396,James Rivas,5,"Solid build quality, no complaints.",2023-02-19,False,POSITIVE,0,SOURCE_G_REVIEWS,reviews_2023.csv,2023-02-19T00:54:02.540714471,BATCH-G-20230219
REV-00067152,SKU-9980078,,Anonymous,4,"Livraison très lente, déçu.",2023-12-23,False,POSITIVE,0,SOURCE_G_REVIEWS,reviews_2023.csv,2023-12-23T11:11:31.904680715,BATCH-G-20231223
REV-00067162,SKU-0011695,,Anonymous,4,"Exactly as described, very happy.",2023-05-06,True,POSITIVE,0,SOURCE_G_REVIEWS,reviews_2023.csv,2023-05-06T12:08:25.525614298,BATCH-G-20230506
REV-00067163,SKU-0014244,,Anonymous,5,Exceeded my expectations.,2023-12-21,True,POSITIVE,5,SOURCE_G_REVIEWS,reviews_2023.csv,2023-12-21T06:23:42.458018756,BATCH-G-20231221
REV-00067165,SKU-0018743,user_9019997,Jack Taylor,4,"Solid build quality, no complaints.",2023-12-25,False,POSITIVE,6,SOURCE_G_REVIEWS,reviews_2023.csv,2023-12-25T09:30:00.276690954,BATCH-G-20231225
REV-00067168,SKU-0000654,user_9006391,Steven Daniel,5,   Exceeded  my  expectations.  👍   ,2023-05-09,False,POSITIVE,1,SOURCE_G_REVIEWS,reviews_2023.csv,2023-05-09T11:47:21.408594826,BATCH-G-20230509
REV-00067169,SKU-0006624,user_9015643,Elizabeth Gill,7,Fast delivery and great quality.,2023-06-07,True,POSITIVE,0,SOURCE_G_REVIEWS,reviews_2023.csv,2023-06-07T16:17:48.730194093,BATCH-G-20230607
REV-00067176,SKU-0008095,user_33401,Laurie,3,Works fine but delivery was slow.,2023-06-08,True,NEUTRAL,0,SOURCE_G_REVIEWS,reviews_2023.csv,2023-06-09T03:07:32.672910052,BATCH-G-20230608
REV-00067181,SKU-0004669,user_30516,Kathleen,4,Highly recommend this product.,2023-01-23,False,POSITIVE,1,SOURCE_G_REVIEWS,reviews_2023.csv,2023-01-23T12:06:12.139030029,BATCH-G-20230123
REV-00067185,SKU-0002853,user_13109,Mary,5,Fast delivery and great quality.,2023-09-07,False,POSITIVE,0,SOURCE_G_REVIEWS,reviews_2023.csv,2023-09-08T05:31:32.554034165,BATCH-G-20230907
REV-00067189,SKU-0010035,user_9023653,Shelly,5,"Perfect gift, they loved it!",2023-12-18,True,POSITIVE,1,SOURCE_G_REVIEWS,reviews_2023.csv,2023-12-18T09:08:05.640531205,BATCH-G-20231218
REV-00067190,SKU-0008197,user_63900,James,3,Decent but overpriced a bit.,2023-07-28,True,NEUTRAL,8,SOURCE_G_REVIEWS,reviews_2023.csv,2023-07-29T02:25:52.453368698,BATCH-G-20230728
REV-00067193,SKU-0016694,user_51337,Tiffany Watson,3,   Decent  but  overpriced  a  bit.   ,2023-06-10,True,NEUTRAL,0,SOURCE_G_REVIEWS,reviews_2023.csv,2023-06-10T15:31:49.857467243,BATCH-G-20230610
REV-00067193-DUP,SKU-0016694,user_51337,Tiffany Watson,3,   Decent  but  overpriced  a  bit.   ,2023-06-10,True,NEUTRAL,0,SOURCE_G_REVIEWS,reviews_2023.csv,2023-06-10T16:26:49.857467243,BATCH-G-20230610
REV-00067199,SKU-0012708,user_59914,Andrew Adams,5,Great value for money.,2023-04-09,True,POSITIVE,1,SOURCE_G_REVIEWS,reviews_2023.csv,2023-04-09T11:29:38.896339072,BATCH-G-20230409
REV-00067205,SKU-0013030,,Anonymous,0,Stopped working after a week.,2023-02-28,True,NEGATIVE,6,SOURCE_G_REVIEWS,reviews_2023.csv,2023-03-01T01:12:58.385796818,BATCH-G-20230228
REV-00067210,SKU-0008886,user_9002449,Rhonda Moore,4,Exceeded my expectations.,2023-05-29,True,POSITIVE,1,SOURCE_G_REVIEWS,reviews_2023.csv,2023-05-30T00:19:15.930645954,BATCH-G-20230529
REV-00067231,SKU-9908894,,Anonymous,5,"<b>Update:</b>Absolutely love it, works perfectly!</p>",2023-02-07,True,POSITIVE,0,SOURCE_G_REVIEWS,reviews_2023.csv,2023-02-07T17:54:27.795662464,BATCH-G-20230207
REV-00067245,SKU-0008901,user_9002965,Christina,5,Fast delivery and great quality.,2023-06-22,True,POSITIVE,3,SOURCE_G_REVIEWS,reviews_2023.csv,2023-06-22T17:33:53.183574914,BATCH-G-20230622
REV-00067251,SKU-0016318,user_65455,Nancy,5,"Perfect gift, they loved it!",2023-01-30,True,POSITIVE,1,SOURCE_G_REVIEWS,reviews_2023.csv,2023-01-31T02:57:38.632672715,BATCH-G-20230130
REV-00067252,SKU-0012865,,Anonymous,1,Arrived damaged and support was unhelpful.,2023-10-05,True,NEGATIVE,0,SOURCE_G_REVIEWS,reviews_2023.csv,2023-10-20T22:00:00,BATCH-G-20231005
REV-00067277,SKU-9987765,user_9020878,Heidi Bentley,0,"Exactly as described, very happy.",2023-07-02,True,POSITIVE,1,SOURCE_G_REVIEWS,reviews_2023.csv,2023-07-02T03:52:24.989022795,BATCH-G-20230702
REV-00067278,SKU-0008433,user_9008972,Jermaine Rhodes,4,"Solid build quality, no complaints.",2023-09-02,True,POSITIVE,2,SOURCE_G_REVIEWS,reviews_2023.csv,2023-09-03T02:48:14.292646926,BATCH-G-20230902
REV-00067283,SKU-0006901,user_58850,Jamie Mcdonald,3,गुणवत्ता ठीक नहीं थी।,2023-05-04,False,NEUTRAL,2,SOURCE_G_REVIEWS,reviews_2023.csv,2023-05-04T07:45:23.347937342,BATCH-G-20230504
REV-00067298,SKU-0004442,user_9029043,Jennifer Raymond,2,   Stopped  working  after  a  week.   ,2023-10-09,True,NEGATIVE,4,SOURCE_G_REVIEWS,reviews_2023.csv,2023-10-09T21:25:38.423137862,BATCH-G-20231009
REV-00067300,SKU-9965499,user_39993,Gina Franklin,5,Highly recommend this product.,2023-10-08,True,POSITIVE,11,SOURCE_G_REVIEWS,reviews_2023.csv,2023-10-08T15:05:13.376891120,BATCH-G-20231008
REV-00067303,SKU-0005178,user_9019023,Mindy Carroll,5,Highly recommend this product.,2023-06-05,True,POSITIVE,0,SOURCE_G_REVIEWS,reviews_2023.csv,2023-06-05T19:17:30.417213492,BATCH-G-20230605
REV-00067304,SKU-0011438,,Anonymous,5,Better than I expected for the price.,2023-05-02,False,POSITIVE,6,SOURCE_G_REVIEWS,reviews_2023.csv,2023-05-02T17:01:45.039364606,BATCH-G-20230502
REV-00067323,SKU-0002700,user_64884,John Miller,4,Better than I expected for the price.,2023-07-22,True,POSITIVE,1,SOURCE_G_REVIEWS,reviews_2023.csv,2023-07-23T00:24:48.949573336,BATCH-G-20230722
REV-00067324,SKU-0006887,user_23593,Matthew Williams,4,Great value for money.,2023-04-14,False,POSITIVE,1,SOURCE_G_REVIEWS,reviews_2023.csv,2023-04-15T01:26:46.890972164,BATCH-G-20230414
REV-00067327,SKU-0008871,,Anonymous,4,Will definitely buy again.,2023-07-11,False,POSITIVE,1,SOURCE_G_REVIEWS,reviews_2023.csv,2023-07-11T11:57:55.959995468,BATCH-G-20230711
REV-00067332,SKU-0005268,user_9021748,Roy,4,Fast delivery and great quality.,2023-11-09,False,POSITIVE,0,SOURCE_G_REVIEWS,reviews_2023.csv,2023-11-09T11:01:30.367122447,BATCH-G-20231109
REV-00067338,SKU-0004704,,Anonymous,5,"Muy buen producto, lo recomiendo.",2023-11-16,False,POSITIVE,3,SOURCE_G_REVIEWS,reviews_2023.csv,2023-11-17T01:49:56.274840497,BATCH-G-20231116
REV-00067348,SKU-0017893,user_9018485,Greg Mack,1,Very disappointed with the quality.,2023-05-06,True,NEGATIVE,0,SOURCE_G_REVIEWS,reviews_2023.csv,2023-05-06T16:48:25.774493607,BATCH-G-20230506
REV-00067349,SKU-0015501,user_9016157,Mathew,3,Fast delivery and great quality.,2023-10-10,False,POSITIVE,2,SOURCE_G_REVIEWS,reviews_2023.csv,2023-10-11T00:06:46.101175370,BATCH-G-20231010
REV-00067350,SKU-0012590,user_27734,Jennifer,4,"Absolutely love it, works perfectly!",2023-08-24,True,POSITIVE,0,SOURCE_G_REVIEWS,reviews_2023.csv,2023-08-24T15:44:54.655893313,BATCH-G-20230824
REV-00067354,SKU-0000071,user_9011759,Erika Kemp,4,"Absolutely love it, works perfectly!",2023-06-14,True,POSITIVE,1,SOURCE_G_REVIEWS,reviews_2023.csv,2023-06-15T03:52:23.483355115,BATCH-G-20230614
REV-00067357,SKU-0012165,user_51295,Elizabeth Brown,1,Very disappointed with the quality.,2023-04-09,True,NEGATIVE,2,SOURCE_G_REVIEWS,reviews_2023.csv,2023-04-09T09:13:25.008790976,BATCH-G-20230409
REV-00067369,SKU-0010006,,Anonymous,4,"Perfect gift, they loved it!",2023-05-20,True,POSITIVE,4,SOURCE_G_REVIEWS,reviews_2023.csv,2023-05-20T20:47:49.090885538,BATCH-G-20230520
REV-00067370,SKU-0013341,user_9013883,Derek Smith,4,No cumplió mis expectativas. Arrived damaged and support was unhelpful.,2023-08-10,False,NEGATIVE,1,SOURCE_G_REVIEWS,reviews_2023.csv,2023-08-10T12:11:12.845985414,BATCH-G-20230810
REV-00067376,SKU-0004353,user_9034412,Michael,4,"Exactly as described, very happy.",2023-08-13,True,POSITIVE,0,SOURCE_G_REVIEWS,reviews_2023.csv,2023-08-31T00:00:00,BATCH-G-20230813
REV-00067386,SKU-0004444,user_1860,Leah Haynes,3,"Poor packaging, item was defective. 🔥",2023-05-19,True,NEGATIVE,3,SOURCE_G_REVIEWS,reviews_2023.csv,2023-05-20T01:33:26.785687913,BATCH-G-20230519
REV-00067397,SKU-0002171,user_1317,Jon Burns,4,"Solid build quality, no complaints.",2023-11-23,False,POSITIVE,8,SOURCE_G_REVIEWS,reviews_2023.csv,2023-11-23T23:33:18.057621862,BATCH-G-20231123
REV-00067399,SKU-0011884,user_9013203,Ashley Smith,4,"Exactly as described, very happy.",2023-08-28,True,POSITIVE,0,SOURCE_G_REVIEWS,reviews_2023.csv,2023-08-29T00:23:20.567573913,BATCH-G-20230828
REV-00067399-BOT,SKU-0011884,user_60765,Michelle Miller,4,"Exactly as described, very happy.",2023-08-28,False,POSITIVE,0,SOURCE_G_REVIEWS,reviews_2023.csv,2023-08-29T00:23:20.567573913,BATCH-G-20230828
REV-00067400,SKU-0003128,user_39087,Courtney Stephens,5,Exceeded my expectations.,2023-02-08,True,POSITIVE,2,SOURCE_G_REVIEWS,reviews_2023.csv,2023-02-08T10:40:13.272822113,BATCH-G-20230208
REV-00067402,SKU-0009195,user_59905,Jo Hansen,4,Will definitely buy again.,2023-04-27,True,POSITIVE,6,SOURCE_G_REVIEWS,reviews_2023.csv,2023-04-27T17:35:50.950517621,BATCH-G-20230427
REV-00067407,SKU-0016187,,Anonymous,1,Arrived damaged and support was unhelpful.,2023-08-28,True,NEGATIVE,0,SOURCE_G_REVIEWS,reviews_2023.csv,2023-08-28T01:14:51.959820810,BATCH-G-20230828
REV-00067416,SKU-0014645,user_15196,Jennifer Cook,3,"Matches the description, no issues.",2023-05-01,False,NEUTRAL,0,SOURCE_G_REVIEWS,reviews_2023.csv,2023-05-02T03:18:52.574378173,BATCH-G-20230501
REV-00067418,SKU-0014882,user_43198,Veronica Anderson,2,Decent but overpriced a bit.,2023-09-12,False,NEUTRAL,2,SOURCE_G_REVIEWS,reviews_2023.csv,2023-09-12T17:56:34.949651942,BATCH-G-20230912
REV-00067428,SKU-9965286,,Anonymous,4,Will definitely buy again.,2023-12-15,False,POSITIVE,0,SOURCE_G_REVIEWS,reviews_2023.csv,2023-12-15T03:02:50.180144470,BATCH-G-20231215
REV-00067430,SKU-0009599,,Anonymous,?,Very disappointed with the quality.,2023-12-14,True,NEGATIVE,1,SOURCE_G_REVIEWS,reviews_2023.csv,2023-12-14T15:45:21.780613104,BATCH-G-20231214
REV-00067433,SKU-0000931,user_9000678,Robert,3,"It's okay, does the job.",2023-03-05,False,NEUTRAL,5,SOURCE_G_REVIEWS,reviews_2023.csv,2023-03-06T00:20:57.346692494,BATCH-G-20230305
REV-00067436,SKU-0000743,user_21324,Danny Schmidt,4,Exceeded my expectations.,2023-07-14,True,POSITIVE,2,SOURCE_G_REVIEWS,reviews_2023.csv,2023-07-14T13:58:25.968723731,BATCH-G-20230714
REV-00067442,SKU-0001017,user_9021617,Elizabeth Allen,4,Better than I expected for the price.,2023-09-08,True,POSITIVE,0,SOURCE_G_REVIEWS,reviews_2023.csv,2023-09-08T12:33:52.154519079,BATCH-G-20230908
REV-00067460,SKU-0010304,user_65017,Lisa Walsh,5,Highly recommend this product.,2023-01-17,False,POSITIVE,5,SOURCE_G_REVIEWS,reviews_2023.csv,2023-01-17T11:03:39.041051377,BATCH-G-20230117
REV-00067460-DUP,SKU-0010304,user_65017,Lisa Walsh,5,Highly recommend this product.,2023-01-17,False,POSITIVE,5,SOURCE_G_REVIEWS,reviews_2023.csv,2023-01-17T11:09:39.041051377,BATCH-G-20230117
REV-00067463,SKU-0007341,user_9007770,Amber Franklin,4,Great value for money.,2023-08-28,False,POSITIVE,0,SOURCE_G_REVIEWS,reviews_2023.csv,2023-08-28T11:09:24.331940937,BATCH-G-20230828
REV-00067477,SKU-0019513,,Anonymous,5,"Perfect gift, they loved it!",2023-09-02,False,POSITIVE,7,SOURCE_G_REVIEWS,reviews_2023.csv,2023-09-02T03:49:26.708338172,BATCH-G-20230902
REV-00067482,SKU-0003335,user_9005510,Kevin,5,-,2023-04-22,True,POSITIVE,0,SOURCE_G_REVIEWS,reviews_2023.csv,2023-04-23T02:18:48.082857918,BATCH-G-20230422
REV-00067490,SKU-0018735,user_5867,James Williams,4,Better than I expected for the price.,2023-12-15,False,POSITIVE,5,SOURCE_G_REVIEWS,reviews_2023.csv,2023-12-15T10:27:25.240412218,BATCH-G-20231215
REV-00067504,SKU-0001237,user_9028601,Warren Caldwell,3,Decent but overpriced a bit.,2023-09-19,True,NEUTRAL,0,SOURCE_G_REVIEWS,reviews_2023.csv,2023-09-19T15:36:57.970583248,BATCH-G-20230919
REV-00067514,SKU-0005090,user_9013609,Taylor,4,   Will  definitely  buy  again.   ,2023-01-06,True,POSITIVE,0,SOURCE_G_REVIEWS,reviews_2023.csv,2023-01-06T22:18:52.556377389,BATCH-G-20230106
REV-00067516,SKU-0017359,user_31325,Joseph Crawford,2,Arrived damaged and support was unhelpful.,2023-07-23,False,NEGATIVE,1,SOURCE_G_REVIEWS,reviews_2023.csv,2023-07-23T14:54:10.643277862,BATCH-G-20230723
REV-00067523,SKU-0002332,user_6880,Kevin,4,Exceeded my expectations.,2023-02-08,True,POSITIVE,0,SOURCE_G_REVIEWS,reviews_2023.csv,2023-02-08T20:42:01.885006450,BATCH-G-20230208
REV-00067528,SKU-0011965,user_52775,Mark Larson,3,"Matches the description, no issues.",2023-08-23,False,NEUTRAL,5,SOURCE_G_REVIEWS,reviews_2023.csv,2023-08-23T08:38:56.645097909,BATCH-G-20230823
REV-00067548,SKU-0010805,user_9033727,John,5,"Exactly as described, very happy.",2023-11-09,False,POSITIVE,0,SOURCE_G_REVIEWS,reviews_2023.csv,2023-11-09T13:23:06.414088131,BATCH-G-20231109
REV-00067571,SKU-0005388,user_4688,Jack Key,1,Not as described at all. 😍,2023-11-08,False,NEGATIVE,3,SOURCE_G_REVIEWS,reviews_2023.csv,2023-11-08T02:29:47.942258230,BATCH-G-20231108
REV-00067578,SKU-0001872,user_13368,Sue,5,Will definitely buy again.,2023-11-05,True,POSITIVE,3,SOURCE_G_REVIEWS,reviews_2023.csv,2023-11-05T07:47:32.367765330,BATCH-G-20231105
REV-00067587,SKU-0008160,user_9021026,Natalie,3,"Matches the description, no issues.",2023-11-15,False,NEUTRAL,2,SOURCE_G_REVIEWS,reviews_2023.csv,2023-11-15T23:27:11.164247055,BATCH-G-20231115
REV-00067589,SKU-0014109,user_38080,Robert,5,"Solid build quality, no complaints.",2023-02-06,True,POSITIVE,2,SOURCE_G_REVIEWS,reviews_2023.csv,2023-02-07T04:54:42.878769423,BATCH-G-20230206
REV-00067603,SKU-0012980,user_9032215,Mrs. Allison Cruz,5,Fast delivery and great quality.,2023-01-29,True,POSITIVE,2,SOURCE_G_REVIEWS,reviews_2023.csv,2023-01-29T04:13:41.588460442,BATCH-G-20230129
REV-00067613,SKU-0004683,user_54773,Bobby,5,"Absolutely love it, works perfectly!",2023-01-22,True,POSITIVE,2,SOURCE_G_REVIEWS,reviews_2023.csv,2023-01-22T20:43:34.145846978,BATCH-G-20230122
REV-00067613-DUP,SKU-0004683,user_54773,Bobby,5,"Absolutely love it, works perfectly!",2023-01-22,True,POSITIVE,2,SOURCE_G_REVIEWS,reviews_2023.csv,2023-01-22T21:42:34.145846978,BATCH-G-20230122
REV-00067621,SKU-0016560,user_57526,Ronald Fisher,5,"Perfect gift, they loved it!",2023-06-22,True,POSITIVE,4,SOURCE_G_REVIEWS,reviews_2023.csv,2023-06-22T10:11:21.773240285,BATCH-G-20230622
REV-00067638,SKU-0011648,user_39002,Danielle,3,"Average quality, nothing special.",2023-05-14,True,NEUTRAL,1,SOURCE_G_REVIEWS,reviews_2023.csv,2023-05-14T18:31:34.959418417,BATCH-G-20230514
REV-00067645,SKU-0011373,user_4589,Mary,4,   <p>Highly  recommend  this  product.</p>   ,2023-01-31,False,POSITIVE,2,SOURCE_G_REVIEWS,reviews_2023.csv,2023-01-31T09:34:56.255579620,BATCH-G-20230131
REV-00067652,SKU-0015376,,Anonymous,4,"Solid build quality, no complaints.",2023-06-30,False,POSITIVE,0,SOURCE_G_REVIEWS,reviews_2023.csv,2023-06-30T10:09:33.743661187,BATCH-G-20230630
REV-00067662,SKU-0018691,user_59724,Margaret Lynch,5,"Absolutely love it, works perfectly!",2023-11-07,True,POSITIVE,1,SOURCE_G_REVIEWS,reviews_2023.csv,2023-11-07T21:26:57.074636832,BATCH-G-20231107
REV-00067672,SKU-9971094,,Anonymous,1,Very disappointed with the quality.,2023-08-26,True,NEGATIVE,1,SOURCE_G_REVIEWS,reviews_2023.csv,2023-08-26T05:33:33.122587712,BATCH-G-20230826
REV-00067676,SKU-0002907,,Anonymous,4,Fast delivery and great quality. 👍😡,2023-10-01,True,POSITIVE,3,SOURCE_G_REVIEWS,reviews_2023.csv,2023-10-01T09:08:23.792669331,BATCH-G-20231001
REV-00067694,SKU-0000112,user_59536,Dylan Hickman,4,Fast delivery and great quality.,2023-02-26,True,POSITIVE,0,SOURCE_G_REVIEWS,reviews_2023.csv,2023-02-26T18:25:27.688031159,BATCH-G-20230226
REV-00067699,SKU-0004680,user_45917,Jessica Adams,4,Better than I expected for the price.,2023-01-30,True,POSITIVE,0,SOURCE_G_REVIEWS,reviews_2023.csv,2023-01-30T15:08:18.964561777,BATCH-G-20230130
REV-00067711,SKU-0018279,user_9005719,Tiffany Gonzales,5,"   Exactly  as  described,  very  happy.   ",2023-08-27,False,POSITIVE,5,SOURCE_G_REVIEWS,reviews_2023.csv,2023-09-04T04:00:00,BATCH-G-20230827
REV-00067713,SKU-0006836,user_9008087,Anthony Cabrera,4,Great value for money.,2023-12-11,False,POSITIVE,0,SOURCE_G_REVIEWS,reviews_2023.csv,2023-12-11T23:03:28.011311197,BATCH-G-20231211
REV-00067720,SKU-0000025,user_5651,Tammy Martin,4,Exceeded my expectations.,2023-08-17,False,POSITIVE,1,SOURCE_G_REVIEWS,reviews_2023.csv,2023-08-18T02:14:57.121560047,BATCH-G-20230817
REV-00067740,SKU-0013309,user_9010481,Cynthia,5,"Solid build quality, no complaints.",2023-02-26,True,POSITIVE,4,SOURCE_G_REVIEWS,reviews_2023.csv,2023-02-26T19:27:40.485277462,BATCH-G-20230226
REV-00067753,SKU-9998562,,Anonymous,4,"Absolutely love it, works perfectly!",2023-02-27,False,POSITIVE,2,SOURCE_G_REVIEWS,reviews_2023.csv,2023-03-05T01:00:00,BATCH-G-20230227
REV-00067755,SKU-0005242,user_9008777,Kelly,5,Better than I expected for the price.,2023-11-11,False,POSITIVE,0,SOURCE_G_REVIEWS,reviews_2023.csv,2023-11-11T17:30:17.573463412,BATCH-G-20231111
REV-00067759,SKU-0003825,user_47126,Judy Hunter,5,Fast delivery and great quality.,2023-11-22,True,POSITIVE,8,SOURCE_G_REVIEWS,reviews_2023.csv,2023-11-23T01:10:07.408338170,BATCH-G-20231122
REV-00067762,SKU-0018474,user_23360,Brian Mcintosh,5,Better than I expected for the price.,2023-11-23,True,POSITIVE,1,SOURCE_G_REVIEWS,reviews_2023.csv,2023-11-23T09:27:07.874573482,BATCH-G-20231123
REV-00067763,SKU-9943618,user_18729,Kathy Stanley,5,   Highly  recommend  this  product.   ,2023-11-11,False,POSITIVE,0,SOURCE_G_REVIEWS,reviews_2023.csv,2023-11-11T18:32:02.454276763,BATCH-G-20231111
REV-00067764,SKU-0012405,user_38189,Olivia,3,"Matches the description, no issues.",2023-04-21,True,NEUTRAL,2,SOURCE_G_REVIEWS,reviews_2023.csv,2023-04-22T01:34:55.273137036,BATCH-G-20230421
REV-00067777,SKU-0001668,user_9031992,Amanda,1,गुणवत्ता ठीक नहीं थी। Very disappointed with the quality.,2023-04-10,False,NEGATIVE,8,SOURCE_G_REVIEWS,reviews_2023.csv,2023-04-10T02:38:39.994707319,BATCH-G-20230410
REV-00067783,SKU-0013417,user_9026684,Mr. Russell Guerrero,1,"   Cheaply  made,  broke  immediately.   ",2023-09-11,True,NEGATIVE,3,SOURCE_G_REVIEWS,reviews_2023.csv,2023-09-11T01:29:36.351629046,BATCH-G-20230911
REV-00067786,SKU-0019805,user_34050,Haley Porter,5,Exceeded my expectations.,2023-12-13,False,POSITIVE,6,SOURCE_G_REVIEWS,reviews_2023.csv,2023-12-13T11:37:51.606342342,BATCH-G-20231213
REV-00067792,SKU-0006865,user_15327,Jared Castillo,5,"Exactly as described, very happy.",2023-08-03,True,POSITIVE,4,SOURCE_G_REVIEWS,reviews_2023.csv,2023-08-03T03:10:05.430167072,BATCH-G-20230803
REV-00067799,SKU-0014556,user_19609,Donna Rivera,3,"It's okay, does the job.",2023-11-24,False,NEUTRAL,0,SOURCE_G_REVIEWS,reviews_2023.csv,2023-11-24T16:32:06.909163410,BATCH-G-20231124
REV-00067804,SKU-0018816,user_9024383,Manuel Park,5,"   Exactly  as  described,  very  happy.   ",2023-11-22,False,POSITIVE,1,SOURCE_G_REVIEWS,reviews_2023.csv,2023-11-22T11:54:56.451517284,BATCH-G-20231122
REV-00067808,SKU-0012778,,Anonymous,3,Decent but overpriced a bit.,2023-07-14,True,NEUTRAL,1,SOURCE_G_REVIEWS,reviews_2023.csv,2023-07-14T11:01:41.720368884,BATCH-G-20230714
REV-00067825,SKU-0011445,user_59735,Samantha Mays,4,Highly recommend this product.,2023-10-12,False,POSITIVE,4,SOURCE_G_REVIEWS,reviews_2023.csv,2023-10-12T04:37:27.220233972,BATCH-G-20231012
REV-00067829,SKU-0009960,user_9016316,Brandon Warner,2,Not as described at all.,2023-12-09,True,NEGATIVE,0,SOURCE_G_REVIEWS,reviews_2023.csv,2023-12-10T02:43:07.209445655,BATCH-G-20231209
REV-00067840,SKU-0002644,user_60152,Christopher Howard,3,"It's okay, does the job.",2023-03-19,True,NEUTRAL,7,SOURCE_G_REVIEWS,reviews_2023.csv,2023-03-20T01:00:34.800022749,BATCH-G-20230319
REV-00067841,SKU-0000843,user_61389,Melissa Smith,4,Will definitely buy again.,2023-07-13,True,POSITIVE,0,SOURCE_G_REVIEWS,reviews_2023.csv,2023-07-13T20:13:06.646883183,BATCH-G-20230713
REV-00067852,SKU-0009868,,Anonymous,2,"Cheaply made, broke immediately.",2023-05-05,True,NEGATIVE,0,SOURCE_G_REVIEWS,reviews_2023.csv,2023-05-05T09:01:31.048563945,BATCH-G-20230505
REV-00067864,SKU-0003931,user_9020623,Tina Hunter,5,Great value for money.,2023-08-16,True,POSITIVE,0,SOURCE_G_REVIEWS,reviews_2023.csv,2023-08-16T15:59:45.036919943,BATCH-G-20230816
REV-00067864-DUP,SKU-0003931,user_9020623,Tina Hunter,5,Great value for money.,2023-08-16,True,POSITIVE,0,SOURCE_G_REVIEWS,reviews_2023.csv,2023-08-16T16:45:45.036919943,BATCH-G-20230816
REV-00067867,SKU-0016737,user_9026906,Michael Moore,5,Better than I expected for the price.,2023-08-29,True,POSITIVE,16,SOURCE_G_REVIEWS,reviews_2023.csv,2023-08-29T12:03:49.193361961,BATCH-G-20230829
REV-00067867-BOT,SKU-0016737,user_9013156,Carlos Robertson,5,Better than I expected for the price.,2023-08-29,False,POSITIVE,0,SOURCE_G_REVIEWS,reviews_2023.csv,2023-08-29T12:03:49.193361961,BATCH-G-20230829
REV-00067874,SKU-0009281,user_9000343,Daniel Ballard,2,"Waste of money, do not buy.",2023-05-14,False,NEGATIVE,4,SOURCE_G_REVIEWS,reviews_2023.csv,2023-05-15T00:56:34.158753058,BATCH-G-20230514
REV-00067878,SKU-0012462,user_9013938,Cynthia,5,"Livraison très lente, déçu.",2023-11-02,True,POSITIVE,4,SOURCE_G_REVIEWS,reviews_2023.csv,2023-11-03T04:57:12.695338688,BATCH-G-20231102
REV-00067888,SKU-9926816,user_57352,Shannon Salinas,,Fast delivery and great quality.,2023-03-05,True,POSITIVE,7,SOURCE_G_REVIEWS,reviews_2023.csv,2023-03-05T14:09:56.503366420,BATCH-G-20230305
REV-00067893,SKU-0003035,user_9025142,Matthew Goodman,1,Arrived damaged and support was unhelpful.,2023-08-28,False,NEGATIVE,4,SOURCE_G_REVIEWS,reviews_2023.csv,2023-08-28T13:15:40.195691258,BATCH-G-20230828
REV-00067894,SKU-0009628,,Anonymous,3,Decent but overpriced a bit.,2023-05-11,True,NEUTRAL,4,SOURCE_G_REVIEWS,reviews_2023.csv,2023-05-11T15:27:09.915598382,BATCH-G-20230511
REV-00067895,SKU-0018041,user_12963,Erica Schwartz,5,Highly recommend this product.,2023-03-09,True,POSITIVE,0,SOURCE_G_REVIEWS,reviews_2023.csv,2023-03-09T23:56:23.573503126,BATCH-G-20230309
REV-00067904,SKU-0018487,user_9010633,Thomas Valdez,5,"Livraison très lente, déçu. Great value for money.",2023-12-07,True,POSITIVE,0,SOURCE_G_REVIEWS,reviews_2023.csv,2023-12-08T01:06:52.494649742,BATCH-G-20231207
REV-00067907,SKU-0001456,user_48300,Dennis Black,4,"Perfect gift, they loved it!",2023-01-19,True,POSITIVE,3,SOURCE_G_REVIEWS,reviews_2023.csv,2023-01-19T08:23:08.089172349,BATCH-G-20230119
REV-00067916,SKU-0012809,,Anonymous,1,"बहुत अच्छा उत्पाद है, पैसा वसूल!",2023-08-28,False,NEGATIVE,0,SOURCE_G_REVIEWS,reviews_2023.csv,2023-08-29T04:30:23.538684832,BATCH-G-20230828
REV-00067925,SKU-0012966,user_55087,Megan Dunn,3,"It's okay, does the job.",2023-05-12,True,NEUTRAL,1,SOURCE_G_REVIEWS,reviews_2023.csv,2023-05-12T22:44:20.511516438,BATCH-G-20230512
REV-00067928,SKU-0013942,user_9002832,Christopher Oliver,5,"Perfect gift, they loved it!",2023-05-23,True,POSITIVE,0,SOURCE_G_REVIEWS,reviews_2023.csv,2023-05-23T00:57:33.274310634,BATCH-G-20230523
REV-00067929,SKU-9908747,,Anonymous,4,"   Matches  the  description,  no  issues.   ",2023-05-18,True,NEUTRAL,6,SOURCE_G_REVIEWS,reviews_2023.csv,2023-05-29T02:00:00,BATCH-G-20230518
REV-00067930,SKU-0012165,user_9023909,Olivia Gamble,3,"Not bad, not great either.",2023-11-13,False,NEUTRAL,4,SOURCE_G_REVIEWS,reviews_2023.csv,2023-11-13T12:19:35.187885238,BATCH-G-20231113
REV-00067935,SKU-9995429,user_37934,Cynthia Mora,4,Highly recommend this product.,2023-01-21,False,POSITIVE,5,SOURCE_G_REVIEWS,reviews_2023.csv,2023-01-21T14:37:40.555755976,BATCH-G-20230121
REV-00067937,SKU-0012763,user_9028041,Kristine,5,Fast delivery and great quality.,2023-03-23,False,POSITIVE,3,SOURCE_G_REVIEWS,reviews_2023.csv,2023-03-23T06:04:18.630045707,BATCH-G-20230323
REV-00067940,SKU-0016928,user_17353,Martha,4,"Muy buen producto, lo recomiendo.",2023-10-18,False,POSITIVE,9,SOURCE_G_REVIEWS,reviews_2023.csv,2023-10-18T01:54:12.984737784,BATCH-G-20231018
REV-00067941,SKU-0001198,user_9028504,Tammy Tran,4,"Exactly as described, very happy. 😀",2023-06-17,False,POSITIVE,0,SOURCE_G_REVIEWS,reviews_2023.csv,2023-06-17T00:30:53.264760159,BATCH-G-20230617
REV-00067954,SKU-0014688,,Anonymous,4,"Exactly as described, very happy.",2023-04-04,False,POSITIVE,1,SOURCE_G_REVIEWS,reviews_2023.csv,2023-04-04T01:15:01.415493017,BATCH-G-20230404
REV-00067956,SKU-0000919,user_9026306,Sarah Perez,4,Exceeded my expectations.,2023-02-04,True,POSITIVE,3,SOURCE_G_REVIEWS,reviews_2023.csv,2023-02-05T00:17:25.507884395,BATCH-G-20230204
REV-00067979,SKU-0005217,user_9021007,Paige,0,Highly recommend this product.,2023-04-25,True,POSITIVE,2,SOURCE_G_REVIEWS,reviews_2023.csv,2023-04-25T22:56:38.069690176,BATCH-G-20230425
REV-00068001,SKU-0012899,,Anonymous,3,Works fine but delivery was slow.,2023-07-11,True,NEUTRAL,3,SOURCE_G_REVIEWS,reviews_2023.csv,2023-07-12T03:02:16.317758563,BATCH-G-20230711
REV-00068005,SKU-0008212,user_38207,Stacey Warner,2,No cumplió mis expectativas.,2023-02-03,True,NEGATIVE,0,SOURCE_G_REVIEWS,reviews_2023.csv,2023-02-03T18:21:49.190156107,BATCH-G-20230203
REV-00068006,SKU-0009446,user_9029820,Jerry Johnson,4,Highly recommend this product.,2023-07-28,False,POSITIVE,5,SOURCE_G_REVIEWS,reviews_2023.csv,2023-07-29T05:29:03.805325783,BATCH-G-20230728
REV-00068014,SKU-0012959,,Anonymous,4,"Poor packaging, item was defective.",2023-01-23,True,NEGATIVE,0,SOURCE_G_REVIEWS,reviews_2023.csv,2023-01-23T08:32:16.814201653,BATCH-G-20230123
REV-00068019,SKU-0012302,user_9003784,Darrell Good,5,"Solid build quality, no complaints.",2023-08-20,False,POSITIVE,0,SOURCE_G_REVIEWS,reviews_2023.csv,2023-08-20T09:08:37.652475646,BATCH-G-20230820
REV-00068022,SKU-0004671,user_32859,Jessica Garcia,4,"Perfect gift, they loved it!",2023-05-04,False,POSITIVE,2,SOURCE_G_REVIEWS,reviews_2023.csv,2023-05-04T23:19:29.366558554,BATCH-G-20230504
REV-00068023,SKU-0013263,user_3285,Michael Jackson,5,Great value for money.,2023-01-09,True,POSITIVE,0,SOURCE_G_REVIEWS,reviews_2023.csv,2023-01-09T21:43:22.175316453,BATCH-G-20230109
REV-00068027,SKU-0001834,user_29401,Kenneth,3,"Average quality, nothing special.",2023-04-13,False,NEUTRAL,0,SOURCE_G_REVIEWS,reviews_2023.csv,2023-04-13T03:29:10.956675363,BATCH-G-20230413
REV-00068048,SKU-0001055,,Anonymous,1,Not as described at all.,2023-11-03,False,NEGATIVE,2,SOURCE_G_REVIEWS,reviews_2023.csv,2023-11-03T00:45:28.758089772,BATCH-G-20231103
REV-00068058,SKU-0012194,user_9002809,Jonathan,5,"Perfect gift, they loved it!",2023-01-01,True,POSITIVE,0,SOURCE_G_REVIEWS,reviews_2023.csv,2023-01-01T04:50:04.953081163,BATCH-G-20230101
REV-00068081,SKU-0014450,user_65840,Kristen Hall,4,"Exactly as described, very happy. 😢😀",2023-03-04,True,POSITIVE,1,SOURCE_G_REVIEWS,reviews_2023.csv,2023-03-04T10:16:38.183038727,BATCH-G-20230304
REV-00068083,SKU-0009234,user_30629,Grace,5,"Solid build quality, no complaints. ⭐",2023-11-05,False,POSITIVE,3,SOURCE_G_REVIEWS,reviews_2023.csv,2023-11-05T18:45:42.702123759,BATCH-G-20231105
REV-00068085,SKU-0013816,user_7089,Linda,null,"Exactly as described, very happy.",2023-04-28,True,POSITIVE,0,SOURCE_G_REVIEWS,reviews_2023.csv,2023-04-28T06:25:48.950446296,BATCH-G-20230428
REV-00068092,SKU-0000726,user_9005862,Jeremy,4,"बहुत अच्छा उत्पाद है, पैसा वसूल! Will definitely buy again.",2023-02-25,True,POSITIVE,1,SOURCE_G_REVIEWS,reviews_2023.csv,2023-02-26T02:46:25.250483556,BATCH-G-20230225
REV-00068098,SKU-0007589,user_38086,Brian Mitchell,4,"Exactly as described, very happy.",2023-10-11,True,POSITIVE,1,SOURCE_G_REVIEWS,reviews_2023.csv,2023-10-11T20:48:20.893048361,BATCH-G-20231011
REV-00068102,SKU-0007492,user_14200,Caitlin Lucero,5,Fast delivery and great quality.,2023-08-05,True,POSITIVE,1,SOURCE_G_REVIEWS,reviews_2023.csv,2023-08-05T23:33:21.065524698,BATCH-G-20230805
REV-00068104,SKU-0019959,user_9032186,Steven Little,4,"Cheaply made, broke immediately.",2023-02-20,True,NEGATIVE,1,SOURCE_G_REVIEWS,reviews_2023.csv,2023-02-20T08:27:08.232104426,BATCH-G-20230220
REV-00068113,SKU-0015848,,Anonymous,4,"Livraison très lente, déçu.",2023-12-30,True,POSITIVE,1,SOURCE_G_REVIEWS,reviews_2023.csv,2023-12-30T09:37:07.665206952,BATCH-G-20231230
REV-00068118,SKU-0005960,user_9007217,Kathleen Robertson,5,"Exactly as described, very happy. 😡",2023-04-16,True,POSITIVE,0,SOURCE_G_REVIEWS,reviews_2023.csv,2023-04-16T07:39:22.763460249,BATCH-G-20230416
REV-00068121,SKU-0018960,user_4270,Christopher,3,Decent but overpriced a bit.,2023-05-10,True,NEUTRAL,4,SOURCE_G_REVIEWS,reviews_2023.csv,2023-05-11T05:15:47.195945018,BATCH-G-20230510
REV-00068125,SKU-0010274,user_9033987,Timothy Vasquez,5,"बहुत अच्छा उत्पाद है, पैसा वसूल! Solid build quality, no complaints.",2023-05-31,True,POSITIVE,8,SOURCE_G_REVIEWS,reviews_2023.csv,2023-05-31T13:38:59.119588042,BATCH-G-20230531
REV-00068129,SKU-0013223,,Anonymous,1,"Waste of money, do not buy.",2023-04-01,True,NEGATIVE,3,SOURCE_G_REVIEWS,reviews_2023.csv,2023-04-01T05:53:39.406728216,BATCH-G-20230401
REV-00068132,SKU-0019785,user_69515,Steve Bailey,3,गुणवत्ता ठीक नहीं थी।,2023-06-18,True,NEUTRAL,0,SOURCE_G_REVIEWS,reviews_2023.csv,2023-06-18T19:35:13.328516246,BATCH-G-20230618
REV-00068135,SKU-0007735,user_9010767,Pamela Harmon,5,"Perfect gift, they loved it!",2023-12-24,True,POSITIVE,1,SOURCE_G_REVIEWS,reviews_2023.csv,2023-12-24T11:15:20.746463100,BATCH-G-20231224
REV-00068141,SKU-0017842,,Anonymous,5,"Absolutely love it, works perfectly!",2023-08-31,False,POSITIVE,0,SOURCE_G_REVIEWS,reviews_2023.csv,2023-09-01T00:09:16.571413485,BATCH-G-20230831
REV-00068143,SKU-0000848,,Anonymous,4,Fast delivery and great quality.,2023-11-23,False,POSITIVE,0,SOURCE_G_REVIEWS,reviews_2023.csv,2023-11-23T14:13:45.332000458,BATCH-G-20231123
REV-00068150,SKU-0004202,user_9015039,Courtney,3,"Matches the description, no issues.",2023-01-16,True,NEUTRAL,0,SOURCE_G_REVIEWS,reviews_2023.csv,2023-01-16T06:47:40.322307876,BATCH-G-20230116
REV-00068151,SKU-0004420,user_9022955,Nicholas Carter,5,"Perfect gift, they loved it!",2023-09-14,False,POSITIVE,8,SOURCE_G_REVIEWS,reviews_2023.csv,2023-09-15T02:48:05.010708449,BATCH-G-20230914
REV-00068164,SKU-0013363,user_9031537,Nicole Swanson,4,   Will  definitely  buy  again.   ,2023-04-13,False,POSITIVE,4,SOURCE_G_REVIEWS,reviews_2023.csv,2023-04-13T09:48:52.623980791,BATCH-G-20230413
REV-00068172,SKU-0018876,,Anonymous,2,"Poor packaging, item was defective.",2023-10-02,False,NEGATIVE,0,SOURCE_G_REVIEWS,reviews_2023.csv,2023-10-02T08:10:46.110589248,BATCH-G-20231002
REV-00068198,SKU-0000206,user_9004906,Andrea,5,"Muy buen producto, lo recomiendo.",2023-10-16,True,POSITIVE,0,SOURCE_G_REVIEWS,reviews_2023.csv,2023-10-16T17:53:37.466970221,BATCH-G-20231016
REV-00068210,SKU-0005603,user_41077,Matthew,3,"Not bad, not great either.",2023-04-20,False,NEUTRAL,2,SOURCE_G_REVIEWS,reviews_2023.csv,2023-04-21T05:25:07.549682279,BATCH-G-20230420
REV-00068212,SKU-0014627,user_9020814,Mary Thompson,5,"Absolutely love it, works perfectly!",2023-08-17,True,POSITIVE,1,SOURCE_G_REVIEWS,reviews_2023.csv,2023-08-17T12:51:41.998571040,BATCH-G-20230817
REV-00068226,SKU-0001315,user_38582,Barbara,4,</p>Exceeded my expectations.<b>Update:</b>,2023-04-25,True,POSITIVE,1,SOURCE_G_REVIEWS,reviews_2023.csv,2023-04-25T05:55:24.536782927,BATCH-G-20230425
REV-00068233,SKU-0013032,user_20558,Deborah Murray,5,Works fine but delivery was slow.,2023-12-29,True,NEUTRAL,3,SOURCE_G_REVIEWS,reviews_2023.csv,2023-12-29T03:15:31.287873840,BATCH-G-20231229
REV-00068243,SKU-0002824,user_35496,Joseph,2,Stopped working after a week.,2023-07-04,False,NEGATIVE,1,SOURCE_G_REVIEWS,reviews_2023.csv,2023-07-04T18:18:20.085396052,BATCH-G-20230704
REV-00068251,SKU-0009670,,Anonymous,4,Highly recommend this product.,2023-12-23,False,POSITIVE,4,SOURCE_G_REVIEWS,reviews_2023.csv,2023-12-23T08:30:11.831859319,BATCH-G-20231223
REV-00068259,SKU-0008874,user_66396,Nicholas,5,Exceeded my expectations. 😐,2023-04-21,True,POSITIVE,2,SOURCE_G_REVIEWS,reviews_2023.csv,2023-04-22T04:42:27.930724800,BATCH-G-20230421
REV-00068266,SKU-9969200,user_9031947,Renee,3,Decent but overpriced a bit.,2023-06-21,False,NEUTRAL,5,SOURCE_G_REVIEWS,reviews_2023.csv,2023-06-22T03:06:12.088329693,BATCH-G-20230621
REV-00068275,SKU-0019500,user_9017948,Christine Adams,5,Highly recommend this product.,2023-12-01,True,POSITIVE,0,SOURCE_G_REVIEWS,reviews_2023.csv,2023-12-01T15:48:43.306429584,BATCH-G-20231201
REV-00068280,SKU-0003332,user_51208,John Hood,4,Will definitely buy again.,2023-09-12,True,POSITIVE,1,SOURCE_G_REVIEWS,reviews_2023.csv,2023-09-13T02:52:37.821656792,BATCH-G-20230912
REV-00068281,SKU-9924124,,Anonymous,5,Exceeded my expectations.,2023-03-31,True,POSITIVE,3,SOURCE_G_REVIEWS,reviews_2023.csv,2023-03-31T19:10:58.260959849,BATCH-G-20230331
REV-00068285,SKU-0003864,user_9011808,Troy Robertson,3,"Not bad, not great either.",2023-10-11,True,NEUTRAL,1,SOURCE_G_REVIEWS,reviews_2023.csv,2023-10-11T13:25:06.901636484,BATCH-G-20231011
REV-00068288,SKU-0018869,user_69190,Austin Brown,3,Decent but overpriced a bit.,2023-08-21,True,NEUTRAL,9,SOURCE_G_REVIEWS,reviews_2023.csv,2023-08-21T11:57:06.002786238,BATCH-G-20230821
REV-00068290,SKU-0009946,user_9012705,Kimberly,4,"Exactly as described, very happy.",2023-01-28,True,POSITIVE,4,SOURCE_G_REVIEWS,reviews_2023.csv,2023-01-28T16:22:08.524220242,BATCH-G-20230128
REV-00068294,SKU-0012012,user_9015620,Sue Hamilton,4,Highly recommend this product.,2023-01-09,True,POSITIVE,0,SOURCE_G_REVIEWS,reviews_2023.csv,2023-01-09T07:36:34.565699443,BATCH-G-20230109
REV-00068295,SKU-0006752,user_16079,Jill,5,"Solid build quality, no complaints.",2023-08-05,False,POSITIVE,2,SOURCE_G_REVIEWS,reviews_2023.csv,2023-08-05T18:06:17.809718939,BATCH-G-20230805
REV-00068303,SKU-0017193,,Anonymous,5,"Cheaply made, broke immediately.",2023-11-11,False,NEGATIVE,0,SOURCE_G_REVIEWS,reviews_2023.csv,2023-11-11T08:34:09.470895827,BATCH-G-20231111
REV-00068308,SKU-9914956,user_9028400,Allison Winters,1,<p>Not as described at all.&nbsp;,2023-11-20,True,NEGATIVE,1,SOURCE_G_REVIEWS,reviews_2023.csv,2023-11-21T02:43:49.981077587,BATCH-G-20231120
REV-00068310,SKU-0013746,,Anonymous,1,गुणवत्ता ठीक नहीं थी।,2023-01-23,True,NEGATIVE,1,SOURCE_G_REVIEWS,reviews_2023.csv,2023-01-23T06:15:51.440936278,BATCH-G-20230123
REV-00068312,SKU-0000964,user_3629,Victor Thompson,1,"Waste of money, do not buy.",2023-02-08,True,NEGATIVE,1,SOURCE_G_REVIEWS,reviews_2023.csv,2023-02-08T10:58:04.563321334,BATCH-G-20230208
REV-00068315,SKU-0009730,,Anonymous,1,"Waste of money, do not buy.",2023-08-08,False,NEGATIVE,0,SOURCE_G_REVIEWS,reviews_2023.csv,2023-08-08T01:48:13.378646054,BATCH-G-20230808
REV-00068316,SKU-0012733,,Anonymous,4,<p>Highly recommend this product.&nbsp;,2023-11-01,False,POSITIVE,3,SOURCE_G_REVIEWS,reviews_2023.csv,2023-11-01T19:01:52.740551403,BATCH-G-20231101
REV-00068319,SKU-0002631,user_9000977,Dana Lambert,3,Decent but overpriced a bit.,2023-10-24,False,NEUTRAL,3,SOURCE_G_REVIEWS,reviews_2023.csv,2023-10-24T23:42:13.753333666,BATCH-G-20231024
REV-00068329,SKU-0007380,user_31159,Walter Browning,3,गुणवत्ता ठीक नहीं थी।,2023-10-13,True,NEUTRAL,0,SOURCE_G_REVIEWS,reviews_2023.csv,2023-10-11T12:00:00,BATCH-G-20231013
REV-00068361,SKU-0019008,,Anonymous,4,"Exactly as described, very happy.",2023-02-06,False,POSITIVE,2,SOURCE_G_REVIEWS,reviews_2023.csv,2023-02-06T13:55:34.024561765,BATCH-G-20230206
REV-00068377,SKU-0008144,user_9015902,Savannah Rogers,5,Great value for money.,2023-07-01,False,POSITIVE,1,SOURCE_G_REVIEWS,reviews_2023.csv,2023-07-02T00:23:18.264420996,BATCH-G-20230701
REV-00068383,SKU-9998592,user_9026655,Kaitlyn Peters,4,"Solid build quality, no complaints.",2023-06-20,True,POSITIVE,1,SOURCE_G_REVIEWS,reviews_2023.csv,2023-06-20T15:18:04.763180013,BATCH-G-20230620
REV-00068406,SKU-0014993,user_9001594,Kelly,4,Will definitely buy again.,2023-05-01,False,POSITIVE,0,SOURCE_G_REVIEWS,reviews_2023.csv,2023-05-01T23:55:05.891033821,BATCH-G-20230501
REV-00068406-DUP,SKU-0014993,user_9001594,Kelly,4,Will definitely buy again.,2023-05-01,False,POSITIVE,0,SOURCE_G_REVIEWS,reviews_2023.csv,2023-05-02T00:08:05.891033821,BATCH-G-20230501
REV-00068410,SKU-0003460,user_540,Christopher Griffin,5,"Perfect gift, they loved it!",2023-10-23,True,POSITIVE,4,SOURCE_G_REVIEWS,reviews_2023.csv,2023-10-23T18:58:14.387579499,BATCH-G-20231023
REV-00068417,SKU-0013110,,Anonymous,N/A,"Matches the description, no issues.",2023-01-15,True,NEUTRAL,8,SOURCE_G_REVIEWS,reviews_2023.csv,2023-01-16T05:13:20.561060167,BATCH-G-20230115
REV-00068420,SKU-0020157,user_9001607,Mr.,5,"Exactly as described, very happy.",2023-02-03,False,POSITIVE,2,SOURCE_G_REVIEWS,reviews_2023.csv,2023-02-03T13:38:05.877846080,BATCH-G-20230203
REV-00068421,SKU-0010396,,Anonymous,4,"<p>Absolutely love it, works perfectly!<b>Update:</b>",2023-12-07,True,POSITIVE,0,SOURCE_G_REVIEWS,reviews_2023.csv,2023-12-07T00:39:41.988443081,BATCH-G-20231207
REV-00068426,SKU-0005458,,Anonymous,4,Excellent rapport qualité-prix.,2023-12-23,False,POSITIVE,2,SOURCE_G_REVIEWS,reviews_2023.csv,2023-12-23T06:24:36.448362175,BATCH-G-20231223
REV-00068446,SKU-0017378,user_7815,Sarah Medina,4,"   Perfect  gift,  they  loved  it!   ",2023-09-17,True,POSITIVE,4,SOURCE_G_REVIEWS,reviews_2023.csv,2023-09-17T16:24:28.096529242,BATCH-G-20230917
REV-00068454,SKU-0009037,,Anonymous,4,"Absolutely love it, works perfectly!",2023-10-05,False,POSITIVE,0,SOURCE_G_REVIEWS,reviews_2023.csv,2023-10-06T02:07:50.633707020,BATCH-G-20231005
REV-00068461,SKU-0012457,,Anonymous,5,"Absolutely love it, works perfectly!",2023-11-01,False,POSITIVE,6,SOURCE_G_REVIEWS,reviews_2023.csv,2023-11-01T12:09:39.197499616,BATCH-G-20231101
REV-00068464,SKU-0009600,user_49056,John,NULL,   Better  than  I  expected  for  the  price.   ,2023-07-02,False,POSITIVE,1,SOURCE_G_REVIEWS,reviews_2023.csv,2023-07-02T19:58:16.217711837,BATCH-G-20230702
REV-00068480,SKU-9981233,user_39805,Angela Hale,5,"बहुत अच्छा उत्पाद है, पैसा वसूल! 😐",2023-03-04,True,POSITIVE,4,SOURCE_G_REVIEWS,reviews_2023.csv,2023-03-04T15:27:18.023138977,BATCH-G-20230304
REV-00068486,SKU-0001244,user_26582,Kathleen Thompson,2,"Waste of money, do not buy.",2023-06-03,True,NEGATIVE,1,SOURCE_G_REVIEWS,reviews_2023.csv,2023-06-03T13:07:49.330838966,BATCH-G-20230603
REV-00068487,SKU-0006182,,Anonymous,4,"Exactly as described, very happy.",2023-04-24,True,POSITIVE,1,SOURCE_G_REVIEWS,reviews_2023.csv,2023-04-24T22:09:31.507944912,BATCH-G-20230424
REV-00068497,SKU-0017613,user_9009639,Gabrielle Sanchez,5,Fast delivery and great quality.,2023-05-14,True,POSITIVE,2,SOURCE_G_REVIEWS,reviews_2023.csv,2023-05-14T19:30:04.099052354,BATCH-G-20230514
REV-00068499,SKU-0008194,,Anonymous,3,"Matches the description, no issues.",2023-10-25,False,NEUTRAL,0,SOURCE_G_REVIEWS,reviews_2023.csv,2023-10-25T11:15:49.180276760,BATCH-G-20231025
REV-00068504,SKU-0016987,user_9031603,Emily Martinez,2,"Poor packaging, item was defective.",2023-12-15,False,NEGATIVE,0,SOURCE_G_REVIEWS,reviews_2023.csv,2023-12-15T13:34:59.245855534,BATCH-G-20231215
REV-00068504-DUP,SKU-0016987,user_9031603,Emily Martinez,2,"Poor packaging, item was defective.",2023-12-15,False,NEGATIVE,0,SOURCE_G_REVIEWS,reviews_2023.csv,2023-12-15T14:20:59.245855534,BATCH-G-20231215
REV-00068506,SKU-0004745,,Anonymous,5,"गुणवत्ता ठीक नहीं थी। Solid build quality, no complaints.",2023-09-07,False,POSITIVE,9,SOURCE_G_REVIEWS,reviews_2023.csv,2023-09-07T04:25:42.476273404,BATCH-G-20230907
REV-00068518,SKU-0008175,user_11193,Julie,5,"Perfect gift, they loved it!",2023-09-09,False,POSITIVE,3,SOURCE_G_REVIEWS,reviews_2023.csv,2023-09-09T05:54:23.736659100,BATCH-G-20230909
REV-00068522,SKU-0019974,user_18034,Sandra,1,Very disappointed with the quality.,2023-06-28,True,NEGATIVE,2,SOURCE_G_REVIEWS,reviews_2023.csv,2023-06-29T02:58:06.447922978,BATCH-G-20230628
REV-00068527,SKU-0009906,user_9009381,Jamie Mcneil,3,"It's okay, does the job.",2023-06-27,True,NEUTRAL,2,SOURCE_G_REVIEWS,reviews_2023.csv,2023-06-27T02:41:03.254381340,BATCH-G-20230627
REV-00068530,SKU-0004310,user_53275,Gerald Gilmore,5,"Perfect gift, they loved it!",2023-08-28,False,POSITIVE,0,SOURCE_G_REVIEWS,reviews_2023.csv,2023-08-28T15:00:25.170676327,BATCH-G-20230828
REV-00068532,SKU-0001860,user_9029136,Shane Wilson PhD,5,Great value for money.,2023-07-17,True,POSITIVE,2,SOURCE_G_REVIEWS,reviews_2023.csv,2023-07-17T11:37:49.264972460,BATCH-G-20230717
REV-00068532-DUP,SKU-0001860,user_9029136,Shane Wilson PhD,5,Great value for money.,2023-07-17,True,POSITIVE,2,SOURCE_G_REVIEWS,reviews_2023.csv,2023-07-17T12:36:49.264972460,BATCH-G-20230717
REV-00068533,SKU-0017051,,Anonymous,4,Will definitely buy again.,2023-02-26,False,POSITIVE,5,SOURCE_G_REVIEWS,reviews_2023.csv,2023-02-26T05:02:24.938346669,BATCH-G-20230226
REV-00068539,SKU-0006776,user_466,Teresa Stephens,1,Stopped working after a week.,2023-10-02,True,NEGATIVE,3,SOURCE_G_REVIEWS,reviews_2023.csv,2023-10-02T22:31:06.895397957,BATCH-G-20231002
REV-00068542,SKU-0010405,,Anonymous,2,Arrived damaged and support was unhelpful.,2023-07-08,True,NEGATIVE,0,SOURCE_G_REVIEWS,reviews_2023.csv,2023-07-08T22:43:46.595444367,BATCH-G-20230708
REV-00068544,SKU-0000063,user_9024431,Michael,5,No cumplió mis expectativas. Better than I expected for the price.,2023-03-06,False,POSITIVE,1,SOURCE_G_REVIEWS,reviews_2023.csv,2023-03-06T11:51:22.859550854,BATCH-G-20230306
REV-00068558,SKU-0015019,,Anonymous,4,Better than I expected for the price.,2023-08-27,False,POSITIVE,0,SOURCE_G_REVIEWS,reviews_2023.csv,2023-08-28T00:21:42.079697074,BATCH-G-20230827
REV-00068571,SKU-0012515,user_9001143,Robert King,5,Fast delivery and great quality.,2023-02-02,False,POSITIVE,1,SOURCE_G_REVIEWS,reviews_2023.csv,2023-02-02T19:43:33.389539162,BATCH-G-20230202
REV-00068574,SKU-0011606,user_9031650,Hunter,3,"It's okay, does the job.",2023-08-07,True,NEUTRAL,0,SOURCE_G_REVIEWS,reviews_2023.csv,2023-08-07T14:17:30.381611330,BATCH-G-20230807
REV-00068578,SKU-0006999,,Anonymous,5,"Livraison très lente, déçu.",2023-12-30,False,POSITIVE,4,SOURCE_G_REVIEWS,reviews_2023.csv,2023-12-30T06:26:47.423388226,BATCH-G-20231230
REV-00068600,SKU-9982793,user_9027969,Terry Peterson,2,"Poor packaging, item was defective.",2023-02-07,True,NEGATIVE,2,SOURCE_G_REVIEWS,reviews_2023.csv,2023-02-07T01:46:00.736931755,BATCH-G-20230207
REV-00068601,SKU-0006952,user_9007716,Kimberly Moore,5,गुणवत्ता ठीक नहीं थी।,2023-04-29,False,POSITIVE,5,SOURCE_G_REVIEWS,reviews_2023.csv,2023-04-29T17:02:33.877668359,BATCH-G-20230429
REV-00068619,SKU-0002082,user_41446,Michael Turner,5,Better than I expected for the price.,2023-08-27,True,POSITIVE,3,SOURCE_G_REVIEWS,reviews_2023.csv,2023-08-28T05:46:49.767256365,BATCH-G-20230827
REV-00068637,SKU-0013056,user_16247,Nathan Carey, ,"Poor packaging, item was defective.",2023-08-03,False,NEGATIVE,0,SOURCE_G_REVIEWS,reviews_2023.csv,2023-08-03T10:12:12.530935188,BATCH-G-20230803
REV-00068646,SKU-0014122,user_9015744,Albert,5,"Exactly as described, very happy.",2023-07-31,False,POSITIVE,0,SOURCE_G_REVIEWS,reviews_2023.csv,2023-07-31T09:24:22.003939324,BATCH-G-20230731
REV-00068656,SKU-9914319,user_9001368,Sierra Lawson,3,   Very  disappointed  with  the  quality.   ,2023-03-06,True,NEGATIVE,0,SOURCE_G_REVIEWS,reviews_2023.csv,2023-03-07T02:00:19.281851757,BATCH-G-20230306
REV-00068657,SKU-0015215,user_9012631,Mrs. Courtney Nguyen,4,Highly recommend this product.,2023-03-07,True,POSITIVE,4,SOURCE_G_REVIEWS,reviews_2023.csv,2023-03-07T12:22:00.381795138,BATCH-G-20230307
REV-00068660,SKU-0004210,user_59064,Alexandra Brown,4,Will definitely buy again.,2023-10-16,True,POSITIVE,0,SOURCE_G_REVIEWS,reviews_2023.csv,2023-10-16T01:04:33.786318641,BATCH-G-20231016
REV-00068667,SKU-0016162,user_51344,Bryan Nelson,4,Highly recommend this product.,2023-03-26,True,POSITIVE,1,SOURCE_G_REVIEWS,reviews_2023.csv,2023-03-27T00:02:03.977556620,BATCH-G-20230326
REV-00068686,SKU-0018402,user_9001141,Scott,1,"Cheaply made, broke immediately.",2023-11-12,True,NEGATIVE,0,SOURCE_G_REVIEWS,reviews_2023.csv,2023-11-12T01:59:13.952199006,BATCH-G-20231112
REV-00068690,SKU-0019403,,Anonymous,5,&nbsp;Better than I expected for the price.<br>,2023-11-08,True,POSITIVE,1,SOURCE_G_REVIEWS,reviews_2023.csv,2023-11-08T21:58:14.038424254,BATCH-G-20231108
REV-00068700,SKU-0000132,user_9018189,Susan James,5,Fast delivery and great quality.,2023-04-06,False,POSITIVE,3,SOURCE_G_REVIEWS,reviews_2023.csv,2023-04-07T02:31:47.217426852,BATCH-G-20230406
REV-00068722,SKU-9939436,user_9025635,Carrie,3,Fast delivery and great quality.,2023-07-06,False,POSITIVE,1,SOURCE_G_REVIEWS,reviews_2023.csv,2023-07-07T01:52:42.892845224,BATCH-G-20230706
REV-00068738,SKU-0012905,user_9021276,Jamie Henderson,3,Works fine but delivery was slow.,2023-08-01,True,NEUTRAL,7,SOURCE_G_REVIEWS,reviews_2023.csv,2023-08-01T15:18:03.127487992,BATCH-G-20230801
REV-00068741,SKU-0005738,user_9016625,David Webster,5,Great value for money. ⭐,2023-02-04,False,POSITIVE,0,SOURCE_G_REVIEWS,reviews_2023.csv,2023-02-04T13:02:16.092022012,BATCH-G-20230204
REV-00068748,SKU-0003891,user_9018831,Tyler Padilla,3,"Matches the description, no issues.",2023-12-25,True,NEUTRAL,0,SOURCE_G_REVIEWS,reviews_2023.csv,2023-12-26T05:15:57.744686882,BATCH-G-20231225
REV-00068752,SKU-0018116,user_9029984,Hunter,4,Better than I expected for the price.,2023-09-11,True,POSITIVE,0,SOURCE_G_REVIEWS,reviews_2023.csv,2023-09-11T08:03:32.860912050,BATCH-G-20230911
REV-00068759,SKU-0019333,user_9001564,Dustin Rice,NULL,Works fine but delivery was slow.,2023-12-07,True,NEUTRAL,3,SOURCE_G_REVIEWS,reviews_2023.csv,2023-12-08T01:10:31.871208982,BATCH-G-20231207
REV-00068759-DUP,SKU-0019333,user_9001564,Dustin Rice,NULL,Works fine but delivery was slow.,2023-12-07,True,NEUTRAL,3,SOURCE_G_REVIEWS,reviews_2023.csv,2023-12-08T02:02:31.871208982,BATCH-G-20231207
REV-00068765,SKU-0000234,user_15275,Cristian,3,"<br>Muy buen producto, lo recomiendo.<br>",2023-01-03,True,NEUTRAL,2,SOURCE_G_REVIEWS,reviews_2023.csv,2023-01-03T01:10:49.322564436,BATCH-G-20230103
REV-00068766,SKU-9925614,user_62429,Erik,5,"Perfect gift, they loved it!",2023-05-25,True,POSITIVE,0,SOURCE_G_REVIEWS,reviews_2023.csv,2023-05-25T03:03:36.798296322,BATCH-G-20230525
REV-00068770,SKU-0003880,user_69537,Anthony Montgomery,0,Exceeded my expectations.,2023-12-25,True,POSITIVE,2,SOURCE_G_REVIEWS,reviews_2023.csv,2023-12-25T19:33:04.837803536,BATCH-G-20231225
REV-00068780,SKU-0007868,user_59383,Tina,5,"बहुत अच्छा उत्पाद है, पैसा वसूल!",2023-12-15,False,POSITIVE,0,SOURCE_G_REVIEWS,reviews_2023.csv,2023-12-15T16:05:48.830915419,BATCH-G-20231215
REV-00068793,SKU-0015676,,Anonymous,5,Will definitely buy again.,2023-06-11,False,POSITIVE,1,SOURCE_G_REVIEWS,reviews_2023.csv,2023-06-11T22:05:23.730343633,BATCH-G-20230611
REV-00068797,SKU-9955518,user_18517,Lisa,3,Works fine but delivery was slow.,2023-11-07,False,NEUTRAL,0,SOURCE_G_REVIEWS,reviews_2023.csv,2023-11-07T02:22:08.589133720,BATCH-G-20231107
REV-00068799,SKU-0003011,user_15316,Carlos Roberts,3,"   Not  bad,  not  great  either.   ",2023-07-01,True,NEUTRAL,1,SOURCE_G_REVIEWS,reviews_2023.csv,2023-07-01T05:08:06.953469935,BATCH-G-20230701
REV-00068816,SKU-0007031,user_9005870,Christian Smith,3,"Matches the description, no issues.",2023-03-22,True,NEUTRAL,1,SOURCE_G_REVIEWS,reviews_2023.csv,2023-03-23T03:27:10.757350496,BATCH-G-20230322
REV-00068820,SKU-0011696,user_9015561,Amanda Lopez,4,Better than I expected for the price.,2023-04-25,True,POSITIVE,15,SOURCE_G_REVIEWS,reviews_2023.csv,2023-04-26T02:20:15.740349967,BATCH-G-20230425
REV-00068827,SKU-0014531,user_9002198,Julia White,4,Highly recommend this product.,2023-01-03,True,POSITIVE,0,SOURCE_G_REVIEWS,reviews_2023.csv,2023-01-03T03:47:41.997752393,BATCH-G-20230103
REV-00068828,SKU-0003642,user_9008838,Jessica Jackson,5,Great value for money.,2023-04-28,True,POSITIVE,2,SOURCE_G_REVIEWS,reviews_2023.csv,2023-04-28T02:43:02.450786977,BATCH-G-20230428
REV-00068831,SKU-0017161,user_9033455,Lisa Wood,3,Decent but overpriced a bit.,2023-01-23,True,NEUTRAL,1,SOURCE_G_REVIEWS,reviews_2023.csv,2023-01-23T05:59:15.987023475,BATCH-G-20230123
REV-00068843,SKU-0006710,user_46232,Bill,3,Decent but overpriced a bit. 😡,2023-08-01,True,NEUTRAL,0,SOURCE_G_REVIEWS,reviews_2023.csv,2023-08-01T18:37:16.095096740,BATCH-G-20230801
REV-00068848,SKU-0001256,user_23662,Jacob Smith,2,Stopped working after a week.,2023-12-30,True,NEGATIVE,1,SOURCE_G_REVIEWS,reviews_2023.csv,2023-12-30T22:48:11.916690005,BATCH-G-20231230
REV-00068849,SKU-0002868,user_9027381,Randy,5,Better than I expected for the price.,2023-02-18,False,POSITIVE,4,SOURCE_G_REVIEWS,reviews_2023.csv,2023-02-18T21:26:00.785079022,BATCH-G-20230218
REV-00068857,SKU-0008947,user_9025004,Amy,5,"Perfect gift, they loved it!",2023-12-06,True,POSITIVE,5,SOURCE_G_REVIEWS,reviews_2023.csv,2023-12-06T08:39:53.255376888,BATCH-G-20231206
REV-00068863,SKU-0015377,,Anonymous,5,"Exactly as described, very happy.",2023-12-23,True,POSITIVE,2,SOURCE_G_REVIEWS,reviews_2023.csv,2023-12-23T18:16:11.696461840,BATCH-G-20231223
REV-00068868,SKU-0014153,user_53981,Samantha,5,Exceeded my expectations.,2023-05-10,True,POSITIVE,0,SOURCE_G_REVIEWS,reviews_2023.csv,2023-05-10T19:44:51.857665881,BATCH-G-20230510
REV-00068870,SKU-0008972,user_58312,Holly,5,Better than I expected for the price.,2023-05-02,False,POSITIVE,4,SOURCE_G_REVIEWS,reviews_2023.csv,2023-05-02T10:59:51.435806890,BATCH-G-20230502
REV-00068872,SKU-0005218,user_9004418,Elizabeth Garcia,1,"Waste of money, do not buy. 🙏",2023-05-13,True,NEGATIVE,1,SOURCE_G_REVIEWS,reviews_2023.csv,2023-05-14T02:19:49.738193739,BATCH-G-20230513
REV-00068882,SKU-0017931,user_12579,Heather Figueroa,4,Fast delivery and great quality.,2023-04-20,False,POSITIVE,0,SOURCE_G_REVIEWS,reviews_2023.csv,2023-04-20T16:45:14.057843588,BATCH-G-20230420
REV-00068889,SKU-0011390,user_40717,James,3,"Matches the description, no issues.",2023-09-12,False,NEUTRAL,3,SOURCE_G_REVIEWS,reviews_2023.csv,2023-09-13T00:56:06.156820253,BATCH-G-20230912
REV-00068901,SKU-0006395,,Anonymous,5,"Exactly as described, very happy.",2023-06-19,False,POSITIVE,1,SOURCE_G_REVIEWS,reviews_2023.csv,2023-06-19T20:40:48.062972373,BATCH-G-20230619
REV-00068905,SKU-0016444,user_42135,Alyssa Hart,4,Exceeded my expectations.,2023-05-07,False,POSITIVE,1,SOURCE_G_REVIEWS,reviews_2023.csv,2023-05-07T15:56:31.448785938,BATCH-G-20230507
REV-00068910,SKU-0007463,user_9004196,David Taylor,4,Fast delivery and great quality.,2023-11-16,False,POSITIVE,1,SOURCE_G_REVIEWS,reviews_2023.csv,2023-11-16T13:53:11.259293404,BATCH-G-20231116
REV-00068914,SKU-0012383,user_9022284,Brendan Malone,4,Exceeded my expectations.,2023-10-10,True,POSITIVE,2,SOURCE_G_REVIEWS,reviews_2023.csv,2023-10-10T08:34:05.724752187,BATCH-G-20231010
REV-00068914-DUP,SKU-0012383,user_9022284,Brendan Malone,4,Exceeded my expectations.,2023-10-10,True,POSITIVE,2,SOURCE_G_REVIEWS,reviews_2023.csv,2023-10-10T08:38:05.724752187,BATCH-G-20231010
REV-00068928,SKU-0012421,user_9018644,Karen Maxwell DDS,4,Will definitely buy again.,2023-05-22,True,POSITIVE,1,SOURCE_G_REVIEWS,reviews_2023.csv,2023-05-22T10:25:59.597024117,BATCH-G-20230522
REV-00068929,SKU-9969834,,Anonymous,1,Arrived damaged and support was unhelpful. 😡,2023-06-26,True,NEGATIVE,0,SOURCE_G_REVIEWS,reviews_2023.csv,2023-06-26T23:23:45.302859494,BATCH-G-20230626
REV-00068937,SKU-0006421,user_20233,Maria Martin,5,Fast delivery and great quality.,2023-06-19,False,POSITIVE,4,SOURCE_G_REVIEWS,reviews_2023.csv,2023-06-19T13:39:53.554647609,BATCH-G-20230619
REV-00068944,SKU-0015969,user_9021822,Natalie Smith,4,"Perfect gift, they loved it!",2023-11-13,False,POSITIVE,3,SOURCE_G_REVIEWS,reviews_2023.csv,2023-11-13T13:06:00.847954170,BATCH-G-20231113
REV-00068959,SKU-0016707,user_44565,Robert Martin,4,"</p>Solid build quality, no complaints.</p>",2023-12-16,True,POSITIVE,4,SOURCE_G_REVIEWS,reviews_2023.csv,2023-12-16T14:45:35.081677121,BATCH-G-20231216
REV-00068965,SKU-0016855,user_9013468,Jonathan Cobb,5,Fast delivery and great quality.,2023-11-26,True,POSITIVE,1,SOURCE_G_REVIEWS,reviews_2023.csv,2023-11-26T13:18:58.525862047,BATCH-G-20231126
REV-00068968,SKU-0002135,user_44825,Peggy Williams,5,"Solid build quality, no complaints.",2023-01-22,True,POSITIVE,1,SOURCE_G_REVIEWS,reviews_2023.csv,2023-01-22T03:59:39.228268221,BATCH-G-20230122
REV-00068987,SKU-0010981,user_38030,Alicia Schmidt,4,Will definitely buy again. ⭐💯,2023-01-03,True,POSITIVE,0,SOURCE_G_REVIEWS,reviews_2023.csv,2023-01-03T14:32:08.609906022,BATCH-G-20230103
REV-00068995,SKU-0012430,,Anonymous,5,Exceeded my expectations.,2023-12-11,False,POSITIVE,3,SOURCE_G_REVIEWS,reviews_2023.csv,2023-12-11T13:09:21.880302052,BATCH-G-20231211
REV-00068997,SKU-0018109,user_9006802,Tara,3,"Not bad, not great either.",2023-07-05,True,NEUTRAL,0,SOURCE_G_REVIEWS,reviews_2023.csv,2023-07-05T08:38:53.187894446,BATCH-G-20230705
REV-00069010,SKU-0005059,user_9007394,Brian Clark,5,Better than I expected for the price.,2023-06-20,True,POSITIVE,1,SOURCE_G_REVIEWS,reviews_2023.csv,2023-06-20T12:03:50.649894389,BATCH-G-20230620
REV-00069016,SKU-0008233,user_1284,Kirsten Caldwell,5,"   Absolutely  love  it,  works  perfectly!   ",2023-11-28,True,POSITIVE,0,SOURCE_G_REVIEWS,reviews_2023.csv,2023-11-29T05:13:12.649469938,BATCH-G-20231128
REV-00069026,SKU-0009694,user_25252,Jessica Stokes,5,"Perfect gift, they loved it!",2023-10-23,False,POSITIVE,1,SOURCE_G_REVIEWS,reviews_2023.csv,2023-10-23T17:06:59.435676535,BATCH-G-20231023
REV-00069060,SKU-0014781,user_9014315,Lauren Montes,4,Exceeded my expectations.,2023-02-27,False,POSITIVE,5,SOURCE_G_REVIEWS,reviews_2023.csv,2023-02-27T02:53:57.610632645,BATCH-G-20230227
REV-00069084,SKU-0006531,user_9003524,Danielle Cox,5,"Muy buen producto, lo recomiendo.",2023-11-23,True,POSITIVE,4,SOURCE_G_REVIEWS,reviews_2023.csv,2023-11-23T16:57:30.493666348,BATCH-G-20231123
REV-00069089,SKU-0018528,user_9016760,Paula,4,"Perfect gift, they loved it!",2023-11-18,True,POSITIVE,5,SOURCE_G_REVIEWS,reviews_2023.csv,2023-11-18T14:55:35.026305054,BATCH-G-20231118
REV-00069122,SKU-0004795,user_26741,Angela,4,"Perfect gift, they loved it! 😡",2023-04-18,False,POSITIVE,8,SOURCE_G_REVIEWS,reviews_2023.csv,2023-04-18T15:40:14.295786590,BATCH-G-20230418
REV-00069124,SKU-0012528,user_27417,Karen Valenzuela,5,Fast delivery and great quality.,2023-12-06,True,POSITIVE,0,SOURCE_G_REVIEWS,reviews_2023.csv,2023-12-06T13:46:17.977949260,BATCH-G-20231206
REV-00069146,SKU-0008663,user_9021756,Jennifer Perkins,4,"&nbsp;Exactly as described, very happy.<i>edited</i>",2023-02-18,True,POSITIVE,0,SOURCE_G_REVIEWS,reviews_2023.csv,2023-02-18T15:42:12.685079482,BATCH-G-20230218
REV-00069149,SKU-0004490,,Anonymous,3,Works fine but delivery was slow.,2023-11-29,True,NEUTRAL,0,SOURCE_G_REVIEWS,reviews_2023.csv,2023-11-29T06:55:49.062880071,BATCH-G-20231129
REV-00069153,SKU-0010217,user_26922,Haley Hernandez,5,Better than I expected for the price.,2023-08-08,True,POSITIVE,5,SOURCE_G_REVIEWS,reviews_2023.csv,2023-08-08T05:50:06.160972928,BATCH-G-20230808
REV-00069153-DUP,SKU-0010217,user_26922,Haley Hernandez,5,Better than I expected for the price.,2023-08-08,True,POSITIVE,5,SOURCE_G_REVIEWS,reviews_2023.csv,2023-08-08T06:31:06.160972928,BATCH-G-20230808
REV-00069154,SKU-0018006,user_9019084,Richard,3,"No cumplió mis expectativas. It's okay, does the job.",2023-12-07,True,NEUTRAL,0,SOURCE_G_REVIEWS,reviews_2023.csv,2023-12-08T02:26:27.725142895,BATCH-G-20231207
REV-00069162,SKU-0008588,user_9007991,Sharon Gonzalez,4,Will definitely buy again.,2023-08-27,False,POSITIVE,2,SOURCE_G_REVIEWS,reviews_2023.csv,2023-08-27T10:56:56.614861801,BATCH-G-20230827
REV-00069167,SKU-0005952,user_9010520,Noah Robinson,2,Not as described at all.,2023-12-19,True,NEGATIVE,1,SOURCE_G_REVIEWS,reviews_2023.csv,2023-12-19T00:42:30.546197793,BATCH-G-20231219
REV-00069167-DUP,SKU-0005952,user_9010520,Noah Robinson,2,Not as described at all.,2023-12-19,True,NEGATIVE,1,SOURCE_G_REVIEWS,reviews_2023.csv,2023-12-19T01:30:30.546197793,BATCH-G-20231219
REV-00069171,SKU-0005306,user_40473,Edward Douglas,4,"Perfect gift, they loved it!",2023-01-10,True,POSITIVE,3,SOURCE_G_REVIEWS,reviews_2023.csv,2023-01-10T00:55:36.343149467,BATCH-G-20230110
REV-00069182,SKU-9929532,user_9010175,Christian Reynolds,4,"Exactly as described, very happy.",2023-06-08,False,POSITIVE,0,SOURCE_G_REVIEWS,reviews_2023.csv,2023-06-08T05:22:12.905515305,BATCH-G-20230608
REV-00069188,SKU-0018766,user_65678,Kimberly Martin,2,Wrong item was shipped to me.,2023-06-03,True,NEGATIVE,1,SOURCE_G_REVIEWS,reviews_2023.csv,2023-06-03T19:50:27.380848032,BATCH-G-20230603
REV-00069195,SKU-0014716,user_5334,Jennifer Gross,Unknown,"It's okay, does the job.",2023-03-22,True,NEUTRAL,0,SOURCE_G_REVIEWS,reviews_2023.csv,2023-03-22T03:37:09.117899463,BATCH-G-20230322
REV-00069196,SKU-9946080,user_51792,Preston Decker,unknown,Highly recommend this product.,2023-04-27,False,POSITIVE,0,SOURCE_G_REVIEWS,reviews_2023.csv,2023-04-27T20:35:30.135503344,BATCH-G-20230427
REV-00069198,SKU-0003971,user_25850,Kelly,5,Exceeded my expectations.,2023-01-05,True,POSITIVE,1,SOURCE_G_REVIEWS,reviews_2023.csv,2023-01-05T17:36:25.747761454,BATCH-G-20230105
REV-00069201,SKU-0007625,,Anonymous,5,Highly recommend this product.,2023-06-06,False,POSITIVE,1,SOURCE_G_REVIEWS,reviews_2023.csv,2023-06-06T09:16:48.569280740,BATCH-G-20230606
REV-00069202,SKU-0012625,user_3331,Matthew Taylor,4,Great value for money.,2023-07-31,True,POSITIVE,1,SOURCE_G_REVIEWS,reviews_2023.csv,2023-07-31T14:41:37.545609046,BATCH-G-20230731
REV-00069213,SKU-9961941,user_26150,Teresa Smith,1,Arrived damaged and support was unhelpful.,2023-08-03,True,NEGATIVE,1,SOURCE_G_REVIEWS,reviews_2023.csv,2023-08-03T06:24:02.476204117,BATCH-G-20230803
REV-00069218,SKU-0003895,user_9019894,Dr. Vincent Rivers DVM,4,Will definitely buy again.,2023-12-30,False,POSITIVE,0,SOURCE_G_REVIEWS,reviews_2023.csv,2023-12-30T22:19:08.737866993,BATCH-G-20231230
REV-00069219,SKU-0014966,user_9030866,David Miller,4,Better than I expected for the price.,2023-08-03,True,POSITIVE,0,SOURCE_G_REVIEWS,reviews_2023.csv,2023-08-03T09:29:46.604158810,BATCH-G-20230803
REV-00069225,SKU-0009621,user_9027192,Michele White,4,"Absolutely love it, works perfectly!",2023-01-29,True,POSITIVE,0,SOURCE_G_REVIEWS,reviews_2023.csv,2023-01-29T23:54:31.662883288,BATCH-G-20230129
REV-00069229,SKU-0009902,,Anonymous,2,"Cheaply made, broke immediately.",2023-01-15,True,NEGATIVE,6,SOURCE_G_REVIEWS,reviews_2023.csv,2023-01-15T04:33:42.511652050,BATCH-G-20230115
REV-00069245,SKU-0009119,user_23605,Stacy Williams,3,"Matches the description, no issues.",2023-08-22,True,NEUTRAL,2,SOURCE_G_REVIEWS,reviews_2023.csv,2023-08-22T14:51:58.376262349,BATCH-G-20230822
REV-00069277,SKU-0014978,user_21395,Debra Lowe,3,Exceeded my expectations.,2023-03-17,True,POSITIVE,6,SOURCE_G_REVIEWS,reviews_2023.csv,2023-03-17T11:51:32.893262416,BATCH-G-20230317
REV-00069281,SKU-0013607,user_58559,Evan Nelson,3,Wrong item was shipped to me.,2023-07-08,False,NEGATIVE,4,SOURCE_G_REVIEWS,reviews_2023.csv,2023-07-08T11:36:02.612285069,BATCH-G-20230708
REV-00069284,SKU-0009116,user_9916,Adam,3,"Average quality, nothing special.",2023-11-22,True,NEUTRAL,3,SOURCE_G_REVIEWS,reviews_2023.csv,2023-11-22T16:41:02.857259294,BATCH-G-20231122
REV-00069291,SKU-0019058,user_58706,Andrew,3,Decent but overpriced a bit.,2023-08-19,True,NEUTRAL,6,SOURCE_G_REVIEWS,reviews_2023.csv,2023-08-19T11:24:37.036783223,BATCH-G-20230819
REV-00069301,SKU-0012780,user_9030316,Wanda Medina,Unknown,"Absolutely love it, works perfectly!",2023-06-11,True,POSITIVE,1,SOURCE_G_REVIEWS,reviews_2023.csv,2023-06-24T07:00:00,BATCH-G-20230611
REV-00069310,SKU-0000265,user_9021459,Eric,5,Exceeded my expectations.,2023-04-17,False,POSITIVE,2,SOURCE_G_REVIEWS,reviews_2023.csv,2023-04-17T18:36:34.042903592,BATCH-G-20230417
REV-00069314,SKU-0010736,user_9031287,Pamela Mitchell,1,null,2023-09-02,True,NEGATIVE,0,SOURCE_G_REVIEWS,reviews_2023.csv,2023-09-02T09:40:28.038934549,BATCH-G-20230902
REV-00069327,SKU-0011015,user_7043,Dr. Dawn Evans,2,Wrong item was shipped to me.,2023-01-21,True,NEGATIVE,1,SOURCE_G_REVIEWS,reviews_2023.csv,2023-01-21T22:42:12.682295503,BATCH-G-20230121
REV-00069335,SKU-0006322,user_64520,Brittney,5,Fast delivery and great quality.,2023-09-05,True,POSITIVE,2,SOURCE_G_REVIEWS,reviews_2023.csv,2023-09-05T12:51:07.980480800,BATCH-G-20230905
REV-00069338,SKU-0018685,user_13552,Mark Murray,3,"   Poor  packaging,  item  was  defective.   ",2023-09-26,True,NEGATIVE,1,SOURCE_G_REVIEWS,reviews_2023.csv,2023-09-26T07:41:13.880288656,BATCH-G-20230926
REV-00069339,SKU-0008557,user_9009500,Dennis,5,Highly recommend this product.,2023-10-03,False,POSITIVE,2,SOURCE_G_REVIEWS,reviews_2023.csv,2023-10-03T14:57:02.118278453,BATCH-G-20231003
REV-00069346,SKU-0018137,user_9002262,Karen,4,"Absolutely love it, works perfectly!",2023-12-26,True,POSITIVE,0,SOURCE_G_REVIEWS,reviews_2023.csv,2023-12-26T11:16:03.903172460,BATCH-G-20231226
REV-00069347,SKU-0005458,user_44680,Tracy,5,"Exactly as described, very happy.",2023-07-05,False,POSITIVE,0,SOURCE_G_REVIEWS,reviews_2023.csv,2023-07-06T05:55:19.678521200,BATCH-G-20230705
REV-00069352,SKU-0003292,user_58898,Zachary Shannon,5,"Perfect gift, they loved it!",2023-02-07,False,POSITIVE,3,SOURCE_G_REVIEWS,reviews_2023.csv,2023-02-07T18:25:44.242781547,BATCH-G-20230207
REV-00069357,SKU-0019566,user_65183,Jasmine Thompson,7,"Not bad, not great either.",2023-05-14,False,NEUTRAL,2,SOURCE_G_REVIEWS,reviews_2023.csv,2023-05-15T01:20:30.941870126,BATCH-G-20230514
REV-00069359,SKU-0017892,user_46216,Stacy,5,Fast delivery and great quality.,2023-12-18,False,POSITIVE,7,SOURCE_G_REVIEWS,reviews_2023.csv,2023-12-18T18:13:03.914267785,BATCH-G-20231218
REV-00069366,SKU-0001339,user_18827,Kathryn Poole,2,Arrived damaged and support was unhelpful.,2023-11-08,False,NEGATIVE,2,SOURCE_G_REVIEWS,reviews_2023.csv,2023-11-08T08:04:10.269242087,BATCH-G-20231108
REV-00069369,SKU-0000635,user_44536,Elijah Todd,5,Better than I expected for the price.,2023-12-17,False,POSITIVE,7,SOURCE_G_REVIEWS,reviews_2023.csv,2023-12-17T06:22:35.948144198,BATCH-G-20231217
REV-00069382,SKU-0014282,user_68402,Austin Hanson,5,"Solid build quality, no complaints.",2023-09-14,True,POSITIVE,3,SOURCE_G_REVIEWS,reviews_2023.csv,2023-09-14T03:58:50.709784166,BATCH-G-20230914
REV-00069383,SKU-0002385,user_29522,Amanda Ramirez,4,Better than I expected for the price.,2023-09-14,True,POSITIVE,6,SOURCE_G_REVIEWS,reviews_2023.csv,2023-09-14T16:53:14.119159625,BATCH-G-20230914
REV-00069386,SKU-0004793,,Anonymous,1,Wrong item was shipped to me.,2023-03-14,True,NEGATIVE,2,SOURCE_G_REVIEWS,reviews_2023.csv,2023-03-14T09:54:38.988028384,BATCH-G-20230314
REV-00069394,SKU-0005235,user_14969,Carrie,1,"Livraison très lente, déçu.",2023-05-04,True,NEGATIVE,7,SOURCE_G_REVIEWS,reviews_2023.csv,2023-05-04T19:48:39.320424248,BATCH-G-20230504
REV-00069400,SKU-0003380,,Anonymous,4,Highly recommend this product.,2023-10-18,True,POSITIVE,2,SOURCE_G_REVIEWS,reviews_2023.csv,2023-10-18T19:43:31.411325963,BATCH-G-20231018
REV-00069417,SKU-0000967,user_69994,Russell,5,Fast delivery and great quality.,2023-06-25,False,POSITIVE,-6,SOURCE_G_REVIEWS,reviews_2023.csv,2023-06-25T19:40:22.296242431,BATCH-G-20230625
REV-00069436,SKU-0004411,user_4877,Kelly,4,"Solid build quality, no complaints.",2023-11-30,True,POSITIVE,2,SOURCE_G_REVIEWS,reviews_2023.csv,2023-11-30T07:34:36.575848901,BATCH-G-20231130
REV-00069437,SKU-0006812,user_9021222,Gina Johnson DVM,,Fast delivery and great quality.,2023-08-23,True,POSITIVE,0,SOURCE_G_REVIEWS,reviews_2023.csv,2023-08-23T06:36:22.800265312,BATCH-G-20230823
REV-00069441,SKU-0018608,user_9007210,Andrew,5,Great value for money.,2023-09-18,True,POSITIVE,3,SOURCE_G_REVIEWS,reviews_2023.csv,2023-09-19T05:58:16.927409203,BATCH-G-20230918
REV-00069452,SKU-0007547,user_27861,Seth Hardin,2,"बहुत अच्छा उत्पाद है, पैसा वसूल!",2023-04-30,True,NEGATIVE,0,SOURCE_G_REVIEWS,reviews_2023.csv,2023-05-01T04:21:53.641089850,BATCH-G-20230430
REV-00069455,SKU-0014987,user_9034336,Jamie,5,"Perfect gift, they loved it!",2023-05-22,True,POSITIVE,0,SOURCE_G_REVIEWS,reviews_2023.csv,2023-05-22T19:27:34.307687141,BATCH-G-20230522
REV-00069464,SKU-0004531,user_9034919,James Ingram,4,?,2023-05-11,True,POSITIVE,3,SOURCE_G_REVIEWS,reviews_2023.csv,2023-05-11T11:11:11.763888271,BATCH-G-20230511
REV-00069471,SKU-0011030,user_9031935,Corey,4,Stopped working after a week.,2023-03-08,False,NEGATIVE,1,SOURCE_G_REVIEWS,reviews_2023.csv,2023-03-08T17:07:33.371931089,BATCH-G-20230308
REV-00069485,SKU-0001256,user_9026622,Jacob,1,Arrived damaged and support was unhelpful.,2023-08-05,False,NEGATIVE,3,SOURCE_G_REVIEWS,reviews_2023.csv,2023-08-06T02:45:57.884572176,BATCH-G-20230805
REV-00069492,SKU-0012459,user_9033216,Daniel Gallagher,4,Works fine but delivery was slow.,2023-07-28,True,NEUTRAL,2,SOURCE_G_REVIEWS,reviews_2023.csv,2023-07-29T01:15:21.143402167,BATCH-G-20230728
REV-00069504,SKU-0004147,user_9022410,Edward,3,"It's okay, does the job.",2023-03-27,True,NEUTRAL,1,SOURCE_G_REVIEWS,reviews_2023.csv,2023-03-28T04:57:53.936321654,BATCH-G-20230327
REV-00069511,SKU-0018968,user_9015092,Janice Ramos,1,Wrong item was shipped to me.,2023-06-14,False,NEGATIVE,6,SOURCE_G_REVIEWS,reviews_2023.csv,2023-06-14T08:47:22.282091172,BATCH-G-20230614
REV-00069515,SKU-0006386,user_9027498,William,3,"Average quality, nothing special.",2023-05-30,True,NEUTRAL,2,SOURCE_G_REVIEWS,reviews_2023.csv,2023-05-30T19:37:12.538599034,BATCH-G-20230530
REV-00069516,SKU-0001574,user_38216,Debra Moreno,5,Great value for money.,2023-08-28,True,POSITIVE,0,SOURCE_G_REVIEWS,reviews_2023.csv,2023-08-28T21:19:05.767572157,BATCH-G-20230828
REV-00069533,SKU-9955430,user_9024166,Thomas,4,   Will  definitely  buy  again.   ,2023-05-08,False,POSITIVE,1,SOURCE_G_REVIEWS,reviews_2023.csv,2023-05-08T23:05:07.241569655,BATCH-G-20230508
REV-00069536,SKU-9923563,user_64837,Kenneth Brown,4,गुणवत्ता ठीक नहीं थी।,2023-01-10,False,POSITIVE,4,SOURCE_G_REVIEWS,reviews_2023.csv,2023-01-11T03:42:04.134101643,BATCH-G-20230110
REV-00069593,SKU-0002106,user_13464,Arthur Bartlett,4,"Exactly as described, very happy.",2023-03-04,True,POSITIVE,2,SOURCE_G_REVIEWS,reviews_2023.csv,2023-03-05T04:46:58.250629410,BATCH-G-20230304
REV-00069594,SKU-0016916,user_1130,Keith,5,"Absolutely love it, works perfectly!",2023-06-25,False,POSITIVE,1,SOURCE_G_REVIEWS,reviews_2023.csv,2023-06-25T08:44:50.060657730,BATCH-G-20230625
REV-00069596,SKU-0010122,user_62760,William Harris,5,   Exceeded  my  expectations.   ,2023-07-22,False,POSITIVE,7,SOURCE_G_REVIEWS,reviews_2023.csv,2023-07-22T21:46:17.846845621,BATCH-G-20230722
REV-00069599,SKU-0006238,,Anonymous,5,Highly recommend this product.,2023-01-10,False,POSITIVE,0,SOURCE_G_REVIEWS,reviews_2023.csv,2023-01-10T12:32:04.689682190,BATCH-G-20230110
REV-00069604,SKU-0005745,user_9002172,Hannah Wade,4,<p>Exceeded my expectations.</p>,2023-05-28,False,POSITIVE,3,SOURCE_G_REVIEWS,reviews_2023.csv,2023-05-28T06:37:37.031010022,BATCH-G-20230528
REV-00069619,SKU-0013326,,Anonymous,3,"It's okay, does the job.",2023-12-07,False,NEUTRAL,11,SOURCE_G_REVIEWS,reviews_2023.csv,2023-12-07T22:18:39.641287587,BATCH-G-20231207
REV-00069624,SKU-0011672,,Anonymous,5,"Exactly as described, very happy.",2023-01-24,True,POSITIVE,5,SOURCE_G_REVIEWS,reviews_2023.csv,2023-01-24T00:38:05.442453402,BATCH-G-20230124
REV-00069627,SKU-0009106,user_68343,Brandon,3,"Not bad, not great either.",2023-04-04,True,NEUTRAL,0,SOURCE_G_REVIEWS,reviews_2023.csv,2023-04-04T08:27:49.570134305,BATCH-G-20230404
REV-00069643,SKU-0011010,user_54241,Amber Nelson,5,Will definitely buy again.,2023-04-15,False,POSITIVE,2,SOURCE_G_REVIEWS,reviews_2023.csv,2023-04-16T05:53:45.462788418,BATCH-G-20230415
REV-00069655,SKU-0011006,,Anonymous,2,"Poor packaging, item was defective. 😍",2023-12-24,True,NEGATIVE,1,SOURCE_G_REVIEWS,reviews_2023.csv,2023-12-24T20:53:24.050660680,BATCH-G-20231224
REV-00069658,SKU-0012721,,Anonymous,3,"Not bad, not great either.",2023-07-14,True,NEUTRAL,0,SOURCE_G_REVIEWS,reviews_2023.csv,2023-07-14T02:24:54.469056781,BATCH-G-20230714
REV-00069665,SKU-0014557,user_9001065,Mary Martinez,5,"Perfect gift, they loved it!",2023-01-18,True,POSITIVE,6,SOURCE_G_REVIEWS,reviews_2023.csv,2023-01-18T15:54:13.790378964,BATCH-G-20230118
REV-00069666,SKU-0006036,user_9001471,Ashley Jackson,1,"Poor packaging, item was defective.",2023-04-19,True,NEGATIVE,0,SOURCE_G_REVIEWS,reviews_2023.csv,2023-04-19T09:07:08.664075177,BATCH-G-20230419
REV-00069668,SKU-0001132,user_29435,Ashley Perry,5,Great value for money.,2023-09-13,False,POSITIVE,2,SOURCE_G_REVIEWS,reviews_2023.csv,2023-09-13T14:11:19.463526893,BATCH-G-20230913
REV-00069670,SKU-0015708,,Anonymous,5,Better than I expected for the price. 💯,2023-04-21,True,POSITIVE,9,SOURCE_G_REVIEWS,reviews_2023.csv,2023-04-21T10:56:31.014861128,BATCH-G-20230421
REV-00069674,SKU-0000524,user_14175,Justin Jackson,5,Great value for money.,2023-09-04,True,POSITIVE,5,SOURCE_G_REVIEWS,reviews_2023.csv,2023-09-04T12:32:55.113639430,BATCH-G-20230904
REV-00069683,SKU-0009213,,Anonymous,4,"Solid build quality, no complaints.",2023-11-15,False,POSITIVE,0,SOURCE_G_REVIEWS,reviews_2023.csv,2023-11-15T03:34:29.476731898,BATCH-G-20231115
REV-00069691,SKU-0017008,user_9012284,James Anderson,4,</p>Highly recommend this product.<br>,2023-12-09,True,POSITIVE,1,SOURCE_G_REVIEWS,reviews_2023.csv,2023-12-09T21:00:39.745538105,BATCH-G-20231209
REV-00069702,SKU-9953141,user_9021087,Chloe Anderson,5,Highly recommend this product.,2023-01-14,True,POSITIVE,0,SOURCE_G_REVIEWS,reviews_2023.csv,2023-01-14T07:50:39.652298022,BATCH-G-20230114
REV-00069717,SKU-0016231,,Anonymous,5,Exceeded my expectations.,2023-05-02,True,POSITIVE,5,SOURCE_G_REVIEWS,reviews_2023.csv,2023-05-02T07:09:01.780046068,BATCH-G-20230502
REV-00069723,SKU-0013905,user_44141,John,4,Will definitely buy again.,2023-05-29,True,POSITIVE,0,SOURCE_G_REVIEWS,reviews_2023.csv,2023-05-30T05:32:38.684351866,BATCH-G-20230529
REV-00069734,SKU-0016189,user_9026237,Derek,3,"It's okay, does the job. 💯🔥",2023-04-25,True,NEUTRAL,5,SOURCE_G_REVIEWS,reviews_2023.csv,2023-04-25T02:04:19.185439721,BATCH-G-20230425
REV-00069737,SKU-0020000,,Anonymous,4,Fast delivery and great quality.,2023-04-13,True,POSITIVE,0,SOURCE_G_REVIEWS,reviews_2023.csv,2023-04-13T05:07:42.181339998,BATCH-G-20230413
REV-00069747,SKU-0018106,user_63446,Diana Jones,5,Very disappointed with the quality. 👍🙏,2023-12-16,False,NEGATIVE,0,SOURCE_G_REVIEWS,reviews_2023.csv,2023-12-16T22:39:45.508491111,BATCH-G-20231216
REV-00069759,SKU-0000845,user_19559,Vickie Clark,4,"Absolutely love it, works perfectly!",2023-10-27,True,POSITIVE,3,SOURCE_G_REVIEWS,reviews_2023.csv,2023-10-28T04:20:10.540334388,BATCH-G-20231027
REV-00069771,SKU-0018014,user_20880,Samuel Bowers DVM,3,Decent but overpriced a bit.,2023-05-01,False,NEUTRAL,2,SOURCE_G_REVIEWS,reviews_2023.csv,2023-05-01T17:03:36.953541337,BATCH-G-20230501
REV-00069772,SKU-0016910,user_9013856,Elizabeth Garrison,4,"Solid build quality, no complaints.",2023-05-11,True,POSITIVE,3,SOURCE_G_REVIEWS,reviews_2023.csv,2023-05-12T04:54:52.300494740,BATCH-G-20230511
REV-00069805,SKU-0010625,user_8345,Patricia Steele,2,Very disappointed with the quality.,2023-07-21,True,NEGATIVE,7,SOURCE_G_REVIEWS,reviews_2023.csv,2023-07-21T07:36:29.344289479,BATCH-G-20230721
REV-00069831,SKU-9941396,user_29463,Melissa,4,"Perfect gift, they loved it!",2023-07-17,True,POSITIVE,0,SOURCE_G_REVIEWS,reviews_2023.csv,2023-07-17T13:23:49.016979333,BATCH-G-20230717
REV-00069834,SKU-0006019,user_9019328,Jennifer Moran,5,"Perfect gift, they loved it!",2023-12-12,False,POSITIVE,0,SOURCE_G_REVIEWS,reviews_2023.csv,2023-12-12T19:34:09.258517622,BATCH-G-20231212
REV-00069836,SKU-0009198,user_9031555,Wanda Brown,1,Arrived damaged and support was unhelpful.,2023-05-31,True,NEGATIVE,0,SOURCE_G_REVIEWS,reviews_2023.csv,2023-05-31T04:06:32.928844775,BATCH-G-20230531
REV-00069837,SKU-0017256,user_53299,Katherine,3,Works fine but delivery was slow.,2023-08-18,True,NEUTRAL,1,SOURCE_G_REVIEWS,reviews_2023.csv,2023-08-18T10:11:39.281618328,BATCH-G-20230818
REV-00069844,SKU-0012538,user_9032538,Alec Jenkins,2,Wrong item was shipped to me.,2023-04-12,False,NEGATIVE,4,SOURCE_G_REVIEWS,reviews_2023.csv,2023-04-12T21:56:35.816602855,BATCH-G-20230412
REV-00069845,SKU-0016625,user_9031314,Philip Chapman,?,No cumplió mis expectativas.,2023-02-24,False,POSITIVE,1,SOURCE_G_REVIEWS,reviews_2023.csv,2023-03-14T03:00:00,BATCH-G-20230224
REV-00069858,SKU-0011348,,Anonymous,4,"Absolutely love it, works perfectly!",2023-11-14,False,POSITIVE,0,SOURCE_G_REVIEWS,reviews_2023.csv,2023-11-14T21:56:29.505255295,BATCH-G-20231114
REV-00069858-DUP,SKU-0011348,,Anonymous,4,"Absolutely love it, works perfectly!",2023-11-14,False,POSITIVE,0,SOURCE_G_REVIEWS,reviews_2023.csv,2023-11-14T22:35:29.505255295,BATCH-G-20231114
REV-00069868,SKU-0005831,user_9006202,Tracy Whitehead,3,"It's okay, does the job.",2023-10-13,True,NEUTRAL,6,SOURCE_G_REVIEWS,reviews_2023.csv,2023-10-13T01:42:18.308031096,BATCH-G-20231013
REV-00069877,SKU-0005886,user_9003948,Amy Leonard,4,"Muy buen producto, lo recomiendo.",2023-05-25,False,POSITIVE,4,SOURCE_G_REVIEWS,reviews_2023.csv,2023-05-26T01:26:11.529394223,BATCH-G-20230525
REV-00069877-DUP,SKU-0005886,user_9003948,Amy Leonard,4,"Muy buen producto, lo recomiendo.",2023-05-25,False,POSITIVE,4,SOURCE_G_REVIEWS,reviews_2023.csv,2023-05-26T01:35:11.529394223,BATCH-G-20230525
REV-00069888,SKU-0013569,user_9017157,Joshua Sandoval,4,Highly recommend this product.,2023-01-28,False,POSITIVE,0,SOURCE_G_REVIEWS,reviews_2023.csv,2023-01-28T15:23:40.692404037,BATCH-G-20230128
REV-00069896,SKU-0016046,user_54665,Erica Shah,5,Highly recommend this product.,2023-02-27,True,POSITIVE,1,SOURCE_G_REVIEWS,reviews_2023.csv,2023-02-27T11:06:12.069520250,BATCH-G-20230227
REV-00069899,SKU-0009961,user_50491,Scott Mack,3,"Not bad, not great either.",2023-06-12,True,NEUTRAL,0,SOURCE_G_REVIEWS,reviews_2023.csv,2023-06-12T12:49:10.869331337,BATCH-G-20230612
REV-00069902,SKU-0005681,user_22666,Sarah,4,Better than I expected for the price.,2023-07-02,True,POSITIVE,0,SOURCE_G_REVIEWS,reviews_2023.csv,2023-07-02T08:42:16.767980857,BATCH-G-20230702
REV-00069909,SKU-0018764,user_9034961,Tammy Kim,3,"It's okay, does the job.",2023-11-17,False,NEUTRAL,0,SOURCE_G_REVIEWS,reviews_2023.csv,2023-11-17T01:33:09.673483734,BATCH-G-20231117
REV-00069929,SKU-0011976,user_35951,Toni,4,"Solid build quality, no complaints.",2023-04-06,False,POSITIVE,1,SOURCE_G_REVIEWS,reviews_2023.csv,2023-04-06T04:49:56.955448322,BATCH-G-20230406
REV-00069942,SKU-0010725,,Anonymous,5,Great value for money.,2023-01-04,True,POSITIVE,2,SOURCE_G_REVIEWS,reviews_2023.csv,2023-01-04T17:33:30.447295896,BATCH-G-20230104
REV-00069943,SKU-0001672,user_58952,Russell Greer,2,"Waste of money, do not buy.",2023-10-29,True,NEGATIVE,16,SOURCE_G_REVIEWS,reviews_2023.csv,2023-10-29T04:55:06.321140844,BATCH-G-20231029
REV-00069953,SKU-0003802,user_9033199,Lori,4,Great value for money.,2023-02-19,False,POSITIVE,4,SOURCE_G_REVIEWS,reviews_2023.csv,2023-02-20T01:35:12.852441971,BATCH-G-20230219
REV-00069966,SKU-0001206,user_9025792,Antonio Boyle,4,गुणवत्ता ठीक नहीं थी।,2023-02-07,True,POSITIVE,1,SOURCE_G_REVIEWS,reviews_2023.csv,2023-02-07T21:21:33.941808754,BATCH-G-20230207
REV-00069967,SKU-0007976,user_9014689,Peggy Duran,4,"   Perfect  gift,  they  loved  it!   ",2023-12-02,True,POSITIVE,0,SOURCE_G_REVIEWS,reviews_2023.csv,2023-12-02T14:57:11.381937686,BATCH-G-20231202
REV-00069982,SKU-0017310,user_1623,Tiffany Goodman,4,Great value for money.,2023-05-20,False,POSITIVE,2,SOURCE_G_REVIEWS,reviews_2023.csv,2023-05-21T02:33:27.356596768,BATCH-G-20230520
REV-00069983,SKU-0007839,user_9008712,Rebecca Johnston,6,Very disappointed with the quality.,2023-06-25,True,NEGATIVE,3,SOURCE_G_REVIEWS,reviews_2023.csv,2023-06-25T10:12:19.737133758,BATCH-G-20230625
REV-00069989,SKU-0018583,user_18811,Jacob,4,"Solid build quality, no complaints.",2023-10-14,True,POSITIVE,0,SOURCE_G_REVIEWS,reviews_2023.csv,2023-10-14T16:42:02.196159061,BATCH-G-20231014
REV-00069996,SKU-0005710,user_9029859,Allen Grant,2,Not as described at all.,2023-10-31,True,NEGATIVE,8,SOURCE_G_REVIEWS,reviews_2023.csv,2023-10-31T23:35:30.882768812,BATCH-G-20231031
REV-00070000,SKU-0003291,user_67466,Charlene Hernandez,5,   Exceeded  my  expectations.  🔥   ,2023-09-11,True,POSITIVE,0,SOURCE_G_REVIEWS,reviews_2023.csv,2023-09-11T05:51:58.353458362,BATCH-G-20230911
REV-00070008,SKU-0017845,user_57837,Joseph,2,Not as described at all.,2023-08-02,False,NEGATIVE,0,SOURCE_G_REVIEWS,reviews_2023.csv,2023-08-02T03:10:46.944387437,BATCH-G-20230802
REV-00070037,SKU-0018545,user_9000434,Kelly Cruz,1,"Waste of money, do not buy.",2023-01-26,True,NEGATIVE,9,SOURCE_G_REVIEWS,reviews_2023.csv,2023-01-26T14:24:09.617699274,BATCH-G-20230126
REV-00070038,SKU-0002610,user_6636,Mrs.,5,"Muy buen producto, lo recomiendo. 😀",2023-12-09,True,POSITIVE,6,SOURCE_G_REVIEWS,reviews_2023.csv,2023-12-09T15:58:30.067144510,BATCH-G-20231209
REV-00070038-DUP,SKU-0002610,user_6636,Mrs.,5,"Muy buen producto, lo recomiendo. 😀",2023-12-09,True,POSITIVE,6,SOURCE_G_REVIEWS,reviews_2023.csv,2023-12-09T16:25:30.067144510,BATCH-G-20231209
REV-00070045,SKU-0018015,user_32017,Kendra Dorsey,5,Highly recommend this product.,2023-03-16,True,POSITIVE,1,SOURCE_G_REVIEWS,reviews_2023.csv,2023-03-16T09:47:58.217542548,BATCH-G-20230316
REV-00070073,SKU-0001279,user_9003026,Benjamin Ferguson,5,Exceeded my expectations.,2023-05-12,False,POSITIVE,3,SOURCE_G_REVIEWS,reviews_2023.csv,2023-05-12T13:50:48.299499719,BATCH-G-20230512
REV-00070074,SKU-9914643,user_32244,Mike Ross,1,Stopped working after a week.,2023-08-21,True,NEGATIVE,1,SOURCE_G_REVIEWS,reviews_2023.csv,2023-08-21T08:26:56.890268699,BATCH-G-20230821
REV-00070075,SKU-0016285,user_9032450,Chad,5,Will definitely buy again.,2023-06-22,False,POSITIVE,1,SOURCE_G_REVIEWS,reviews_2023.csv,2023-06-22T18:34:11.302995024,BATCH-G-20230622
REV-00070076,SKU-0013917,,Anonymous,5,"Perfect gift, they loved it!",2023-08-12,False,POSITIVE,1,SOURCE_G_REVIEWS,reviews_2023.csv,2023-08-13T03:53:27.693677107,BATCH-G-20230812
REV-00070093,SKU-0018840,user_9007177,Tammy,5,"<br>Muy buen producto, lo recomiendo.&nbsp;",2023-09-12,False,POSITIVE,2,SOURCE_G_REVIEWS,reviews_2023.csv,2023-09-12T16:06:29.602859197,BATCH-G-20230912
REV-00070123,SKU-0013887,,Anonymous,5,Highly recommend this product.,2023-01-02,True,POSITIVE,0,SOURCE_G_REVIEWS,reviews_2023.csv,2023-01-02T02:02:25.745812843,BATCH-G-20230102
REV-00070125,SKU-0014746,,Anonymous,1,"बहुत अच्छा उत्पाद है, पैसा वसूल! Wrong item was shipped to me.",2023-08-13,True,NEGATIVE,5,SOURCE_G_REVIEWS,reviews_2023.csv,2023-08-14T00:44:35.657459404,BATCH-G-20230813
REV-00070128,SKU-0009857,,Anonymous,2,Not as described at all.,2023-05-20,False,NEGATIVE,2,SOURCE_G_REVIEWS,reviews_2023.csv,2023-05-21T05:58:45.773507149,BATCH-G-20230520
REV-00070136,SKU-0019556,user_23009,Matthew Davis,4,"Perfect gift, they loved it!",2023-12-17,True,POSITIVE,0,SOURCE_G_REVIEWS,reviews_2023.csv,2023-12-17T21:19:42.642716928,BATCH-G-20231217
REV-00070143,SKU-9949665,user_9952,Jacqueline Campbell,5,<b>Update:</b>Great value for money.<b>Update:</b>,2023-11-06,False,POSITIVE,1,SOURCE_G_REVIEWS,reviews_2023.csv,2023-11-06T11:34:28.769306595,BATCH-G-20231106
REV-00070147,SKU-0014195,user_58436,Susan,5,Fast delivery and great quality.,2023-11-28,False,POSITIVE,0,SOURCE_G_REVIEWS,reviews_2023.csv,2023-11-28T20:53:00.585582382,BATCH-G-20231128
REV-00070147-DUP,SKU-0014195,user_58436,Susan,5,Fast delivery and great quality.,2023-11-28,False,POSITIVE,0,SOURCE_G_REVIEWS,reviews_2023.csv,2023-11-28T21:52:00.585582382,BATCH-G-20231128
REV-00070148,SKU-0007259,user_9005523,Ethan Williamson,5,Fast delivery and great quality.,2023-08-08,True,POSITIVE,4,SOURCE_G_REVIEWS,reviews_2023.csv,2023-08-08T21:17:49.803775291,BATCH-G-20230808
REV-00070152,SKU-0009771,user_9030669,James Pierce,1,"Waste of money, do not buy.",2023-07-30,True,NEGATIVE,3,SOURCE_G_REVIEWS,reviews_2023.csv,2023-07-30T17:18:40.258827342,BATCH-G-20230730
REV-00070165,SKU-0009388,user_687,Monica Mclean,3,"बहुत अच्छा उत्पाद है, पैसा वसूल!",2023-12-19,True,NEUTRAL,2,SOURCE_G_REVIEWS,reviews_2023.csv,2023-12-19T02:54:04.279511805,BATCH-G-20231219
REV-00070180,SKU-0003097,user_9029060,Robert Garcia,4,"Solid build quality, no complaints.",2023-01-05,True,POSITIVE,2,SOURCE_G_REVIEWS,reviews_2023.csv,2023-01-05T23:23:00.351959736,BATCH-G-20230105
REV-00070186,SKU-0012461,user_9018706,James Bishop,1,Excellent rapport qualité-prix. Wrong item was shipped to me.,2023-08-12,True,NEGATIVE,1,SOURCE_G_REVIEWS,reviews_2023.csv,2023-08-12T06:08:54.590897401,BATCH-G-20230812
REV-00070198,SKU-0019711,user_42720,Riley Freeman,unknown,"Poor packaging, item was defective.",2023-12-13,False,NEGATIVE,3,SOURCE_G_REVIEWS,reviews_2023.csv,2023-12-13T20:24:34.310615163,BATCH-G-20231213
REV-00070204,SKU-0003166,user_47168,Sherry Mann,Unknown,Great value for money.,2023-09-10,True,POSITIVE,0,SOURCE_G_REVIEWS,reviews_2023.csv,2023-09-10T00:34:48.183806232,BATCH-G-20230910
REV-00070210,SKU-0003166,user_23496,Jose Jordan,3,Works fine but delivery was slow. 🔥,2023-10-20,True,NEUTRAL,2,SOURCE_G_REVIEWS,reviews_2023.csv,2023-10-20T01:12:16.921242454,BATCH-G-20231020
REV-00070216,SKU-0010464,,Anonymous,5,Better than I expected for the price.,2023-05-30,True,POSITIVE,6,SOURCE_G_REVIEWS,reviews_2023.csv,2023-05-31T02:21:40.450575238,BATCH-G-20230530
REV-00070226,SKU-0006135,user_60378,Lauren,5,Great value for money.,2023-04-28,True,POSITIVE,3,SOURCE_G_REVIEWS,reviews_2023.csv,2023-04-28T08:02:41.404430983,BATCH-G-20230428
REV-00070229,SKU-0019697,user_5346,Veronica Johnson,4,"बहुत अच्छा उत्पाद है, पैसा वसूल! Better than I expected for the price.",2023-04-07,False,POSITIVE,0,SOURCE_G_REVIEWS,reviews_2023.csv,2023-04-07T15:03:32.284450654,BATCH-G-20230407
REV-00070237,SKU-0010871,user_9032338,Jessica Lucero,3,"Livraison très lente, déçu. Average quality, nothing special.",2023-11-19,True,NEUTRAL,1,SOURCE_G_REVIEWS,reviews_2023.csv,2023-11-19T07:02:29.453971089,BATCH-G-20231119
REV-00070254,SKU-0011656,user_9016293,Hunter Hampton,4,Very disappointed with the quality.,2023-08-14,False,NEGATIVE,6,SOURCE_G_REVIEWS,reviews_2023.csv,2023-08-15T00:51:01.123144342,BATCH-G-20230814
REV-00070280,SKU-0016109,user_9000179,Kurt Smith, ,"Waste of money, do not buy.",2023-03-13,True,NEGATIVE,4,SOURCE_G_REVIEWS,reviews_2023.csv,2023-03-14T04:49:35.084362019,BATCH-G-20230313
REV-00070282,SKU-0000950,user_9025191,David Brown,4,"Exactly as described, very happy.",2023-05-02,True,POSITIVE,8,SOURCE_G_REVIEWS,reviews_2023.csv,2023-05-02T22:34:12.370252067,BATCH-G-20230502
REV-00070283,SKU-0003190,user_14590,Isabella Kelley,5,Will definitely buy again.,2023-03-31,True,POSITIVE,1,SOURCE_G_REVIEWS,reviews_2023.csv,2023-03-31T04:21:17.437037084,BATCH-G-20230331
REV-00070285,SKU-9949082,,Anonymous,4,"Perfect gift, they loved it!",2023-07-23,True,POSITIVE,0,SOURCE_G_REVIEWS,reviews_2023.csv,2023-07-23T02:17:36.137560782,BATCH-G-20230723
REV-00070288,SKU-0016881,user_26927,Mr. Chris Larson,4,Exceeded my expectations.,2023-09-23,True,POSITIVE,0,SOURCE_G_REVIEWS,reviews_2023.csv,2023-09-24T03:03:38.433734413,BATCH-G-20230923
REV-00070289,SKU-9908034,user_9003415,Heidi Russo,1,   No  cumplió  mis  expectativas.   ,2023-06-17,False,NEGATIVE,7,SOURCE_G_REVIEWS,reviews_2023.csv,2023-06-17T15:18:02.425364579,BATCH-G-20230617
REV-00070290,SKU-0019637,user_9000665,Justin Rice,3,"Not bad, not great either.",2023-01-25,True,NEUTRAL,0,SOURCE_G_REVIEWS,reviews_2023.csv,2023-01-26T04:44:45.112357849,BATCH-G-20230125
REV-00070309,SKU-0006590,,Anonymous,5,Better than I expected for the price.,2023-05-30,True,POSITIVE,4,SOURCE_G_REVIEWS,reviews_2023.csv,2023-06-03T10:00:00,BATCH-G-20230530
REV-00070330,SKU-0015442,user_9020181,Kenneth Mccormick,4,"Perfect gift, they loved it!",2023-01-11,False,POSITIVE,2,SOURCE_G_REVIEWS,reviews_2023.csv,2023-01-11T05:58:08.979112003,BATCH-G-20230111
REV-00070339,SKU-0005422,user_9020877,David Lewis,4,"Perfect gift, they loved it!",2023-08-05,True,POSITIVE,0,SOURCE_G_REVIEWS,reviews_2023.csv,2023-08-05T13:18:37.256075882,BATCH-G-20230805
REV-00070344,SKU-0016859,user_12702,Mitchell Taylor,4,Exceeded my expectations.,2023-03-22,False,POSITIVE,5,SOURCE_G_REVIEWS,reviews_2023.csv,2023-03-22T13:25:54.250290100,BATCH-G-20230322
REV-00070348,SKU-0019361,user_61683,Thomas,5,   Great  value  for  money.   ,2023-11-24,True,POSITIVE,2,SOURCE_G_REVIEWS,reviews_2023.csv,2023-11-24T07:45:20.008471014,BATCH-G-20231124
REV-00070354,SKU-0017621,,Anonymous,5,"Solid build quality, no complaints.",2023-08-29,False,POSITIVE,0,SOURCE_G_REVIEWS,reviews_2023.csv,2023-08-29T20:51:21.807769943,BATCH-G-20230829
REV-00070356,SKU-0010655,,Anonymous,4,Exceeded my expectations.,2023-05-19,True,POSITIVE,1,SOURCE_G_REVIEWS,reviews_2023.csv,2023-05-19T18:30:01.230033034,BATCH-G-20230519
REV-00070357,SKU-0012471,user_14844,Sarah Thomas,5,Fast delivery and great quality.,2023-06-01,True,POSITIVE,0,SOURCE_G_REVIEWS,reviews_2023.csv,2023-06-01T23:55:31.389128501,BATCH-G-20230601
REV-00070363,SKU-0013695,user_9026504,Cynthia Ponce,3,"Average quality, nothing special.",2023-12-13,True,NEUTRAL,0,SOURCE_G_REVIEWS,reviews_2023.csv,2023-12-13T09:58:30.521193647,BATCH-G-20231213
REV-00070367,SKU-0014175,,Anonymous,2,"Cheaply made, broke immediately.",2023-11-21,True,NEGATIVE,0,SOURCE_G_REVIEWS,reviews_2023.csv,2023-11-21T12:54:24.440946243,BATCH-G-20231121
REV-00070370,SKU-0000951,user_24841,Erica Andrade,5,Will definitely buy again.,2023-01-03,True,POSITIVE,1,SOURCE_G_REVIEWS,reviews_2023.csv,2023-01-03T14:19:32.083002904,BATCH-G-20230103
REV-00070371,SKU-9951150,,Anonymous,4,Great value for money.,2023-07-25,True,POSITIVE,1,SOURCE_G_REVIEWS,reviews_2023.csv,2023-07-26T05:02:52.599048505,BATCH-G-20230725
REV-00070374,SKU-0003518,user_9013411,Emily,5,Exceeded my expectations.,2023-01-23,True,POSITIVE,3,SOURCE_G_REVIEWS,reviews_2023.csv,2023-01-27T12:00:00,BATCH-G-20230123
REV-00070379,SKU-0017490,user_56713,Karen Rodriguez,4,Decent but overpriced a bit.,2023-12-08,False,NEUTRAL,0,SOURCE_G_REVIEWS,reviews_2023.csv,2023-12-09T04:04:30.098676544,BATCH-G-20231208
REV-00070384,SKU-0018023,user_9033566,Linda Gardner,4,Better than I expected for the price. 😢,2023-01-27,True,POSITIVE,1,SOURCE_G_REVIEWS,reviews_2023.csv,2023-01-28T03:04:04.655750408,BATCH-G-20230127
REV-00070386,SKU-0013347,user_32753,Annette Murillo,5,Better than I expected for the price.,2023-11-04,False,POSITIVE,1,SOURCE_G_REVIEWS,reviews_2023.csv,2023-11-04T19:17:07.054699497,BATCH-G-20231104
REV-00070397,SKU-0008877,,Anonymous,5,Great value for money.,2023-06-09,True,POSITIVE,10,SOURCE_G_REVIEWS,reviews_2023.csv,2023-06-09T16:14:04.654322312,BATCH-G-20230609
REV-00070404,SKU-0015429,user_9014972,Tammy Garcia,5,Great value for money.,2023-11-12,False,POSITIVE,4,SOURCE_G_REVIEWS,reviews_2023.csv,2023-11-12T14:02:33.132520626,BATCH-G-20231112
REV-00070412,SKU-0010013,,Anonymous,4,"Exactly as described, very happy.",2023-04-07,False,POSITIVE,7,SOURCE_G_REVIEWS,reviews_2023.csv,2023-04-07T21:23:55.966682669,BATCH-G-20230407
REV-00070420,SKU-0014670,user_69594,Jacqueline Hall,5,Highly recommend this product.,2023-11-02,False,POSITIVE,3,SOURCE_G_REVIEWS,reviews_2023.csv,2023-11-02T21:40:17.767161883,BATCH-G-20231102
REV-00070423,SKU-0010924,user_9022478,Heather,1,Not as described at all.,2023-07-05,False,NEGATIVE,1,SOURCE_G_REVIEWS,reviews_2023.csv,2023-07-05T07:56:57.302563163,BATCH-G-20230705
REV-00070427,SKU-0019177,user_9016401,Gary King,5,"Absolutely love it, works perfectly!",2023-06-02,True,POSITIVE,1,SOURCE_G_REVIEWS,reviews_2023.csv,2023-06-02T01:51:27.130271792,BATCH-G-20230602
REV-00070429,SKU-0010978,,Anonymous, ,"Cheaply made, broke immediately.",2023-11-24,False,NEGATIVE,0,SOURCE_G_REVIEWS,reviews_2023.csv,2023-11-24T21:36:21.140813373,BATCH-G-20231124
REV-00070434,SKU-0004608,user_9016864,David,4,Very disappointed with the quality.,2023-09-07,True,NEGATIVE,5,SOURCE_G_REVIEWS,reviews_2023.csv,2023-09-07T03:04:57.595672733,BATCH-G-20230907
REV-00070478,SKU-0014513,,Anonymous,5,"Absolutely love it, works perfectly!",2023-02-10,True,POSITIVE,1,SOURCE_G_REVIEWS,reviews_2023.csv,2023-02-10T20:44:24.088926087,BATCH-G-20230210
REV-00070490,SKU-0018343,user_1600,Andrew Miller,4,Highly recommend this product.,2023-02-20,True,POSITIVE,2,SOURCE_G_REVIEWS,reviews_2023.csv,2023-02-20T16:07:17.292559223,BATCH-G-20230220
REV-00070504,SKU-0012791,user_47798,Christina Williams,5,</p>Works fine but delivery was slow.<b>Update:</b>,2023-09-27,True,NEUTRAL,5,SOURCE_G_REVIEWS,reviews_2023.csv,2023-09-27T16:40:24.402499712,BATCH-G-20230927
REV-00070519,SKU-0018376,user_48188,John Boyd,4,Fast delivery and great quality.,2023-06-29,True,POSITIVE,0,SOURCE_G_REVIEWS,reviews_2023.csv,2023-06-29T19:39:02.553119806,BATCH-G-20230629
REV-00070525,SKU-0010377,user_47303,Ricky English,2,Decent but overpriced a bit.,2023-12-20,True,NEUTRAL,0,SOURCE_G_REVIEWS,reviews_2023.csv,2023-12-20T04:47:04.713323611,BATCH-G-20231220
REV-00070525-BOT,SKU-0010377,user_10310,Andrea Gray,2,Decent but overpriced a bit.,2023-12-20,False,NEUTRAL,0,SOURCE_G_REVIEWS,reviews_2023.csv,2023-12-20T04:47:04.713323611,BATCH-G-20231220
REV-00070536,SKU-0006787,user_9001386,Troy Moran,5,Exceeded my expectations.,2023-02-24,True,POSITIVE,0,SOURCE_G_REVIEWS,reviews_2023.csv,2023-02-24T00:43:45.081799407,BATCH-G-20230224
REV-00070540,SKU-9984001,user_9019057,John Perkins,3,Highly recommend this product. 😢,2023-08-10,True,POSITIVE,0,SOURCE_G_REVIEWS,reviews_2023.csv,2023-08-10T06:47:58.975498217,BATCH-G-20230810
REV-00070541,SKU-0017404,user_9005493,Jennifer,5,"Muy buen producto, lo recomiendo.",2023-03-11,True,POSITIVE,0,SOURCE_G_REVIEWS,reviews_2023.csv,2023-03-11T16:45:58.440258364,BATCH-G-20230311
REV-00070542,SKU-0004002,user_9005345,Jorge,4,Great value for money.,2023-08-28,True,POSITIVE,0,SOURCE_G_REVIEWS,reviews_2023.csv,2023-08-28T19:03:54.667474788,BATCH-G-20230828
REV-00070544,SKU-0010933,,Anonymous,3,Decent but overpriced a bit.,2023-02-20,True,NEUTRAL,5,SOURCE_G_REVIEWS,reviews_2023.csv,2023-02-20T12:39:07.090462285,BATCH-G-20230220
REV-00070557,SKU-0011279,user_9002110,Michael,3,"Average quality, nothing special.",2023-05-17,False,NEUTRAL,0,SOURCE_G_REVIEWS,reviews_2023.csv,2023-05-17T21:50:18.621459834,BATCH-G-20230517
REV-00070572,SKU-0016714,,Anonymous,1,"Matches the description, no issues.",2023-12-18,True,NEUTRAL,0,SOURCE_G_REVIEWS,reviews_2023.csv,2023-12-18T15:24:24.643603311,BATCH-G-20231218
REV-00070580,SKU-0015762,user_9013679,Henry Velasquez,1,Wrong item was shipped to me.,2023-12-31,False,NEGATIVE,2,SOURCE_G_REVIEWS,reviews_2023.csv,2023-12-31T13:31:18.337666434,BATCH-G-20231231
REV-00070588,SKU-0004761,user_61083,Louis,5,"Absolutely love it, works perfectly!",2023-03-11,False,POSITIVE,2,SOURCE_G_REVIEWS,reviews_2023.csv,2023-03-12T01:10:15.170852210,BATCH-G-20230311
REV-00070605,SKU-0005901,user_49071,Justin Valdez PhD,4,Exceeded my expectations.,2023-09-29,True,POSITIVE,0,SOURCE_G_REVIEWS,reviews_2023.csv,2023-09-29T17:47:58.116000713,BATCH-G-20230929
REV-00070613,SKU-0016075,user_9012874,Robert Sanders,5,"Solid build quality, no complaints.",2023-01-14,True,POSITIVE,1,SOURCE_G_REVIEWS,reviews_2023.csv,2023-01-14T11:05:50.103407142,BATCH-G-20230114
REV-00070623,SKU-0014298,user_9034845,Theresa Hill,4,Fast delivery and great quality.,2023-10-13,True,POSITIVE,3,SOURCE_G_REVIEWS,reviews_2023.csv,2023-10-13T14:27:00.626782632,BATCH-G-20231013
REV-00070635,SKU-0012359,user_9008773,Tiffany,4,"Perfect gift, they loved it!",2023-08-02,True,POSITIVE,3,SOURCE_G_REVIEWS,reviews_2023.csv,2023-08-02T07:49:32.524700217,BATCH-G-20230802
REV-00070643,SKU-0008416,user_68807,Dorothy Boyd,4,Better than I expected for the price.,2023-01-15,False,POSITIVE,9,SOURCE_G_REVIEWS,reviews_2023.csv,2023-01-15T12:21:45.185639010,BATCH-G-20230115
REV-00070646,SKU-0001373,user_9028733,Tyler,4,"Perfect gift, they loved it!",2023-04-08,True,POSITIVE,1,SOURCE_G_REVIEWS,reviews_2023.csv,2023-04-08T02:24:48.623658462,BATCH-G-20230408
REV-00070648,SKU-0015770,user_9007918,Todd Maldonado,2,"Poor packaging, item was defective.",2023-10-06,True,NEGATIVE,2,SOURCE_G_REVIEWS,reviews_2023.csv,2023-10-06T08:32:09.022718019,BATCH-G-20231006
REV-00070649,SKU-0008574,user_30228,Jordan,3,null,2023-07-21,False,NEUTRAL,2,SOURCE_G_REVIEWS,reviews_2023.csv,2023-07-22T05:22:01.619356460,BATCH-G-20230721
REV-00070658,SKU-0015289,,Anonymous,5,Will definitely buy again.,2023-12-09,False,POSITIVE,0,SOURCE_G_REVIEWS,reviews_2023.csv,2023-12-10T02:50:59.946119048,BATCH-G-20231209
REV-00070662,SKU-0011011,user_65475,Justin Odonnell,5,Great value for money.,2023-07-16,True,POSITIVE,1,SOURCE_G_REVIEWS,reviews_2023.csv,2023-07-16T19:06:24.962408623,BATCH-G-20230716
REV-00070676,SKU-0005505,user_9010882,Cheryl Logan,4,Exceeded my expectations.,2023-05-21,False,POSITIVE,-1,SOURCE_G_REVIEWS,reviews_2023.csv,2023-05-22T01:27:19.850587732,BATCH-G-20230521
REV-00070678,SKU-0005445,user_50622,Robert Stevens,0,"Solid build quality, no complaints.",2023-12-10,False,POSITIVE,1,SOURCE_G_REVIEWS,reviews_2023.csv,2023-12-10T13:36:23.990210318,BATCH-G-20231210
REV-00070681,SKU-0000202,user_9025280,Billy Ramos,3,"It's okay, does the job.",2023-04-10,True,NEUTRAL,0,SOURCE_G_REVIEWS,reviews_2023.csv,2023-04-11T03:18:04.844327432,BATCH-G-20230410
REV-00070682,SKU-0010462,user_9001226,Karen,4,Great value for money.,2023-01-09,True,POSITIVE,5,SOURCE_G_REVIEWS,reviews_2023.csv,2023-01-09T14:40:56.222179824,BATCH-G-20230109
REV-00070685,SKU-0013531,user_9030626,Sierra,5,Better than I expected for the price.,2023-03-18,True,POSITIVE,2,SOURCE_G_REVIEWS,reviews_2023.csv,2023-03-19T04:47:28.755236899,BATCH-G-20230318
REV-00070694,SKU-0008042,user_9028816,Megan Holland,5,"Absolutely love it, works perfectly!",2023-07-16,True,POSITIVE,5,SOURCE_G_REVIEWS,reviews_2023.csv,2023-07-17T05:49:03.690021804,BATCH-G-20230716
REV-00070706,SKU-0015812,user_49125,Virginia Jefferson,3,"Not bad, not great either.",2023-12-22,True,NEUTRAL,3,SOURCE_G_REVIEWS,reviews_2023.csv,2023-12-23T04:31:56.987002770,BATCH-G-20231222
REV-00070709,SKU-9934047,user_9007978,Mark,2,Stopped working after a week.,2023-10-05,True,NEGATIVE,1,SOURCE_G_REVIEWS,reviews_2023.csv,2023-10-06T01:57:05.147720170,BATCH-G-20231005
REV-00070747,SKU-0011430,,Anonymous,5,"Perfect gift, they loved it!",2023-01-16,False,POSITIVE,0,SOURCE_G_REVIEWS,reviews_2023.csv,2023-01-17T00:24:34.451642717,BATCH-G-20230116
REV-00070749,SKU-0018609,user_9020045,James Freeman,5,Exceeded my expectations.,2023-05-13,True,POSITIVE,2,SOURCE_G_REVIEWS,reviews_2023.csv,2023-05-13T03:57:50.985615502,BATCH-G-20230513
REV-00070753,SKU-0010665,user_3965,William Kirby,3,No cumplió mis expectativas.,2023-01-17,False,NEUTRAL,0,SOURCE_G_REVIEWS,reviews_2023.csv,2023-01-17T21:52:49.413980799,BATCH-G-20230117
REV-00070756,SKU-0003424,user_58962,Ethan,4,"Exactly as described, very happy.",2023-12-21,False,POSITIVE,1,SOURCE_G_REVIEWS,reviews_2023.csv,2023-12-22T01:07:18.123290371,BATCH-G-20231221
REV-00070765,SKU-0010758,user_43947,Janet Keith,5,"Solid build quality, no complaints.",2023-08-02,True,POSITIVE,2,SOURCE_G_REVIEWS,reviews_2023.csv,2023-08-02T21:35:38.024629576,BATCH-G-20230802
REV-00070766,SKU-0019856,user_9004054,Victoria,4,Fast delivery and great quality.,2023-09-11,True,POSITIVE,2,SOURCE_G_REVIEWS,reviews_2023.csv,2023-09-12T00:21:22.835926321,BATCH-G-20230911
REV-00070769,SKU-0004441,user_21599,Christopher Rodriguez,0,"   Solid  build  quality,  no  complaints.   ",2023-12-29,True,POSITIVE,0,SOURCE_G_REVIEWS,reviews_2023.csv,2023-12-29T11:12:08.436724426,BATCH-G-20231229
REV-00070777,SKU-0000418,,Anonymous,4,"Muy buen producto, lo recomiendo.",2023-01-09,True,POSITIVE,4,SOURCE_G_REVIEWS,reviews_2023.csv,2023-01-10T02:14:46.362174799,BATCH-G-20230109
REV-00070797,SKU-0011876,user_45426,Lisa Shaw,4,Better than I expected for the price.,2023-08-21,False,POSITIVE,1,SOURCE_G_REVIEWS,reviews_2023.csv,2023-08-21T20:25:15.499418951,BATCH-G-20230821
REV-00070807,SKU-0002817,user_39205,William Higgins,5,"Solid build quality, no complaints.",2023-12-28,True,POSITIVE,0,SOURCE_G_REVIEWS,reviews_2023.csv,2023-12-29T00:06:29.147210001,BATCH-G-20231228
REV-00070809,SKU-0007329,user_9024893,Ann Hill,4,"Exactly as described, very happy.",2023-07-21,True,POSITIVE,2,SOURCE_G_REVIEWS,reviews_2023.csv,2023-07-21T22:48:14.632351477,BATCH-G-20230721
REV-00070813,SKU-0009105,user_64443,Mrs. Michelle Davis,4,   गुणवत्ता  ठीक  नहीं  थी।   ,2023-11-25,True,POSITIVE,0,SOURCE_G_REVIEWS,reviews_2023.csv,2023-11-25T15:24:06.442403052,BATCH-G-20231125
REV-00070824,SKU-0018284,user_42569,Mary,5,"Perfect gift, they loved it!",2023-11-23,True,POSITIVE,1,SOURCE_G_REVIEWS,reviews_2023.csv,2023-11-23T06:53:58.036992889,BATCH-G-20231123
REV-00070830,SKU-0000257,user_9016725,David,3,"It's okay, does the job.",2023-04-09,False,NEUTRAL,4,SOURCE_G_REVIEWS,reviews_2023.csv,2023-04-09T23:47:11.660209163,BATCH-G-20230409
REV-00070838,SKU-0008889,user_9032542,Barbara,5,Better than I expected for the price.,2023-10-07,False,POSITIVE,5,SOURCE_G_REVIEWS,reviews_2023.csv,2023-10-07T17:03:17.770290762,BATCH-G-20231007
REV-00070846,SKU-9941675,user_4596,Adam,5,"Absolutely love it, works perfectly!",2023-11-26,False,POSITIVE,14,SOURCE_G_REVIEWS,reviews_2023.csv,2023-11-26T17:06:55.656819426,BATCH-G-20231126
REV-00070858,SKU-9948892,user_9001939,David Moore,4,"गुणवत्ता ठीक नहीं थी। Solid build quality, no complaints.",2023-07-02,False,POSITIVE,3,SOURCE_G_REVIEWS,reviews_2023.csv,2023-07-02T15:10:04.339157738,BATCH-G-20230702
REV-00070859,SKU-0012469,user_9017634,Dillon Mclean,3,"Average quality, nothing special.",2023-01-07,True,NEUTRAL,3,SOURCE_G_REVIEWS,reviews_2023.csv,2023-01-07T12:04:47.335831536,BATCH-G-20230107
REV-00070860,SKU-0002484,user_67124,Michelle,3,"Not bad, not great either.",2023-10-25,True,NEUTRAL,0,SOURCE_G_REVIEWS,reviews_2023.csv,2023-10-25T16:37:49.997182981,BATCH-G-20231025
REV-00070869,SKU-0013051,user_9011542,Sally Smith,5,Will definitely buy again.,2023-05-23,False,POSITIVE,2,SOURCE_G_REVIEWS,reviews_2023.csv,2023-05-23T02:34:22.801770476,BATCH-G-20230523
REV-00070875,SKU-0012192,user_9006440,Larry Whitney,5,</p>Fast delivery and great quality.<br>,2023-12-07,True,POSITIVE,0,SOURCE_G_REVIEWS,reviews_2023.csv,2023-12-08T01:23:01.313335333,BATCH-G-20231207
REV-00070885,SKU-0003936,user_9010677,Travis,,"Matches the description, no issues.",2023-09-30,True,NEUTRAL,2,SOURCE_G_REVIEWS,reviews_2023.csv,2023-09-30T14:04:04.180653631,BATCH-G-20230930
REV-00070889,SKU-0008392,user_22926,Dakota Pena,2,Stopped working after a week.,2023-02-19,True,NEGATIVE,2,SOURCE_G_REVIEWS,reviews_2023.csv,2023-02-19T01:15:11.446386432,BATCH-G-20230219
REV-00070892,SKU-0009698,user_9018972,Joshua,5,   Highly  recommend  this  product.   ,2023-11-02,False,POSITIVE,5,SOURCE_G_REVIEWS,reviews_2023.csv,2023-11-02T16:16:32.004114617,BATCH-G-20231102
REV-00070895,SKU-0012607,user_64843,Victor,4,Excellent rapport qualité-prix.,2023-07-25,False,POSITIVE,2,SOURCE_G_REVIEWS,reviews_2023.csv,2023-07-25T03:57:00.705815626,BATCH-G-20230725
REV-00070897,SKU-0003016,user_9012289,Melissa Ball,4,Fast delivery and great quality.,2023-08-29,True,POSITIVE,2,SOURCE_G_REVIEWS,reviews_2023.csv,2023-08-29T05:40:47.084848698,BATCH-G-20230829
REV-00070897-DUP,SKU-0003016,user_9012289,Melissa Ball,4,Fast delivery and great quality.,2023-08-29,True,POSITIVE,2,SOURCE_G_REVIEWS,reviews_2023.csv,2023-08-29T06:25:47.084848698,BATCH-G-20230829
REV-00070901,SKU-0015524,,Anonymous,,"Livraison très lente, déçu.",2023-02-28,False,NEGATIVE,0,SOURCE_G_REVIEWS,reviews_2023.csv,2023-02-28T15:54:17.293996681,BATCH-G-20230228
REV-00070914,SKU-0016074,,Anonymous,3,"Matches the description, no issues.",2023-01-07,True,NEUTRAL,2,SOURCE_G_REVIEWS,reviews_2023.csv,2023-01-07T15:16:44.410539431,BATCH-G-20230107
REV-00070922,SKU-0006930,user_9000751,Lance Casey,4,"Exactly as described, very happy.",2023-06-28,True,POSITIVE,11,SOURCE_G_REVIEWS,reviews_2023.csv,2023-06-28T02:08:15.461245108,BATCH-G-20230628
REV-00070942,SKU-0012561,user_9025127,Pamela,4,Exceeded my expectations.,2023-06-21,False,POSITIVE,0,SOURCE_G_REVIEWS,reviews_2023.csv,2023-06-21T17:14:44.125609395,BATCH-G-20230621
REV-00070963,SKU-0015537,user_29029,Jason Willis,3,No cumplió mis expectativas.,2023-09-01,True,NEUTRAL,3,SOURCE_G_REVIEWS,reviews_2023.csv,2023-09-01T04:21:27.350530765,BATCH-G-20230901
REV-00070967,SKU-0004935,user_9031996,Richard,5,"Solid build quality, no complaints.",2023-04-08,False,POSITIVE,2,SOURCE_G_REVIEWS,reviews_2023.csv,2023-04-08T11:48:03.493004721,BATCH-G-20230408
REV-00070968,SKU-0017542,user_9024520,Samantha Hernandez,4,"Exactly as described, very happy.",2023-07-16,True,POSITIVE,3,SOURCE_G_REVIEWS,reviews_2023.csv,2023-07-25T05:00:00,BATCH-G-20230716
REV-00070975,SKU-9912429,user_9031769,Julie,,Will definitely buy again.,2023-11-15,False,POSITIVE,5,SOURCE_G_REVIEWS,reviews_2023.csv,2023-11-15T20:09:26.339459186,BATCH-G-20231115
REV-00071006,SKU-0005331,user_9019980,Sabrina Harris,4,Wrong item was shipped to me.,2023-02-04,True,NEGATIVE,2,SOURCE_G_REVIEWS,reviews_2023.csv,2023-02-05T00:56:26.677313333,BATCH-G-20230204
REV-00071011,SKU-0019371,,Anonymous,2,Stopped working after a week.,2023-10-15,True,NEGATIVE,1,SOURCE_G_REVIEWS,reviews_2023.csv,2023-10-16T04:44:26.983701344,BATCH-G-20231015
REV-00071018,SKU-0019885,user_69518,Devin Thomas,1,Highly recommend this product.,2023-03-20,False,POSITIVE,3,SOURCE_G_REVIEWS,reviews_2023.csv,2023-03-20T00:30:42.239125616,BATCH-G-20230320
REV-00071021,SKU-0011692,user_9001740,Katie Richardson,2,Works fine but delivery was slow.,2023-07-25,True,NEUTRAL,2,SOURCE_G_REVIEWS,reviews_2023.csv,2023-07-25T15:49:35.798198854,BATCH-G-20230725
REV-00071029,SKU-0015596,user_9020711,Michael Campbell, ,"Cheaply made, broke immediately.",2023-11-30,True,NEGATIVE,1,SOURCE_G_REVIEWS,reviews_2023.csv,2023-11-30T09:04:46.150656035,BATCH-G-20231130
REV-00071030,SKU-0019013,user_9003569,Brian Smith,1,Wrong item was shipped to me.,2023-05-20,True,NEGATIVE,0,SOURCE_G_REVIEWS,reviews_2023.csv,2023-05-20T06:18:06.659598085,BATCH-G-20230520
REV-00071030-DUP,SKU-0019013,user_9003569,Brian Smith,1,Wrong item was shipped to me.,2023-05-20,True,NEGATIVE,0,SOURCE_G_REVIEWS,reviews_2023.csv,2023-05-20T06:47:06.659598085,BATCH-G-20230520
REV-00071039,SKU-0018348,user_9001291,Allison Hill,5,Exceeded my expectations.,2023-12-23,False,POSITIVE,3,SOURCE_G_REVIEWS,reviews_2023.csv,2023-12-24T04:20:19.932093567,BATCH-G-20231223
REV-00071052,SKU-0002906,user_9028248,Roger,1,   Not  as  described  at  all.   ,2023-10-13,True,NEGATIVE,0,SOURCE_G_REVIEWS,reviews_2023.csv,2023-10-13T05:29:30.052518547,BATCH-G-20231013
REV-00071053,SKU-9925227,user_41397,Scott Shepard,4,Fast delivery and great quality.,2023-07-03,False,POSITIVE,10,SOURCE_G_REVIEWS,reviews_2023.csv,2023-07-03T21:38:35.395844833,BATCH-G-20230703
REV-00071054,SKU-0010287,user_64219,Brooke Nelson,5,Exceeded my expectations.,2023-07-10,False,POSITIVE,0,SOURCE_G_REVIEWS,reviews_2023.csv,2023-07-10T19:22:49.734676147,BATCH-G-20230710
REV-00071058,SKU-0018053,user_9001323,Judith Dalton,4,"Exactly as described, very happy.",2023-12-01,True,POSITIVE,1,SOURCE_G_REVIEWS,reviews_2023.csv,2023-12-01T17:55:30.022382081,BATCH-G-20231201
REV-00071060,SKU-0009460,user_9034644,Michelle Nixon,1,Stopped working after a week.,2023-04-09,False,NEGATIVE,2,SOURCE_G_REVIEWS,reviews_2023.csv,2023-04-09T11:34:09.483611084,BATCH-G-20230409
REV-00071062,SKU-0012025,user_9005646,Brian Davis,4,"Solid build quality, no complaints.",2023-08-09,True,POSITIVE,3,SOURCE_G_REVIEWS,reviews_2023.csv,2023-08-09T09:29:07.696539375,BATCH-G-20230809
REV-00071068,SKU-0019538,user_9024630,Sarah Walker,4,Better than I expected for the price.,2023-07-27,False,POSITIVE,0,SOURCE_G_REVIEWS,reviews_2023.csv,2023-07-28T05:50:57.010886853,BATCH-G-20230727
REV-00071076,SKU-0001212,user_9010440,Chase Smith,5,Highly recommend this product.,2023-01-06,True,POSITIVE,0,SOURCE_G_REVIEWS,reviews_2023.csv,2023-01-06T13:51:46.788715318,BATCH-G-20230106
REV-00071078,SKU-0004370,,Anonymous,3,"Livraison très lente, déçu.",2023-12-15,False,NEUTRAL,4,SOURCE_G_REVIEWS,reviews_2023.csv,2023-12-16T00:50:27.171836234,BATCH-G-20231215
REV-00071083,SKU-0011324,,Anonymous,5,Will definitely buy again.,2023-01-26,False,POSITIVE,6,SOURCE_G_REVIEWS,reviews_2023.csv,2023-01-26T03:20:06.091230650,BATCH-G-20230126
REV-00071085,SKU-0010482,user_9005711,Brooke Drake,5,"Exactly as described, very happy.",2023-04-07,True,POSITIVE,0,SOURCE_G_REVIEWS,reviews_2023.csv,2023-04-07T07:00:37.780697679,BATCH-G-20230407
REV-00071092,SKU-0019035,user_53656,Susan Brown, ,Decent but overpriced a bit.,2023-08-10,False,NEUTRAL,0,SOURCE_G_REVIEWS,reviews_2023.csv,2023-08-11T03:48:41.786676530,BATCH-G-20230810
REV-00071100,SKU-0014581,,Anonymous,5,Highly recommend this product.,2023-01-08,True,POSITIVE,0,SOURCE_G_REVIEWS,reviews_2023.csv,2023-01-08T23:08:08.390115688,BATCH-G-20230108
REV-00071101,SKU-0019939,user_9026916,Morgan Gardner,2,Stopped working after a week.,2023-04-12,False,NEGATIVE,3,SOURCE_G_REVIEWS,reviews_2023.csv,2023-04-12T14:44:01.649383603,BATCH-G-20230412
REV-00071120,SKU-0011951,user_61512,Jacob Armstrong,3,"No cumplió mis expectativas. Matches the description, no issues.",2023-07-30,True,NEUTRAL,3,SOURCE_G_REVIEWS,reviews_2023.csv,2023-07-31T01:06:31.413723432,BATCH-G-20230730
REV-00071124,SKU-0019466,user_65963,Laura,3,"Average quality, nothing special.",2023-02-04,True,NEUTRAL,3,SOURCE_G_REVIEWS,reviews_2023.csv,2023-02-04T22:06:27.606013521,BATCH-G-20230204
REV-00071131,SKU-0015608,user_1144,Mark Pham DVM,5,Excellent rapport qualité-prix.,2023-02-16,True,POSITIVE,0,SOURCE_G_REVIEWS,reviews_2023.csv,2023-02-17T03:19:02.190341091,BATCH-G-20230216
REV-00071137,SKU-0014133,user_9018656,Christopher Warren,4,Fast delivery and great quality.,2023-11-21,True,POSITIVE,0,SOURCE_G_REVIEWS,reviews_2023.csv,2023-11-21T17:50:07.776440984,BATCH-G-20231121
REV-00071139,SKU-0016811,user_9005623,William,3,"It's okay, does the job.",2023-02-09,False,NEUTRAL,5,SOURCE_G_REVIEWS,reviews_2023.csv,2023-02-10T00:44:24.234124556,BATCH-G-20230209
REV-00071140,SKU-0017738,,Anonymous,5,"Perfect gift, they loved it!",2023-10-24,True,POSITIVE,2,SOURCE_G_REVIEWS,reviews_2023.csv,2023-10-24T13:56:44.137266068,BATCH-G-20231024
REV-00071149,SKU-0011449,user_9029145,Christopher Gilbert,5,"Exactly as described, very happy.",2023-05-01,False,POSITIVE,5,SOURCE_G_REVIEWS,reviews_2023.csv,2023-05-01T19:11:16.153170049,BATCH-G-20230501
REV-00071155,SKU-0001556,,Anonymous,2,"Waste of money, do not buy.",2023-07-06,False,NEGATIVE,7,SOURCE_G_REVIEWS,reviews_2023.csv,2023-07-07T03:30:47.223558199,BATCH-G-20230706
REV-00071159,SKU-0010243,user_9000718,Julie Pacheco,2,"Cheaply made, broke immediately.",2023-01-02,False,NEGATIVE,1,SOURCE_G_REVIEWS,reviews_2023.csv,2023-01-02T02:08:26.056908929,BATCH-G-20230102
REV-00071162,SKU-0004302,user_9963,Brittany Mahoney,4,"Absolutely love it, works perfectly!",2023-10-04,True,POSITIVE,2,SOURCE_G_REVIEWS,reviews_2023.csv,2023-10-04T22:03:59.783839061,BATCH-G-20231004
REV-00071188,SKU-9913525,user_2120,Veronica,2,Stopped working after a week.,2023-11-30,True,NEGATIVE,3,SOURCE_G_REVIEWS,reviews_2023.csv,2023-11-30T14:00:25.062238627,BATCH-G-20231130
REV-00071189,SKU-0003153,user_34405,Karen Hancock,5,Exceeded my expectations.,2023-05-29,True,POSITIVE,0,SOURCE_G_REVIEWS,reviews_2023.csv,2023-05-30T02:09:21.928111885,BATCH-G-20230529
REV-00071200,SKU-0013129,user_1282,Tara,4,"Livraison très lente, déçu. Exactly as described, very happy.",2023-04-08,True,POSITIVE,0,SOURCE_G_REVIEWS,reviews_2023.csv,2023-04-08T05:25:55.032526179,BATCH-G-20230408
REV-00071201,SKU-0017126,user_24759,Kelly Guerrero,5,"Muy buen producto, lo recomiendo. Wrong item was shipped to me.",2023-10-30,False,NEGATIVE,1,SOURCE_G_REVIEWS,reviews_2023.csv,2023-10-30T10:16:58.967141164,BATCH-G-20231030
REV-00071213,SKU-0004824,user_9021186,Jerome Curry,5,Great value for money.,2023-07-24,False,POSITIVE,0,SOURCE_G_REVIEWS,reviews_2023.csv,2023-07-25T01:35:47.462280131,BATCH-G-20230724
REV-00071222,SKU-0008445,,Anonymous,3,"It's okay, does the job.",2023-05-03,True,NEUTRAL,0,SOURCE_G_REVIEWS,reviews_2023.csv,2023-05-03T15:48:08.958319086,BATCH-G-20230503
REV-00071232,SKU-0002091,user_22350,Alyssa Smith,4,Better than I expected for the price.,2023-01-11,True,POSITIVE,4,SOURCE_G_REVIEWS,reviews_2023.csv,2023-01-11T12:03:07.956889522,BATCH-G-20230111
REV-00071232-DUP,SKU-0002091,user_22350,Alyssa Smith,4,Better than I expected for the price.,2023-01-11,True,POSITIVE,4,SOURCE_G_REVIEWS,reviews_2023.csv,2023-01-11T12:06:07.956889522,BATCH-G-20230111
REV-00071242,SKU-9993639,user_9012041,Joann Garrison,5,Better than I expected for the price.,2023-04-28,False,POSITIVE,1,SOURCE_G_REVIEWS,reviews_2023.csv,2023-04-29T01:16:39.573759486,BATCH-G-20230428
REV-00071253,SKU-0020221,user_6671,Brian Weaver,4,"Exactly as described, very happy.",2023-08-01,True,POSITIVE,9,SOURCE_G_REVIEWS,reviews_2023.csv,2023-08-01T19:52:52.681650568,BATCH-G-20230801
REV-00071254,SKU-0004383,user_9011398,Matthew Austin,4,Exceeded my expectations.,2023-02-11,True,POSITIVE,4,SOURCE_G_REVIEWS,reviews_2023.csv,2023-02-11T23:25:39.565687464,BATCH-G-20230211
REV-00071257,SKU-0005443,,Anonymous,5,Exceeded my expectations.,2023-01-09,True,POSITIVE,2,SOURCE_G_REVIEWS,reviews_2023.csv,2023-01-09T03:16:28.191887110,BATCH-G-20230109
REV-00071260,SKU-0002652,user_9010899,Adrian Mccoy,2,"Waste of money, do not buy.",2023-08-16,False,NEGATIVE,3,SOURCE_G_REVIEWS,reviews_2023.csv,2023-08-16T05:24:19.570503261,BATCH-G-20230816
REV-00071268,SKU-0002548,,Anonymous,-1,Exceeded my expectations.,2023-04-15,False,POSITIVE,1,SOURCE_G_REVIEWS,reviews_2023.csv,2023-04-15T08:46:14.331684292,BATCH-G-20230415
REV-00071269,SKU-0018984,user_62624,Emily,3,Decent but overpriced a bit.,2023-01-18,True,NEUTRAL,3,SOURCE_G_REVIEWS,reviews_2023.csv,2023-01-18T05:55:11.498216875,BATCH-G-20230118
REV-00071283,SKU-0005734,user_27263,Cassandra,5,"Exactly as described, very happy.",2023-03-16,True,POSITIVE,0,SOURCE_G_REVIEWS,reviews_2023.csv,2023-03-16T19:59:28.314981151,BATCH-G-20230316
REV-00071288,SKU-0003478,user_9004504,Carrie,5,Decent but overpriced a bit.,2023-01-11,True,NEUTRAL,6,SOURCE_G_REVIEWS,reviews_2023.csv,2023-01-11T05:56:03.112237304,BATCH-G-20230111
REV-00071289,SKU-0000647,user_9029834,John,4,"Absolutely love it, works perfectly!",2023-04-09,True,POSITIVE,1,SOURCE_G_REVIEWS,reviews_2023.csv,2023-04-09T19:54:42.084289364,BATCH-G-20230409
REV-00071289-BOT,SKU-0000647,user_9011772,Scott Huynh,4,"Absolutely love it, works perfectly!",2023-04-09,False,POSITIVE,0,SOURCE_G_REVIEWS,reviews_2023.csv,2023-04-09T19:54:42.084289364,BATCH-G-20230409
REV-00071326,SKU-0012104,,Anonymous,5,Fast delivery and great quality.,2023-06-28,False,POSITIVE,3,SOURCE_G_REVIEWS,reviews_2023.csv,2023-06-28T21:08:42.572233201,BATCH-G-20230628
REV-00071328,SKU-0015712,,Anonymous,5,Great value for money. 🔥⭐,2023-05-25,True,POSITIVE,4,SOURCE_G_REVIEWS,reviews_2023.csv,2023-05-26T02:54:40.954709687,BATCH-G-20230525
REV-00071331,SKU-0007408,user_9007326,Vicki,4,   Fast  delivery  and  great  quality.   ,2023-02-14,True,POSITIVE,1,SOURCE_G_REVIEWS,reviews_2023.csv,2023-02-14T14:10:29.742236682,BATCH-G-20230214
REV-00071334,SKU-0018874,,Anonymous,5,Fast delivery and great quality.,2023-01-08,False,POSITIVE,1,SOURCE_G_REVIEWS,reviews_2023.csv,2023-01-09T02:15:57.327254557,BATCH-G-20230108
REV-00071340,SKU-0003022,,Anonymous,5,"Exactly as described, very happy.",2023-05-18,True,POSITIVE,0,SOURCE_G_REVIEWS,reviews_2023.csv,2023-05-18T18:08:39.012353934,BATCH-G-20230518
REV-00071345,SKU-0016734,user_40156,Crystal,4,"Solid build quality, no complaints.",2023-12-21,False,POSITIVE,2,SOURCE_G_REVIEWS,reviews_2023.csv,2023-12-21T17:13:30.234220666,BATCH-G-20231221
REV-00071348,SKU-0006918,user_37897,Jason Williams,5,Great value for money.,2023-03-28,False,POSITIVE,6,SOURCE_G_REVIEWS,reviews_2023.csv,2023-03-28T07:25:03.799425441,BATCH-G-20230328
REV-00071358,SKU-0018582,user_69902,Joseph Andersen,4,"   Solid  build  quality,  no  complaints.   ",2023-03-09,True,POSITIVE,0,SOURCE_G_REVIEWS,reviews_2023.csv,2023-03-09T14:02:17.518843141,BATCH-G-20230309
REV-00071360,SKU-0014534,user_22922,Chad Williams,1,Very disappointed with the quality.,2023-09-24,True,NEGATIVE,2,SOURCE_G_REVIEWS,reviews_2023.csv,2023-09-24T19:10:12.807117952,BATCH-G-20230924
REV-00071383,SKU-0016899,,Anonymous,3,"It's okay, does the job.",2023-07-30,True,NEUTRAL,1,SOURCE_G_REVIEWS,reviews_2023.csv,2023-07-30T16:59:41.720409983,BATCH-G-20230730
REV-00071394,SKU-0009102,user_64574,Cassidy Briggs,4,Highly recommend this product.,2023-04-25,True,POSITIVE,6,SOURCE_G_REVIEWS,reviews_2023.csv,2023-04-25T04:12:12.870664127,BATCH-G-20230425
REV-00071401,SKU-0017679,user_9017536,Christian Park,3,Decent but overpriced a bit.,2023-12-01,True,NEUTRAL,2,SOURCE_G_REVIEWS,reviews_2023.csv,2023-12-01T07:43:18.560433809,BATCH-G-20231201
REV-00071416,SKU-0004428,user_9013764,Caleb,-1,Great value for money.,2023-12-10,False,POSITIVE,2,SOURCE_G_REVIEWS,reviews_2023.csv,2023-12-10T20:34:58.952792358,BATCH-G-20231210
REV-00071421,SKU-0014970,user_66726,Kristin Martin,5,"Solid build quality, no complaints.",2023-08-10,True,POSITIVE,0,SOURCE_G_REVIEWS,reviews_2023.csv,2023-08-10T13:11:32.804929071,BATCH-G-20230810
REV-00071429,SKU-0006304,,Anonymous,4,"बहुत अच्छा उत्पाद है, पैसा वसूल! Highly recommend this product.",2023-01-27,True,POSITIVE,1,SOURCE_G_REVIEWS,reviews_2023.csv,2023-01-28T00:28:07.527768681,BATCH-G-20230127
REV-00071452,SKU-0005530,user_59260,Amy Petersen,3,"Not bad, not great either.",2023-12-01,True,NEUTRAL,1,SOURCE_G_REVIEWS,reviews_2023.csv,2023-12-01T09:41:44.513732263,BATCH-G-20231201
REV-00071455,SKU-0013745,user_9032855,Ricky Powell,3,"Not bad, not great either.",2023-01-30,False,NEUTRAL,6,SOURCE_G_REVIEWS,reviews_2023.csv,2023-01-31T05:28:04.713889217,BATCH-G-20230130
REV-00071462,SKU-0006206,,Anonymous,4,"Perfect gift, they loved it!",2023-01-13,True,POSITIVE,0,SOURCE_G_REVIEWS,reviews_2023.csv,2023-01-13T08:12:55.900386577,BATCH-G-20230113
REV-00071474,SKU-0019085,user_37197,Steven Rodriguez,7,"Perfect gift, they loved it!",2023-01-01,True,POSITIVE,0,SOURCE_G_REVIEWS,reviews_2023.csv,2023-01-01T12:19:44.026331868,BATCH-G-20230101
REV-00071475,SKU-0007746,user_4894,Matthew,3,"It's okay, does the job.",2023-11-09,True,NEUTRAL,2,SOURCE_G_REVIEWS,reviews_2023.csv,2023-11-09T12:20:59.273489532,BATCH-G-20231109
REV-00071487,SKU-0016837,,Anonymous,5,Highly recommend this product.,2023-08-06,True,POSITIVE,5,SOURCE_G_REVIEWS,reviews_2023.csv,2023-08-06T09:41:21.985169160,BATCH-G-20230806
REV-00071491,SKU-0016846,user_54118,Michelle Crawford,5,"Perfect gift, they loved it!",2023-04-28,False,POSITIVE,2,SOURCE_G_REVIEWS,reviews_2023.csv,2023-04-29T01:44:43.405169981,BATCH-G-20230428
REV-00071494,SKU-0005769,,Anonymous,4,Great value for money.,2023-02-09,True,POSITIVE,2,SOURCE_G_REVIEWS,reviews_2023.csv,2023-02-09T08:38:35.123241772,BATCH-G-20230209
REV-00071512,SKU-9954467,user_17811,Patricia,4,Will definitely buy again.,2023-01-09,True,POSITIVE,4,SOURCE_G_REVIEWS,reviews_2023.csv,2023-01-10T04:44:56.891306050,BATCH-G-20230109
REV-00071530,SKU-0004175,user_67413,Kristin Rogers,5,"बहुत अच्छा उत्पाद है, पैसा वसूल!",2023-11-27,True,POSITIVE,4,SOURCE_G_REVIEWS,reviews_2023.csv,2023-11-27T16:29:50.907060782,BATCH-G-20231127
REV-00071534,SKU-0015657,user_9012480,Joel Nunez,Unknown,Highly recommend this product.,2023-11-25,False,POSITIVE,4,SOURCE_G_REVIEWS,reviews_2023.csv,2023-11-25T21:47:43.092219563,BATCH-G-20231125
REV-00071541,SKU-0019796,user_9030095,Brittany Benton,1,Not as described at all.,2023-11-29,False,NEGATIVE,7,SOURCE_G_REVIEWS,reviews_2023.csv,2023-11-29T21:05:42.386088424,BATCH-G-20231129
REV-00071551,SKU-0003135,user_9020094,Eric,3,Works fine but delivery was slow. 👍😍,2023-03-06,True,NEUTRAL,1,SOURCE_G_REVIEWS,reviews_2023.csv,2023-03-07T04:54:22.388563099,BATCH-G-20230306
REV-00071552,SKU-9939084,,Anonymous,5,"Not bad, not great either.",2023-06-06,False,NEUTRAL,3,SOURCE_G_REVIEWS,reviews_2023.csv,2023-06-06T08:49:55.712136782,BATCH-G-20230606
REV-00071558,SKU-0003167,user_50432,Chelsea Banks,5,"Livraison très lente, déçu. Better than I expected for the price.",2023-10-12,True,POSITIVE,0,SOURCE_G_REVIEWS,reviews_2023.csv,2023-10-13T01:39:34.290474284,BATCH-G-20231012
REV-00071562,SKU-0016629,user_9030350,Mrs.,5,Will definitely buy again.,2023-05-19,True,POSITIVE,2,SOURCE_G_REVIEWS,reviews_2023.csv,2023-05-19T03:37:20.066747904,BATCH-G-20230519
REV-00071567,SKU-0014317,,Anonymous,4,   Better  than  I  expected  for  the  price.   ,2023-12-25,True,POSITIVE,7,SOURCE_G_REVIEWS,reviews_2023.csv,2023-12-25T10:44:08.368795053,BATCH-G-20231225
REV-00071570,SKU-0005992,user_9012557,Patrick Caldwell,5,"Solid build quality, no complaints.",2023-08-04,False,POSITIVE,1,SOURCE_G_REVIEWS,reviews_2023.csv,2023-08-05T02:08:13.853329941,BATCH-G-20230804
REV-00071589,SKU-0001533,user_9005529,Emily,4,Highly recommend this product.,2023-12-13,False,POSITIVE,0,SOURCE_G_REVIEWS,reviews_2023.csv,2023-12-13T11:51:13.945455666,BATCH-G-20231213
REV-00071593,SKU-0010668,,Anonymous,4,"Absolutely love it, works perfectly!",2023-09-07,False,POSITIVE,3,SOURCE_G_REVIEWS,reviews_2023.csv,2023-09-07T03:18:02.328613483,BATCH-G-20230907
REV-00071594,SKU-0014510,user_59623,Dustin Grimes,4,Will definitely buy again.,2023-08-14,True,POSITIVE,9,SOURCE_G_REVIEWS,reviews_2023.csv,2023-08-15T05:30:51.929834330,BATCH-G-20230814
REV-00071606,SKU-0017121,user_9021050,Thomas Cole,,Works fine but delivery was slow.,2023-09-10,True,NEUTRAL,2,SOURCE_G_REVIEWS,reviews_2023.csv,2023-09-10T09:51:05.950525409,BATCH-G-20230910
REV-00071609,SKU-0012337,,Anonymous,3,"Not bad, not great either.",2023-10-13,True,NEUTRAL,7,SOURCE_G_REVIEWS,reviews_2023.csv,2023-10-13T22:45:31.611042072,BATCH-G-20231013
REV-00071611,SKU-0018432,user_52550,Margaret,1,Arrived damaged and support was unhelpful.,2023-03-21,True,NEGATIVE,4,SOURCE_G_REVIEWS,reviews_2023.csv,2023-03-21T08:46:17.634991792,BATCH-G-20230321
REV-00071616,SKU-0019639,user_39156,Matthew Bryant,4,गुणवत्ता ठीक नहीं थी।,2023-10-07,True,POSITIVE,7,SOURCE_G_REVIEWS,reviews_2023.csv,2023-10-07T02:34:41.395425409,BATCH-G-20231007
REV-00071625,SKU-0005434,,Anonymous,5,Exceeded my expectations.,2023-11-19,False,POSITIVE,2,SOURCE_G_REVIEWS,reviews_2023.csv,2023-11-20T02:31:22.089535752,BATCH-G-20231119
REV-00071628,SKU-0019679,,Anonymous,1,Arrived damaged and support was unhelpful.,2023-02-03,True,NEGATIVE,7,SOURCE_G_REVIEWS,reviews_2023.csv,2023-02-03T21:54:17.308666125,BATCH-G-20230203
REV-00071636,SKU-0003311,user_9014466,Daniel Schneider,4,Great value for money.,2023-03-06,True,POSITIVE,2,SOURCE_G_REVIEWS,reviews_2023.csv,2023-03-06T22:45:35.487069187,BATCH-G-20230306
REV-00071646,SKU-0008074,user_9020776,Ricardo,4,"Solid build quality, no complaints.",2023-12-13,True,POSITIVE,2,SOURCE_G_REVIEWS,reviews_2023.csv,2023-12-13T23:30:08.747557983,BATCH-G-20231213
REV-00071650,SKU-0015418,,Anonymous,3,"Matches the description, no issues.",2023-01-19,True,NEUTRAL,0,SOURCE_G_REVIEWS,reviews_2023.csv,2023-01-19T03:40:32.759811954,BATCH-G-20230119
REV-00071653,SKU-0018336,user_20570,Evan,4,<i>edited</i>Better than I expected for the price.&nbsp;,2023-12-12,False,POSITIVE,1,SOURCE_G_REVIEWS,reviews_2023.csv,2023-12-12T15:43:48.184667667,BATCH-G-20231212
REV-00071657,SKU-0019046,user_17243,Lori Davis,2,Arrived damaged and support was unhelpful.,2023-06-28,True,NEGATIVE,2,SOURCE_G_REVIEWS,reviews_2023.csv,2023-06-29T05:30:02.307330622,BATCH-G-20230628
REV-00071661,SKU-0006752,user_21322,Courtney Graham,4,"Absolutely love it, works perfectly!",2023-08-07,False,POSITIVE,0,SOURCE_G_REVIEWS,reviews_2023.csv,2023-08-07T14:01:00.999520075,BATCH-G-20230807
REV-00071666,SKU-0007229,user_48032,Whitney May,3,"Not bad, not great either.",2023-07-11,True,NEUTRAL,0,SOURCE_G_REVIEWS,reviews_2023.csv,2023-07-11T05:54:51.267071279,BATCH-G-20230711
REV-00071673,SKU-0011718,user_9032669,Robert Murphy,3,"It's okay, does the job.",2023-12-25,True,NEUTRAL,9,SOURCE_G_REVIEWS,reviews_2023.csv,2023-12-25T11:53:00.078936716,BATCH-G-20231225
REV-00071675,SKU-9914956,user_9013339,Chad Berg,3,Excellent rapport qualité-prix.,2023-12-14,True,NEUTRAL,2,SOURCE_G_REVIEWS,reviews_2023.csv,2023-12-14T02:57:24.595119746,BATCH-G-20231214
REV-00071675-BOT,SKU-9914956,user_9002253,William,3,Excellent rapport qualité-prix.,2023-12-14,False,NEUTRAL,0,SOURCE_G_REVIEWS,reviews_2023.csv,2023-12-14T02:57:24.595119746,BATCH-G-20231214
REV-00071682,SKU-0001703,user_9006493,Loretta,1,Not as described at all.,2023-04-28,True,NEGATIVE,11,SOURCE_G_REVIEWS,reviews_2023.csv,2023-04-29T00:24:20.020669957,BATCH-G-20230428
REV-00071686,SKU-9915773,user_9015234,Todd,Unknown,"Perfect gift, they loved it!",2023-12-13,True,POSITIVE,0,SOURCE_G_REVIEWS,reviews_2023.csv,2023-12-14T00:24:31.427280830,BATCH-G-20231213
REV-00071693,SKU-0011490,user_21615,Michael Davis,5,"Solid build quality, no complaints.",2023-07-26,False,POSITIVE,1,SOURCE_G_REVIEWS,reviews_2023.csv,2023-07-26T09:57:56.590267131,BATCH-G-20230726
REV-00071697,SKU-0004960,user_9001461,Robert,4,?,2023-11-08,True,POSITIVE,5,SOURCE_G_REVIEWS,reviews_2023.csv,2023-11-08T04:37:51.291156192,BATCH-G-20231108
REV-00071700,SKU-0012803,user_20196,Cheryl Malone,5,Will definitely buy again. 🙏,2023-09-23,True,POSITIVE,1,SOURCE_G_REVIEWS,reviews_2023.csv,2023-09-23T16:56:46.235916656,BATCH-G-20230923
REV-00071710,SKU-0000416,user_9021451,Robert Martinez,,Highly recommend this product.,2023-12-20,False,POSITIVE,1,SOURCE_G_REVIEWS,reviews_2023.csv,2023-12-20T16:12:50.220903754,BATCH-G-20231220
REV-00071738,SKU-0012017,user_46058,Heather Sharp,4,Will definitely buy again. 🙏,2023-01-09,True,POSITIVE,1,SOURCE_G_REVIEWS,reviews_2023.csv,2023-01-09T21:11:05.592591505,BATCH-G-20230109
REV-00071740,SKU-0015682,user_56581,George Booth,5,"Exactly as described, very happy. 😐👍",2023-10-01,True,POSITIVE,2,SOURCE_G_REVIEWS,reviews_2023.csv,2023-10-01T23:41:27.742646656,BATCH-G-20231001
REV-00071752,SKU-0007360,,Anonymous,3,Stopped working after a week.,2023-11-17,True,NEGATIVE,8,SOURCE_G_REVIEWS,reviews_2023.csv,2023-11-17T06:40:42.738195739,BATCH-G-20231117
REV-00071763,SKU-0019282,user_9026199,Andrea Alexander,4,Exceeded my expectations.,2023-08-30,False,POSITIVE,1,SOURCE_G_REVIEWS,reviews_2023.csv,2023-08-30T00:45:06.127689399,BATCH-G-20230830
REV-00071765,SKU-0019351,,Anonymous,4,"Solid build quality, no complaints.",2023-05-17,True,POSITIVE,0,SOURCE_G_REVIEWS,reviews_2023.csv,2023-05-17T00:37:18.431556300,BATCH-G-20230517
REV-00071778,SKU-0002633,,Anonymous,5,Will definitely buy again.,2023-09-25,True,POSITIVE,2,SOURCE_G_REVIEWS,reviews_2023.csv,2023-09-25T11:24:30.117554959,BATCH-G-20230925
REV-00071782,SKU-0016416,user_5646,Brent Koch,3,"It's okay, does the job.",2023-12-17,True,NEUTRAL,6,SOURCE_G_REVIEWS,reviews_2023.csv,2023-12-17T19:33:01.735351290,BATCH-G-20231217
REV-00071785,SKU-9953270,,Anonymous,5,"Exactly as described, very happy.",2023-12-10,False,POSITIVE,1,SOURCE_G_REVIEWS,reviews_2023.csv,2023-12-10T05:11:24.801279443,BATCH-G-20231210
REV-00071786,SKU-0010350,user_60044,Alicia Adams,2,"Exactly as described, very happy.",2023-12-13,True,POSITIVE,1,SOURCE_G_REVIEWS,reviews_2023.csv,2023-12-13T20:34:42.957859797,BATCH-G-20231213
REV-00071787,SKU-0016617,,Anonymous,4,"Solid build quality, no complaints.",2023-08-12,False,POSITIVE,0,SOURCE_G_REVIEWS,reviews_2023.csv,2023-08-12T20:06:29.477834263,BATCH-G-20230812
REV-00071790,SKU-0000900,user_9032229,Steven Phillips,4,"   Livraison  très  lente,  déçu.   ",2023-11-28,True,POSITIVE,2,SOURCE_G_REVIEWS,reviews_2023.csv,2023-11-29T01:42:00.418394244,BATCH-G-20231128
REV-00071798,SKU-0003866,,Anonymous,5,"Perfect gift, they loved it!",2023-12-04,True,POSITIVE,6,SOURCE_G_REVIEWS,reviews_2023.csv,2023-12-04T23:03:30.476262702,BATCH-G-20231204
REV-00071809,SKU-0014401,user_9015788,Melanie,5,"Solid build quality, no complaints.",2023-03-18,True,POSITIVE,1,SOURCE_G_REVIEWS,reviews_2023.csv,2023-03-18T07:46:19.288742246,BATCH-G-20230318
REV-00071818,SKU-0008800,user_61063,William Jones,4,Exceeded my expectations.,2023-10-26,True,POSITIVE,0,SOURCE_G_REVIEWS,reviews_2023.csv,2023-10-26T01:01:27.818523880,BATCH-G-20231026
REV-00071821,SKU-9938775,user_9026817,Joel Harrison,2,<br>Stopped working after a week.<br>,2023-11-23,False,NEGATIVE,1,SOURCE_G_REVIEWS,reviews_2023.csv,2023-11-24T05:22:28.061616911,BATCH-G-20231123
REV-00071822,SKU-0003526,user_9008622,Anna,4,Arrived damaged and support was unhelpful.,2023-12-24,True,NEGATIVE,0,SOURCE_G_REVIEWS,reviews_2023.csv,2023-12-24T01:34:00.418354855,BATCH-G-20231224
REV-00071831,SKU-0008730,user_25121,Peter Wilson MD,1,Stopped working after a week.,2023-07-05,False,NEGATIVE,3,SOURCE_G_REVIEWS,reviews_2023.csv,2023-07-05T19:47:28.368978517,BATCH-G-20230705
REV-00071832,SKU-0003171,,Anonymous,3,"Not bad, not great either.",2023-12-04,False,NEUTRAL,0,SOURCE_G_REVIEWS,reviews_2023.csv,2023-12-04T13:49:28.737516457,BATCH-G-20231204
REV-00071833,SKU-0011372,user_9018124,Pamela Lee,7,"Matches the description, no issues.",2023-09-22,True,NEUTRAL,1,SOURCE_G_REVIEWS,reviews_2023.csv,2023-09-23T01:49:35.281334083,BATCH-G-20230922
REV-00071836,SKU-0006946,user_31625,Seth Fisher,4,?,2023-11-15,False,POSITIVE,13,SOURCE_G_REVIEWS,reviews_2023.csv,2023-11-15T18:11:20.434126416,BATCH-G-20231115
REV-00071841,SKU-0003559,user_9003079,Christina Wyatt,2,"Cheaply made, broke immediately.",2023-02-25,False,NEGATIVE,0,SOURCE_G_REVIEWS,reviews_2023.csv,2023-02-25T08:34:12.336755749,BATCH-G-20230225
REV-00071846,SKU-9969045,user_10962,Katherine,5,Exceeded my expectations.,2023-01-31,True,POSITIVE,6,SOURCE_G_REVIEWS,reviews_2023.csv,2023-01-31T09:32:07.799388649,BATCH-G-20230131
REV-00071847,SKU-0012054,user_58746,Gary Winters,5,   <b>Update:</b>Will  definitely  buy  again.  🔥⭐<p>   ,2023-08-30,True,POSITIVE,3,SOURCE_G_REVIEWS,reviews_2023.csv,2023-08-30T01:19:21.130695999,BATCH-G-20230830
REV-00071853,SKU-0009237,user_30041,Rhonda Wheeler,2,Arrived damaged and support was unhelpful.,2023-12-28,True,NEGATIVE,0,SOURCE_G_REVIEWS,reviews_2023.csv,2023-12-28T11:30:20.445160781,BATCH-G-20231228
REV-00071857,SKU-0015317,user_9011499,Jacob Evans,3,Very disappointed with the quality.,2023-05-24,True,NEGATIVE,0,SOURCE_G_REVIEWS,reviews_2023.csv,2023-05-24T10:53:58.409357714,BATCH-G-20230524
REV-00071858,SKU-0009178,user_20442,Jeffery,4,"Perfect gift, they loved it!",2023-12-10,True,POSITIVE,6,SOURCE_G_REVIEWS,reviews_2023.csv,2023-12-09T07:00:00,BATCH-G-20231210
REV-00071878,SKU-0000170,,Anonymous,5,"Solid build quality, no complaints.",2023-05-30,True,POSITIVE,2,SOURCE_G_REVIEWS,reviews_2023.csv,2023-05-30T17:48:44.599025823,BATCH-G-20230530
REV-00071884,SKU-0006459,user_32434,Martin Williams,5,Better than I expected for the price.,2023-02-22,True,POSITIVE,1,SOURCE_G_REVIEWS,reviews_2023.csv,2023-02-22T12:04:05.246204082,BATCH-G-20230222
REV-00071886,SKU-0000353,,Anonymous,4,Highly recommend this product.,2023-06-20,True,POSITIVE,0,SOURCE_G_REVIEWS,reviews_2023.csv,2023-06-20T22:22:23.379215233,BATCH-G-20230620
REV-00071903,SKU-0004756,user_45763,Veronica Wells,4,Not as described at all.,2023-07-09,True,NEGATIVE,0,SOURCE_G_REVIEWS,reviews_2023.csv,2023-07-09T16:01:46.895447218,BATCH-G-20230709
REV-00071905,SKU-0007788,user_9020673,Ashley,4,Fast delivery and great quality.,2023-04-02,True,POSITIVE,2,SOURCE_G_REVIEWS,reviews_2023.csv,2023-04-02T13:32:32.426385828,BATCH-G-20230402
REV-00071908,SKU-0007450,user_64250,Michael Baldwin,3,Works fine but delivery was slow.,2023-07-27,True,NEUTRAL,3,SOURCE_G_REVIEWS,reviews_2023.csv,2023-07-27T03:14:40.457107839,BATCH-G-20230727
REV-00071911,SKU-0008323,user_9018361,Richard Riley,5,Excellent rapport qualité-prix. Fast delivery and great quality.,2023-03-21,True,POSITIVE,6,SOURCE_G_REVIEWS,reviews_2023.csv,2023-03-21T09:47:32.843703541,BATCH-G-20230321
REV-00071926,SKU-0010134,user_9005651,Rebecca Vincent,5,"Muy buen producto, lo recomiendo.",2023-04-08,True,POSITIVE,1,SOURCE_G_REVIEWS,reviews_2023.csv,2023-04-08T15:32:41.031671814,BATCH-G-20230408
REV-00071948,SKU-0011003,user_4061,Christian Hughes,NA,Not as described at all.,2023-05-18,True,NEGATIVE,3,SOURCE_G_REVIEWS,reviews_2023.csv,2023-05-18T23:03:30.566711735,BATCH-G-20230518
REV-00071952,SKU-0006233,user_9009902,Dale Lopez,5,"Exactly as described, very happy.",2023-06-03,False,POSITIVE,0,SOURCE_G_REVIEWS,reviews_2023.csv,2023-06-03T07:03:43.975114022,BATCH-G-20230603
REV-00071960,SKU-0005932,user_9028498,Stephen Dixon,5,Great value for money.,2023-02-18,False,POSITIVE,4,SOURCE_G_REVIEWS,reviews_2023.csv,2023-02-18T13:01:49.346151273,BATCH-G-20230218
REV-00071962,SKU-0006784,user_31715,Heather,4,Fast delivery and great quality.,2023-05-05,True,POSITIVE,8,SOURCE_G_REVIEWS,reviews_2023.csv,2023-05-06T01:38:37.000678565,BATCH-G-20230505
REV-00071963,SKU-0014716,user_9004797,Anthony,5,Exceeded my expectations.,2023-03-19,False,POSITIVE,1,SOURCE_G_REVIEWS,reviews_2023.csv,2023-03-19T19:07:29.578811212,BATCH-G-20230319
REV-00071974,SKU-0013596,user_42747,Scott Armstrong,3,No cumplió mis expectativas.,2023-09-05,True,NEUTRAL,5,SOURCE_G_REVIEWS,reviews_2023.csv,2023-09-05T09:10:29.802743950,BATCH-G-20230905
REV-00071986,SKU-0000505,,Anonymous,4,"Absolutely love it, works perfectly!",2023-09-02,True,POSITIVE,0,SOURCE_G_REVIEWS,reviews_2023.csv,2023-09-02T15:52:15.027333734,BATCH-G-20230902
REV-00071987,SKU-0014173,user_9011940,Maria,4,Wrong item was shipped to me.,2023-11-28,True,NEGATIVE,1,SOURCE_G_REVIEWS,reviews_2023.csv,2023-11-28T04:05:30.881370107,BATCH-G-20231128
REV-00071992,SKU-0015917,user_9016169,Brandon Giles,5,Will definitely buy again.,2023-08-26,True,POSITIVE,1,SOURCE_G_REVIEWS,reviews_2023.csv,2023-08-26T18:49:12.789036445,BATCH-G-20230826
REV-00071992-BOT,SKU-0015917,user_9026090,Sara Miller,5,Will definitely buy again.,2023-08-26,False,POSITIVE,0,SOURCE_G_REVIEWS,reviews_2023.csv,2023-08-26T18:49:12.789036445,BATCH-G-20230826
REV-00071996,SKU-9925614,user_9033069,Gina Thomas,5,Better than I expected for the price.,2023-10-09,False,POSITIVE,1,SOURCE_G_REVIEWS,reviews_2023.csv,2023-10-09T20:30:40.968580679,BATCH-G-20231009
REV-00072004,SKU-0006179,user_51972,Danielle Johnson,2,Works fine but delivery was slow.,2023-02-11,True,NEUTRAL,0,SOURCE_G_REVIEWS,reviews_2023.csv,2023-02-11T11:43:13.799202404,BATCH-G-20230211
REV-00072014,SKU-0018835,user_9006765,Alexander Braun,5,Better than I expected for the price.,2023-11-26,False,POSITIVE,2,SOURCE_G_REVIEWS,reviews_2023.csv,2023-11-26T15:59:45.144532596,BATCH-G-20231126
REV-00072028,SKU-0019156,user_9028419,Steven,1,Stopped working after a week.,2023-04-11,True,NEGATIVE,3,SOURCE_G_REVIEWS,reviews_2023.csv,2023-04-11T13:28:50.642849189,BATCH-G-20230411
REV-00072029,SKU-0016663,user_9021028,David Norman,4,</p>Exceeded my expectations.<p>,2023-05-02,True,POSITIVE,2,SOURCE_G_REVIEWS,reviews_2023.csv,2023-05-02T04:08:20.778615967,BATCH-G-20230502
REV-00072034,SKU-0012916,user_9030115,Robert Gray,1,"Poor packaging, item was defective. 💯",2023-01-25,True,NEGATIVE,7,SOURCE_G_REVIEWS,reviews_2023.csv,2023-01-25T21:58:34.643423584,BATCH-G-20230125
REV-00072043,SKU-0007273,,Anonymous,2,Very disappointed with the quality.,2023-05-27,False,NEGATIVE,7,SOURCE_G_REVIEWS,reviews_2023.csv,2023-05-27T19:33:57.400542844,BATCH-G-20230527
REV-00072057,SKU-0000476,user_9028913,Crystal Garcia,1,Not as described at all.,2023-11-13,False,NEGATIVE,5,SOURCE_G_REVIEWS,reviews_2023.csv,2023-11-13T20:40:46.557105749,BATCH-G-20231113
REV-00072060,SKU-9999845,user_23385,Michael Pena,5,Highly recommend this product.,2023-05-26,True,POSITIVE,1,SOURCE_G_REVIEWS,reviews_2023.csv,2023-05-26T09:27:20.863311093,BATCH-G-20230526
REV-00072062,SKU-0004663,,Anonymous,4,Exceeded my expectations.,2023-01-08,False,POSITIVE,2,SOURCE_G_REVIEWS,reviews_2023.csv,2023-01-08T01:43:28.120468474,BATCH-G-20230108
REV-00072072,SKU-0005673,user_9023579,Nicole,5,<i>edited</i>Will definitely buy again. ⭐<i>edited</i>,2023-02-22,True,POSITIVE,1,SOURCE_G_REVIEWS,reviews_2023.csv,2023-02-22T16:35:41.358733585,BATCH-G-20230222
REV-00072083,SKU-0014532,user_9010049,Sean Lopez,5,Better than I expected for the price.,2023-11-17,True,POSITIVE,0,SOURCE_G_REVIEWS,reviews_2023.csv,2023-11-17T12:04:16.616563121,BATCH-G-20231117
REV-00072092,SKU-0020124,user_44096,Brian,3,Decent but overpriced a bit.,2023-09-06,True,NEUTRAL,3,SOURCE_G_REVIEWS,reviews_2023.csv,2023-09-06T17:22:39.083165727,BATCH-G-20230906
REV-00072106,SKU-0008983,user_9911,Travis,5,Highly recommend this product.,2023-02-15,False,POSITIVE,7,SOURCE_G_REVIEWS,reviews_2023.csv,2023-02-15T17:24:36.385118440,BATCH-G-20230215
REV-00072106-DUP,SKU-0008983,user_9911,Travis,5,Highly recommend this product.,2023-02-15,False,POSITIVE,7,SOURCE_G_REVIEWS,reviews_2023.csv,2023-02-15T17:29:36.385118440,BATCH-G-20230215
REV-00072112,SKU-0020213,user_9026890,Andrew Zuniga,5,<i>edited</i>Exceeded my expectations.&nbsp;,2023-01-13,True,POSITIVE,11,SOURCE_G_REVIEWS,reviews_2023.csv,2023-01-13T06:09:05.131162868,BATCH-G-20230113
REV-00072118,SKU-9914956,user_9028324,Edward Steele,5,"Solid build quality, no complaints.",2023-12-24,True,POSITIVE,1,SOURCE_G_REVIEWS,reviews_2023.csv,2023-12-25T00:56:26.231993385,BATCH-G-20231224
REV-00072119,SKU-0011150,user_43809,Bradley Bell,5,"Solid build quality, no complaints.",2023-09-11,False,POSITIVE,2,SOURCE_G_REVIEWS,reviews_2023.csv,2023-09-11T18:05:08.416433482,BATCH-G-20230911
REV-00072131,SKU-0020054,user_9016232,Miss,5,Exceeded my expectations.,2023-07-30,True,POSITIVE,3,SOURCE_G_REVIEWS,reviews_2023.csv,2023-07-31T01:51:00.201975228,BATCH-G-20230730
REV-00072131-DUP,SKU-0020054,user_9016232,Miss,5,Exceeded my expectations.,2023-07-30,True,POSITIVE,3,SOURCE_G_REVIEWS,reviews_2023.csv,2023-07-31T02:44:00.201975228,BATCH-G-20230730
REV-00072151,SKU-0013239,user_9032068,Vernon Collins,5,"Absolutely love it, works perfectly!",2023-09-26,True,POSITIVE,8,SOURCE_G_REVIEWS,reviews_2023.csv,2023-09-26T16:33:35.717733697,BATCH-G-20230926
REV-00072164,SKU-0001700,user_24118,Mary Ross,5,Better than I expected for the price.,2023-02-28,False,POSITIVE,0,SOURCE_G_REVIEWS,reviews_2023.csv,2023-03-09T09:00:00,BATCH-G-20230228
REV-00072169,SKU-0011439,user_9019119,Cory Lam,NULL,"Waste of money, do not buy.",2023-07-04,True,NEGATIVE,2,SOURCE_G_REVIEWS,reviews_2023.csv,2023-07-05T00:26:05.885550203,BATCH-G-20230704
REV-00072177,SKU-0006839,user_9014526,Justin Hughes,3,"Average quality, nothing special.",2023-04-27,True,NEUTRAL,3,SOURCE_G_REVIEWS,reviews_2023.csv,2023-04-27T04:15:11.830226595,BATCH-G-20230427
REV-00072178,SKU-0005674,user_51473,Danielle Tucker,4,"Perfect gift, they loved it!",2023-11-13,True,POSITIVE,3,SOURCE_G_REVIEWS,reviews_2023.csv,2023-11-13T23:33:28.190210630,BATCH-G-20231113
REV-00072180,SKU-0018599,,Anonymous,4,Exceeded my expectations.,2023-06-05,True,POSITIVE,0,SOURCE_G_REVIEWS,reviews_2023.csv,2023-06-06T04:55:24.049635032,BATCH-G-20230605
REV-00072201,SKU-0013382,user_2617,John,4,Fast delivery and great quality.,2023-01-18,True,POSITIVE,1,SOURCE_G_REVIEWS,reviews_2023.csv,2023-01-18T09:26:29.834718303,BATCH-G-20230118
REV-00072204,SKU-0002751,user_9015456,Shawn Gutierrez,5,Exceeded my expectations.,2023-01-01,False,POSITIVE,0,SOURCE_G_REVIEWS,reviews_2023.csv,2023-01-01T08:54:52.073746186,BATCH-G-20230101
REV-00072205,SKU-0003781,user_9003364,David Perez,2,Stopped working after a week.,2023-02-27,True,NEGATIVE,5,SOURCE_G_REVIEWS,reviews_2023.csv,2023-02-28T04:09:29.930754288,BATCH-G-20230227
REV-00072208,SKU-0006594,user_11165,Cynthia,2,"Waste of money, do not buy.",2023-08-10,False,NEGATIVE,0,SOURCE_G_REVIEWS,reviews_2023.csv,2023-08-10T15:12:09.404104580,BATCH-G-20230810
REV-00072212,SKU-0002248,user_9003810,Lori Russell,5,"Exactly as described, very happy.",2023-03-31,True,POSITIVE,0,SOURCE_G_REVIEWS,reviews_2023.csv,2023-03-31T03:26:32.808814958,BATCH-G-20230331
REV-00072238,SKU-0006407,user_9005355,Whitney Perry,1,Will definitely buy again.,2023-04-16,False,POSITIVE,1,SOURCE_G_REVIEWS,reviews_2023.csv,2023-04-17T04:51:54.496159363,BATCH-G-20230416
REV-00072240,SKU-0003623,user_55706,Chad Weber,4,Great value for money.,2023-01-14,False,POSITIVE,2,SOURCE_G_REVIEWS,reviews_2023.csv,2023-01-14T18:53:59.454424341,BATCH-G-20230114
REV-00072248,SKU-0011279,user_9011303,Amber Robbins,4,"Solid build quality, no complaints. 😀",2023-02-22,True,POSITIVE,10,SOURCE_G_REVIEWS,reviews_2023.csv,2023-02-22T08:34:08.766450482,BATCH-G-20230222
REV-00072254,SKU-0009458,user_9019874,Jordan Bauer,5,"Exactly as described, very happy.",2023-03-07,True,POSITIVE,1,SOURCE_G_REVIEWS,reviews_2023.csv,2023-03-07T04:41:14.543821857,BATCH-G-20230307
REV-00072263,SKU-0013800,user_9007400,Billy Obrien,3,Decent but overpriced a bit.,2023-12-18,True,NEUTRAL,1,SOURCE_G_REVIEWS,reviews_2023.csv,2023-12-19T05:19:37.323646576,BATCH-G-20231218
REV-00072266,SKU-0017178,user_12557,Amanda Spencer,5,"Absolutely love it, works perfectly!",2023-12-05,True,POSITIVE,3,SOURCE_G_REVIEWS,reviews_2023.csv,2023-12-05T18:04:25.202910455,BATCH-G-20231205
REV-00072279,SKU-9968117,,Anonymous,4,"Exactly as described, very happy.",2023-07-18,False,POSITIVE,3,SOURCE_G_REVIEWS,reviews_2023.csv,2023-07-18T01:30:28.454680346,BATCH-G-20230718
REV-00072280,SKU-0001523,user_9015936,Robert Miller,5,Highly recommend this product.,2023-01-11,True,POSITIVE,0,SOURCE_G_REVIEWS,reviews_2023.csv,2023-01-11T18:54:03.959864359,BATCH-G-20230111
REV-00072289,SKU-0014370,user_27708,Lynn Mason,4,Fast delivery and great quality.,2023-10-19,True,POSITIVE,0,SOURCE_G_REVIEWS,reviews_2023.csv,2023-10-20T00:51:40.468279634,BATCH-G-20231019
REV-00072290,SKU-9924429,user_15946,Olivia,3,Decent but overpriced a bit.,2023-09-06,True,NEUTRAL,4,SOURCE_G_REVIEWS,reviews_2023.csv,2023-09-06T23:46:44.748636320,BATCH-G-20230906
REV-00072291,SKU-0017022,user_9005985,Kaitlin,4,Great value for money. ⭐,2023-04-07,True,POSITIVE,16,SOURCE_G_REVIEWS,reviews_2023.csv,2023-04-07T06:10:10.683884483,BATCH-G-20230407
REV-00072293,SKU-0014832,,Anonymous,4,"Perfect gift, they loved it!",2023-10-19,True,POSITIVE,10,SOURCE_G_REVIEWS,reviews_2023.csv,2023-10-19T23:53:08.186898860,BATCH-G-20231019
REV-00072307,SKU-0007063,user_64092,Michelle Sharp,4,गुणवत्ता ठीक नहीं थी।,2023-07-10,False,POSITIVE,1,SOURCE_G_REVIEWS,reviews_2023.csv,2023-07-11T02:40:57.636278569,BATCH-G-20230710
REV-00072308,SKU-9917564,user_39807,Christopher Jones,2,Excellent rapport qualité-prix. Stopped working after a week.,2023-02-13,True,NEGATIVE,1,SOURCE_G_REVIEWS,reviews_2023.csv,2023-02-13T02:20:26.065910214,BATCH-G-20230213
REV-00072309,SKU-0013381,user_17520,Mark,5,   Highly  recommend  this  product.   ,2023-11-23,False,POSITIVE,3,SOURCE_G_REVIEWS,reviews_2023.csv,2023-11-24T05:39:18.025602581,BATCH-G-20231123
REV-00072340,SKU-0016176,user_39141,James Curtis,4,Highly recommend this product.,2023-05-25,False,POSITIVE,0,SOURCE_G_REVIEWS,reviews_2023.csv,2023-05-25T18:15:35.239181670,BATCH-G-20230525
REV-00072347,SKU-0009765,user_35104,Vanessa Martinez,null,"Absolutely love it, works perfectly!",2023-11-18,True,POSITIVE,5,SOURCE_G_REVIEWS,reviews_2023.csv,2023-11-18T20:38:26.006417730,BATCH-G-20231118
REV-00072354,SKU-0013270,,Anonymous,4,Better than I expected for the price.,2023-02-06,True,POSITIVE,5,SOURCE_G_REVIEWS,reviews_2023.csv,2023-02-06T12:25:23.890767093,BATCH-G-20230206
REV-00072357,SKU-0017074,,Anonymous,4,Great value for money.,2023-09-04,True,POSITIVE,1,SOURCE_G_REVIEWS,reviews_2023.csv,2023-09-04T02:29:59.687380729,BATCH-G-20230904
REV-00072358,SKU-9945318,user_9031244,Paul,3,"Not bad, not great either.",2023-12-27,True,NEUTRAL,9,SOURCE_G_REVIEWS,reviews_2023.csv,2023-12-27T11:42:31.122699487,BATCH-G-20231227
REV-00072363,SKU-0009075,user_40696,Todd Butler,5,"Livraison très lente, déçu. 🔥😍",2023-06-06,True,POSITIVE,3,SOURCE_G_REVIEWS,reviews_2023.csv,2023-06-06T13:15:29.105691698,BATCH-G-20230606
REV-00072365,SKU-0009182,user_17679,Sophia Hodges,5,Highly recommend this product.,2023-10-21,True,POSITIVE,7,SOURCE_G_REVIEWS,reviews_2023.csv,2023-10-21T19:22:29.895691704,BATCH-G-20231021
REV-00072366,SKU-0018717,user_9029505,Erika,5,Fast delivery and great quality.,2023-11-24,False,POSITIVE,2,SOURCE_G_REVIEWS,reviews_2023.csv,2023-11-24T11:14:29.630382159,BATCH-G-20231124
REV-00072367,SKU-0000194,user_7369,Susan,4,Great value for money.,2023-07-16,False,POSITIVE,3,SOURCE_G_REVIEWS,reviews_2023.csv,2023-07-17T03:22:46.472370873,BATCH-G-20230716
REV-00072369,SKU-0008291,user_9013833,Amanda Montoya,4,"Exactly as described, very happy.",2023-09-13,False,POSITIVE,0,SOURCE_G_REVIEWS,reviews_2023.csv,2023-09-14T05:08:22.660851003,BATCH-G-20230913
REV-00072383,SKU-0001153,user_884,Joseph Martin,4,Exceeded my expectations.,2023-07-06,False,POSITIVE,2,SOURCE_G_REVIEWS,reviews_2023.csv,2023-07-06T21:29:01.551533234,BATCH-G-20230706
REV-00072403,SKU-0009783,,Anonymous,4,Better than I expected for the price.,2023-02-27,True,POSITIVE,1,SOURCE_G_REVIEWS,reviews_2023.csv,2023-02-27T11:32:17.010916281,BATCH-G-20230227
REV-00072407,SKU-0001791,user_9029558,Denise Tate,5,Highly recommend this product.,2023-04-04,True,POSITIVE,2,SOURCE_G_REVIEWS,reviews_2023.csv,2023-04-04T12:38:19.657405217,BATCH-G-20230404
REV-00072410,SKU-9971094,user_12543,James,4,   Fast  delivery  and  great  quality.   ,2023-09-22,True,POSITIVE,8,SOURCE_G_REVIEWS,reviews_2023.csv,2023-09-22T08:39:22.586459999,BATCH-G-20230922
REV-00072422,SKU-9900049,user_8754,Stacy Morales,3,"Average quality, nothing special.",2023-12-02,True,NEUTRAL,1,SOURCE_G_REVIEWS,reviews_2023.csv,2023-12-02T10:15:55.036973713,BATCH-G-20231202
REV-00072439,SKU-0004883,,Anonymous,2,Great value for money. 😢,2023-08-07,False,POSITIVE,2,SOURCE_G_REVIEWS,reviews_2023.csv,2023-08-07T18:45:06.515746204,BATCH-G-20230807
REV-00072440,SKU-0011496,user_9004312,Elizabeth Kelly,5,"Exactly as described, very happy.",2023-03-14,True,POSITIVE,1,SOURCE_G_REVIEWS,reviews_2023.csv,2023-03-14T14:02:21.370963322,BATCH-G-20230314
REV-00072442,SKU-9991258,,Anonymous,3,"Average quality, nothing special.",2023-07-18,True,NEUTRAL,0,SOURCE_G_REVIEWS,reviews_2023.csv,2023-07-18T05:47:30.915771112,BATCH-G-20230718
REV-00072443,SKU-0015076,user_22077,Katherine Graham,4,"Absolutely love it, works perfectly!",2023-01-27,True,POSITIVE,3,SOURCE_G_REVIEWS,reviews_2023.csv,2023-01-27T00:56:09.726371496,BATCH-G-20230127
REV-00072450,SKU-0015507,user_29418,Amy West,4,Decent but overpriced a bit.,2023-08-07,False,NEUTRAL,12,SOURCE_G_REVIEWS,reviews_2023.csv,2023-08-07T12:42:57.427434864,BATCH-G-20230807
REV-00072456,SKU-0009734,,Anonymous,2,"Cheaply made, broke immediately.",2023-05-15,False,NEGATIVE,1,SOURCE_G_REVIEWS,reviews_2023.csv,2023-05-15T11:12:03.659885986,BATCH-G-20230515
REV-00072460,SKU-0006855,user_9031663,Gavin Stevens,5,Will definitely buy again.,2023-11-11,True,POSITIVE,5,SOURCE_G_REVIEWS,reviews_2023.csv,2023-11-11T22:05:25.337832383,BATCH-G-20231111
REV-00072464,SKU-0009989,user_9025547,Kara Ponce,5,Unknown,2023-04-24,False,POSITIVE,-1,SOURCE_G_REVIEWS,reviews_2023.csv,2023-04-24T19:01:16.173160549,BATCH-G-20230424
REV-00072467,SKU-9919767,,Anonymous,3,"Matches the description, no issues.",2023-05-19,True,NEUTRAL,2,SOURCE_G_REVIEWS,reviews_2023.csv,2023-05-19T06:48:24.653918781,BATCH-G-20230519
REV-00072473,SKU-0008945,user_9004227,Emily,3,Works fine but delivery was slow.,2023-03-12,True,NEUTRAL,0,SOURCE_G_REVIEWS,reviews_2023.csv,2023-03-12T23:25:31.768526803,BATCH-G-20230312
REV-00072474,SKU-0013427,user_9028828,Tyler Oliver,5,"Perfect gift, they loved it!",2023-05-06,False,POSITIVE,4,SOURCE_G_REVIEWS,reviews_2023.csv,2023-05-06T16:35:05.234810941,BATCH-G-20230506
REV-00072478,SKU-0012038,user_9020978,Amber Miller,2,Not as described at all.,2023-11-29,True,NEGATIVE,6,SOURCE_G_REVIEWS,reviews_2023.csv,2023-11-29T18:16:00.332228905,BATCH-G-20231129
REV-00072497,SKU-0009633,user_46226,Haley Garcia,4,Fast delivery and great quality.,2023-01-01,True,POSITIVE,2,SOURCE_G_REVIEWS,reviews_2023.csv,2023-01-01T20:10:56.564086406,BATCH-G-20230101
REV-00072501,SKU-0006600,user_9028070,Stephanie Moyer,5,"Absolutely love it, works perfectly!",2023-12-29,True,POSITIVE,0,SOURCE_G_REVIEWS,reviews_2023.csv,2023-12-29T00:59:49.696038083,BATCH-G-20231229
REV-00072509,SKU-0005000,,Anonymous,5,Exceeded my expectations.,2023-08-07,False,POSITIVE,4,SOURCE_G_REVIEWS,reviews_2023.csv,2023-08-07T12:02:05.306239371,BATCH-G-20230807
REV-00072512,SKU-0019701,user_19570,Stephanie,4,"Perfect gift, they loved it!",2023-11-14,False,POSITIVE,1,SOURCE_G_REVIEWS,reviews_2023.csv,2023-11-14T23:00:42.404423945,BATCH-G-20231114
REV-00072515,SKU-0019683,user_9004618,Devin Williams,4,Fast delivery and great quality.,2023-12-22,False,POSITIVE,0,SOURCE_G_REVIEWS,reviews_2023.csv,2023-12-23T01:42:20.007983367,BATCH-G-20231222
REV-00072519,SKU-0001102,user_30901,Jamie,5,Will definitely buy again.,2023-12-26,True,POSITIVE,3,SOURCE_G_REVIEWS,reviews_2023.csv,2023-12-26T11:02:26.790165083,BATCH-G-20231226
REV-00072523,SKU-0004323,,Anonymous,2,"Waste of money, do not buy.",2023-04-13,False,NEGATIVE,2,SOURCE_G_REVIEWS,reviews_2023.csv,2023-04-13T03:27:36.981041955,BATCH-G-20230413
REV-00072525,SKU-0005502,user_9023151,Robert Sanchez,5,"Livraison très lente, déçu. Highly recommend this product. 😡",2023-06-20,False,POSITIVE,5,SOURCE_G_REVIEWS,reviews_2023.csv,2023-06-20T05:23:54.463300872,BATCH-G-20230620
REV-00072542,SKU-0001831,user_9011956,Matthew,4,"Exactly as described, very happy.",2023-10-11,True,POSITIVE,3,SOURCE_G_REVIEWS,reviews_2023.csv,2023-10-11T16:17:32.449346648,BATCH-G-20231011
REV-00072544,SKU-0007970,user_22881,Samantha Reynolds,4,"   Exactly  as  described,  very  happy.   ",2023-12-25,True,POSITIVE,0,SOURCE_G_REVIEWS,reviews_2023.csv,2023-12-26T01:09:38.370380409,BATCH-G-20231225
REV-00072548,SKU-0005334,user_49188,Scott Roberson,5,"Solid build quality, no complaints.",2023-08-03,True,POSITIVE,0,SOURCE_G_REVIEWS,reviews_2023.csv,2023-08-03T16:03:09.872133792,BATCH-G-20230803
REV-00072561,SKU-0016547,,Anonymous,4,Exceeded my expectations.,2023-05-30,False,POSITIVE,2,SOURCE_G_REVIEWS,reviews_2023.csv,2023-05-31T01:07:51.467884308,BATCH-G-20230530
REV-00072563,SKU-0018913,user_9010268,Kellie,4,Exceeded my expectations.,2023-08-15,True,POSITIVE,4,SOURCE_G_REVIEWS,reviews_2023.csv,2023-08-15T18:33:02.713720082,BATCH-G-20230815
REV-00072576,SKU-0016315,user_57672,Corey Montgomery,4,Great value for money.,2023-11-04,True,POSITIVE,0,SOURCE_G_REVIEWS,reviews_2023.csv,2023-11-05T03:20:26.560867141,BATCH-G-20231104
REV-00072577,SKU-0016756,user_9033345,Ian Murillo,1,Very disappointed with the quality.,2023-02-20,True,NEGATIVE,0,SOURCE_G_REVIEWS,reviews_2023.csv,2023-02-20T12:33:17.829361293,BATCH-G-20230220
REV-00072579,SKU-0005683,user_9012182,Shelly Lang,1,Wrong item was shipped to me.,2023-08-30,True,NEGATIVE,2,SOURCE_G_REVIEWS,reviews_2023.csv,2023-08-30T04:25:28.327999523,BATCH-G-20230830
REV-00072587,SKU-0015444,user_65369,William,5,"Solid build quality, no complaints.",2023-10-29,True,POSITIVE,0,SOURCE_G_REVIEWS,reviews_2023.csv,2023-10-29T16:23:22.399868183,BATCH-G-20231029
REV-00072591,SKU-0012160,user_9023217,Thomas,5,Great value for money.,2023-01-12,False,POSITIVE,0,SOURCE_G_REVIEWS,reviews_2023.csv,2023-01-12T20:20:01.963511592,BATCH-G-20230112
REV-00072592,SKU-9956511,,Anonymous,5,"Absolutely love it, works perfectly!",2023-09-14,True,POSITIVE,5,SOURCE_G_REVIEWS,reviews_2023.csv,2023-09-14T00:44:54.213796733,BATCH-G-20230914
REV-00072596,SKU-0006152,user_9006308,David Rogers,5,Better than I expected for the price.,2023-09-04,True,POSITIVE,12,SOURCE_G_REVIEWS,reviews_2023.csv,2023-09-05T00:46:18.981274252,BATCH-G-20230904
REV-00072609,SKU-0001401,user_31446,Dawn Baker,4,   Excellent  rapport  qualité-prix.   ,2023-12-05,True,POSITIVE,1,SOURCE_G_REVIEWS,reviews_2023.csv,2023-12-05T00:50:08.324939177,BATCH-G-20231205
REV-00072612,SKU-0006711,user_9008862,Bryan Fletcher,2,"Cheaply made, broke immediately.",2023-10-08,True,NEGATIVE,4,SOURCE_G_REVIEWS,reviews_2023.csv,2023-10-09T03:09:15.200391647,BATCH-G-20231008
REV-00072617,SKU-0005226,user_9015519,Douglas Clark,3,Works fine but delivery was slow.,2023-03-23,True,NEUTRAL,1,SOURCE_G_REVIEWS,reviews_2023.csv,2023-03-23T01:43:41.072245283,BATCH-G-20230323
REV-00072639,SKU-0019317,user_43255,Sarah Booth,5,"Solid build quality, no complaints.",2023-07-20,True,POSITIVE,2,SOURCE_G_REVIEWS,reviews_2023.csv,2023-07-20T07:53:27.930991305,BATCH-G-20230720
REV-00072644,SKU-0009352,user_9011843,John Vance,5,Great value for money.,2023-04-29,False,POSITIVE,0,SOURCE_G_REVIEWS,reviews_2023.csv,2023-04-29T18:35:29.329905980,BATCH-G-20230429
REV-00072650,SKU-9943636,user_35759,Rachel Martinez,5,"Absolutely love it, works perfectly!",2023-09-13,True,POSITIVE,3,SOURCE_G_REVIEWS,reviews_2023.csv,2023-09-13T11:02:13.025513351,BATCH-G-20230913
REV-00072666,SKU-0016488,user_9012325,Alexander Ramirez,3,"It's okay, does the job.",2023-03-27,False,NEUTRAL,1,SOURCE_G_REVIEWS,reviews_2023.csv,2023-03-27T19:49:26.797213093,BATCH-G-20230327
REV-00072669,SKU-0016434,,Anonymous,5,"Absolutely love it, works perfectly!",2023-02-17,False,POSITIVE,1,SOURCE_G_REVIEWS,reviews_2023.csv,2023-02-17T11:59:58.275841794,BATCH-G-20230217
REV-00072674,SKU-0010470,,Anonymous,2,"Poor packaging, item was defective.",2023-10-18,True,NEGATIVE,2,SOURCE_G_REVIEWS,reviews_2023.csv,2023-10-18T08:35:27.194359732,BATCH-G-20231018
REV-00072677,SKU-0005002,,Anonymous,4,"Absolutely love it, works perfectly!",2023-11-09,True,POSITIVE,3,SOURCE_G_REVIEWS,reviews_2023.csv,2023-11-09T18:46:28.458900655,BATCH-G-20231109
REV-00072685,SKU-0014842,user_65727,Kevin,3,"It's okay, does the job.",2023-11-29,True,NEUTRAL,4,SOURCE_G_REVIEWS,reviews_2023.csv,2023-11-30T03:11:09.345871762,BATCH-G-20231129
REV-00072692,SKU-0017561,,Anonymous,NA,   Great  value  for  money.   ,2023-03-25,True,POSITIVE,4,SOURCE_G_REVIEWS,reviews_2023.csv,2023-03-25T16:08:36.924902575,BATCH-G-20230325
REV-00072701,SKU-0019250,user_9014175,John,2,"Cheaply made, broke immediately.",2023-08-13,False,NEGATIVE,7,SOURCE_G_REVIEWS,reviews_2023.csv,2023-08-13T21:29:25.206328901,BATCH-G-20230813
REV-00072703,SKU-0016064,user_9031413,Debbie,1,"Waste of money, do not buy.",2023-06-26,True,NEGATIVE,2,SOURCE_G_REVIEWS,reviews_2023.csv,2023-06-26T05:53:30.562085142,BATCH-G-20230626
REV-00072722,SKU-0007074,,Anonymous,3,"Matches the description, no issues.",2023-03-11,False,NEUTRAL,6,SOURCE_G_REVIEWS,reviews_2023.csv,2023-03-11T10:41:36.741780164,BATCH-G-20230311
REV-00072733,SKU-0009110,user_9007161,Roger Valenzuela,5,"Perfect gift, they loved it!",2023-09-12,False,POSITIVE,1,SOURCE_G_REVIEWS,reviews_2023.csv,2023-09-12T14:17:25.083574842,BATCH-G-20230912
REV-00072735,SKU-0001274,,Anonymous,3,"Matches the description, no issues.",2023-03-23,True,NEUTRAL,3,SOURCE_G_REVIEWS,reviews_2023.csv,2023-03-23T14:30:38.211569542,BATCH-G-20230323
REV-00072747,SKU-0013921,user_6874,Mike,2,Not as described at all.,2023-02-11,True,NEGATIVE,5,SOURCE_G_REVIEWS,reviews_2023.csv,2023-02-11T01:20:13.703212671,BATCH-G-20230211
REV-00072754,SKU-0002774,user_9000637,Brenda Powers,4,"Cheaply made, broke immediately.",2023-11-04,True,NEGATIVE,3,SOURCE_G_REVIEWS,reviews_2023.csv,2023-11-04T10:55:42.858752037,BATCH-G-20231104
REV-00072755,SKU-0010661,user_18812,Richard,4,"<i>edited</i>Perfect gift, they loved it!<i>edited</i>",2023-02-05,True,POSITIVE,9,SOURCE_G_REVIEWS,reviews_2023.csv,2023-02-05T00:33:04.518749400,BATCH-G-20230205
REV-00072759,SKU-0018802,user_9008329,Alex,4,"Cheaply made, broke immediately.",2023-02-03,True,NEGATIVE,2,SOURCE_G_REVIEWS,reviews_2023.csv,2023-02-04T04:59:29.443640796,BATCH-G-20230203
REV-00072773,SKU-0019639,user_9001119,Megan Harris,1,<i>edited</i>Very disappointed with the quality.&nbsp;,2023-03-17,False,NEGATIVE,0,SOURCE_G_REVIEWS,reviews_2023.csv,2023-03-17T12:26:24.360961044,BATCH-G-20230317
REV-00072774,SKU-0006562,user_9023244,Monica Moore,4,Better than I expected for the price.,2023-01-04,False,POSITIVE,1,SOURCE_G_REVIEWS,reviews_2023.csv,2023-01-04T14:24:06.665383947,BATCH-G-20230104
REV-00072793,SKU-0014135,user_9010405,Jamie Baker,4,"Solid build quality, no complaints.",2023-12-23,True,POSITIVE,0,SOURCE_G_REVIEWS,reviews_2023.csv,2023-12-23T02:19:48.357054950,BATCH-G-20231223
REV-00072796,SKU-0007102,,Anonymous,3,Works fine but delivery was slow.,2023-12-11,True,NEUTRAL,0,SOURCE_G_REVIEWS,reviews_2023.csv,2023-12-12T02:17:47.099260112,BATCH-G-20231211
REV-00072797,SKU-0014974,user_9029956,Brandon Graves,5,Better than I expected for the price.,2023-06-01,False,POSITIVE,5,SOURCE_G_REVIEWS,reviews_2023.csv,2023-06-01T03:32:18.479397068,BATCH-G-20230601
REV-00072801,SKU-0014416,user_9016979,Michael, ,Fast delivery and great quality.,2023-05-18,True,POSITIVE,2,SOURCE_G_REVIEWS,reviews_2023.csv,2023-05-18T14:14:48.563007502,BATCH-G-20230518
REV-00072804,SKU-0012735,,Anonymous,5,Exceeded my expectations.,2023-12-12,False,POSITIVE,6,SOURCE_G_REVIEWS,reviews_2023.csv,2023-12-12T04:43:42.454746572,BATCH-G-20231212
REV-00072808,SKU-0016318,user_9025704,Paul Hurley,2,"Poor packaging, item was defective.",2023-02-28,False,NEGATIVE,0,SOURCE_G_REVIEWS,reviews_2023.csv,2023-03-01T01:42:24.681518539,BATCH-G-20230228
REV-00072813,SKU-0003911,user_17457,Jennifer Jones,2,Wrong item was shipped to me.,2023-01-09,False,NEGATIVE,0,SOURCE_G_REVIEWS,reviews_2023.csv,2023-01-09T05:00:57.494386556,BATCH-G-20230109
REV-00072816,SKU-0017806,user_9008472,Debra Rich,4,Great value for money.,2023-01-27,False,POSITIVE,0,SOURCE_G_REVIEWS,reviews_2023.csv,2023-01-27T07:38:25.787792439,BATCH-G-20230127
REV-00072825,SKU-0016231,user_9032664,Kenneth,5,Better than I expected for the price.,2023-02-21,False,POSITIVE,0,SOURCE_G_REVIEWS,reviews_2023.csv,2023-02-21T13:25:12.714885117,BATCH-G-20230221
REV-00072837,SKU-0004651,,Anonymous,5,Better than I expected for the price.,2023-03-15,False,POSITIVE,7,SOURCE_G_REVIEWS,reviews_2023.csv,2023-03-15T21:46:16.824097480,BATCH-G-20230315
REV-00072855,SKU-0009466,user_39975,Taylor,4,"Perfect gift, they loved it!",2023-02-10,False,POSITIVE,1,SOURCE_G_REVIEWS,reviews_2023.csv,2023-02-10T17:00:34.758918395,BATCH-G-20230210
REV-00072857,SKU-0012180,user_9031975,Robert Hodges,4,"Solid build quality, no complaints.",2023-08-08,True,POSITIVE,9,SOURCE_G_REVIEWS,reviews_2023.csv,2023-08-08T22:43:49.254777655,BATCH-G-20230808
REV-00072876,SKU-0019277,user_3764,John Cisneros,4,"No cumplió mis expectativas. Absolutely love it, works perfectly!",2023-02-26,True,POSITIVE,0,SOURCE_G_REVIEWS,reviews_2023.csv,2023-02-26T09:54:51.653059082,BATCH-G-20230226
REV-00072878,SKU-0001835,user_2280,Dr. Mark Olson,5,Better than I expected for the price.,2023-10-21,False,POSITIVE,2,SOURCE_G_REVIEWS,reviews_2023.csv,2023-10-21T17:14:23.479786213,BATCH-G-20231021
REV-00072898,SKU-0014591,user_9017974,Michael Frazier,3,Works fine but delivery was slow.,2023-01-21,False,NEUTRAL,3,SOURCE_G_REVIEWS,reviews_2023.csv,2023-01-21T12:42:40.061480713,BATCH-G-20230121
REV-00072915,SKU-0006627,user_9007055,Margaret,4,Highly recommend this product.,2023-06-01,True,POSITIVE,2,SOURCE_G_REVIEWS,reviews_2023.csv,2023-06-01T20:02:14.795968160,BATCH-G-20230601
REV-00072920,SKU-0006449,user_36779,Marcia Andersen,4,Great value for money.,2023-07-12,True,POSITIVE,11,SOURCE_G_REVIEWS,reviews_2023.csv,2023-07-12T22:12:44.595660051,BATCH-G-20230712
REV-00072927,SKU-0001814,user_9030586,Michael Schwartz PhD,4,Will definitely buy again.,2023-05-25,True,POSITIVE,1,SOURCE_G_REVIEWS,reviews_2023.csv,2023-05-25T08:33:49.515261914,BATCH-G-20230525
REV-00072937,SKU-0017663,user_22385,Benjamin Leon,3,"Muy buen producto, lo recomiendo.",2023-03-14,False,NEUTRAL,8,SOURCE_G_REVIEWS,reviews_2023.csv,2023-03-14T03:57:21.164872564,BATCH-G-20230314
REV-00072950,SKU-0010901,user_9003816,Jacob Campbell,5,Great value for money.,2023-12-04,True,POSITIVE,2,SOURCE_G_REVIEWS,reviews_2023.csv,2023-12-04T23:35:16.219917318,BATCH-G-20231204
REV-00072958,SKU-9932542,,Anonymous,4,Great value for money.,2023-01-12,True,POSITIVE,4,SOURCE_G_REVIEWS,reviews_2023.csv,2023-01-12T04:25:01.697655671,BATCH-G-20230112
REV-00072960,SKU-0002747,user_36628,Miss,2,Arrived damaged and support was unhelpful.,2023-05-07,False,NEGATIVE,0,SOURCE_G_REVIEWS,reviews_2023.csv,2023-05-07T14:13:10.859172391,BATCH-G-20230507
REV-00072970,SKU-0019555,user_9009990,Christopher Zuniga,4,Exceeded my expectations.,2023-03-01,False,POSITIVE,1,SOURCE_G_REVIEWS,reviews_2023.csv,2023-03-01T04:56:43.226016214,BATCH-G-20230301
REV-00072974,SKU-0018800,user_56183,Taylor Brooks,4,Exceeded my expectations.,2023-10-13,True,POSITIVE,14,SOURCE_G_REVIEWS,reviews_2023.csv,2023-10-13T13:08:34.568973756,BATCH-G-20231013
REV-00072979,SKU-0019569,user_18553,Paige,4,"Exactly as described, very happy.",2023-08-22,False,POSITIVE,5,SOURCE_G_REVIEWS,reviews_2023.csv,2023-08-22T08:36:17.061501396,BATCH-G-20230822
REV-00072983,SKU-0002677,user_9025443,Kathryn Moore,5,Better than I expected for the price.,2023-02-09,False,POSITIVE,0,SOURCE_G_REVIEWS,reviews_2023.csv,2023-02-09T06:08:56.261551890,BATCH-G-20230209
REV-00072994,SKU-0006606,user_9011594,John Douglas,5,"Solid build quality, no complaints.",2023-02-05,False,POSITIVE,5,SOURCE_G_REVIEWS,reviews_2023.csv,2023-02-05T05:13:13.838444530,BATCH-G-20230205
REV-00072996,SKU-0014509,,Anonymous,1,Arrived damaged and support was unhelpful.,2023-06-24,True,NEGATIVE,5,SOURCE_G_REVIEWS,reviews_2023.csv,2023-06-24T02:14:11.454017816,BATCH-G-20230624
REV-00072997,SKU-0011545,user_9003830,Bradley,5,"Perfect gift, they loved it!",2023-06-29,True,POSITIVE,0,SOURCE_G_REVIEWS,reviews_2023.csv,2023-06-29T14:48:17.343738423,BATCH-G-20230629
REV-00072998,SKU-0002465,,Anonymous,2,"Waste of money, do not buy.",2023-12-27,True,NEGATIVE,2,SOURCE_G_REVIEWS,reviews_2023.csv,2023-12-27T04:17:36.437640608,BATCH-G-20231227
REV-00073011,SKU-0016993,user_9013227,Harold,5,"Exactly as described, very happy.",2023-08-22,True,POSITIVE,3,SOURCE_G_REVIEWS,reviews_2023.csv,2023-08-22T07:58:59.497220568,BATCH-G-20230822
REV-00073027,SKU-9960939,user_56918,Manuel,5,Fast delivery and great quality. 👍,2023-12-30,False,POSITIVE,5,SOURCE_G_REVIEWS,reviews_2023.csv,2023-12-30T18:17:45.870919457,BATCH-G-20231230
REV-00073031,SKU-0006772,,Anonymous,5,Will definitely buy again.,2023-09-30,True,POSITIVE,0,SOURCE_G_REVIEWS,reviews_2023.csv,2023-09-30T07:57:01.909145698,BATCH-G-20230930
REV-00073040,SKU-0012364,,Anonymous,2,"<b>Update:</b>Poor packaging, item was defective.<br>",2023-03-21,True,NEGATIVE,0,SOURCE_G_REVIEWS,reviews_2023.csv,2023-03-21T11:53:46.154037199,BATCH-G-20230321
REV-00073056,SKU-0015771,,Anonymous,4,"Absolutely love it, works perfectly!",2023-10-22,True,POSITIVE,8,SOURCE_G_REVIEWS,reviews_2023.csv,2023-10-22T13:48:49.501025789,BATCH-G-20231022
REV-00073064,SKU-0010417,user_9009452,Michael Perez,5,"Solid build quality, no complaints. 💯",2023-01-24,True,POSITIVE,0,SOURCE_G_REVIEWS,reviews_2023.csv,2023-01-31T13:00:00,BATCH-G-20230124
REV-00073080,SKU-0005757,,Anonymous,3,Decent but overpriced a bit.,2023-11-04,True,NEUTRAL,10,SOURCE_G_REVIEWS,reviews_2023.csv,2023-11-04T11:18:15.597709518,BATCH-G-20231104
REV-00073081,SKU-0003830,user_9014573,Lauren,1,   Excellent  rapport  qualité-prix.   ,2023-12-05,True,NEGATIVE,12,SOURCE_G_REVIEWS,reviews_2023.csv,2023-12-05T17:10:02.275325590,BATCH-G-20231205
REV-00073087,SKU-0011782,user_9000155,Raymond King,5,Better than I expected for the price.,2023-01-02,True,POSITIVE,3,SOURCE_G_REVIEWS,reviews_2023.csv,2023-01-02T12:15:49.670005441,BATCH-G-20230102
REV-00073089,SKU-0004025,,Anonymous,4,Wrong item was shipped to me.,2023-11-28,False,NEGATIVE,0,SOURCE_G_REVIEWS,reviews_2023.csv,2023-11-28T14:38:41.050430458,BATCH-G-20231128
REV-00073092,SKU-0006114,user_9020386,Joshua Rivas,5,Better than I expected for the price.,2023-12-11,True,POSITIVE,1,SOURCE_G_REVIEWS,reviews_2023.csv,2023-12-11T15:49:23.815690060,BATCH-G-20231211
REV-00073107,SKU-0015591,user_55833,Mary Stephens,4,"Absolutely love it, works perfectly!",2023-11-11,True,POSITIVE,0,SOURCE_G_REVIEWS,reviews_2023.csv,2023-11-11T20:48:23.221955840,BATCH-G-20231111
REV-00073108,SKU-0017595,,Anonymous,4,"Perfect gift, they loved it! 😐",2023-10-16,True,POSITIVE,5,SOURCE_G_REVIEWS,reviews_2023.csv,2023-10-16T01:51:41.508823050,BATCH-G-20231016
REV-00073116,SKU-0012171,,Anonymous,5,"Exactly as described, very happy.",2023-12-11,True,POSITIVE,0,SOURCE_G_REVIEWS,reviews_2023.csv,2023-12-11T03:22:05.094668970,BATCH-G-20231211
REV-00073122,SKU-0007870,user_66621,Larry Scott,5,Great value for money. 😢👍,2023-06-25,True,POSITIVE,0,SOURCE_G_REVIEWS,reviews_2023.csv,2023-06-25T05:15:06.805633501,BATCH-G-20230625
REV-00073124,SKU-0013490,user_9004020,Daniel Townsend,5,"Exactly as described, very happy.",2023-11-19,True,POSITIVE,11,SOURCE_G_REVIEWS,reviews_2023.csv,2023-11-20T03:11:08.289778331,BATCH-G-20231119
REV-00073130,SKU-0002283,,Anonymous,2,Arrived damaged and support was unhelpful.,2023-11-08,True,NEGATIVE,2,SOURCE_G_REVIEWS,reviews_2023.csv,2023-11-08T07:40:58.902442885,BATCH-G-20231108
REV-00073139,SKU-0007030,user_8724,Mr. William Carpenter,4,Excellent rapport qualité-prix.,2023-08-14,False,POSITIVE,1,SOURCE_G_REVIEWS,reviews_2023.csv,2023-08-14T06:23:57.479274996,BATCH-G-20230814
REV-00073141,SKU-0010915,user_25119,Jessica Watson,3,Works fine but delivery was slow.,2023-02-13,True,NEUTRAL,0,SOURCE_G_REVIEWS,reviews_2023.csv,2023-02-13T07:18:26.844688442,BATCH-G-20230213
REV-00073143,SKU-0009348,user_59257,Elizabeth Lopez,5,Fast delivery and great quality.,2023-07-10,True,POSITIVE,3,SOURCE_G_REVIEWS,reviews_2023.csv,2023-07-11T00:03:28.898469584,BATCH-G-20230710
REV-00073144,SKU-0010334,,Anonymous,4,Exceeded my expectations.,2023-03-18,False,POSITIVE,0,SOURCE_G_REVIEWS,reviews_2023.csv,2023-03-18T20:25:25.871004880,BATCH-G-20230318
REV-00073147,SKU-9912037,user_51351,Julia,4,Will definitely buy again.,2023-05-29,False,POSITIVE,0,SOURCE_G_REVIEWS,reviews_2023.csv,2023-05-29T01:40:47.742005533,BATCH-G-20230529
REV-00073177,SKU-0012789,user_9027075,Samantha Roberson MD,4,"Solid build quality, no complaints.",2023-01-17,False,POSITIVE,5,SOURCE_G_REVIEWS,reviews_2023.csv,2023-01-17T08:13:11.872865298,BATCH-G-20230117
REV-00073180,SKU-0002935,user_36975,Toni,4,Highly recommend this product. 😢😢,2023-10-17,True,POSITIVE,3,SOURCE_G_REVIEWS,reviews_2023.csv,2023-10-17T06:36:45.052186665,BATCH-G-20231017
REV-00073192,SKU-0003706,user_9026124,Benjamin Phillips,2,Very disappointed with the quality.,2023-09-30,True,NEGATIVE,9,SOURCE_G_REVIEWS,reviews_2023.csv,2023-09-30T20:02:02.082454308,BATCH-G-20230930
REV-00073213,SKU-0007944,user_9025758,Anthony,4,"</p>Solid build quality, no complaints.<i>edited</i>",2023-08-24,False,POSITIVE,2,SOURCE_G_REVIEWS,reviews_2023.csv,2023-08-24T00:37:57.092118476,BATCH-G-20230824
REV-00073226,SKU-0013031,user_66085,Hannah Nelson,4,Exceeded my expectations.,2023-01-23,True,POSITIVE,5,SOURCE_G_REVIEWS,reviews_2023.csv,2023-01-23T00:31:51.072708443,BATCH-G-20230123
REV-00073228,SKU-9947296,user_9022003,Dr. Ellen Lewis DVM,5,Better than I expected for the price.,2023-07-22,True,POSITIVE,2,SOURCE_G_REVIEWS,reviews_2023.csv,2023-07-23T04:59:44.785157159,BATCH-G-20230722
REV-00073229,SKU-0019252,user_9022045,Christopher Dean,1,"Poor packaging, item was defective.",2023-09-24,True,NEGATIVE,16,SOURCE_G_REVIEWS,reviews_2023.csv,2023-09-24T18:34:24.852333018,BATCH-G-20230924
REV-00073231,SKU-0011644,user_9008102,Roy,3,Arrived damaged and support was unhelpful.,2023-10-10,True,NEGATIVE,2,SOURCE_G_REVIEWS,reviews_2023.csv,2023-10-10T17:23:58.154465830,BATCH-G-20231010
REV-00073231-DUP,SKU-0011644,user_9008102,Roy,3,Arrived damaged and support was unhelpful.,2023-10-10,True,NEGATIVE,2,SOURCE_G_REVIEWS,reviews_2023.csv,2023-10-10T18:05:58.154465830,BATCH-G-20231010
REV-00073234,SKU-0011668,user_18890,William Gomez,5,"Perfect gift, they loved it!",2023-07-31,False,POSITIVE,0,SOURCE_G_REVIEWS,reviews_2023.csv,2023-07-31T01:36:58.220851539,BATCH-G-20230731
REV-00073234-DUP,SKU-0011668,user_18890,William Gomez,5,"Perfect gift, they loved it!",2023-07-31,False,POSITIVE,0,SOURCE_G_REVIEWS,reviews_2023.csv,2023-07-31T02:01:58.220851539,BATCH-G-20230731
REV-00073243,SKU-0006074,user_9029972,Joseph Williams,2,"Poor packaging, item was defective. 😡👍",2023-03-28,True,NEGATIVE,2,SOURCE_G_REVIEWS,reviews_2023.csv,2023-03-29T02:18:30.893679959,BATCH-G-20230328
REV-00073253,SKU-0001336,user_56364,Ryan,2,Not as described at all.,2023-11-14,True,NEGATIVE,0,SOURCE_G_REVIEWS,reviews_2023.csv,2023-11-14T17:43:55.063821224,BATCH-G-20231114
REV-00073267,SKU-0019273,user_38477,Penny Orr,5,"Absolutely love it, works perfectly!",2023-07-14,True,POSITIVE,1,SOURCE_G_REVIEWS,reviews_2023.csv,2023-07-14T23:29:01.154035079,BATCH-G-20230714
REV-00073311,SKU-0015628,user_9024776,Matthew Smith,1,Arrived damaged and support was unhelpful. 🔥,2023-04-14,True,NEGATIVE,3,SOURCE_G_REVIEWS,reviews_2023.csv,2023-04-14T23:08:48.804579535,BATCH-G-20230414
REV-00073325,SKU-0017501,user_9005680,Sarah Ellis,4,Will definitely buy again.,2023-09-12,False,POSITIVE,0,SOURCE_G_REVIEWS,reviews_2023.csv,2023-09-12T10:07:21.485676088,BATCH-G-20230912
REV-00073328,SKU-0003135,user_26299,Jon Washington,3,"Livraison très lente, déçu.",2023-12-26,True,NEUTRAL,0,SOURCE_G_REVIEWS,reviews_2023.csv,2023-12-26T02:58:10.119655691,BATCH-G-20231226
REV-00073332,SKU-0006771,user_4719,Deborah Sawyer,4,"Solid build quality, no complaints.",2023-12-17,True,POSITIVE,0,SOURCE_G_REVIEWS,reviews_2023.csv,2023-12-17T17:18:35.901708906,BATCH-G-20231217
REV-00073338,SKU-0000657,user_9007724,Lisa Rivera,5,"Absolutely love it, works perfectly!",2023-07-03,False,POSITIVE,1,SOURCE_G_REVIEWS,reviews_2023.csv,2023-07-03T13:57:22.957970914,BATCH-G-20230703
REV-00073341,SKU-0015095,user_52420,Matthew Cox,unknown,"Perfect gift, they loved it!",2023-11-29,False,POSITIVE,3,SOURCE_G_REVIEWS,reviews_2023.csv,2023-11-30T00:36:39.077216686,BATCH-G-20231129
REV-00073357,SKU-0012269,,Anonymous,5,Highly recommend this product.,2023-01-23,True,POSITIVE,0,SOURCE_G_REVIEWS,reviews_2023.csv,2023-01-23T07:14:19.703412903,BATCH-G-20230123
REV-00073361,SKU-0004289,user_2222,Jonathan Sandoval,1,"Poor packaging, item was defective.",2023-11-26,True,NEGATIVE,2,SOURCE_G_REVIEWS,reviews_2023.csv,2023-11-26T13:59:05.700886912,BATCH-G-20231126
REV-00073365,SKU-0017403,user_9024410,Stacy Fuller,5,"Absolutely love it, works perfectly!",2023-04-23,False,POSITIVE,2,SOURCE_G_REVIEWS,reviews_2023.csv,2023-04-24T01:03:46.231573221,BATCH-G-20230423
REV-00073366,SKU-9955527,user_9029512,Amy Meyer,4,Will definitely buy again.,2023-01-03,False,POSITIVE,2,SOURCE_G_REVIEWS,reviews_2023.csv,2023-01-03T09:42:33.614658139,BATCH-G-20230103
REV-00073384,SKU-0017922,user_60454,Mark,5,Highly recommend this product.,2023-08-15,True,POSITIVE,2,SOURCE_G_REVIEWS,reviews_2023.csv,2023-08-15T20:12:21.124490715,BATCH-G-20230815
REV-00073399,SKU-0001069,user_9025541,Helen Miller,5,Highly recommend this product.,2023-12-14,True,POSITIVE,1,SOURCE_G_REVIEWS,reviews_2023.csv,2023-12-14T11:40:56.827127184,BATCH-G-20231214
REV-00073401,SKU-0004808,user_9023412,Cody Wade,4,"Absolutely love it, works perfectly!",2023-06-16,False,POSITIVE,4,SOURCE_G_REVIEWS,reviews_2023.csv,2023-06-16T03:34:56.167046379,BATCH-G-20230616
REV-00073434,SKU-0017574,user_9010169,Nicholas Hill,5,"Perfect gift, they loved it!",2023-03-10,True,POSITIVE,7,SOURCE_G_REVIEWS,reviews_2023.csv,2023-03-10T18:06:57.318663929,BATCH-G-20230310
REV-00073435,SKU-0003722,user_6558,Matthew Macdonald,1,Very disappointed with the quality.,2023-07-20,True,NEGATIVE,2,SOURCE_G_REVIEWS,reviews_2023.csv,2023-07-20T01:58:14.732516848,BATCH-G-20230720
REV-00073437,SKU-9968853,,Anonymous,3,"Matches the description, no issues.",2023-05-07,True,NEUTRAL,0,SOURCE_G_REVIEWS,reviews_2023.csv,2023-05-07T14:38:09.618849954,BATCH-G-20230507
REV-00073439,SKU-0019865,,Anonymous,5,"Exactly as described, very happy.",2023-11-28,False,POSITIVE,1,SOURCE_G_REVIEWS,reviews_2023.csv,2023-11-29T02:58:29.532989545,BATCH-G-20231128
REV-00073461,SKU-0011744,user_28405,Anthony,5,"<br>Solid build quality, no complaints.<p>",2023-11-27,True,POSITIVE,0,SOURCE_G_REVIEWS,reviews_2023.csv,2023-11-28T02:49:54.152593755,BATCH-G-20231127
REV-00073465,SKU-0002003,user_9017481,Caleb,1,Not as described at all.,2023-12-22,True,NEGATIVE,2,SOURCE_G_REVIEWS,reviews_2023.csv,2023-12-22T01:01:17.521359779,BATCH-G-20231222
REV-00073467,SKU-0015403,user_28962,Danielle Cobb,7,Better than I expected for the price.,2023-11-25,True,POSITIVE,0,SOURCE_G_REVIEWS,reviews_2023.csv,2023-11-25T01:01:37.738540388,BATCH-G-20231125
REV-00073482,SKU-0012833,user_9022434,Steven Flores,3,"Not bad, not great either.",2023-10-29,True,NEUTRAL,2,SOURCE_G_REVIEWS,reviews_2023.csv,2023-10-29T15:41:11.221605086,BATCH-G-20231029
REV-00073485,SKU-0017923,user_9004074,Paul,4,Excellent rapport qualité-prix. Exceeded my expectations.,2023-12-15,True,POSITIVE,0,SOURCE_G_REVIEWS,reviews_2023.csv,2023-12-15T10:04:52.331486246,BATCH-G-20231215
REV-00073496,SKU-0017411,,Anonymous,5,गुणवत्ता ठीक नहीं थी। Better than I expected for the price.,2023-01-15,False,POSITIVE,2,SOURCE_G_REVIEWS,reviews_2023.csv,2023-01-16T00:17:50.036527423,BATCH-G-20230115
REV-00073524,SKU-0017189,user_9024301,Danielle Sims,4,Will definitely buy again.,2023-08-25,True,POSITIVE,2,SOURCE_G_REVIEWS,reviews_2023.csv,2023-08-25T06:21:41.989322734,BATCH-G-20230825
REV-00073530,SKU-0018202,,Anonymous,1,"Waste of money, do not buy. 😢",2023-11-10,False,NEGATIVE,1,SOURCE_G_REVIEWS,reviews_2023.csv,2023-11-10T05:03:11.591807535,BATCH-G-20231110
REV-00073538,SKU-0014496,,Anonymous,5,Better than I expected for the price. 😍😢,2023-10-01,True,POSITIVE,0,SOURCE_G_REVIEWS,reviews_2023.csv,2023-10-01T18:20:20.568509361,BATCH-G-20231001
REV-00073542,SKU-0018198,user_55976,Brandon Kramer,4,"Exactly as described, very happy.",2023-04-17,False,POSITIVE,1,SOURCE_G_REVIEWS,reviews_2023.csv,2023-04-17T13:33:52.843116315,BATCH-G-20230417
REV-00073550,SKU-0008098,,Anonymous,4,"Solid build quality, no complaints.",2023-11-25,False,POSITIVE,12,SOURCE_G_REVIEWS,reviews_2023.csv,2023-11-25T12:15:34.578153673,BATCH-G-20231125
REV-00073561,SKU-0009856,user_9021071,Paige Flores,3,"Average quality, nothing special.",2023-08-08,False,NEUTRAL,8,SOURCE_G_REVIEWS,reviews_2023.csv,2023-08-08T23:30:50.006150636,BATCH-G-20230808
REV-00073570,SKU-0003761,user_9032351,Victoria Stephens, ,Wrong item was shipped to me.,2023-07-30,True,NEGATIVE,2,SOURCE_G_REVIEWS,reviews_2023.csv,2023-07-30T15:09:38.701727584,BATCH-G-20230730
REV-00073575,SKU-9982720,user_9010197,Laura Jones,4,Highly recommend this product.,2023-03-12,True,POSITIVE,2,SOURCE_G_REVIEWS,reviews_2023.csv,2023-03-12T14:54:17.147226028,BATCH-G-20230312
REV-00073576,SKU-0016154,user_39819,Dennis,6,Great value for money.,2023-08-07,False,POSITIVE,0,SOURCE_G_REVIEWS,reviews_2023.csv,2023-08-07T22:21:22.756053118,BATCH-G-20230807
REV-00073590,SKU-0016523,user_10381,Rachel,3,Works fine but delivery was slow.,2023-10-25,True,NEUTRAL,0,SOURCE_G_REVIEWS,reviews_2023.csv,2023-10-25T09:57:26.384424826,BATCH-G-20231025
REV-00073592,SKU-0018830,user_25903,Annette Woods,4,Highly recommend this product. 😀👍,2023-01-27,False,POSITIVE,10,SOURCE_G_REVIEWS,reviews_2023.csv,2023-01-27T19:04:09.594543845,BATCH-G-20230127
REV-00073593,SKU-0017902,user_9011937,Alexandra Nelson,5,Fast delivery and great quality.,2023-02-21,True,POSITIVE,2,SOURCE_G_REVIEWS,reviews_2023.csv,2023-02-22T05:34:47.517784399,BATCH-G-20230221
REV-00073607,SKU-0014210,,Anonymous,5,"Solid build quality, no complaints.",2023-12-20,False,POSITIVE,4,SOURCE_G_REVIEWS,reviews_2023.csv,2023-12-20T10:10:14.702544957,BATCH-G-20231220
REV-00073609,SKU-0000831,user_9028339,Roy Day,4,Better than I expected for the price.,2023-01-07,False,POSITIVE,1,SOURCE_G_REVIEWS,reviews_2023.csv,2023-01-08T04:38:53.560001924,BATCH-G-20230107
REV-00073625,SKU-0016288,,Anonymous,5,Will definitely buy again.,2023-05-27,True,POSITIVE,0,SOURCE_G_REVIEWS,reviews_2023.csv,2023-05-27T08:57:20.016758192,BATCH-G-20230527
REV-00073626,SKU-0014762,user_12304,Erin,5,"Absolutely love it, works perfectly!",2023-08-25,True,POSITIVE,1,SOURCE_G_REVIEWS,reviews_2023.csv,2023-08-25T00:52:24.491927899,BATCH-G-20230825
REV-00073629,SKU-9918969,user_9026338,Stephen Kennedy,4,"Absolutely love it, works perfectly!",2023-04-24,True,POSITIVE,2,SOURCE_G_REVIEWS,reviews_2023.csv,2023-04-24T23:17:01.851550406,BATCH-G-20230424
REV-00073643,SKU-0005448,user_47519,Sandra,4,"Solid build quality, no complaints.",2023-04-01,False,POSITIVE,2,SOURCE_G_REVIEWS,reviews_2023.csv,2023-04-01T06:36:07.168430080,BATCH-G-20230401
REV-00073644,SKU-0014967,user_9032691,Lori,5,Fast delivery and great quality.,2023-05-05,True,POSITIVE,3,SOURCE_G_REVIEWS,reviews_2023.csv,2023-05-05T20:54:55.440969782,BATCH-G-20230505
REV-00073651,SKU-0011593,user_9024651,Dillon Romero,4,"Absolutely love it, works perfectly!",2023-12-23,True,POSITIVE,0,SOURCE_G_REVIEWS,reviews_2023.csv,2023-12-23T21:05:39.961762880,BATCH-G-20231223
REV-00073656,SKU-0015984,,Anonymous,Unknown,   Highly  recommend  this  product.   ,2023-10-07,True,POSITIVE,4,SOURCE_G_REVIEWS,reviews_2023.csv,2023-10-07T03:14:29.163865504,BATCH-G-20231007
REV-00073662,SKU-0000879,user_9032222,Sean Hood,3,   Decent  but  overpriced  a  bit.   ,2023-11-09,True,NEUTRAL,0,SOURCE_G_REVIEWS,reviews_2023.csv,2023-11-09T23:47:54.602576878,BATCH-G-20231109
REV-00073663,SKU-0007659,user_50857,Adam Marshall,2,"Cheaply made, broke immediately.",2023-07-13,True,NEGATIVE,1,SOURCE_G_REVIEWS,reviews_2023.csv,2023-07-13T02:05:14.109567213,BATCH-G-20230713
REV-00073663-DUP,SKU-0007659,user_50857,Adam Marshall,2,"Cheaply made, broke immediately.",2023-07-13,True,NEGATIVE,1,SOURCE_G_REVIEWS,reviews_2023.csv,2023-07-13T02:14:14.109567213,BATCH-G-20230713
REV-00073681,SKU-0003074,user_39908,William Garcia,5,"Absolutely love it, works perfectly!",2023-12-25,True,POSITIVE,1,SOURCE_G_REVIEWS,reviews_2023.csv,2023-12-26T05:34:21.746126864,BATCH-G-20231225
REV-00073697,SKU-0007869,user_9004760,Jennifer Morris,5,"Solid build quality, no complaints. 😢",2023-04-19,True,POSITIVE,7,SOURCE_G_REVIEWS,reviews_2023.csv,2023-04-20T00:20:05.064621937,BATCH-G-20230419
REV-00073700,SKU-0011683,user_338,Dr. Michael Marshall,,"Waste of money, do not buy.",2023-04-05,True,NEGATIVE,2,SOURCE_G_REVIEWS,reviews_2023.csv,2023-04-05T00:56:11.581588758,BATCH-G-20230405
REV-00073705,SKU-0018410,,Anonymous,5,Highly recommend this product.,2023-10-04,True,POSITIVE,4,SOURCE_G_REVIEWS,reviews_2023.csv,2023-10-04T10:42:48.804354270,BATCH-G-20231004
REV-00073715,SKU-0017152,user_33339,Dominique Walker,4,"Absolutely love it, works perfectly!",2023-10-29,True,POSITIVE,1,SOURCE_G_REVIEWS,reviews_2023.csv,2023-10-29T13:23:11.469439297,BATCH-G-20231029
REV-00073717,SKU-9995117,user_2488,Kimberly,3,"Average quality, nothing special.",2023-04-30,True,NEUTRAL,0,SOURCE_G_REVIEWS,reviews_2023.csv,2023-05-01T02:32:41.651857749,BATCH-G-20230430
REV-00073719,SKU-0012279,user_19687,Rachel Perry,4,"</p>Absolutely love it, works perfectly!<i>edited</i>",2023-02-01,True,POSITIVE,1,SOURCE_G_REVIEWS,reviews_2023.csv,2023-02-02T00:18:34.781327262,BATCH-G-20230201
REV-00073725,SKU-0013992,user_17088,Mark Johnson,5,"Solid build quality, no complaints.",2023-06-21,False,POSITIVE,1,SOURCE_G_REVIEWS,reviews_2023.csv,2023-06-21T15:29:48.700509742,BATCH-G-20230621
REV-00073727,SKU-0009347,user_44840,Derek,5,Better than I expected for the price.,2023-01-25,True,POSITIVE,0,SOURCE_G_REVIEWS,reviews_2023.csv,2023-01-25T10:06:41.500036351,BATCH-G-20230125
REV-00073738,SKU-0012769,user_9023402,Richard Tran,1,Stopped working after a week.,2023-11-26,False,NEGATIVE,0,SOURCE_G_REVIEWS,reviews_2023.csv,2023-11-27T01:37:13.162471496,BATCH-G-20231126
REV-00073743,SKU-0016838,,Anonymous,2,Very disappointed with the quality.,2023-12-12,False,NEGATIVE,0,SOURCE_G_REVIEWS,reviews_2023.csv,2023-12-13T04:38:48.930361275,BATCH-G-20231212
REV-00073747,SKU-0013241,,Anonymous,3,"Average quality, nothing special.",2023-05-28,True,NEUTRAL,0,SOURCE_G_REVIEWS,reviews_2023.csv,2023-05-28T05:11:53.857483117,BATCH-G-20230528
REV-00073751,SKU-9946502,user_38260,Tonya Johnson,5,Highly recommend this product.,2023-12-24,True,POSITIVE,6,SOURCE_G_REVIEWS,reviews_2023.csv,2023-12-24T06:07:52.905736599,BATCH-G-20231224
REV-00073755,SKU-0014004,user_65130,William Ball,3,"Not bad, not great either.",2023-10-21,False,NEUTRAL,0,SOURCE_G_REVIEWS,reviews_2023.csv,2023-10-21T07:18:46.905904785,BATCH-G-20231021
REV-00073759,SKU-0017963,user_9002704,Tonya Hill,5,Exceeded my expectations.,2023-07-13,True,POSITIVE,2,SOURCE_G_REVIEWS,reviews_2023.csv,2023-07-13T06:13:19.043482777,BATCH-G-20230713
REV-00073765,SKU-0004155,user_9015061,Barbara Ward,3,"<i>edited</i>Average quality, nothing special.&nbsp;",2023-02-25,True,NEUTRAL,1,SOURCE_G_REVIEWS,reviews_2023.csv,2023-02-25T07:02:27.850613891,BATCH-G-20230225
REV-00073778,SKU-0012044,,Anonymous,0,Excellent rapport qualité-prix. Exceeded my expectations.,2023-09-16,True,POSITIVE,11,SOURCE_G_REVIEWS,reviews_2023.csv,2023-09-16T19:46:12.879506739,BATCH-G-20230916
REV-00073779,SKU-0000475,,Anonymous,3,"Not bad, not great either.",2023-02-07,True,NEUTRAL,1,SOURCE_G_REVIEWS,reviews_2023.csv,2023-02-07T20:25:05.096215523,BATCH-G-20230207
REV-00073785,SKU-0006559,user_9007486,John,-1,Fast delivery and great quality. 🔥😀,2023-03-10,False,POSITIVE,6,SOURCE_G_REVIEWS,reviews_2023.csv,2023-03-10T06:35:11.136014425,BATCH-G-20230310
REV-00073791,SKU-0005794,,Anonymous,4,Great value for money.,2023-07-16,False,POSITIVE,2,SOURCE_G_REVIEWS,reviews_2023.csv,2023-07-16T01:25:25.825655885,BATCH-G-20230716
REV-00073797,SKU-0010035,user_9014636,Antonio,5,Great value for money.,2023-12-19,False,POSITIVE,2,SOURCE_G_REVIEWS,reviews_2023.csv,2023-12-20T04:55:37.010622505,BATCH-G-20231219
REV-00073807,SKU-0000769,user_9003894,Mrs. Katrina Paul,4,<b>Update:</b>Fast delivery and great quality.<br>,2023-05-31,True,POSITIVE,0,SOURCE_G_REVIEWS,reviews_2023.csv,2023-05-31T12:21:45.498019161,BATCH-G-20230531
REV-00073815,SKU-0009850,user_9008269,Zachary Brown,5,Will definitely buy again.,2023-05-26,False,POSITIVE,1,SOURCE_G_REVIEWS,reviews_2023.csv,2023-05-26T11:22:39.775619928,BATCH-G-20230526
REV-00073821,SKU-0016399,user_49525,William Moran,3,"Not bad, not great either.",2023-12-12,False,NEUTRAL,2,SOURCE_G_REVIEWS,reviews_2023.csv,2023-12-12T00:53:11.731722382,BATCH-G-20231212
REV-00073822,SKU-9922883,user_9033983,Amber,N/A,Works fine but delivery was slow.,2023-08-17,True,NEUTRAL,0,SOURCE_G_REVIEWS,reviews_2023.csv,2023-08-17T05:01:05.780153155,BATCH-G-20230817
REV-00073829,SKU-0010499,,Anonymous,3,Decent but overpriced a bit.,2023-11-13,True,NEUTRAL,0,SOURCE_G_REVIEWS,reviews_2023.csv,2023-11-13T22:48:32.404137134,BATCH-G-20231113
REV-00073837,SKU-0014655,user_9007988,Lindsey,4,Highly recommend this product.,2023-04-17,True,POSITIVE,5,SOURCE_G_REVIEWS,reviews_2023.csv,2023-04-17T05:13:25.962683835,BATCH-G-20230417
REV-00073844,SKU-0003991,,Anonymous,4,Fast delivery and great quality.,2023-05-19,True,POSITIVE,16,SOURCE_G_REVIEWS,reviews_2023.csv,2023-05-19T03:42:41.986352268,BATCH-G-20230519
REV-00073864,SKU-0007135,user_69960,Peter,3,"Not bad, not great either.",2023-01-09,True,NEUTRAL,0,SOURCE_G_REVIEWS,reviews_2023.csv,2023-01-10T03:05:24.744999154,BATCH-G-20230109
REV-00073881,SKU-0003159,user_43305,Michele Hill,5,Better than I expected for the price. 🔥,2023-08-10,True,POSITIVE,1,SOURCE_G_REVIEWS,reviews_2023.csv,2023-08-10T21:05:09.900313104,BATCH-G-20230810
REV-00073910,SKU-0005524,user_9025573,Michelle James,3,"Average quality, nothing special.",2023-02-27,False,NEUTRAL,0,SOURCE_G_REVIEWS,reviews_2023.csv,2023-02-28T03:39:00.129247744,BATCH-G-20230227
REV-00073911,SKU-0012811,user_9034499,Stacey Dominguez,4,"Perfect gift, they loved it! 😀😀",2023-11-08,False,POSITIVE,2,SOURCE_G_REVIEWS,reviews_2023.csv,2023-11-08T08:01:14.888771662,BATCH-G-20231108
REV-00073913,SKU-0012257,user_36238,Jessica Jordan,4,Will definitely buy again.,2023-05-12,False,POSITIVE,0,SOURCE_G_REVIEWS,reviews_2023.csv,2023-05-12T17:03:07.023710831,BATCH-G-20230512
REV-00073914,SKU-0018935,user_41165,Jason Greene,5,Excellent rapport qualité-prix. Fast delivery and great quality.,2023-01-20,False,POSITIVE,1,SOURCE_G_REVIEWS,reviews_2023.csv,2023-01-20T01:07:58.306279599,BATCH-G-20230120
REV-00073941,SKU-0001169,user_8032,Jim Gregory,4,Highly recommend this product.,2023-12-29,True,POSITIVE,0,SOURCE_G_REVIEWS,reviews_2023.csv,2023-12-30T00:43:39.931896098,BATCH-G-20231229
REV-00073942,SKU-0010462,,Anonymous,5,"Absolutely love it, works perfectly!",2023-11-07,True,POSITIVE,4,SOURCE_G_REVIEWS,reviews_2023.csv,2023-11-07T09:12:51.218329914,BATCH-G-20231107
REV-00073943,SKU-0003435,,Anonymous,5,Will definitely buy again.,2023-12-18,False,POSITIVE,1,SOURCE_G_REVIEWS,reviews_2023.csv,2023-12-18T03:29:10.532463739,BATCH-G-20231218
REV-00073944,SKU-0009306,user_66488,Alexis Perkins,4,"Livraison très lente, déçu.",2023-10-03,True,POSITIVE,1,SOURCE_G_REVIEWS,reviews_2023.csv,2023-10-04T05:43:32.972206874,BATCH-G-20231003
REV-00073950,SKU-0016257,user_68368,Eric Fischer,1,Wrong item was shipped to me.,2023-04-15,True,NEGATIVE,0,SOURCE_G_REVIEWS,reviews_2023.csv,2023-04-15T07:15:12.635013244,BATCH-G-20230415
REV-00073951,SKU-0011205,user_55600,Robin Castro,3,"Not bad, not great either.",2023-07-25,True,NEUTRAL,5,SOURCE_G_REVIEWS,reviews_2023.csv,2023-07-25T10:48:25.300209282,BATCH-G-20230725
REV-00073952,SKU-9907704,user_36607,Amy,5,Will definitely buy again.,2023-11-27,False,POSITIVE,0,SOURCE_G_REVIEWS,reviews_2023.csv,2023-11-28T03:23:26.318261177,BATCH-G-20231127
REV-00074006,SKU-0010368,user_9034289,Brian,4,Works fine but delivery was slow.,2023-02-27,True,NEUTRAL,0,SOURCE_G_REVIEWS,reviews_2023.csv,2023-02-28T02:12:24.130021434,BATCH-G-20230227
REV-00074014,SKU-9981574,user_33182,Megan,?,"Absolutely love it, works perfectly!",2023-11-12,False,POSITIVE,1,SOURCE_G_REVIEWS,reviews_2023.csv,2023-11-12T16:31:06.536097780,BATCH-G-20231112
REV-00074015,SKU-0006910,,Anonymous,4,Fast delivery and great quality.,2023-05-01,False,POSITIVE,15,SOURCE_G_REVIEWS,reviews_2023.csv,2023-05-01T09:22:54.169128155,BATCH-G-20230501
REV-00074018,SKU-0018440,user_32579,John,1,Arrived damaged and support was unhelpful.,2023-06-29,True,NEGATIVE,1,SOURCE_G_REVIEWS,reviews_2023.csv,2023-06-29T07:23:22.772835483,BATCH-G-20230629
REV-00074023,SKU-0002756,user_9022612,Juan Freeman,6,Fast delivery and great quality.,2023-09-07,True,POSITIVE,1,SOURCE_G_REVIEWS,reviews_2023.csv,2023-09-07T09:56:32.649927436,BATCH-G-20230907
REV-00074023-BOT,SKU-0002756,user_28654,Daniel,6,Fast delivery and great quality.,2023-09-07,False,POSITIVE,0,SOURCE_G_REVIEWS,reviews_2023.csv,2023-09-07T09:56:32.649927436,BATCH-G-20230907
REV-00074028,SKU-0020190,user_9020194,Catherine Davis,3,"Matches the description, no issues.",2023-03-02,False,NEUTRAL,4,SOURCE_G_REVIEWS,reviews_2023.csv,2023-03-02T12:06:07.358894932,BATCH-G-20230302
REV-00074038,SKU-0007567,,Anonymous,4,,2023-06-12,False,POSITIVE,0,SOURCE_G_REVIEWS,reviews_2023.csv,2023-06-12T17:10:05.795064586,BATCH-G-20230612
REV-00074040,SKU-0013204,user_9012043,Christopher Mason,3,"Muy buen producto, lo recomiendo.",2023-08-08,False,NEUTRAL,2,SOURCE_G_REVIEWS,reviews_2023.csv,2023-08-08T11:08:41.746474039,BATCH-G-20230808
REV-00074055,SKU-0004995,user_9018246,Jacob,unknown,Great value for money.,2023-11-26,True,POSITIVE,2,SOURCE_G_REVIEWS,reviews_2023.csv,2023-11-27T05:10:42.116692731,BATCH-G-20231126
REV-00074063,SKU-0018491,user_9001266,Sean Willis,3,"Not bad, not great either.",2023-04-11,True,NEUTRAL,12,SOURCE_G_REVIEWS,reviews_2023.csv,2023-04-11T07:34:54.106163766,BATCH-G-20230411
REV-00074070,SKU-0004202,,Anonymous,3,"Average quality, nothing special.",2023-06-18,True,NEUTRAL,0,SOURCE_G_REVIEWS,reviews_2023.csv,2023-06-18T12:47:40.269144282,BATCH-G-20230618
REV-00074071,SKU-9949224,,Anonymous,4,"Solid build quality, no complaints.",2023-10-03,True,POSITIVE,9,SOURCE_G_REVIEWS,reviews_2023.csv,2023-10-03T10:39:14.584981073,BATCH-G-20231003
REV-00074078,SKU-0012832,,Anonymous,0,Will definitely buy again.,2023-09-13,False,POSITIVE,1,SOURCE_G_REVIEWS,reviews_2023.csv,2023-09-14T05:38:17.187774814,BATCH-G-20230913
REV-00074080,SKU-0004648,user_9012071,Michelle Aguilar,5,Great value for money.,2023-07-05,False,POSITIVE,4,SOURCE_G_REVIEWS,reviews_2023.csv,2023-07-05T12:06:34.933238404,BATCH-G-20230705
REV-00074087,SKU-0003084,user_9023013,Angie,3,"Average quality, nothing special.",2023-01-29,True,NEUTRAL,0,SOURCE_G_REVIEWS,reviews_2023.csv,2023-01-29T00:44:49.209955220,BATCH-G-20230129
REV-00074093,SKU-0015170,user_9028660,Adam Gonzalez,5,"Solid build quality, no complaints. ⭐",2023-11-24,False,POSITIVE,1,SOURCE_G_REVIEWS,reviews_2023.csv,2023-11-24T21:32:54.904195448,BATCH-G-20231124
REV-00074096,SKU-0000393,user_9023379,Andrew,5,Will definitely buy again.,2023-12-22,True,POSITIVE,0,SOURCE_G_REVIEWS,reviews_2023.csv,2023-12-22T18:13:38.054687721,BATCH-G-20231222
REV-00074098,SKU-0013895,user_4141,Emily Sanders,1,Very disappointed with the quality. 🙏,2023-04-09,False,NEGATIVE,14,SOURCE_G_REVIEWS,reviews_2023.csv,2023-04-09T15:56:36.492837306,BATCH-G-20230409
REV-00074100,SKU-0017382,user_51698,Barry Silva,4,Highly recommend this product.,2023-04-01,False,POSITIVE,0,SOURCE_G_REVIEWS,reviews_2023.csv,2023-04-01T13:01:46.474835369,BATCH-G-20230401
REV-00074101,SKU-0005238,,Anonymous,5,"Perfect gift, they loved it! 👍",2023-11-27,True,POSITIVE,14,SOURCE_G_REVIEWS,reviews_2023.csv,2023-11-27T00:46:41.915214436,BATCH-G-20231127
REV-00074104,SKU-0002110,,Anonymous,4,Highly recommend this product.,2023-12-15,False,POSITIVE,2,SOURCE_G_REVIEWS,reviews_2023.csv,2023-12-15T21:08:27.231873032,BATCH-G-20231215
REV-00074108,SKU-0012270,user_9003972,Eduardo Vang,5,Fast delivery and great quality.,2023-08-02,True,POSITIVE,4,SOURCE_G_REVIEWS,reviews_2023.csv,2023-08-02T18:36:22.599324297,BATCH-G-20230802
REV-00074112,SKU-0007173,user_9019190,Alicia Taylor,5,Better than I expected for the price. 😀🔥,2023-01-16,True,POSITIVE,0,SOURCE_G_REVIEWS,reviews_2023.csv,2023-01-17T02:18:18.025277208,BATCH-G-20230116
REV-00074135,SKU-0016979,user_9024092,Desiree Smith,4,"<p>Muy buen producto, lo recomiendo. Exceeded my expectations.<i>edited</i>",2023-08-08,True,POSITIVE,0,SOURCE_G_REVIEWS,reviews_2023.csv,2023-08-08T08:03:09.468045420,BATCH-G-20230808
REV-00074136,SKU-0000581,user_9010199,Anthony Lee,5,   Fast  delivery  and  great  quality.   ,2023-09-05,True,POSITIVE,4,SOURCE_G_REVIEWS,reviews_2023.csv,2023-09-05T17:34:27.134535344,BATCH-G-20230905
REV-00074137,SKU-0011273,,Anonymous,4,"Perfect gift, they loved it!",2023-06-16,True,POSITIVE,0,SOURCE_G_REVIEWS,reviews_2023.csv,2023-06-16T16:53:15.681623932,BATCH-G-20230616
REV-00074144,SKU-9981363,user_9011824,Patrick,2,गुणवत्ता ठीक नहीं थी।,2023-06-05,False,NEGATIVE,0,SOURCE_G_REVIEWS,reviews_2023.csv,2023-06-06T04:28:49.368518093,BATCH-G-20230605
REV-00074145,SKU-0017960,user_6602,Jessica,4,"Perfect gift, they loved it!",2023-11-08,False,POSITIVE,3,SOURCE_G_REVIEWS,reviews_2023.csv,2023-11-08T20:30:03.337380390,BATCH-G-20231108
REV-00074150,SKU-9952250,user_9020596,Darren Sherman,4,"Perfect gift, they loved it!",2023-07-13,True,POSITIVE,0,SOURCE_G_REVIEWS,reviews_2023.csv,2023-07-13T11:19:30.285493298,BATCH-G-20230713
REV-00074151,SKU-0009759,user_9021108,Christopher Vega,4,"   Exactly  as  described,  very  happy.   ",2023-08-06,False,POSITIVE,5,SOURCE_G_REVIEWS,reviews_2023.csv,2023-08-06T14:32:45.935859331,BATCH-G-20230806
REV-00074157,SKU-0016139,user_12247,Alyssa Moore,3,Excellent rapport qualité-prix.,2023-08-04,True,NEUTRAL,3,SOURCE_G_REVIEWS,reviews_2023.csv,2023-08-04T02:06:27.218898192,BATCH-G-20230804
REV-00074161,SKU-0019912,user_69793,Joseph Garcia,4,Better than I expected for the price.,2023-01-21,False,POSITIVE,1,SOURCE_G_REVIEWS,reviews_2023.csv,2023-01-21T23:44:20.597445600,BATCH-G-20230121
REV-00074167,SKU-0006236,user_59162,Cathy Erickson,4,"Perfect gift, they loved it! 😢",2023-11-28,False,POSITIVE,1,SOURCE_G_REVIEWS,reviews_2023.csv,2023-11-29T00:36:11.016456557,BATCH-G-20231128
REV-00074174,SKU-0004569,user_9004887,Kimberly Campos,5,"Absolutely love it, works perfectly!",2023-10-24,False,POSITIVE,3,SOURCE_G_REVIEWS,reviews_2023.csv,2023-10-24T15:02:43.463227492,BATCH-G-20231024
REV-00074199,SKU-0002126,user_9013677,Lauren Montes,5,"Absolutely love it, works perfectly! 🙏😡",2023-06-17,False,POSITIVE,8,SOURCE_G_REVIEWS,reviews_2023.csv,2023-06-17T09:04:33.372438380,BATCH-G-20230617
REV-00074201,SKU-0019644,user_9019769,Aaron Cook,2,"Waste of money, do not buy.",2023-11-27,True,NEGATIVE,3,SOURCE_G_REVIEWS,reviews_2023.csv,2023-11-27T20:32:25.139241105,BATCH-G-20231127
REV-00074202,SKU-0015622,user_9030248,Joanna,0,Excellent rapport qualité-prix.,2023-07-05,False,NEGATIVE,0,SOURCE_G_REVIEWS,reviews_2023.csv,2023-07-13T13:00:00,BATCH-G-20230705
REV-00074213,SKU-0016770,user_9031484,Christopher Bryant,4,"Absolutely love it, works perfectly!",2023-02-24,False,POSITIVE,2,SOURCE_G_REVIEWS,reviews_2023.csv,2023-02-24T08:16:52.749802984,BATCH-G-20230224
REV-00074218,SKU-0014478,user_54923,Belinda,3,Decent but overpriced a bit.,2023-02-22,True,NEUTRAL,2,SOURCE_G_REVIEWS,reviews_2023.csv,2023-02-22T18:07:14.434797230,BATCH-G-20230222
REV-00074223,SKU-0015345,user_9022569,Mary,1,"Poor packaging, item was defective.",2023-10-21,True,NEGATIVE,5,SOURCE_G_REVIEWS,reviews_2023.csv,2023-10-21T05:55:50.680292705,BATCH-G-20231021
REV-00074248,SKU-0006726,user_32406,Scott,4,"Exactly as described, very happy.",2023-11-09,True,POSITIVE,0,SOURCE_G_REVIEWS,reviews_2023.csv,2023-11-09T19:39:53.793033208,BATCH-G-20231109
REV-00074267,SKU-0019648,user_6826,Deborah Johnston,3,"It's okay, does the job.",2023-03-03,True,NEUTRAL,2,SOURCE_G_REVIEWS,reviews_2023.csv,2023-03-03T03:40:42.704648,BATCH-G-20230303
REV-00074271,SKU-0016589,user_5957,Jo Pennington,5,Great value for money.,2023-08-17,False,POSITIVE,2,SOURCE_G_REVIEWS,reviews_2023.csv,2023-08-17T22:20:38.514265533,BATCH-G-20230817
REV-00074287,SKU-0003278,,Anonymous,5,Fast delivery and great quality.,2023-05-15,True,POSITIVE,9,SOURCE_G_REVIEWS,reviews_2023.csv,2023-05-15T09:19:15.049213347,BATCH-G-20230515
REV-00074293,SKU-0004801,user_9023863,Heidi Wade,4,"Exactly as described, very happy.",2023-08-31,True,POSITIVE,2,SOURCE_G_REVIEWS,reviews_2023.csv,2023-08-31T14:31:18.133964185,BATCH-G-20230831
REV-00074322,SKU-0008338,user_33671,Dustin Larsen,5,"Exactly as described, very happy.",2023-09-20,True,POSITIVE,0,SOURCE_G_REVIEWS,reviews_2023.csv,2023-09-20T06:09:38.966106339,BATCH-G-20230920
REV-00074330,SKU-0018548,,Anonymous,4,Fast delivery and great quality.,2023-10-26,True,POSITIVE,0,SOURCE_G_REVIEWS,reviews_2023.csv,2023-10-27T03:56:19.744282424,BATCH-G-20231026
REV-00074334,SKU-0011708,user_3600,Anne Freeman,5,Will definitely buy again.,2023-11-27,False,POSITIVE,0,SOURCE_G_REVIEWS,reviews_2023.csv,2023-11-27T05:24:48.093271889,BATCH-G-20231127
REV-00074338,SKU-0008568,user_45533,Cynthia,5,Better than I expected for the price.,2023-05-31,False,POSITIVE,1,SOURCE_G_REVIEWS,reviews_2023.csv,2023-06-01T05:11:14.301240119,BATCH-G-20230531
REV-00074340,SKU-0010986,user_28702,William Hendricks,3,Decent but overpriced a bit.,2023-07-15,False,NEUTRAL,0,SOURCE_G_REVIEWS,reviews_2023.csv,2023-07-15T02:06:01.103474480,BATCH-G-20230715
REV-00074354,SKU-9964145,user_63213,Amanda Wolf,5,Great value for money.,2023-12-08,True,POSITIVE,1,SOURCE_G_REVIEWS,reviews_2023.csv,2023-12-09T01:47:59.713192658,BATCH-G-20231208
REV-00074365,SKU-0007323,user_9015792,Kelly,4,"Perfect gift, they loved it!",2023-02-15,False,POSITIVE,4,SOURCE_G_REVIEWS,reviews_2023.csv,2023-02-15T22:49:20.187756409,BATCH-G-20230215
REV-00074381,SKU-9913557,,Anonymous,3,"Matches the description, no issues. 😡",2023-09-05,False,NEUTRAL,0,SOURCE_G_REVIEWS,reviews_2023.csv,2023-09-05T06:23:44.609064227,BATCH-G-20230905
REV-00074383,SKU-0014170,,Anonymous,5,"Absolutely love it, works perfectly!",2023-03-06,True,POSITIVE,1,SOURCE_G_REVIEWS,reviews_2023.csv,2023-03-06T05:29:00.486430688,BATCH-G-20230306
REV-00074390,SKU-0010778,user_9002659,Mitchell Lopez,5,"Solid build quality, no complaints.",2023-01-22,True,POSITIVE,2,SOURCE_G_REVIEWS,reviews_2023.csv,2023-01-22T15:31:24.186302666,BATCH-G-20230122
REV-00074410,SKU-0006433,user_9027498,William,4,Arrived damaged and support was unhelpful.,2023-07-09,False,NEGATIVE,2,SOURCE_G_REVIEWS,reviews_2023.csv,2023-07-09T20:41:11.907114353,BATCH-G-20230709
REV-00074411,SKU-0000749,user_9019285,Dillon, ,"Waste of money, do not buy.",2023-04-16,False,NEGATIVE,7,SOURCE_G_REVIEWS,reviews_2023.csv,2023-04-16T08:25:57.451640114,BATCH-G-20230416
REV-00074440,SKU-0000962,user_9020939,Tyler,2,Wrong item was shipped to me.,2023-02-26,True,NEGATIVE,1,SOURCE_G_REVIEWS,reviews_2023.csv,2023-02-27T03:24:11.477128209,BATCH-G-20230226
REV-00074466,SKU-0008272,user_9025017,Michelle Craig,1,"Waste of money, do not buy.",2023-10-26,True,NEGATIVE,2,SOURCE_G_REVIEWS,reviews_2023.csv,2023-10-26T14:32:14.909267695,BATCH-G-20231026
REV-00074480,SKU-0013872,user_69699,Jason,1,Arrived damaged and support was unhelpful.,2023-12-23,False,NEGATIVE,12,SOURCE_G_REVIEWS,reviews_2023.csv,2024-01-02T19:00:00,BATCH-G-20231223
REV-00074504,SKU-0017344,,Anonymous,Unknown,Very disappointed with the quality.,2023-02-20,True,NEGATIVE,5,SOURCE_G_REVIEWS,reviews_2023.csv,2023-02-21T05:04:04.661387546,BATCH-G-20230220
REV-00074520,SKU-0018897,user_69342,Jordan Sanchez,5,"Perfect gift, they loved it!",2023-10-29,False,POSITIVE,9,SOURCE_G_REVIEWS,reviews_2023.csv,2023-10-29T12:05:17.416935800,BATCH-G-20231029
REV-00074521,SKU-0003795,user_36956,Miguel Mendoza,4,Will definitely buy again.,2023-05-15,True,POSITIVE,1,SOURCE_G_REVIEWS,reviews_2023.csv,2023-05-15T22:14:11.680750344,BATCH-G-20230515
REV-00074536,SKU-0003386,,Anonymous,5,"Absolutely love it, works perfectly!",2023-12-24,False,POSITIVE,0,SOURCE_G_REVIEWS,reviews_2023.csv,2023-12-24T15:05:27.311146325,BATCH-G-20231224
REV-00074540,SKU-0014618,user_11894,Jerry Johnson,5,Fast delivery and great quality.,2023-04-21,True,POSITIVE,9,SOURCE_G_REVIEWS,reviews_2023.csv,2023-04-22T04:14:42.668442289,BATCH-G-20230421
REV-00074541,SKU-0005543,user_9022300,Julia Murray,5,Will definitely buy again.,2023-11-13,True,POSITIVE,1,SOURCE_G_REVIEWS,reviews_2023.csv,2023-11-13T11:48:56.566568225,BATCH-G-20231113
REV-00074546,SKU-0005093,user_9002893,Donna Newman,5,Exceeded my expectations.,2023-01-30,True,POSITIVE,3,SOURCE_G_REVIEWS,reviews_2023.csv,2023-01-30T03:58:32.291675680,BATCH-G-20230130
REV-00074552,SKU-0014345,user_64751,Robert,1,"बहुत अच्छा उत्पाद है, पैसा वसूल!",2023-11-28,True,NEUTRAL,1,SOURCE_G_REVIEWS,reviews_2023.csv,2023-11-28T17:40:32.686923750,BATCH-G-20231128
REV-00074560,SKU-0019629,user_9021885,Melanie Logan,2,"Poor packaging, item was defective.",2023-03-02,True,NEGATIVE,3,SOURCE_G_REVIEWS,reviews_2023.csv,2023-03-02T21:50:43.430962826,BATCH-G-20230302
REV-00074566,SKU-0016311,user_9001797,Amanda Holden,2,Unknown,2023-02-26,False,NEUTRAL,4,SOURCE_G_REVIEWS,reviews_2023.csv,2023-02-26T12:12:36.940397712,BATCH-G-20230226
REV-00074570,SKU-0002073,user_9002006,Tanner,4,"Perfect gift, they loved it!",2023-05-09,True,POSITIVE,0,SOURCE_G_REVIEWS,reviews_2023.csv,2023-05-09T03:16:00.556019453,BATCH-G-20230509
REV-00074576,SKU-0002183,user_9028961,Pamela Lee,3,"   It's  okay,  does  the  job.   ",2023-11-07,True,NEUTRAL,4,SOURCE_G_REVIEWS,reviews_2023.csv,2023-11-07T15:46:37.372662858,BATCH-G-20231107
REV-00074584,SKU-0006312,user_9017851,Manuel Salazar,3,"Not bad, not great either.",2023-10-08,False,NEUTRAL,1,SOURCE_G_REVIEWS,reviews_2023.csv,2023-10-08T15:37:32.352821796,BATCH-G-20231008
REV-00074594,SKU-0018417,,Anonymous,3,"Muy buen producto, lo recomiendo. Not bad, not great either.",2023-11-15,False,NEUTRAL,3,SOURCE_G_REVIEWS,reviews_2023.csv,2023-11-15T03:59:42.977967449,BATCH-G-20231115
REV-00074599,SKU-0019201,user_46378,Amber Dudley,4,   Better  than  I  expected  for  the  price.   ,2023-12-31,True,POSITIVE,10,SOURCE_G_REVIEWS,reviews_2023.csv,2023-12-31T08:57:08.644031561,BATCH-G-20231231
REV-00074602,SKU-0015293,user_9003422,Brittany,5,"Muy buen producto, lo recomiendo. Exactly as described, very happy.",2023-02-19,True,POSITIVE,0,SOURCE_G_REVIEWS,reviews_2023.csv,2023-02-20T05:51:47.238867924,BATCH-G-20230219
REV-00074611,SKU-0002832,user_9014397,Diana Gallagher,5,"Perfect gift, they loved it!",2023-08-07,True,POSITIVE,5,SOURCE_G_REVIEWS,reviews_2023.csv,2023-08-08T00:25:30.850054837,BATCH-G-20230807
REV-00074621,SKU-0015033,,Anonymous,4,Will definitely buy again.,2023-02-03,True,POSITIVE,2,SOURCE_G_REVIEWS,reviews_2023.csv,2023-02-04T02:46:55.813137503,BATCH-G-20230203
REV-00074622,SKU-0004622,user_9022676,Judy Parsons,5,"   Exactly  as  described,  very  happy.   ",2023-12-17,False,POSITIVE,1,SOURCE_G_REVIEWS,reviews_2023.csv,2023-12-17T03:14:37.146770446,BATCH-G-20231217
REV-00074634,SKU-0019086,user_778,Victor Craig,5,"<br>Solid build quality, no complaints.<p>",2023-03-21,False,POSITIVE,3,SOURCE_G_REVIEWS,reviews_2023.csv,2023-03-21T16:38:58.430312704,BATCH-G-20230321
REV-00074640,SKU-0017650,user_34519,Travis Douglas,5,"Exactly as described, very happy.",2023-09-24,True,POSITIVE,0,SOURCE_G_REVIEWS,reviews_2023.csv,2023-09-24T16:02:08.510797759,BATCH-G-20230924
REV-00074660,SKU-0000888,user_51097,Justin,,Exceeded my expectations.,2023-03-17,True,POSITIVE,0,SOURCE_G_REVIEWS,reviews_2023.csv,2023-03-17T11:09:11.514547190,BATCH-G-20230317
REV-00074661,SKU-0003997,user_9015522,Jason King,4,Will definitely buy again.,2023-02-03,False,POSITIVE,0,SOURCE_G_REVIEWS,reviews_2023.csv,2023-02-03T01:05:07.694187170,BATCH-G-20230203
REV-00074664,SKU-0008456,user_9005416,Patrick Wilson,5,Will definitely buy again.,2023-10-11,True,POSITIVE,0,SOURCE_G_REVIEWS,reviews_2023.csv,2023-10-11T21:21:22.232082061,BATCH-G-20231011
REV-00074674,SKU-0000038,user_9033568,Jordan,5,Highly recommend this product.,2023-03-26,True,POSITIVE,1,SOURCE_G_REVIEWS,reviews_2023.csv,2023-03-26T21:20:26.003577020,BATCH-G-20230326
REV-00074675,SKU-0000879,user_22761,Samantha Williams,4,Highly recommend this product.,2023-03-29,True,POSITIVE,1,SOURCE_G_REVIEWS,reviews_2023.csv,2023-03-30T05:19:55.813542459,BATCH-G-20230329
REV-00074680,SKU-0004738,user_9026265,Joe Forbes,5,Exceeded my expectations.,2023-09-28,True,POSITIVE,3,SOURCE_G_REVIEWS,reviews_2023.csv,2023-09-29T01:35:24.551213767,BATCH-G-20230928
REV-00074691,SKU-0008993,,Anonymous,Unknown,Great value for money.,2023-11-04,False,POSITIVE,3,SOURCE_G_REVIEWS,reviews_2023.csv,2023-11-04T17:56:37.049739977,BATCH-G-20231104
REV-00074692,SKU-0001743,user_41816,Crystal Larson,4,"बहुत अच्छा उत्पाद है, पैसा वसूल!",2023-03-13,True,POSITIVE,4,SOURCE_G_REVIEWS,reviews_2023.csv,2023-03-13T10:35:00.955992913,BATCH-G-20230313
REV-00074695,SKU-0011973,user_54197,Leslie Burns,2,"Livraison très lente, déçu.",2023-04-10,True,NEGATIVE,4,SOURCE_G_REVIEWS,reviews_2023.csv,2023-04-10T14:57:07.420225421,BATCH-G-20230410
REV-00074696,SKU-0018842,user_60090,Gregory Hart,5,Will definitely buy again.,2023-05-19,True,POSITIVE,5,SOURCE_G_REVIEWS,reviews_2023.csv,2023-05-19T22:25:02.331221566,BATCH-G-20230519
REV-00074700,SKU-0010777,user_9008980,Tiffany,5,Great value for money.,2023-01-09,True,POSITIVE,3,SOURCE_G_REVIEWS,reviews_2023.csv,2023-01-09T20:39:24.934517275,BATCH-G-20230109
REV-00074701,SKU-0016470,user_9019453,Melissa,4,Great value for money.,2023-10-25,False,POSITIVE,1,SOURCE_G_REVIEWS,reviews_2023.csv,2023-10-26T03:02:47.605076537,BATCH-G-20231025
REV-00074706,SKU-0017131,user_9004983,Alicia,3,"Not bad, not great either.",2023-07-07,False,NEUTRAL,18,SOURCE_G_REVIEWS,reviews_2023.csv,2023-07-07T17:04:23.412916987,BATCH-G-20230707
REV-00074708,SKU-0012471,user_9004512,Victoria,2,"<p>Waste of money, do not buy. 🙏&nbsp;",2023-01-18,False,NEGATIVE,2,SOURCE_G_REVIEWS,reviews_2023.csv,2023-01-18T06:50:19.680030932,BATCH-G-20230118
REV-00074711,SKU-0002161,,Anonymous,4,Exceeded my expectations.,2023-05-26,False,POSITIVE,0,SOURCE_G_REVIEWS,reviews_2023.csv,2023-05-26T08:41:19.868393710,BATCH-G-20230526
REV-00074713,SKU-0019307,,Anonymous,5,"बहुत अच्छा उत्पाद है, पैसा वसूल!",2023-04-30,True,POSITIVE,3,SOURCE_G_REVIEWS,reviews_2023.csv,2023-04-30T19:57:27.512355895,BATCH-G-20230430
REV-00074716,SKU-0000848,user_9033534,Susan Kim,4,Great value for money.,2023-09-10,True,POSITIVE,4,SOURCE_G_REVIEWS,reviews_2023.csv,2023-09-10T06:21:45.718756929,BATCH-G-20230910
REV-00074718,SKU-0012973,user_9018343,Sarah Williams,5,"Muy buen producto, lo recomiendo.",2023-05-27,False,POSITIVE,14,SOURCE_G_REVIEWS,reviews_2023.csv,2023-05-27T11:56:25.256899443,BATCH-G-20230527
REV-00074721,SKU-0012737,user_68694,Michael,5,"Exactly as described, very happy.",2023-11-27,True,POSITIVE,2,SOURCE_G_REVIEWS,reviews_2023.csv,2023-11-27T19:20:40.297144474,BATCH-G-20231127
REV-00074722,SKU-0003879,user_43326,Robert Cantu,4,"Exactly as described, very happy.",2023-06-14,True,POSITIVE,5,SOURCE_G_REVIEWS,reviews_2023.csv,2023-06-14T05:55:06.211289060,BATCH-G-20230614
REV-00074723,SKU-0018842,user_9020894,James Dougherty,5,Will definitely buy again.,2023-09-29,False,POSITIVE,2,SOURCE_G_REVIEWS,reviews_2023.csv,2023-09-29T11:50:44.647399081,BATCH-G-20230929
REV-00074735,SKU-0009973,user_9014510,Maria, ,Works fine but delivery was slow.,2023-12-10,True,NEUTRAL,2,SOURCE_G_REVIEWS,reviews_2023.csv,2023-12-10T21:07:21.565586631,BATCH-G-20231210
REV-00074743,SKU-0003331,,Anonymous,5,Highly recommend this product.,2023-10-15,False,POSITIVE,4,SOURCE_G_REVIEWS,reviews_2023.csv,2023-10-15T10:46:15.722930523,BATCH-G-20231015
REV-00074754,SKU-0004573,user_9018290,Angelica Hudson,2,"Poor packaging, item was defective.",2023-08-17,False,NEGATIVE,8,SOURCE_G_REVIEWS,reviews_2023.csv,2023-08-17T14:33:19.386138129,BATCH-G-20230817
REV-00074759,SKU-0016610,,Anonymous,4,Will definitely buy again.,2023-01-08,False,POSITIVE,3,SOURCE_G_REVIEWS,reviews_2023.csv,2023-01-08T03:54:20.816979504,BATCH-G-20230108
REV-00074793,SKU-0011917,user_9004754,Susan,5,"Absolutely love it, works perfectly!",2023-02-20,True,POSITIVE,3,SOURCE_G_REVIEWS,reviews_2023.csv,2023-02-20T09:49:46.448413922,BATCH-G-20230220
REV-00074796,SKU-0003848,user_9010835,Michelle Harris,5,"Absolutely love it, works perfectly!",2023-04-14,True,POSITIVE,1,SOURCE_G_REVIEWS,reviews_2023.csv,2023-04-14T06:10:11.835234565,BATCH-G-20230414
REV-00074815,SKU-0010489,user_9015758,Michael Sanchez,1,"Waste of money, do not buy.",2023-03-03,False,NEGATIVE,0,SOURCE_G_REVIEWS,reviews_2023.csv,2023-03-03T07:33:35.650316935,BATCH-G-20230303
REV-00074820,SKU-0019438,,Anonymous,1,Stopped working after a week.,2023-11-18,True,NEGATIVE,0,SOURCE_G_REVIEWS,reviews_2023.csv,2023-11-18T19:39:24.341411025,BATCH-G-20231118
REV-00074832,SKU-0019602,user_38017,Jennifer Guzman,3,"Average quality, nothing special.",2023-12-19,True,NEUTRAL,0,SOURCE_G_REVIEWS,reviews_2023.csv,2023-12-19T13:32:35.946130793,BATCH-G-20231219
REV-00074841,SKU-0013416,,Anonymous,2,Not as described at all.,2023-09-13,True,NEGATIVE,1,SOURCE_G_REVIEWS,reviews_2023.csv,2023-09-13T22:20:46.205370906,BATCH-G-20230913
REV-00074861,SKU-0019927,user_9029591,Joseph Bowen,4,"Absolutely love it, works perfectly!",2023-12-04,True,POSITIVE,1,SOURCE_G_REVIEWS,reviews_2023.csv,2023-12-04T23:28:20.001610308,BATCH-G-20231204
REV-00074866,SKU-0010339,user_41210,Angela,5,Fast delivery and great quality.,2023-06-20,True,POSITIVE,2,SOURCE_G_REVIEWS,reviews_2023.csv,2023-06-20T07:43:25.618620783,BATCH-G-20230620
REV-00074871,SKU-0001713,,Anonymous,1,"<b>Update:</b>Matches the description, no issues.<p>",2023-12-11,True,NEUTRAL,2,SOURCE_G_REVIEWS,reviews_2023.csv,2023-12-11T10:38:44.864632950,BATCH-G-20231211
REV-00074873,SKU-0013142,user_9020097,Lucas Summers,4,"Solid build quality, no complaints.",2023-09-08,False,POSITIVE,6,SOURCE_G_REVIEWS,reviews_2023.csv,2023-09-08T15:15:36.884066352,BATCH-G-20230908
REV-00074888,SKU-0011608,user_9031221,Steven Martin,3,"Average quality, nothing special.",2023-09-17,True,NEUTRAL,6,SOURCE_G_REVIEWS,reviews_2023.csv,2023-09-17T21:40:23.113215897,BATCH-G-20230917
REV-00074903,SKU-0009403,user_52781,Matthew,5,Highly recommend this product.,2023-10-14,True,POSITIVE,1,SOURCE_G_REVIEWS,reviews_2023.csv,2023-10-14T10:52:33.302200462,BATCH-G-20231014
REV-00074904,SKU-0005555,user_21884,Alyssa Jones,4,Great value for money.,2023-06-21,True,POSITIVE,1,SOURCE_G_REVIEWS,reviews_2023.csv,2023-06-21T21:33:17.183376847,BATCH-G-20230621
REV-00074910,SKU-9982978,,Anonymous,3,Works fine but delivery was slow.,2023-12-24,True,NEUTRAL,3,SOURCE_G_REVIEWS,reviews_2023.csv,2023-12-24T04:10:43.767455354,BATCH-G-20231224
REV-00074919,SKU-0013292,user_26437,Joshua Vazquez,5,Better than I expected for the price.,2023-02-05,True,POSITIVE,5,SOURCE_G_REVIEWS,reviews_2023.csv,2023-02-05T11:58:35.423048544,BATCH-G-20230205
REV-00074921,SKU-0008865,user_9007464,Jesse,5,Will definitely buy again.,2023-09-26,True,POSITIVE,7,SOURCE_G_REVIEWS,reviews_2023.csv,2023-09-26T01:54:16.848622883,BATCH-G-20230926
REV-00074926,SKU-0011281,user_67556,Lisa Jefferson,5,"Livraison très lente, déçu. Fast delivery and great quality.",2023-12-07,False,POSITIVE,1,SOURCE_G_REVIEWS,reviews_2023.csv,2023-12-07T10:13:03.795541684,BATCH-G-20231207
REV-00074929,SKU-0011868,user_9029571,Kimberly Ray,5,Will definitely buy again.,2023-07-09,False,POSITIVE,0,SOURCE_G_REVIEWS,reviews_2023.csv,2023-07-10T02:09:45.698149977,BATCH-G-20230709
REV-00074930,SKU-0001807,,Anonymous,5,Better than I expected for the price.,2023-04-27,False,POSITIVE,3,SOURCE_G_REVIEWS,reviews_2023.csv,2023-04-28T05:17:08.565187886,BATCH-G-20230427
REV-00074931,SKU-0002365,user_9021103,Zachary Chavez,1,Stopped working after a week.,2023-03-27,True,NEGATIVE,23,SOURCE_G_REVIEWS,reviews_2023.csv,2023-03-27T12:41:06.114525109,BATCH-G-20230327
REV-00074935,SKU-0000140,user_17276,Mrs.,4,Will definitely buy again.,2023-09-05,False,POSITIVE,0,SOURCE_G_REVIEWS,reviews_2023.csv,2023-09-05T12:22:17.166526500,BATCH-G-20230905
REV-00074944,SKU-0007087,user_9019400,Kristen Johnson,1,"Muy buen producto, lo recomiendo.",2023-05-03,False,NEGATIVE,2,SOURCE_G_REVIEWS,reviews_2023.csv,2023-05-03T05:42:12.930097365,BATCH-G-20230503
REV-00074948,SKU-0004796,user_9024525,Richard Baker,4,Fast delivery and great quality.,2023-03-19,False,POSITIVE,14,SOURCE_G_REVIEWS,reviews_2023.csv,2023-03-19T05:48:17.196177048,BATCH-G-20230319
REV-00074955,SKU-0014887,user_9010025,Jason Rivera,4,Fast delivery and great quality.,2023-06-05,True,POSITIVE,4,SOURCE_G_REVIEWS,reviews_2023.csv,2023-06-05T14:58:07.525680754,BATCH-G-20230605
REV-00074957,SKU-9931065,user_37016,Angela,3,"Matches the description, no issues.",2023-06-24,True,NEUTRAL,5,SOURCE_G_REVIEWS,reviews_2023.csv,2023-06-24T05:21:17.231507428,BATCH-G-20230624
REV-00074959,SKU-0008463,,Anonymous,5,Highly recommend this product.,2023-03-01,True,POSITIVE,0,SOURCE_G_REVIEWS,reviews_2023.csv,2023-03-01T15:28:58.204593478,BATCH-G-20230301
REV-00074960,SKU-0008107,user_60669,Kenneth Webb,4,"Exactly as described, very happy.",2023-10-31,True,POSITIVE,5,SOURCE_G_REVIEWS,reviews_2023.csv,2023-10-31T02:58:29.272391017,BATCH-G-20231031
REV-00074966,SKU-0013910,,Anonymous,2,Very disappointed with the quality.,2023-01-09,True,NEGATIVE,1,SOURCE_G_REVIEWS,reviews_2023.csv,2023-01-09T02:56:20.752554166,BATCH-G-20230109
REV-00074970,SKU-0018257,,Anonymous,4,   Fast  delivery  and  great  quality.   ,2023-10-25,False,POSITIVE,2,SOURCE_G_REVIEWS,reviews_2023.csv,2023-10-25T08:03:17.658240874,BATCH-G-20231025
REV-00074977,SKU-0016334,user_9002629,Amy,5,"Absolutely love it, works perfectly!",2023-02-08,True,POSITIVE,1,SOURCE_G_REVIEWS,reviews_2023.csv,2023-02-08T23:33:06.455428337,BATCH-G-20230208
REV-00074994,SKU-0018582,,Anonymous,5,Better than I expected for the price.,2023-03-31,True,POSITIVE,1,SOURCE_G_REVIEWS,reviews_2023.csv,2023-03-31T15:48:40.029119300,BATCH-G-20230331
REV-00075014,SKU-0010921,user_9012855,Herbert,3,"Not bad, not great either. 🔥",2023-08-08,False,NEUTRAL,0,SOURCE_G_REVIEWS,reviews_2023.csv,2023-08-09T00:57:04.988277851,BATCH-G-20230808
REV-00075015,SKU-0007996,user_9008614,Amanda,5,Better than I expected for the price.,2023-07-11,False,POSITIVE,3,SOURCE_G_REVIEWS,reviews_2023.csv,2023-07-12T02:42:26.441408679,BATCH-G-20230711
REV-00075018,SKU-0000403,,Anonymous,5,"Perfect gift, they loved it!",2023-03-11,False,POSITIVE,1,SOURCE_G_REVIEWS,reviews_2023.csv,2023-03-11T13:30:34.640022266,BATCH-G-20230311
REV-00075023,SKU-0011781,user_9000548,Rebecca,5,"   Exactly  as  described,  very  happy.   ",2023-01-17,True,POSITIVE,10,SOURCE_G_REVIEWS,reviews_2023.csv,2023-01-17T07:30:49.367490787,BATCH-G-20230117
REV-00075028,SKU-0007105,user_1579,Brandon Phillips,5,Great value for money.,2023-11-28,True,POSITIVE,2,SOURCE_G_REVIEWS,reviews_2023.csv,2023-11-29T00:42:09.358604020,BATCH-G-20231128
REV-00075041,SKU-0005466,,Anonymous,NA,Will definitely buy again.,2023-03-26,False,POSITIVE,1,SOURCE_G_REVIEWS,reviews_2023.csv,2023-03-26T22:34:44.183052690,BATCH-G-20230326
REV-00075043,SKU-0016078,,Anonymous,4,"<p>Perfect gift, they loved it!<i>edited</i>",2023-03-27,True,POSITIVE,2,SOURCE_G_REVIEWS,reviews_2023.csv,2023-03-27T11:10:53.844625884,BATCH-G-20230327
REV-00075061,SKU-0002450,user_31131,Mitchell Parrish,5,"Exactly as described, very happy.",2023-05-19,False,POSITIVE,3,SOURCE_G_REVIEWS,reviews_2023.csv,2023-05-19T03:29:08.852356894,BATCH-G-20230519
REV-00075062,SKU-0018994,,Anonymous,2,"Poor packaging, item was defective.",2023-12-11,False,NEGATIVE,8,SOURCE_G_REVIEWS,reviews_2023.csv,2023-12-11T20:09:37.368965583,BATCH-G-20231211
REV-00075065,SKU-0002645,user_23113,Matthew Arias,3,Works fine but delivery was slow.,2023-04-17,True,NEUTRAL,7,SOURCE_G_REVIEWS,reviews_2023.csv,2023-04-18T03:15:36.567064862,BATCH-G-20230417
REV-00075072,SKU-0012026,user_9010987,Paul,4,"Perfect gift, they loved it!",2023-05-18,False,POSITIVE,3,SOURCE_G_REVIEWS,reviews_2023.csv,2023-05-18T06:45:41.532633039,BATCH-G-20230518
REV-00075074,SKU-0011246,user_53183,Marvin Wallace,5,"Solid build quality, no complaints.",2023-07-18,True,POSITIVE,2,SOURCE_G_REVIEWS,reviews_2023.csv,2023-07-18T11:10:03.750872298,BATCH-G-20230718
REV-00075075,SKU-0011089,user_57698,Ronald Bryant,4,Highly recommend this product.,2023-07-03,True,POSITIVE,5,SOURCE_G_REVIEWS,reviews_2023.csv,2023-07-03T11:15:02.683104551,BATCH-G-20230703
REV-00075104,SKU-9947040,user_9024197,Jacob,3,"Not bad, not great either.",2023-09-26,False,NEUTRAL,1,SOURCE_G_REVIEWS,reviews_2023.csv,2023-09-26T05:24:36.690055408,BATCH-G-20230926
REV-00075112,SKU-0014930,user_57390,Austin Ward,3,"   Average  quality,  nothing  special.   ",2023-12-18,False,NEUTRAL,1,SOURCE_G_REVIEWS,reviews_2023.csv,2023-12-19T03:13:18.806094818,BATCH-G-20231218
REV-00075114,SKU-0016056,user_9000423,Robert,4,"Perfect gift, they loved it!",2023-11-22,True,POSITIVE,1,SOURCE_G_REVIEWS,reviews_2023.csv,2023-11-22T01:26:49.913232643,BATCH-G-20231122
REV-00075126,SKU-9988044,user_9004420,Brett,3,"Average quality, nothing special.",2023-08-04,True,NEUTRAL,1,SOURCE_G_REVIEWS,reviews_2023.csv,2023-08-04T16:05:49.127757369,BATCH-G-20230804
REV-00075128,SKU-0018871,,Anonymous,2,"Cheaply made, broke immediately.",2023-07-02,True,NEGATIVE,0,SOURCE_G_REVIEWS,reviews_2023.csv,2023-07-02T10:09:11.667062501,BATCH-G-20230702
REV-00075133,SKU-0013316,user_67544,William Roth,5,"Solid build quality, no complaints.",2023-08-15,True,POSITIVE,0,SOURCE_G_REVIEWS,reviews_2023.csv,2023-08-15T16:28:26.708049747,BATCH-G-20230815
REV-00075135,SKU-0010329,,Anonymous,5,Stopped working after a week.,2023-06-25,True,NEGATIVE,6,SOURCE_G_REVIEWS,reviews_2023.csv,2023-06-25T18:26:46.330409456,BATCH-G-20230625
REV-00075141,SKU-0009073,user_4448,Amy Schultz,2,Very disappointed with the quality.,2023-02-19,True,NEGATIVE,0,SOURCE_G_REVIEWS,reviews_2023.csv,2023-02-19T10:03:02.244782107,BATCH-G-20230219
REV-00075146,SKU-0013534,user_7535,Laura Thompson,4,"Absolutely love it, works perfectly!",2023-12-28,False,POSITIVE,0,SOURCE_G_REVIEWS,reviews_2023.csv,2023-12-29T02:21:00.499409035,BATCH-G-20231228
REV-00075148,SKU-0014909,user_20080,Cindy Watson,4,"Perfect gift, they loved it!",2023-04-28,True,POSITIVE,7,SOURCE_G_REVIEWS,reviews_2023.csv,2023-04-28T13:05:04.846216566,BATCH-G-20230428
REV-00075155,SKU-0012857,user_62522,Harry,5,Will definitely buy again.,2023-09-25,True,POSITIVE,4,SOURCE_G_REVIEWS,reviews_2023.csv,2023-09-25T12:24:59.319594226,BATCH-G-20230925
REV-00075156,SKU-0015031,user_9026915,Robin,,"Muy buen producto, lo recomiendo.",2023-12-04,True,POSITIVE,1,SOURCE_G_REVIEWS,reviews_2023.csv,2023-12-16T10:00:00,BATCH-G-20231204
REV-00075161,SKU-9918379,user_9000284,Michele Donovan,3,"<i>edited</i>Not bad, not great either. 👍<b>Update:</b>",2023-07-31,True,NEUTRAL,3,SOURCE_G_REVIEWS,reviews_2023.csv,2023-07-31T05:00:37.277388492,BATCH-G-20230731
REV-00075172,SKU-0006928,user_52420,Matthew Cox,4,Will definitely buy again.,2023-05-24,True,POSITIVE,6,SOURCE_G_REVIEWS,reviews_2023.csv,2023-05-24T15:00:47.801175613,BATCH-G-20230524
REV-00075176,SKU-0014325,user_9018109,Brian Jones,2,Wrong item was shipped to me.,2023-03-02,False,NEGATIVE,0,SOURCE_G_REVIEWS,reviews_2023.csv,2023-03-02T22:40:25.319004914,BATCH-G-20230302
REV-00075197,SKU-0011835,user_9029065,Ashley Wilson,4,Better than I expected for the price.,2023-01-24,True,POSITIVE,9,SOURCE_G_REVIEWS,reviews_2023.csv,2023-01-24T15:16:46.919975685,BATCH-G-20230124
REV-00075200,SKU-0017689,,Anonymous,3,"Livraison très lente, déçu.",2023-04-02,True,NEUTRAL,2,SOURCE_G_REVIEWS,reviews_2023.csv,2023-04-02T13:50:31.504231473,BATCH-G-20230402
REV-00075206,SKU-0006510,user_7365,Jesse,4,Exceeded my expectations.,2023-10-08,True,POSITIVE,1,SOURCE_G_REVIEWS,reviews_2023.csv,2023-10-08T23:47:25.693874266,BATCH-G-20231008
REV-00075213,SKU-0005181,user_9004420,Brett,4,Better than I expected for the price.,2023-01-26,True,POSITIVE,6,SOURCE_G_REVIEWS,reviews_2023.csv,2023-01-27T03:17:46.913071703,BATCH-G-20230126
REV-00075214,SKU-0014911,user_9031116,Curtis,5,"Perfect gift, they loved it!",2023-01-24,True,POSITIVE,8,SOURCE_G_REVIEWS,reviews_2023.csv,2023-01-24T21:15:24.107491318,BATCH-G-20230124
REV-00075220,SKU-0008869,user_9031389,Dan Spencer,5,"Solid build quality, no complaints.",2023-09-24,True,POSITIVE,1,SOURCE_G_REVIEWS,reviews_2023.csv,2023-09-24T15:50:36.364798683,BATCH-G-20230924
REV-00075221,SKU-0014669,user_9031581,Sharon Rodriguez,5,"Solid build quality, no complaints.",2023-09-07,True,POSITIVE,2,SOURCE_G_REVIEWS,reviews_2023.csv,2023-09-07T14:17:13.651819333,BATCH-G-20230907
REV-00075241,SKU-0006616,user_6203,Katrina,5,Exceeded my expectations.,2023-11-12,True,POSITIVE,5,SOURCE_G_REVIEWS,reviews_2023.csv,2023-11-12T07:00:14.645051087,BATCH-G-20231112
REV-00075242,SKU-0000021,user_49833,Dawn Zimmerman,4,Great value for money.,2023-11-14,True,POSITIVE,0,SOURCE_G_REVIEWS,reviews_2023.csv,2023-11-14T17:15:06.401720307,BATCH-G-20231114
REV-00075244,SKU-0014163,user_15750,Robert Sherman,3,"It's okay, does the job.",2023-11-18,False,NEUTRAL,1,SOURCE_G_REVIEWS,reviews_2023.csv,2023-11-18T06:10:22.528463052,BATCH-G-20231118
REV-00075249,SKU-0020221,user_51267,Matthew Anderson,5,Fast delivery and great quality.,2023-07-01,True,POSITIVE,1,SOURCE_G_REVIEWS,reviews_2023.csv,2023-07-01T23:08:15.570561287,BATCH-G-20230701
REV-00075253,SKU-0001663,user_9019712,Kelsey Singh,5,"Average quality, nothing special.",2023-12-09,False,NEUTRAL,3,SOURCE_G_REVIEWS,reviews_2023.csv,2023-12-09T12:37:14.169425210,BATCH-G-20231209
REV-00075260,SKU-0001355,,Anonymous,3,"Average quality, nothing special.",2023-11-22,True,NEUTRAL,3,SOURCE_G_REVIEWS,reviews_2023.csv,2023-11-22T14:00:20.721402213,BATCH-G-20231122
REV-00075267,SKU-0015424,user_37956,Mr.,5,Great value for money.,2023-06-12,True,POSITIVE,0,SOURCE_G_REVIEWS,reviews_2023.csv,2023-06-12T11:19:32.618614139,BATCH-G-20230612
REV-00075272,SKU-0003498,user_9010453,Joseph Martinez,5,Highly recommend this product.,2023-02-10,False,POSITIVE,4,SOURCE_G_REVIEWS,reviews_2023.csv,2023-02-10T23:21:34.024157825,BATCH-G-20230210
REV-00075275,SKU-9915773,user_22014,Christian Carson,3,Works fine but delivery was slow.,2023-11-25,True,NEUTRAL,1,SOURCE_G_REVIEWS,reviews_2023.csv,2023-11-25T13:28:34.879312816,BATCH-G-20231125
REV-00075276,SKU-0011668,user_21324,Danny Schmidt,3,"   Solid  build  quality,  no  complaints.   ",2023-06-23,False,POSITIVE,4,SOURCE_G_REVIEWS,reviews_2023.csv,2023-06-23T19:39:03.922790655,BATCH-G-20230623
REV-00075277,SKU-0012062,,Anonymous,3,Works fine but delivery was slow.,2023-12-22,False,NEUTRAL,0,SOURCE_G_REVIEWS,reviews_2023.csv,2023-12-22T13:02:50.870857004,BATCH-G-20231222
REV-00075281,SKU-0007511,,Anonymous,3,"Not bad, not great either.",2023-05-23,False,NEUTRAL,0,SOURCE_G_REVIEWS,reviews_2023.csv,2023-05-23T03:58:42.588738863,BATCH-G-20230523
REV-00075288,SKU-0000638,user_57542,Alexandra Smith,5,Exceeded my expectations.,2023-12-29,True,POSITIVE,0,SOURCE_G_REVIEWS,reviews_2023.csv,2023-12-29T11:25:38.000287769,BATCH-G-20231229
REV-00075293,SKU-0017644,user_39598,Krystal Gray,4,"Solid build quality, no complaints.",2023-12-28,True,POSITIVE,0,SOURCE_G_REVIEWS,reviews_2023.csv,2023-12-29T05:36:42.871382960,BATCH-G-20231228
REV-00075294,SKU-0016365,user_67462,Casey Brown,4,"Exactly as described, very happy.",2023-05-07,False,POSITIVE,0,SOURCE_G_REVIEWS,reviews_2023.csv,2023-05-07T14:40:15.058451157,BATCH-G-20230507
REV-00075306,SKU-0009565,user_36821,Jeffery Stephens,5,Highly recommend this product. 🔥⭐,2023-03-04,True,POSITIVE,5,SOURCE_G_REVIEWS,reviews_2023.csv,2023-03-04T08:51:01.268034869,BATCH-G-20230304
REV-00075307,SKU-0010101,user_65560,Michelle,4,,2023-03-09,True,POSITIVE,3,SOURCE_G_REVIEWS,reviews_2023.csv,2023-03-09T06:10:21.135199809,BATCH-G-20230309
REV-00075313,SKU-0016193,user_65225,Wayne,4,"Solid build quality, no complaints.",2023-01-08,True,POSITIVE,8,SOURCE_G_REVIEWS,reviews_2023.csv,2023-01-08T15:25:58.299548137,BATCH-G-20230108
REV-00075319,SKU-0001814,user_9018421,Andrew,4,"बहुत अच्छा उत्पाद है, पैसा वसूल! Better than I expected for the price.",2023-06-21,True,POSITIVE,8,SOURCE_G_REVIEWS,reviews_2023.csv,2023-06-21T08:22:13.408382900,BATCH-G-20230621
REV-00075323,SKU-0005153,user_9007191,Greg Dixon,4,Exceeded my expectations.,2023-11-19,True,POSITIVE,1,SOURCE_G_REVIEWS,reviews_2023.csv,2023-11-19T12:56:19.075571047,BATCH-G-20231119
REV-00075332,SKU-0013314,user_1296,Jeffrey,1,"गुणवत्ता ठीक नहीं थी। Waste of money, do not buy.",2023-05-15,False,NEGATIVE,2,SOURCE_G_REVIEWS,reviews_2023.csv,2023-05-15T05:10:05.131896815,BATCH-G-20230515
REV-00075336,SKU-0009055,,Anonymous,5,"Solid build quality, no complaints.",2023-12-05,True,POSITIVE,7,SOURCE_G_REVIEWS,reviews_2023.csv,2023-12-05T03:04:02.943153795,BATCH-G-20231205
REV-00075347,SKU-0011758,user_28874,Dr. Donald Carlson,4,"Exactly as described, very happy.",2023-04-26,True,POSITIVE,0,SOURCE_G_REVIEWS,reviews_2023.csv,2023-04-26T20:20:24.976009858,BATCH-G-20230426
REV-00075360,SKU-0019814,user_9017689,Mercedes Thomas,4,"Solid build quality, no complaints. 😍😀",2023-01-16,True,POSITIVE,6,SOURCE_G_REVIEWS,reviews_2023.csv,2023-01-16T06:35:01.954907033,BATCH-G-20230116
REV-00075364,SKU-0016844,,Anonymous,3,"Average quality, nothing special.",2023-10-03,False,NEUTRAL,2,SOURCE_G_REVIEWS,reviews_2023.csv,2023-10-03T12:30:52.345857136,BATCH-G-20231003
REV-00075372,SKU-0016535,user_61487,Joseph Bailey,?,"Solid build quality, no complaints. 😐",2023-07-27,True,POSITIVE,0,SOURCE_G_REVIEWS,reviews_2023.csv,2023-07-27T09:37:43.132771497,BATCH-G-20230727
REV-00075378,SKU-0012568,user_9010794,Kathleen Dean,5,Works fine but delivery was slow.,2023-01-22,True,NEUTRAL,1,SOURCE_G_REVIEWS,reviews_2023.csv,2023-01-22T22:08:36.280786894,BATCH-G-20230122
REV-00075385,SKU-0012782,user_50758,Daniel Casey,2,"Cheaply made, broke immediately.",2023-11-19,False,NEGATIVE,1,SOURCE_G_REVIEWS,reviews_2023.csv,2023-11-19T19:10:21.345368050,BATCH-G-20231119
REV-00075386,SKU-0016903,user_9133,Kevin Boone,4,"Absolutely love it, works perfectly!",2023-11-11,False,POSITIVE,0,SOURCE_G_REVIEWS,reviews_2023.csv,2023-11-12T05:52:52.650626191,BATCH-G-20231111
REV-00075402,SKU-0000941,user_30703,Michael,5,"Solid build quality, no complaints.",2023-12-06,False,POSITIVE,1,SOURCE_G_REVIEWS,reviews_2023.csv,2023-12-06T10:28:44.494722559,BATCH-G-20231206
REV-00075408,SKU-0003359,user_50034,Joseph Cruz,4,"Solid build quality, no complaints. 😀",2023-02-03,False,POSITIVE,1,SOURCE_G_REVIEWS,reviews_2023.csv,2023-02-03T13:50:19.182814601,BATCH-G-20230203
REV-00075413,SKU-0015652,user_48063,Cynthia Carr,5,"Exactly as described, very happy.",2023-09-10,False,POSITIVE,8,SOURCE_G_REVIEWS,reviews_2023.csv,2023-09-10T23:48:37.774116545,BATCH-G-20230910
REV-00075418,SKU-9991269,user_9029917,Mark Wilson,2,Not as described at all.,2023-05-09,True,NEGATIVE,1,SOURCE_G_REVIEWS,reviews_2023.csv,2023-05-09T06:37:03.865276813,BATCH-G-20230509
REV-00075423,SKU-0001480,user_9033546,Amber,4,"Absolutely love it, works perfectly!",2023-10-17,False,POSITIVE,3,SOURCE_G_REVIEWS,reviews_2023.csv,2023-10-18T01:28:31.508183767,BATCH-G-20231017
REV-00075502,SKU-0019367,user_9020803,Melanie,5,Will definitely buy again.,2023-07-25,True,POSITIVE,1,SOURCE_G_REVIEWS,reviews_2023.csv,2023-07-26T00:23:59.485458350,BATCH-G-20230725
REV-00075511,SKU-0015427,user_26739,Kyle Pacheco,5,Highly recommend this product.,2023-01-25,False,POSITIVE,1,SOURCE_G_REVIEWS,reviews_2023.csv,2023-01-26T04:34:28.903025237,BATCH-G-20230125
REV-00075527,SKU-0001122,,Anonymous,5,"Absolutely love it, works perfectly!",2023-01-11,False,POSITIVE,13,SOURCE_G_REVIEWS,reviews_2023.csv,2023-01-11T06:42:59.605910566,BATCH-G-20230111
REV-00075528,SKU-0019807,,Anonymous,3,"Not bad, not great either.",2023-07-15,False,NEUTRAL,2,SOURCE_G_REVIEWS,reviews_2023.csv,2023-07-15T12:22:16.743182369,BATCH-G-20230715
REV-00075551,SKU-0001962,,Anonymous,5,"Perfect gift, they loved it!",2023-01-18,False,POSITIVE,11,SOURCE_G_REVIEWS,reviews_2023.csv,2023-01-19T02:33:24.423200165,BATCH-G-20230118
REV-00075561,SKU-0001336,user_9014161,Karina,4,Will definitely buy again.,2023-02-13,True,POSITIVE,0,SOURCE_G_REVIEWS,reviews_2023.csv,2023-02-13T19:44:37.956169612,BATCH-G-20230213
REV-00075570,SKU-0014414,user_9023798,Jennifer Larson,5,"Perfect gift, they loved it!",2023-01-16,False,POSITIVE,13,SOURCE_G_REVIEWS,reviews_2023.csv,2023-01-16T11:32:42.625970307,BATCH-G-20230116
REV-00075580,SKU-0019785,user_9001138,Donna Jones,3,"Not bad, not great either.",2023-02-23,True,NEUTRAL,5,SOURCE_G_REVIEWS,reviews_2023.csv,2023-02-23T10:44:04.846876134,BATCH-G-20230223
REV-00075583,SKU-0019365,,Anonymous,4,Excellent rapport qualité-prix.,2023-07-28,True,POSITIVE,0,SOURCE_G_REVIEWS,reviews_2023.csv,2023-07-29T03:16:10.039624004,BATCH-G-20230728
REV-00075587,SKU-0008323,,Anonymous,5,Better than I expected for the price.,2023-11-04,False,POSITIVE,3,SOURCE_G_REVIEWS,reviews_2023.csv,2023-11-04T17:07:38.505025782,BATCH-G-20231104
REV-00075591,SKU-0004512,user_54412,Melissa Wyatt,3,"Matches the description, no issues.",2023-07-06,True,NEUTRAL,0,SOURCE_G_REVIEWS,reviews_2023.csv,2023-07-06T11:06:16.105502617,BATCH-G-20230706
REV-00075597,SKU-0017257,user_9022299,Taylor Johnson,2,"Poor packaging, item was defective.",2023-07-07,False,NEGATIVE,3,SOURCE_G_REVIEWS,reviews_2023.csv,2023-07-07T08:19:11.802154856,BATCH-G-20230707
REV-00075603,SKU-0006771,,Anonymous,5,Fast delivery and great quality.,2023-03-08,False,POSITIVE,1,SOURCE_G_REVIEWS,reviews_2023.csv,2023-03-08T01:49:30.226518161,BATCH-G-20230308
REV-00075606,SKU-0019265,user_36398,Carolyn Smith,5,Great value for money.,2023-01-27,True,POSITIVE,0,SOURCE_G_REVIEWS,reviews_2023.csv,2023-01-27T11:10:50.127866060,BATCH-G-20230127
REV-00075624,SKU-0012851,user_9024610,Patrick Orozco Jr.,5,Better than I expected for the price.,2023-01-11,False,POSITIVE,3,SOURCE_G_REVIEWS,reviews_2023.csv,2023-01-11T12:31:39.627912255,BATCH-G-20230111
REV-00075625,SKU-0004169,user_9008509,Noah Mason,1,"Poor packaging, item was defective.",2023-11-29,False,NEGATIVE,6,SOURCE_G_REVIEWS,reviews_2023.csv,2023-11-29T01:40:54.634175191,BATCH-G-20231129
REV-00075644,SKU-0002070,user_51564,Kathy Duarte,1,"Cheaply made, broke immediately.",2023-08-29,False,NEGATIVE,2,SOURCE_G_REVIEWS,reviews_2023.csv,2023-08-29T13:07:16.999644095,BATCH-G-20230829
REV-00075648,SKU-0004273,user_9024502,Benjamin,2,"Cheaply made, broke immediately.",2023-01-07,False,NEGATIVE,1,SOURCE_G_REVIEWS,reviews_2023.csv,2023-01-07T21:55:19.978673846,BATCH-G-20230107
REV-00075657,SKU-0004072,user_9033593,Samantha Mayer,4,Will definitely buy again.,2023-04-15,False,POSITIVE,0,SOURCE_G_REVIEWS,reviews_2023.csv,2023-04-15T17:04:33.293048779,BATCH-G-20230415
REV-00075658,SKU-0015775,user_9019625,Christy,4,Exceeded my expectations.,2023-01-04,False,POSITIVE,0,SOURCE_G_REVIEWS,reviews_2023.csv,2023-01-04T09:53:55.381716579,BATCH-G-20230104
REV-00075659,SKU-0017316,,Anonymous,2,Not as described at all.,2023-12-07,False,NEGATIVE,2,SOURCE_G_REVIEWS,reviews_2023.csv,2023-12-07T05:22:56.329316166,BATCH-G-20231207
REV-00075665,SKU-9967111,user_9034704,Dale Thompson,4,"Perfect gift, they loved it!",2023-08-16,False,POSITIVE,0,SOURCE_G_REVIEWS,reviews_2023.csv,2023-08-17T05:06:33.714197243,BATCH-G-20230816
REV-00075681,SKU-0015765,user_49536,Joshua Huang,1,"<i>edited</i>Poor packaging, item was defective.&nbsp;",2023-10-13,True,NEGATIVE,1,SOURCE_G_REVIEWS,reviews_2023.csv,2023-10-14T02:13:29.048784324,BATCH-G-20231013
REV-00075685,SKU-0002497,user_62096,Robert,4,"Exactly as described, very happy.",2023-04-26,True,POSITIVE,1,SOURCE_G_REVIEWS,reviews_2023.csv,2023-04-26T14:55:44.907127955,BATCH-G-20230426
REV-00075696,SKU-0006876,user_9012607,Manuel,4,"Absolutely love it, works perfectly!",2023-06-30,False,POSITIVE,1,SOURCE_G_REVIEWS,reviews_2023.csv,2023-06-30T09:31:48.205680155,BATCH-G-20230630
REV-00075711,SKU-0014115,user_63832,Kirsten,4,Great value for money.,2023-04-18,True,POSITIVE,4,SOURCE_G_REVIEWS,reviews_2023.csv,2023-04-18T15:11:56.772574013,BATCH-G-20230418
REV-00075721,SKU-0013531,,Anonymous,unknown,Will definitely buy again.,2023-11-12,False,POSITIVE,4,SOURCE_G_REVIEWS,reviews_2023.csv,2023-11-12T20:12:37.500695592,BATCH-G-20231112
REV-00075741,SKU-0019563,user_9947,Austin Russo,1,"Poor packaging, item was defective.",2023-06-06,True,NEGATIVE,3,SOURCE_G_REVIEWS,reviews_2023.csv,2023-06-06T18:38:50.264274544,BATCH-G-20230606
REV-00075745,SKU-9961844,user_50208,Zachary,2,   Wrong  item  was  shipped  to  me.   ,2023-01-20,False,NEGATIVE,1,SOURCE_G_REVIEWS,reviews_2023.csv,2023-01-20T02:41:45.237278058,BATCH-G-20230120
REV-00075757,SKU-0018604,user_17167,Catherine Hansen DDS,5,Exceeded my expectations.,2023-03-07,True,POSITIVE,1,SOURCE_G_REVIEWS,reviews_2023.csv,2023-03-07T18:27:49.325700358,BATCH-G-20230307
REV-00075760,SKU-0015201,user_9005244,Mary,5,"Exactly as described, very happy.",2023-11-27,True,POSITIVE,1,SOURCE_G_REVIEWS,reviews_2023.csv,2023-11-27T02:16:53.718484044,BATCH-G-20231127
REV-00075765,SKU-0014884,user_22768,Dominique,4,"Perfect gift, they loved it!",2023-12-18,False,POSITIVE,-1,SOURCE_G_REVIEWS,reviews_2023.csv,2023-12-18T07:37:39.916191381,BATCH-G-20231218
REV-00075766,SKU-0015877,user_7537,Isaiah,4,"Livraison très lente, déçu.",2023-04-28,True,POSITIVE,1,SOURCE_G_REVIEWS,reviews_2023.csv,2023-04-28T07:00:29.046289435,BATCH-G-20230428
REV-00075804,SKU-0019726,,Anonymous,4,Very disappointed with the quality.,2023-02-22,True,NEGATIVE,0,SOURCE_G_REVIEWS,reviews_2023.csv,2023-02-22T14:45:30.422018987,BATCH-G-20230222
REV-00075805,SKU-0012093,user_9000838,Karen Allen,1,Arrived damaged and support was unhelpful.,2023-12-30,False,NEGATIVE,3,SOURCE_G_REVIEWS,reviews_2023.csv,2023-12-30T18:39:18.626289121,BATCH-G-20231230
REV-00075808,SKU-0018541,user_2335,Anna,4,Great value for money.,2023-09-11,False,POSITIVE,3,SOURCE_G_REVIEWS,reviews_2023.csv,2023-09-11T16:14:40.453561269,BATCH-G-20230911
REV-00075811,SKU-0012334,,Anonymous,4,Highly recommend this product.,2023-11-09,False,POSITIVE,6,SOURCE_G_REVIEWS,reviews_2023.csv,2023-11-09T13:33:00.679472104,BATCH-G-20231109
REV-00075814,SKU-0000067,user_9006095,Susan,4,Great value for money.,2023-05-08,False,POSITIVE,1,SOURCE_G_REVIEWS,reviews_2023.csv,2023-05-09T05:26:45.241235865,BATCH-G-20230508
REV-00075817,SKU-0002686,user_30399,Brittany Calderon,4,Will definitely buy again. 🙏,2023-03-16,True,POSITIVE,3,SOURCE_G_REVIEWS,reviews_2023.csv,2023-03-16T04:05:38.458094341,BATCH-G-20230316
REV-00075832,SKU-0006739,user_9017172,Brittany Meyer,5,Will definitely buy again.,2023-11-27,False,POSITIVE,0,SOURCE_G_REVIEWS,reviews_2023.csv,2023-11-27T13:28:59.796605274,BATCH-G-20231127
REV-00075835,SKU-0019228,user_9008921,Victor Sherman,3,Excellent rapport qualité-prix.,2023-09-07,False,NEUTRAL,0,SOURCE_G_REVIEWS,reviews_2023.csv,2023-09-07T22:28:33.938492385,BATCH-G-20230907
REV-00075848,SKU-0016349,user_9008472,Debra Rich,3,"Not bad, not great either.",2023-03-03,True,NEUTRAL,7,SOURCE_G_REVIEWS,reviews_2023.csv,2023-03-03T12:36:20.552826823,BATCH-G-20230303
REV-00075849,SKU-0005052,,Anonymous,5,Will definitely buy again.,2023-09-01,True,POSITIVE,0,SOURCE_G_REVIEWS,reviews_2023.csv,2023-09-01T04:45:04.522920377,BATCH-G-20230901
REV-00075853,SKU-0008907,user_52749,William,5,"Livraison très lente, déçu.",2023-12-19,False,POSITIVE,1,SOURCE_G_REVIEWS,reviews_2023.csv,2023-12-19T05:15:24.298697610,BATCH-G-20231219
REV-00075864,SKU-0006575,user_9020306,Douglas,5,Highly recommend this product.,2023-12-18,False,POSITIVE,1,SOURCE_G_REVIEWS,reviews_2023.csv,2023-12-18T05:17:19.494576310,BATCH-G-20231218
REV-00075867,SKU-0005560,,Anonymous,1,Not as described at all.,2023-09-15,True,NEGATIVE,0,SOURCE_G_REVIEWS,reviews_2023.csv,2023-09-15T02:53:57.969777373,BATCH-G-20230915
REV-00075890,SKU-0011820,user_9001128,Madison,1,"   &nbsp;Muy  buen  producto,  lo  recomiendo.<i>edited</i>   ",2023-03-09,True,NEGATIVE,4,SOURCE_G_REVIEWS,reviews_2023.csv,2023-03-09T14:58:10.848525480,BATCH-G-20230309
REV-00075892,SKU-0016973,,Anonymous,1,Arrived damaged and support was unhelpful.,2023-03-22,False,NEGATIVE,0,SOURCE_G_REVIEWS,reviews_2023.csv,2023-03-22T16:47:12.238660733,BATCH-G-20230322
REV-00075914,SKU-0004333,user_8315,Patrick,5,Fast delivery and great quality.,2023-10-05,True,POSITIVE,0,SOURCE_G_REVIEWS,reviews_2023.csv,2023-10-05T18:18:59.346419719,BATCH-G-20231005
REV-00075916,SKU-0001856,user_66953,Natalie Sloan PhD,3,"It's okay, does the job.",2023-03-11,True,NEUTRAL,0,SOURCE_G_REVIEWS,reviews_2023.csv,2023-03-11T06:44:16.384762401,BATCH-G-20230311
REV-00075928,SKU-0016731,user_9001204,Amanda,3,"It's okay, does the job.",2023-09-25,True,NEUTRAL,1,SOURCE_G_REVIEWS,reviews_2023.csv,2023-09-25T01:18:23.268607249,BATCH-G-20230925
REV-00075929,SKU-9922737,user_9000382,Jerry Roberts,4,"Solid build quality, no complaints.",2023-05-30,False,POSITIVE,0,SOURCE_G_REVIEWS,reviews_2023.csv,2023-05-30T05:24:04.041188780,BATCH-G-20230530
REV-00075938,SKU-0011600,,Anonymous,3,"   Matches  the  description,  no  issues.   ",2023-03-13,True,NEUTRAL,3,SOURCE_G_REVIEWS,reviews_2023.csv,2023-03-13T04:33:17.531860776,BATCH-G-20230313
REV-00075959,SKU-0004014,user_9030931,Darryl,5,"Exactly as described, very happy.",2023-12-15,False,POSITIVE,1,SOURCE_G_REVIEWS,reviews_2023.csv,2023-12-15T22:26:44.324012586,BATCH-G-20231215
REV-00075969,SKU-0013468,user_30750,Elizabeth Holmes,1,Not as described at all.,2023-07-07,False,NEGATIVE,5,SOURCE_G_REVIEWS,reviews_2023.csv,2023-07-07T18:26:27.733916803,BATCH-G-20230707
REV-00075971,SKU-0014930,user_9012405,Brian Bowen,4,"Livraison très lente, déçu.",2023-02-22,False,POSITIVE,3,SOURCE_G_REVIEWS,reviews_2023.csv,2023-02-22T01:33:06.333183660,BATCH-G-20230222
REV-00075975,SKU-0007418,user_65814,James,4,"Exactly as described, very happy.",2023-05-02,True,POSITIVE,1,SOURCE_G_REVIEWS,reviews_2023.csv,2023-05-02T02:12:14.523496995,BATCH-G-20230502
REV-00075984,SKU-0008491,user_9018296,Courtney Garcia,5,"Absolutely love it, works perfectly! 🙏😡",2023-12-22,True,POSITIVE,8,SOURCE_G_REVIEWS,reviews_2023.csv,2023-12-22T20:15:16.296994385,BATCH-G-20231222
REV-00075990,SKU-0009946,user_9033803,Brendan,1,Stopped working after a week.,2023-03-06,True,NEGATIVE,-4,SOURCE_G_REVIEWS,reviews_2023.csv,2023-03-07T00:10:37.926408889,BATCH-G-20230306
REV-00075993,SKU-0008768,,Anonymous,null,"Matches the description, no issues.",2023-04-30,False,NEUTRAL,4,SOURCE_G_REVIEWS,reviews_2023.csv,2023-04-30T09:26:22.840309881,BATCH-G-20230430
REV-00075998,SKU-0019920,,Anonymous,5,"Exactly as described, very happy.",2023-05-04,False,POSITIVE,2,SOURCE_G_REVIEWS,reviews_2023.csv,2023-05-04T14:20:34.198244854,BATCH-G-20230504
REV-00076014,SKU-0002909,user_6708,Gerald,5,Highly recommend this product.,2023-12-01,True,POSITIVE,5,SOURCE_G_REVIEWS,reviews_2023.csv,2023-12-01T06:25:11.254621700,BATCH-G-20231201
REV-00076016,SKU-9968853,,Anonymous,5,Fast delivery and great quality.,2023-04-12,True,POSITIVE,9,SOURCE_G_REVIEWS,reviews_2023.csv,2023-04-12T01:08:57.596076390,BATCH-G-20230412
REV-00076019,SKU-0000851,user_9022533,Mr. Joseph Estrada,4,"Absolutely love it, works perfectly!",2023-12-17,False,POSITIVE,3,SOURCE_G_REVIEWS,reviews_2023.csv,2023-12-17T23:17:28.014760226,BATCH-G-20231217
REV-00076021,SKU-0007924,user_4894,Matthew,5,Will definitely buy again.,2023-09-29,True,POSITIVE,1,SOURCE_G_REVIEWS,reviews_2023.csv,2023-09-30T00:53:57.266405586,BATCH-G-20230929
REV-00076032,SKU-0011395,user_9001197,Kenneth Lee,1,"Waste of money, do not buy.",2023-12-25,True,NEGATIVE,3,SOURCE_G_REVIEWS,reviews_2023.csv,2023-12-26T01:43:51.735623475,BATCH-G-20231225
REV-00076033,SKU-0000880,user_65694,Zachary,5,"Exactly as described, very happy. 👍😡",2023-11-10,True,POSITIVE,0,SOURCE_G_REVIEWS,reviews_2023.csv,2023-11-11T04:37:22.727688411,BATCH-G-20231110
REV-00076037,SKU-0007830,user_9005995,Sandra,5,Exceeded my expectations.,2023-10-05,False,POSITIVE,2,SOURCE_G_REVIEWS,reviews_2023.csv,2023-10-06T02:58:58.159493589,BATCH-G-20231005
REV-00076044,SKU-0013857,user_9005955,Thomas Dudley,4,"Absolutely love it, works perfectly! 👍",2023-10-25,True,POSITIVE,11,SOURCE_G_REVIEWS,reviews_2023.csv,2023-10-25T22:16:03.154389906,BATCH-G-20231025
REV-00076047,SKU-0011697,user_9007368,Christopher,5,Will definitely buy again.,2023-09-19,True,POSITIVE,0,SOURCE_G_REVIEWS,reviews_2023.csv,2023-09-19T15:26:46.037746154,BATCH-G-20230919
REV-00076050,SKU-0000797,user_9016953,Regina Moss,4,Highly recommend this product.,2023-04-02,True,POSITIVE,1,SOURCE_G_REVIEWS,reviews_2023.csv,2023-04-02T09:53:50.406912316,BATCH-G-20230402
REV-00076054,SKU-0007693,,Anonymous,5,<p>Better than I expected for the price.<b>Update:</b>,2023-09-16,True,POSITIVE,1,SOURCE_G_REVIEWS,reviews_2023.csv,2023-09-16T14:01:50.748720071,BATCH-G-20230916
REV-00076055,SKU-0014027,user_9012152,Leah Jackson,4,"Solid build quality, no complaints.",2023-10-29,True,POSITIVE,6,SOURCE_G_REVIEWS,reviews_2023.csv,2023-10-30T05:24:29.612058949,BATCH-G-20231029
REV-00076057,SKU-0018320,,Anonymous,5,Better than I expected for the price.,2023-09-10,True,POSITIVE,6,SOURCE_G_REVIEWS,reviews_2023.csv,2023-09-11T00:45:43.802540305,BATCH-G-20230910
REV-00076073,SKU-0001314,user_9025196,Sarah Murphy,4,"बहुत अच्छा उत्पाद है, पैसा वसूल! Fast delivery and great quality.",2023-12-21,True,POSITIVE,0,SOURCE_G_REVIEWS,reviews_2023.csv,2023-12-21T10:57:01.456959717,BATCH-G-20231221
REV-00076080,SKU-0014426,,Anonymous,5,Great value for money.,2023-02-23,True,POSITIVE,4,SOURCE_G_REVIEWS,reviews_2023.csv,2023-02-23T07:40:56.576577238,BATCH-G-20230223
REV-00076081,SKU-0017535,user_9031740,Morgan Small,5,Exceeded my expectations.,2023-08-04,False,POSITIVE,7,SOURCE_G_REVIEWS,reviews_2023.csv,2023-08-04T19:11:39.083345359,BATCH-G-20230804
REV-00076109,SKU-0004696,,Anonymous,4,Exceeded my expectations.,2023-07-30,False,POSITIVE,1,SOURCE_G_REVIEWS,reviews_2023.csv,2023-07-30T11:38:32.486043936,BATCH-G-20230730
REV-00076123,SKU-0006712,user_9017331,Joshua Ortiz,2,<br>Very disappointed with the quality.<p>,2023-10-20,False,NEGATIVE,1,SOURCE_G_REVIEWS,reviews_2023.csv,2023-10-21T02:51:32.856221447,BATCH-G-20231020
REV-00076126,SKU-0004281,user_42229,Barbara Black,4,"Not bad, not great either.",2023-11-17,True,NEUTRAL,1,SOURCE_G_REVIEWS,reviews_2023.csv,2023-11-18T01:31:36.785693356,BATCH-G-20231117
REV-00076129,SKU-0004653,user_9020086,Kevin,5,"बहुत अच्छा उत्पाद है, पैसा वसूल!",2023-11-21,False,POSITIVE,7,SOURCE_G_REVIEWS,reviews_2023.csv,2023-11-21T10:04:04.849232058,BATCH-G-20231121
REV-00076131,SKU-0007243,,Anonymous,5,"Solid build quality, no complaints.",2023-01-20,True,POSITIVE,6,SOURCE_G_REVIEWS,reviews_2023.csv,2023-01-20T20:07:09.130457816,BATCH-G-20230120
REV-00076139,SKU-0019903,user_9033827,Matthew,5,"   Solid  build  quality,  no  complaints.   ",2023-06-23,True,POSITIVE,0,SOURCE_G_REVIEWS,reviews_2023.csv,2023-06-23T20:01:38.276149713,BATCH-G-20230623
REV-00076143,SKU-9984001,,Anonymous,4,"Absolutely love it, works perfectly!",2023-08-30,True,POSITIVE,2,SOURCE_G_REVIEWS,reviews_2023.csv,2023-08-30T20:00:15.740231633,BATCH-G-20230830
REV-00076160,SKU-0017615,user_9026288,Ryan Williams,4,<i>edited</i>Will definitely buy again.<p>,2023-02-17,True,POSITIVE,0,SOURCE_G_REVIEWS,reviews_2023.csv,2023-02-17T22:03:51.000897996,BATCH-G-20230217
REV-00076167,SKU-9986529,user_20061,Sharon Hernandez,4,"Solid build quality, no complaints.",2023-04-23,False,POSITIVE,1,SOURCE_G_REVIEWS,reviews_2023.csv,2023-04-23T07:13:26.418594363,BATCH-G-20230423
REV-00076180,SKU-0016931,user_60545,Edward Nguyen,2,"Waste of money, do not buy.",2023-03-02,True,NEGATIVE,2,SOURCE_G_REVIEWS,reviews_2023.csv,2023-03-02T11:27:27.005601794,BATCH-G-20230302
REV-00076183,SKU-9937941,user_9032556,Colton,5,"Absolutely love it, works perfectly!",2023-06-12,False,POSITIVE,0,SOURCE_G_REVIEWS,reviews_2023.csv,2023-06-12T20:09:10.071985304,BATCH-G-20230612
REV-00076185,SKU-0011132,user_9033663,Courtney Rivera,5,Better than I expected for the price.,2023-08-01,True,POSITIVE,0,SOURCE_G_REVIEWS,reviews_2023.csv,2023-08-01T16:54:48.613957858,BATCH-G-20230801
REV-00076191,SKU-0018663,user_2247,Kyle,3,"It's okay, does the job.",2023-02-24,True,NEUTRAL,6,SOURCE_G_REVIEWS,reviews_2023.csv,2023-02-25T03:31:24.179521436,BATCH-G-20230224
REV-00076199,SKU-0019056,user_9015823,Hector Phillips,5,Will definitely buy again.,2023-04-10,False,POSITIVE,2,SOURCE_G_REVIEWS,reviews_2023.csv,2023-04-10T22:08:38.190396576,BATCH-G-20230410
REV-00076201,SKU-0002916,user_9021239,Kevin Matthews,3,"Matches the description, no issues.",2023-06-18,True,NEUTRAL,3,SOURCE_G_REVIEWS,reviews_2023.csv,2023-06-19T04:53:39.515484611,BATCH-G-20230618
REV-00076210,SKU-0017135,user_10998,Nathaniel,5,"Absolutely love it, works perfectly!",2023-07-17,True,POSITIVE,3,SOURCE_G_REVIEWS,reviews_2023.csv,2023-07-17T08:05:07.941608918,BATCH-G-20230717
REV-00076219,SKU-0003964,user_9021658,Penny Taylor,4,"Solid build quality, no complaints.",2023-04-09,False,POSITIVE,5,SOURCE_G_REVIEWS,reviews_2023.csv,2023-04-09T23:27:40.918115559,BATCH-G-20230409
REV-00076226,SKU-0009792,user_9001533,Claudia Vargas,5,"Exactly as described, very happy.",2023-04-29,False,POSITIVE,0,SOURCE_G_REVIEWS,reviews_2023.csv,2023-04-29T12:36:18.787425370,BATCH-G-20230429
REV-00076228,SKU-0007180,,Anonymous,4,"Solid build quality, no complaints.",2023-12-20,True,POSITIVE,0,SOURCE_G_REVIEWS,reviews_2023.csv,2023-12-20T23:32:36.317473613,BATCH-G-20231220
REV-00076232,SKU-0010595,user_38740,William,2,Excellent rapport qualité-prix.,2023-09-21,True,NEGATIVE,2,SOURCE_G_REVIEWS,reviews_2023.csv,2023-09-21T05:30:10.272613272,BATCH-G-20230921
REV-00076258,SKU-0017336,user_32846,Tara Ellis,5,"Exactly as described, very happy.",2023-12-04,True,POSITIVE,5,SOURCE_G_REVIEWS,reviews_2023.csv,2023-12-04T20:35:32.266295174,BATCH-G-20231204
REV-00076262,SKU-0009503,user_64748,Benjamin Smith,5,Will definitely buy again.,2023-03-29,True,POSITIVE,3,SOURCE_G_REVIEWS,reviews_2023.csv,2023-03-29T03:58:46.292742020,BATCH-G-20230329
REV-00076263,SKU-0007825,user_25963,Robert Anderson,3,Decent but overpriced a bit.,2023-10-01,False,NEUTRAL,0,SOURCE_G_REVIEWS,reviews_2023.csv,2023-10-01T06:02:42.171557162,BATCH-G-20231001
REV-00076265,SKU-0001929,user_9009546,Sherri Gallagher,5,"Exactly as described, very happy.",2023-06-11,True,POSITIVE,9,SOURCE_G_REVIEWS,reviews_2023.csv,2023-06-11T16:34:54.278072835,BATCH-G-20230611
REV-00076268,SKU-0014252,,Anonymous,4,"   Perfect  gift,  they  loved  it!   ",2023-03-15,True,POSITIVE,0,SOURCE_G_REVIEWS,reviews_2023.csv,2023-03-15T09:54:04.507035193,BATCH-G-20230315
REV-00076281,SKU-0003515,user_16549,Jessica Orr,4,Very disappointed with the quality.,2023-12-03,False,NEGATIVE,5,SOURCE_G_REVIEWS,reviews_2023.csv,2023-12-03T18:17:34.246908865,BATCH-G-20231203
REV-00076283,SKU-0008641,user_60963,Kimberly Sullivan,1,Very disappointed with the quality.,2023-05-03,False,NEGATIVE,0,SOURCE_G_REVIEWS,reviews_2023.csv,2023-05-04T03:32:49.140791106,BATCH-G-20230503
REV-00076296,SKU-0017552,,Anonymous,3,"Matches the description, no issues.",2023-04-22,False,NEUTRAL,0,SOURCE_G_REVIEWS,reviews_2023.csv,2023-04-22T19:21:55.450797120,BATCH-G-20230422
REV-00076299,SKU-0020045,user_9027620,Brandon Ramos,5,"Solid build quality, no complaints.",2023-08-03,True,POSITIVE,8,SOURCE_G_REVIEWS,reviews_2023.csv,2023-08-03T13:06:37.308607643,BATCH-G-20230803
REV-00076308,SKU-0015011,user_49536,Joshua Huang,2,"Waste of money, do not buy.",2023-06-12,False,NEGATIVE,0,SOURCE_G_REVIEWS,reviews_2023.csv,2023-06-12T01:55:09.366671172,BATCH-G-20230612
REV-00076315,SKU-0013790,,Anonymous,3,Decent but overpriced a bit.,2023-09-14,False,NEUTRAL,1,SOURCE_G_REVIEWS,reviews_2023.csv,2023-09-14T20:16:42.427371342,BATCH-G-20230914
REV-00076323,SKU-9987454,user_9003179,Jim Ochoa,5,"Absolutely love it, works perfectly!",2023-12-04,False,POSITIVE,1,SOURCE_G_REVIEWS,reviews_2023.csv,2023-12-04T23:30:28.158503108,BATCH-G-20231204
REV-00076332,SKU-0002120,user_9014303,Justin Thompson,1,Very disappointed with the quality.,2023-01-03,False,NEGATIVE,9,SOURCE_G_REVIEWS,reviews_2023.csv,2023-01-04T03:40:57.727710019,BATCH-G-20230103
REV-00076335,SKU-0000398,user_9030805,Kathleen Solis,4,Highly recommend this product. ⭐,2023-11-23,False,POSITIVE,0,SOURCE_G_REVIEWS,reviews_2023.csv,2023-11-23T22:22:05.936171346,BATCH-G-20231123
REV-00076336,SKU-0020116,user_9003127,Darrell Montoya,4,Fast delivery and great quality.,2023-08-05,False,POSITIVE,0,SOURCE_G_REVIEWS,reviews_2023.csv,2023-08-06T02:25:30.488470791,BATCH-G-20230805
REV-00076339,SKU-0010740,user_9016217,Thomas Lambert,,"Solid build quality, no complaints. 😐🙏",2023-04-18,True,POSITIVE,0,SOURCE_G_REVIEWS,reviews_2023.csv,2023-04-19T00:37:48.418008601,BATCH-G-20230418
REV-00076341,SKU-0001467,user_50141,Sara Howard,Unknown,"Average quality, nothing special.",2023-02-16,True,NEUTRAL,4,SOURCE_G_REVIEWS,reviews_2023.csv,2023-02-16T10:22:46.753956687,BATCH-G-20230216
REV-00076343,SKU-9933610,,Anonymous,4,Exceeded my expectations.,2023-02-11,True,POSITIVE,0,SOURCE_G_REVIEWS,reviews_2023.csv,2023-02-11T01:35:26.911272614,BATCH-G-20230211
REV-00076354,SKU-0007075,user_4141,Emily Sanders,2,Wrong item was shipped to me.,2023-03-10,True,NEGATIVE,3,SOURCE_G_REVIEWS,reviews_2023.csv,2023-03-10T23:14:05.030361456,BATCH-G-20230310
REV-00076367,SKU-0009296,user_9010311,William Baker,5,Better than I expected for the price.,2023-12-08,True,POSITIVE,3,SOURCE_G_REVIEWS,reviews_2023.csv,2023-12-08T21:05:01.227120637,BATCH-G-20231208
REV-00076381,SKU-0007194,user_9012552,Angel Leonard,5,"Solid build quality, no complaints.",2023-08-21,False,POSITIVE,0,SOURCE_G_REVIEWS,reviews_2023.csv,2023-08-21T16:40:10.969215985,BATCH-G-20230821
REV-00076384,SKU-0013244,,Anonymous,5,Highly recommend this product.,2023-11-06,False,POSITIVE,0,SOURCE_G_REVIEWS,reviews_2023.csv,2023-11-06T21:36:16.182988544,BATCH-G-20231106
REV-00076388,SKU-0000170,user_9002463,Mr.,4,"Solid build quality, no complaints.",2023-12-17,True,POSITIVE,10,SOURCE_G_REVIEWS,reviews_2023.csv,2023-12-18T03:00:27.279198847,BATCH-G-20231217
REV-00076388-BOT,SKU-0000170,user_52397,Gabriel Jones,4,"Solid build quality, no complaints.",2023-12-17,False,POSITIVE,0,SOURCE_G_REVIEWS,reviews_2023.csv,2023-12-18T03:00:27.279198847,BATCH-G-20231217
REV-00076411,SKU-0019086,user_9001432,William Allen,,Very disappointed with the quality.,2023-12-06,True,NEGATIVE,1,SOURCE_G_REVIEWS,reviews_2023.csv,2023-12-06T21:41:59.783164020,BATCH-G-20231206
REV-00076412,SKU-0007045,user_1162,Cindy,3,"It's okay, does the job.",2023-03-05,True,NEUTRAL,0,SOURCE_G_REVIEWS,reviews_2023.csv,2023-03-05T19:27:48.718558527,BATCH-G-20230305
REV-00076419,SKU-9935442,user_53591,Henry Sanford,4,Highly recommend this product.,2023-03-11,True,POSITIVE,2,SOURCE_G_REVIEWS,reviews_2023.csv,2023-03-11T12:26:29.816569963,BATCH-G-20230311
REV-00076420,SKU-9976697,user_9012185,Samantha Murillo,2,   Not  as  described  at  all.   ,2023-02-12,True,NEGATIVE,0,SOURCE_G_REVIEWS,reviews_2023.csv,2023-02-13T01:10:27.767304794,BATCH-G-20230212
REV-00076421,SKU-0000895,,Anonymous,4,Exceeded my expectations.,2023-06-05,True,POSITIVE,3,SOURCE_G_REVIEWS,reviews_2023.csv,2023-06-05T17:29:22.526117868,BATCH-G-20230605
REV-00076428,SKU-0011723,user_47675,Nicholas Thompson,4,"Exactly as described, very happy.",2023-07-27,True,POSITIVE,1,SOURCE_G_REVIEWS,reviews_2023.csv,2023-07-28T01:30:53.104857348,BATCH-G-20230727
REV-00076429,SKU-0006515,,Anonymous,5,Fast delivery and great quality.,2023-12-01,True,POSITIVE,0,SOURCE_G_REVIEWS,reviews_2023.csv,2023-12-01T08:00:53.333419027,BATCH-G-20231201
REV-00076433,SKU-0004602,,Anonymous,5,"Perfect gift, they loved it! 🙏",2023-05-11,True,POSITIVE,0,SOURCE_G_REVIEWS,reviews_2023.csv,2023-05-12T00:43:38.171262263,BATCH-G-20230511
REV-00076438,SKU-0014615,user_34871,Ann Valenzuela,5,No cumplió mis expectativas.,2023-04-11,True,POSITIVE,2,SOURCE_G_REVIEWS,reviews_2023.csv,2023-04-11T09:30:54.445040866,BATCH-G-20230411
REV-00076441,SKU-9966111,user_9001065,Mary Martinez,1,Not as described at all.,2023-07-16,True,NEGATIVE,2,SOURCE_G_REVIEWS,reviews_2023.csv,2023-07-17T00:06:55.387485702,BATCH-G-20230716
REV-00076456,SKU-0006448,user_55113,Rebecca,5,"Absolutely love it, works perfectly!",2023-07-06,True,POSITIVE,0,SOURCE_G_REVIEWS,reviews_2023.csv,2023-07-06T18:44:53.243654054,BATCH-G-20230706
REV-00076461,SKU-0016758,user_21692,Vickie Goodman,5,"Exactly as described, very happy.",2023-01-26,True,POSITIVE,1,SOURCE_G_REVIEWS,reviews_2023.csv,2023-01-26T04:37:30.249479935,BATCH-G-20230126
REV-00076473,SKU-0009804,user_69013,Regina Long,5,"Absolutely love it, works perfectly!",2023-04-05,True,POSITIVE,0,SOURCE_G_REVIEWS,reviews_2023.csv,2023-04-06T05:03:11.939370457,BATCH-G-20230405
REV-00076479,SKU-0011689,user_868,Hunter Larson,3,unknown,2023-06-29,False,NEUTRAL,1,SOURCE_G_REVIEWS,reviews_2023.csv,2023-06-29T14:22:49.425667561,BATCH-G-20230629
REV-00076485,SKU-0007042,,Anonymous,3,"Livraison très lente, déçu. ⭐🙏",2023-05-01,True,NEUTRAL,0,SOURCE_G_REVIEWS,reviews_2023.csv,2023-05-01T17:49:44.128101371,BATCH-G-20230501
REV-00076492,SKU-0000491,,Anonymous,5,Works fine but delivery was slow.,2023-11-06,True,NEUTRAL,0,SOURCE_G_REVIEWS,reviews_2023.csv,2023-11-18T02:00:00,BATCH-G-20231106
REV-00076497,SKU-0004527,user_9005220,Corey,2,"Poor packaging, item was defective.",2023-05-21,True,NEGATIVE,2,SOURCE_G_REVIEWS,reviews_2023.csv,2023-05-21T23:07:48.236324908,BATCH-G-20230521
REV-00076505,SKU-9966111,,Anonymous,5,Exceeded my expectations.,2023-07-27,True,POSITIVE,0,SOURCE_G_REVIEWS,reviews_2023.csv,2023-07-27T23:41:16.372447812,BATCH-G-20230727
REV-00076508,SKU-0006525,user_59074,Matthew Sullivan,5,Better than I expected for the price.,2023-01-14,True,POSITIVE,1,SOURCE_G_REVIEWS,reviews_2023.csv,2023-01-15T04:29:02.202107977,BATCH-G-20230114
REV-00076528,SKU-0006056,user_9012990,Megan,3,"Not bad, not great either.",2023-05-24,False,NEUTRAL,1,SOURCE_G_REVIEWS,reviews_2023.csv,2023-05-24T11:43:58.938922314,BATCH-G-20230524
REV-00076530,SKU-0019664,user_27312,Mariah Hudson,1,Wrong item was shipped to me.,2023-11-18,True,NEGATIVE,20,SOURCE_G_REVIEWS,reviews_2023.csv,2023-11-18T22:09:10.821860505,BATCH-G-20231118
REV-00076533,SKU-0015264,,Anonymous,4,Better than I expected for the price. ⭐,2023-12-13,False,POSITIVE,5,SOURCE_G_REVIEWS,reviews_2023.csv,2023-12-13T12:44:02.399475165,BATCH-G-20231213
REV-00076535,SKU-0004232,user_56595,Ashley Martin,5,Fast delivery and great quality.,2023-02-24,True,POSITIVE,1,SOURCE_G_REVIEWS,reviews_2023.csv,2023-02-24T06:05:26.804104555,BATCH-G-20230224
REV-00076536,SKU-0008803,,Anonymous,2,Not as described at all.,2023-09-01,False,NEGATIVE,8,SOURCE_G_REVIEWS,reviews_2023.csv,2023-09-01T18:40:00.400150583,BATCH-G-20230901
REV-00076538,SKU-0002772,user_9029912,Ernest Turner,5,Arrived damaged and support was unhelpful.,2023-01-12,True,NEGATIVE,7,SOURCE_G_REVIEWS,reviews_2023.csv,2023-01-13T01:46:30.209442879,BATCH-G-20230112
REV-00076551,SKU-9961561,user_9032161,Carolyn Cruz,4,"Absolutely love it, works perfectly!",2023-11-16,False,POSITIVE,5,SOURCE_G_REVIEWS,reviews_2023.csv,2023-11-16T19:55:33.803117759,BATCH-G-20231116
REV-00076571,SKU-0009743,user_49443,Robert,4,"Exactly as described, very happy.",2023-01-31,False,POSITIVE,1,SOURCE_G_REVIEWS,reviews_2023.csv,2023-01-31T18:02:21.813339162,BATCH-G-20230131
REV-00076601,SKU-0013463,user_9015272,Robert Larsen,4,"Solid build quality, no complaints.",2023-10-02,True,POSITIVE,1,SOURCE_G_REVIEWS,reviews_2023.csv,2023-10-02T20:13:17.540761752,BATCH-G-20231002
REV-00076619,SKU-0010896,user_9008329,Alex,5,Arrived damaged and support was unhelpful.,2023-11-15,True,NEGATIVE,1,SOURCE_G_REVIEWS,reviews_2023.csv,2023-11-15T05:48:19.668618927,BATCH-G-20231115
REV-00076619-DUP,SKU-0010896,user_9008329,Alex,5,Arrived damaged and support was unhelpful.,2023-11-15,True,NEGATIVE,1,SOURCE_G_REVIEWS,reviews_2023.csv,2023-11-15T05:54:19.668618927,BATCH-G-20231115
REV-00076621,SKU-9916191,user_9002036,Rachel Murphy,4,Fast delivery and great quality.,2023-10-22,True,POSITIVE,10,SOURCE_G_REVIEWS,reviews_2023.csv,2023-10-22T17:03:49.313789881,BATCH-G-20231022
REV-00076625,SKU-0002726,user_9020322,Samuel Howard,5,Highly recommend this product.,2023-12-21,False,POSITIVE,3,SOURCE_G_REVIEWS,reviews_2023.csv,2023-12-21T21:25:33.097731896,BATCH-G-20231221
REV-00076630,SKU-0015377,user_9002565,Lindsay Shaw,1,"Cheaply made, broke immediately.",2023-04-30,False,NEGATIVE,0,SOURCE_G_REVIEWS,reviews_2023.csv,2023-04-30T11:15:33.372891460,BATCH-G-20230430
REV-00076646,SKU-0006556,user_9022243,Claudia Melendez,5,"Absolutely love it, works perfectly!",2023-12-04,True,POSITIVE,0,SOURCE_G_REVIEWS,reviews_2023.csv,2023-12-04T02:53:54.372267579,BATCH-G-20231204
REV-00076650,SKU-0006579,user_9004743,Linda Mclaughlin,5,Fast delivery and great quality. 😢,2023-10-16,False,POSITIVE,7,SOURCE_G_REVIEWS,reviews_2023.csv,2023-10-17T01:42:35.345003049,BATCH-G-20231016
REV-00076661,SKU-0007318,,Anonymous,5,"   Perfect  gift,  they  loved  it!   ",2023-05-05,True,POSITIVE,0,SOURCE_G_REVIEWS,reviews_2023.csv,2023-05-05T19:13:18.209262238,BATCH-G-20230505
REV-00076663,SKU-0000124,user_39042,Benjamin Stein,5,"Exactly as described, very happy.",2023-10-11,True,POSITIVE,2,SOURCE_G_REVIEWS,reviews_2023.csv,2023-10-12T05:34:56.436053013,BATCH-G-20231011
REV-00076669,SKU-0009910,user_9003784,Darrell Good,5,"Absolutely love it, works perfectly!",2023-09-15,True,POSITIVE,0,SOURCE_G_REVIEWS,reviews_2023.csv,2023-09-15T09:07:26.750164381,BATCH-G-20230915
REV-00076678,SKU-0016174,user_9019238,Ryan Thompson,2,   Very  disappointed  with  the  quality.  ⭐   ,2023-01-11,True,NEGATIVE,2,SOURCE_G_REVIEWS,reviews_2023.csv,2023-01-11T13:27:36.771887791,BATCH-G-20230111
REV-00076684,SKU-0016091,,Anonymous,5,"Perfect gift, they loved it!",2023-03-20,False,POSITIVE,11,SOURCE_G_REVIEWS,reviews_2023.csv,2023-03-20T04:49:49.364032092,BATCH-G-20230320
REV-00076728,SKU-0011427,user_17639,Matthew Frederick,4,Will definitely buy again.,2023-03-09,True,POSITIVE,6,SOURCE_G_REVIEWS,reviews_2023.csv,2023-03-09T08:36:16.697018740,BATCH-G-20230309
REV-00076737,SKU-0004103,user_62529,Jordan Sutton,5,Will definitely buy again.,2023-08-20,False,POSITIVE,0,SOURCE_G_REVIEWS,reviews_2023.csv,2023-08-20T05:42:45.817429337,BATCH-G-20230820
REV-00076742,SKU-0007191,,Anonymous,5,"Solid build quality, no complaints.",2023-02-03,False,POSITIVE,0,SOURCE_G_REVIEWS,reviews_2023.csv,2023-02-03T10:55:25.990708996,BATCH-G-20230203
REV-00076765,SKU-0017977,,Anonymous,5,"Waste of money, do not buy.",2023-05-05,False,NEGATIVE,4,SOURCE_G_REVIEWS,reviews_2023.csv,2023-05-05T03:05:51.775602617,BATCH-G-20230505
REV-00076770,SKU-0013812,,Anonymous,2,"Not bad, not great either.",2023-01-28,True,NEUTRAL,3,SOURCE_G_REVIEWS,reviews_2023.csv,2023-01-28T20:40:54.654292246,BATCH-G-20230128
REV-00076777,SKU-0015158,user_9010608,Russell,4,"   Solid  build  quality,  no  complaints.   ",2023-11-17,True,POSITIVE,1,SOURCE_G_REVIEWS,reviews_2023.csv,2023-11-17T14:46:47.179317737,BATCH-G-20231117
REV-00076779,SKU-0005423,user_64598,Courtney Gomez,2,Arrived damaged and support was unhelpful.,2023-01-20,True,NEGATIVE,5,SOURCE_G_REVIEWS,reviews_2023.csv,2023-01-20T05:32:33.501988028,BATCH-G-20230120
REV-00076789,SKU-0013598,user_9016434,Rebecca,5,Great value for money.,2023-05-20,True,POSITIVE,3,SOURCE_G_REVIEWS,reviews_2023.csv,2023-05-20T11:56:58.577232717,BATCH-G-20230520
REV-00076791,SKU-0006348,,Anonymous,5,Will definitely buy again.,2023-08-22,False,POSITIVE,1,SOURCE_G_REVIEWS,reviews_2023.csv,2023-08-22T16:40:38.424557967,BATCH-G-20230822
REV-00076792,SKU-0001334,,Anonymous,1,"Waste of money, do not buy.",2023-11-26,False,NEGATIVE,0,SOURCE_G_REVIEWS,reviews_2023.csv,2023-11-26T06:39:46.097818394,BATCH-G-20231126
REV-00076797,SKU-0019848,,Anonymous,4,Highly recommend this product.,2023-01-18,True,POSITIVE,1,SOURCE_G_REVIEWS,reviews_2023.csv,2023-01-18T13:51:08.374247539,BATCH-G-20230118
REV-00076801,SKU-0001915,user_10196,Nancy,5,Better than I expected for the price.,2023-12-26,True,POSITIVE,1,SOURCE_G_REVIEWS,reviews_2023.csv,2023-12-27T04:35:39.762586374,BATCH-G-20231226
REV-00076805,SKU-0004340,user_14696,Karla Murphy,4,Fast delivery and great quality.,2023-08-22,False,POSITIVE,1,SOURCE_G_REVIEWS,reviews_2023.csv,2023-08-22T10:18:22.565783509,BATCH-G-20230822
REV-00076814,SKU-0013853,user_25863,Tami Palmer,4,"Absolutely love it, works perfectly!",2023-08-17,True,POSITIVE,2,SOURCE_G_REVIEWS,reviews_2023.csv,2023-08-17T12:07:01.483678584,BATCH-G-20230817
REV-00076825,SKU-0014714,user_6350,Peter Monroe,4,"Absolutely love it, works perfectly!",2023-12-26,True,POSITIVE,0,SOURCE_G_REVIEWS,reviews_2023.csv,2023-12-27T05:40:33.630016367,BATCH-G-20231226
REV-00076833,SKU-9927023,user_9008354,Connor,5,गुणवत्ता ठीक नहीं थी।,2023-10-01,True,POSITIVE,0,SOURCE_G_REVIEWS,reviews_2023.csv,2023-10-01T19:00:40.527412362,BATCH-G-20231001
REV-00076835,SKU-0010591,user_9124,Elizabeth Williams,5,"बहुत अच्छा उत्पाद है, पैसा वसूल!",2023-10-01,True,NEUTRAL,3,SOURCE_G_REVIEWS,reviews_2023.csv,2023-10-01T18:27:24.333555539,BATCH-G-20231001
REV-00076838,SKU-0001472,user_9030650,Leslie Macias,1,Very disappointed with the quality.,2023-03-11,True,NEGATIVE,1,SOURCE_G_REVIEWS,reviews_2023.csv,2023-03-11T03:56:53.100689081,BATCH-G-20230311
REV-00076844,SKU-0019883,user_17786,Gene,4,Exceeded my expectations.,2023-03-25,False,POSITIVE,3,SOURCE_G_REVIEWS,reviews_2023.csv,2023-03-25T19:48:32.529970847,BATCH-G-20230325
REV-00076859,SKU-0002408,user_12543,James,4,"Exactly as described, very happy.",2023-08-08,True,POSITIVE,6,SOURCE_G_REVIEWS,reviews_2023.csv,2023-08-09T01:36:15.341018185,BATCH-G-20230808
REV-00076867,SKU-0018093,user_14164,Margaret Miller,4,Highly recommend this product.,2023-02-16,False,POSITIVE,1,SOURCE_G_REVIEWS,reviews_2023.csv,2023-02-16T13:03:49.404306968,BATCH-G-20230216
REV-00076878,SKU-0011464,user_9018738,Andrew Adams,3,"Not bad, not great either.",2023-02-14,True,NEUTRAL,4,SOURCE_G_REVIEWS,reviews_2023.csv,2023-02-14T00:36:46.100985697,BATCH-G-20230214
REV-00076885,SKU-0000357,user_9020106,Anthony Johnson,4,Great value for money.,2023-02-21,True,POSITIVE,2,SOURCE_G_REVIEWS,reviews_2023.csv,2023-02-21T13:28:31.708393339,BATCH-G-20230221
REV-00076888,SKU-0010602,user_9016577,Jillian,5,Exceeded my expectations.,2023-12-21,True,POSITIVE,0,SOURCE_G_REVIEWS,reviews_2023.csv,2023-12-21T22:57:06.272016654,BATCH-G-20231221
REV-00076901,SKU-9926316,user_66646,Michele Nguyen,4,</p>Very disappointed with the quality.<p>,2023-12-21,True,NEGATIVE,2,SOURCE_G_REVIEWS,reviews_2023.csv,2023-12-21T12:22:26.240605474,BATCH-G-20231221
REV-00076906,SKU-0016229,user_9018476,Tanya Miller,2,Arrived damaged and support was unhelpful.,2023-12-11,False,NEGATIVE,12,SOURCE_G_REVIEWS,reviews_2023.csv,2023-12-12T02:10:32.921623953,BATCH-G-20231211
REV-00076908,SKU-0001033,user_4464,Natasha Pineda,5,Will definitely buy again.,2023-12-30,False,POSITIVE,3,SOURCE_G_REVIEWS,reviews_2023.csv,2023-12-30T10:04:00.446636899,BATCH-G-20231230
REV-00076913,SKU-0013674,user_9001846,Michelle,5,"बहुत अच्छा उत्पाद है, पैसा वसूल!",2023-03-01,True,POSITIVE,0,SOURCE_G_REVIEWS,reviews_2023.csv,2023-03-02T04:40:18.626674710,BATCH-G-20230301
REV-00076914,SKU-0004964,user_62705,Glenn Meyer,3,"Matches the description, no issues.",2023-11-29,False,NEUTRAL,0,SOURCE_G_REVIEWS,reviews_2023.csv,2023-11-29T02:36:12.486926340,BATCH-G-20231129
REV-00076917,SKU-0002177,,Anonymous,4,Highly recommend this product.,2023-12-02,False,POSITIVE,2,SOURCE_G_REVIEWS,reviews_2023.csv,2023-12-02T21:12:40.068645681,BATCH-G-20231202
REV-00076919,SKU-0015935,user_2122,Rachel Oneal,2,"Poor packaging, item was defective.",2023-11-02,False,NEGATIVE,3,SOURCE_G_REVIEWS,reviews_2023.csv,2023-11-02T22:03:28.707914263,BATCH-G-20231102
REV-00076930,SKU-0017008,user_52163,Gary Webster,2,Arrived damaged and support was unhelpful.,2023-06-16,False,NEGATIVE,1,SOURCE_G_REVIEWS,reviews_2023.csv,2023-06-16T23:30:42.758155083,BATCH-G-20230616
REV-00076931,SKU-0010706,user_9007444,Robert,5,Highly recommend this product.,2023-05-14,True,POSITIVE,2,SOURCE_G_REVIEWS,reviews_2023.csv,2023-05-14T04:05:54.073767186,BATCH-G-20230514
REV-00076932,SKU-0007849,user_53241,Carol Martin,5,"Absolutely love it, works perfectly!",2023-10-28,True,POSITIVE,4,SOURCE_G_REVIEWS,reviews_2023.csv,2023-10-29T02:08:26.393141715,BATCH-G-20231028
REV-00076949,SKU-0011264,,Anonymous,5,"बहुत अच्छा उत्पाद है, पैसा वसूल!",2023-12-13,False,POSITIVE,0,SOURCE_G_REVIEWS,reviews_2023.csv,2023-12-13T22:51:50.873556320,BATCH-G-20231213
REV-00076973,SKU-0012322,user_39822,Marissa Campbell,5,गुणवत्ता ठीक नहीं थी। Not as described at all.,2023-12-07,False,NEGATIVE,6,SOURCE_G_REVIEWS,reviews_2023.csv,2023-12-07T00:43:11.780748001,BATCH-G-20231207
REV-00076992,SKU-0010228,,Anonymous,4,Will definitely buy again.,2023-02-01,False,POSITIVE,5,SOURCE_G_REVIEWS,reviews_2023.csv,2023-02-01T07:34:10.311090007,BATCH-G-20230201
REV-00076993,SKU-0018899,,Anonymous,2,Arrived damaged and support was unhelpful.,2023-12-15,True,NEGATIVE,2,SOURCE_G_REVIEWS,reviews_2023.csv,2023-12-16T05:10:28.560732431,BATCH-G-20231215
REV-00076995,SKU-0014757,user_9000670,Dana Allen,4,"Muy buen producto, lo recomiendo. Absolutely love it, works perfectly!",2023-11-03,True,POSITIVE,10,SOURCE_G_REVIEWS,reviews_2023.csv,2023-11-03T06:23:06.374604645,BATCH-G-20231103
REV-00077002,SKU-0007579,user_9032340,Jennifer Foster,4,"बहुत अच्छा उत्पाद है, पैसा वसूल!",2023-12-28,False,POSITIVE,0,SOURCE_G_REVIEWS,reviews_2023.csv,2023-12-29T04:32:12.810603269,BATCH-G-20231228
REV-00077008,SKU-9913725,,Anonymous,5,"Perfect gift, they loved it!",2023-06-19,False,POSITIVE,2,SOURCE_G_REVIEWS,reviews_2023.csv,2023-06-19T12:37:27.885781347,BATCH-G-20230619
REV-00077018,SKU-0013619,user_49182,Angela,3,Decent but overpriced a bit.,2023-01-05,False,NEUTRAL,0,SOURCE_G_REVIEWS,reviews_2023.csv,2023-01-05T14:54:46.931051760,BATCH-G-20230105
REV-00077022,SKU-0008061,user_9016347,Karl,4,"Perfect gift, they loved it!",2023-12-03,True,POSITIVE,0,SOURCE_G_REVIEWS,reviews_2023.csv,2023-12-03T06:48:35.634417946,BATCH-G-20231203
REV-00077034,SKU-0003690,user_9033586,Tammie Reeves,5,</p>Better than I expected for the price.<br>,2023-10-08,True,POSITIVE,2,SOURCE_G_REVIEWS,reviews_2023.csv,2023-10-08T23:42:58.943979491,BATCH-G-20231008
REV-00077037,SKU-0011052,,Anonymous,5, ,2023-01-30,False,POSITIVE,4,SOURCE_G_REVIEWS,reviews_2023.csv,2023-01-30T21:10:48.491333989,BATCH-G-20230130
REV-00077038,SKU-0005537,user_9011463,Charles Williams,4,"Absolutely love it, works perfectly!",2023-08-17,True,POSITIVE,1,SOURCE_G_REVIEWS,reviews_2023.csv,2023-08-17T13:56:02.298833709,BATCH-G-20230817
REV-00077042,SKU-0006365,user_66631,Marvin Pena,5,"Absolutely love it, works perfectly! 👍",2023-08-25,True,POSITIVE,5,SOURCE_G_REVIEWS,reviews_2023.csv,2023-08-25T09:14:19.987299617,BATCH-G-20230825
REV-00077054,SKU-0011815,,Anonymous,3,Works fine but delivery was slow. 👍,2023-11-25,False,NEUTRAL,2,SOURCE_G_REVIEWS,reviews_2023.csv,2023-11-25T11:34:33.532195663,BATCH-G-20231125
REV-00077056,SKU-0006187,user_58467,Denise Wang,5,Highly recommend this product.,2023-06-01,True,POSITIVE,0,SOURCE_G_REVIEWS,reviews_2023.csv,2023-06-01T23:07:51.435145531,BATCH-G-20230601
REV-00077057,SKU-0017474,user_61704,Sarah Shepard,5,Exceeded my expectations.,2023-01-05,True,POSITIVE,0,SOURCE_G_REVIEWS,reviews_2023.csv,2023-01-05T06:51:11.482999620,BATCH-G-20230105
REV-00077077,SKU-0017229,user_19046,Charles Perez,N/A,"Matches the description, no issues.",2023-06-27,True,NEUTRAL,4,SOURCE_G_REVIEWS,reviews_2023.csv,2023-06-27T15:58:29.107776114,BATCH-G-20230627
REV-00077078,SKU-0007596,user_9034563,Kimberly Preston,5,गुणवत्ता ठीक नहीं थी।,2023-04-17,True,POSITIVE,1,SOURCE_G_REVIEWS,reviews_2023.csv,2023-04-17T07:09:58.446565964,BATCH-G-20230417
REV-00077094,SKU-0020175,user_9018668,Spencer Adams,3,"It's okay, does the job. 😀😢",2023-12-10,False,NEUTRAL,1,SOURCE_G_REVIEWS,reviews_2023.csv,2023-12-10T11:12:28.116764915,BATCH-G-20231210
REV-00077097,SKU-0012337,user_9009228,Abigail Jones,?,"Not bad, not great either.",2023-09-23,True,NEUTRAL,1,SOURCE_G_REVIEWS,reviews_2023.csv,2023-09-24T05:02:40.037824902,BATCH-G-20230923
REV-00077100,SKU-0013495,user_67386,Michael Moody,4,"Perfect gift, they loved it!",2023-09-07,True,POSITIVE,6,SOURCE_G_REVIEWS,reviews_2023.csv,2023-09-07T01:47:51.910749118,BATCH-G-20230907
REV-00077117,SKU-0009966,user_16949,Susan Mckinney,5,"Absolutely love it, works perfectly!",2023-01-15,True,POSITIVE,6,SOURCE_G_REVIEWS,reviews_2023.csv,2023-01-16T02:05:50.280905545,BATCH-G-20230115
REV-00077119,SKU-0017174,user_57356,Kimberly Bishop,4,Better than I expected for the price.,2023-03-04,True,POSITIVE,6,SOURCE_G_REVIEWS,reviews_2023.csv,2023-03-04T07:20:16.034851447,BATCH-G-20230304
REV-00077125,SKU-0016468,,Anonymous,2,"Waste of money, do not buy.",2023-12-24,False,NEGATIVE,7,SOURCE_G_REVIEWS,reviews_2023.csv,2023-12-24T22:43:59.425747855,BATCH-G-20231224
REV-00077141,SKU-0003135,user_21065,Christie Mitchell,4,Fast delivery and great quality.,2023-04-06,True,POSITIVE,4,SOURCE_G_REVIEWS,reviews_2023.csv,2023-04-06T06:41:31.688259048,BATCH-G-20230406
REV-00077173,SKU-0002498,user_9017819,Chad Henry,5,"Absolutely love it, works perfectly!",2023-12-12,False,POSITIVE,10,SOURCE_G_REVIEWS,reviews_2023.csv,2023-12-12T20:58:49.635117261,BATCH-G-20231212
REV-00077176,SKU-0012447,user_9029215,Michael,5,Better than I expected for the price.,2023-01-31,False,POSITIVE,2,SOURCE_G_REVIEWS,reviews_2023.csv,2023-02-15T22:00:00,BATCH-G-20230131
REV-00077193,SKU-0003796,user_9031099,Amy Munoz,,Arrived damaged and support was unhelpful.,2023-12-31,True,NEGATIVE,1,SOURCE_G_REVIEWS,reviews_2023.csv,2023-12-31T17:31:43.708235420,BATCH-G-20231231
REV-00077194,SKU-0011321,,Anonymous,3,"Matches the description, no issues.",2023-10-31,False,NEUTRAL,1,SOURCE_G_REVIEWS,reviews_2023.csv,2023-11-01T04:38:58.222303973,BATCH-G-20231031
REV-00077199,SKU-0018278,user_9004470,Bryan Long,5,"Exactly as described, very happy. 😍",2023-05-23,True,POSITIVE,4,SOURCE_G_REVIEWS,reviews_2023.csv,2023-06-02T14:00:00,BATCH-G-20230523
REV-00077203,SKU-0010177,user_9026361,Michael Kennedy,5,"It's okay, does the job.",2023-06-05,True,NEUTRAL,3,SOURCE_G_REVIEWS,reviews_2023.csv,2023-06-05T22:01:12.910506003,BATCH-G-20230605
REV-00077234,SKU-0018599,user_17577,Evan Ellis,4,"Perfect gift, they loved it!",2023-05-07,True,POSITIVE,2,SOURCE_G_REVIEWS,reviews_2023.csv,2023-05-07T05:29:05.944895919,BATCH-G-20230507
REV-00077236,SKU-0010785,user_9027113,Nina Schroeder,5,Exceeded my expectations.,2023-12-12,False,POSITIVE,3,SOURCE_G_REVIEWS,reviews_2023.csv,2023-12-12T13:13:15.542176227,BATCH-G-20231212
REV-00077236-DUP,SKU-0010785,user_9027113,Nina Schroeder,5,Exceeded my expectations.,2023-12-12,False,POSITIVE,3,SOURCE_G_REVIEWS,reviews_2023.csv,2023-12-12T13:32:15.542176227,BATCH-G-20231212
REV-00077239,SKU-0005742,user_37922,Michael,5,Exceeded my expectations.,2023-11-18,True,POSITIVE,0,SOURCE_G_REVIEWS,reviews_2023.csv,2023-11-18T20:07:32.373268566,BATCH-G-20231118
REV-00077257,SKU-0009212,user_29455,Alyssa,5,Exceeded my expectations.,2023-08-26,True,POSITIVE,2,SOURCE_G_REVIEWS,reviews_2023.csv,2023-08-27T04:39:45.679356971,BATCH-G-20230826
REV-00077261,SKU-0014009,user_9015802,Audrey Henry,4,Exceeded my expectations.,2023-01-12,True,POSITIVE,8,SOURCE_G_REVIEWS,reviews_2023.csv,2023-01-12T23:05:54.701340225,BATCH-G-20230112
REV-00077289,SKU-0009608,user_55369,Holly Washington,unknown,Highly recommend this product.,2023-02-08,True,POSITIVE,1,SOURCE_G_REVIEWS,reviews_2023.csv,2023-02-08T18:52:54.872200360,BATCH-G-20230208
REV-00077298,SKU-0000664,,Anonymous,1,Exceeded my expectations.,2023-06-30,True,POSITIVE,10,SOURCE_G_REVIEWS,reviews_2023.csv,2023-06-30T18:11:16.959035658,BATCH-G-20230630
REV-00077313,SKU-9914956,user_56780,Troy Gonzalez,4,गुणवत्ता ठीक नहीं थी।,2023-11-23,True,NEGATIVE,8,SOURCE_G_REVIEWS,reviews_2023.csv,2023-11-23T19:38:48.773681287,BATCH-G-20231123
REV-00077317,SKU-0002935,user_13975,Theresa Walker,4,Fast delivery and great quality.,2023-02-10,True,POSITIVE,3,SOURCE_G_REVIEWS,reviews_2023.csv,2023-02-10T06:47:22.228323498,BATCH-G-20230210
REV-00077323,SKU-0007697,user_42066,Patty,4,Will definitely buy again.,2023-01-27,True,POSITIVE,3,SOURCE_G_REVIEWS,reviews_2023.csv,2023-01-27T11:54:32.230361170,BATCH-G-20230127
REV-00077327,SKU-0020134,user_9026731,Brian Henderson,3,Decent but overpriced a bit.,2023-12-24,False,NEUTRAL,7,SOURCE_G_REVIEWS,reviews_2023.csv,2023-12-24T19:39:46.529714155,BATCH-G-20231224
REV-00077349,SKU-0003937,user_9004020,Daniel Townsend,3,Works fine but delivery was slow.,2023-11-29,False,NEUTRAL,1,SOURCE_G_REVIEWS,reviews_2023.csv,2023-11-29T10:25:29.621032784,BATCH-G-20231129
REV-00077351,SKU-0010051,user_9026349,Brian Rangel,5,Highly recommend this product.,2023-01-24,True,POSITIVE,2,SOURCE_G_REVIEWS,reviews_2023.csv,2023-01-24T10:15:25.370819182,BATCH-G-20230124
REV-00077357,SKU-0004364,user_15189,Charles,-1,"It's okay, does the job.",2023-08-26,True,NEUTRAL,9,SOURCE_G_REVIEWS,reviews_2023.csv,2023-08-26T10:48:23.262780656,BATCH-G-20230826
REV-00077362,SKU-0018957,user_9025240,Joshua,5,"Perfect gift, they loved it!",2023-03-18,True,POSITIVE,3,SOURCE_G_REVIEWS,reviews_2023.csv,2023-03-18T00:39:35.353454747,BATCH-G-20230318
REV-00077376,SKU-0013237,,Anonymous,5,Exceeded my expectations.,2023-03-05,False,POSITIVE,0,SOURCE_G_REVIEWS,reviews_2023.csv,2023-03-05T11:38:01.844628005,BATCH-G-20230305
REV-00077398,SKU-0001311,user_9015036,Sharon,2,"Waste of money, do not buy. 👍😍",2023-11-09,True,NEGATIVE,0,SOURCE_G_REVIEWS,reviews_2023.csv,2023-11-09T03:27:41.485222319,BATCH-G-20231109
REV-00077399,SKU-0009469,,Anonymous,5,Great value for money.,2023-11-23,False,POSITIVE,1,SOURCE_G_REVIEWS,reviews_2023.csv,2023-11-23T04:52:21.795025199,BATCH-G-20231123
REV-00077407,SKU-0005232,user_65964,Rachel Jackson,3,Works fine but delivery was slow.,2023-07-25,True,NEUTRAL,2,SOURCE_G_REVIEWS,reviews_2023.csv,2023-07-25T17:35:17.532251078,BATCH-G-20230725
REV-00077410,SKU-0006795,user_22219,Justin Valdez,4,"Perfect gift, they loved it!",2023-02-25,True,POSITIVE,0,SOURCE_G_REVIEWS,reviews_2023.csv,2023-02-25T05:05:42.484834015,BATCH-G-20230225
REV-00077427,SKU-0008207,user_40635,Stephanie Booth,4,"Livraison très lente, déçu.",2023-09-06,False,POSITIVE,0,SOURCE_G_REVIEWS,reviews_2023.csv,2023-09-06T22:53:37.152040180,BATCH-G-20230906
REV-00077436,SKU-0012878,user_9003948,Amy Leonard,4,Exceeded my expectations.,2023-06-04,True,POSITIVE,2,SOURCE_G_REVIEWS,reviews_2023.csv,2023-06-04T23:23:16.909810956,BATCH-G-20230604
REV-00077451,SKU-0019855,user_9012750,Joshua Kim,4,Better than I expected for the price.,2023-11-18,True,POSITIVE,8,SOURCE_G_REVIEWS,reviews_2023.csv,2023-11-18T08:57:53.830209445,BATCH-G-20231118
REV-00077453,SKU-0004548,user_32144,Katie James,3,"Average quality, nothing special.",2023-12-16,False,NEUTRAL,1,SOURCE_G_REVIEWS,reviews_2023.csv,2023-12-16T20:36:16.907905664,BATCH-G-20231216
REV-00077462,SKU-0000705,user_24957,Jessica Robinson,3,Decent but overpriced a bit.,2023-01-06,True,NEUTRAL,4,SOURCE_G_REVIEWS,reviews_2023.csv,2023-01-06T11:09:55.354827440,BATCH-G-20230106
REV-00077479,SKU-0003039,user_9024761,Edward,4,Exceeded my expectations.,2023-01-22,True,POSITIVE,0,SOURCE_G_REVIEWS,reviews_2023.csv,2023-01-22T15:03:18.060560164,BATCH-G-20230122
REV-00077484,SKU-0003201,user_15294,Linda Hall,2,Very disappointed with the quality. 😡😡,2023-08-15,True,NEGATIVE,1,SOURCE_G_REVIEWS,reviews_2023.csv,2023-08-15T09:10:26.961690743,BATCH-G-20230815
REV-00077488,SKU-0003105,user_9033151,Tammy Adams,5,"Perfect gift, they loved it!",2023-12-22,False,POSITIVE,4,SOURCE_G_REVIEWS,reviews_2023.csv,2023-12-23T04:40:18.155179099,BATCH-G-20231222
REV-00077493,SKU-0014222,user_9008973,Jonathan,4,Better than I expected for the price.,2023-01-14,True,POSITIVE,3,SOURCE_G_REVIEWS,reviews_2023.csv,2023-01-14T12:30:59.205176379,BATCH-G-20230114
REV-00077497,SKU-0005703,user_14892,Bradley Ross,5,गुणवत्ता ठीक नहीं थी। Highly recommend this product.,2023-11-15,False,POSITIVE,2,SOURCE_G_REVIEWS,reviews_2023.csv,2023-11-15T02:33:49.923227619,BATCH-G-20231115
REV-00077503,SKU-0018835,user_9006340,Jeffrey Turner,5,Fast delivery and great quality.,2023-10-10,False,POSITIVE,2,SOURCE_G_REVIEWS,reviews_2023.csv,2023-10-10T14:21:49.932434638,BATCH-G-20231010
REV-00077504,SKU-0004696,user_9015306,Catherine Henderson,5,"Perfect gift, they loved it!",2023-12-29,True,POSITIVE,1,SOURCE_G_REVIEWS,reviews_2023.csv,2023-12-29T15:08:28.567834990,BATCH-G-20231229
REV-00077506,SKU-0016351,user_9034228,Tammy,1,"Waste of money, do not buy.",2023-06-09,False,NEGATIVE,0,SOURCE_G_REVIEWS,reviews_2023.csv,2023-06-09T17:51:46.144752284,BATCH-G-20230609
REV-00077513,SKU-0016756,user_38969,Jeremy Roberts,4,Highly recommend this product.,2023-02-18,True,POSITIVE,0,SOURCE_G_REVIEWS,reviews_2023.csv,2023-02-18T22:45:35.145752047,BATCH-G-20230218
REV-00077514,SKU-0004147,,Anonymous,5,"It's okay, does the job.",2023-07-23,False,NEUTRAL,1,SOURCE_G_REVIEWS,reviews_2023.csv,2023-07-23T11:31:38.081757104,BATCH-G-20230723
REV-00077518,SKU-0009668,,Anonymous,4,No cumplió mis expectativas.,2023-01-02,True,POSITIVE,1,SOURCE_G_REVIEWS,reviews_2023.csv,2023-01-02T22:23:31.634908828,BATCH-G-20230102
REV-00077519,SKU-0018199,,Anonymous,5,Exceeded my expectations.,2023-01-15,True,POSITIVE,0,SOURCE_G_REVIEWS,reviews_2023.csv,2023-01-15T06:40:09.449375605,BATCH-G-20230115
REV-00077532,SKU-0018640,user_9018580,Lauren,5,Fast delivery and great quality.,2023-09-01,True,POSITIVE,2,SOURCE_G_REVIEWS,reviews_2023.csv,2023-09-01T20:27:39.452657886,BATCH-G-20230901
REV-00077547,SKU-0018219,user_9017254,Connor Ford,4,Highly recommend this product.,2023-08-14,True,POSITIVE,2,SOURCE_G_REVIEWS,reviews_2023.csv,2023-08-14T21:45:29.053009730,BATCH-G-20230814
REV-00077553,SKU-0014140,user_9031264,Eric Collins,5,Fast delivery and great quality.,2023-03-11,False,POSITIVE,5,SOURCE_G_REVIEWS,reviews_2023.csv,2023-03-11T05:29:20.178927123,BATCH-G-20230311
REV-00077557,SKU-0012491,user_49772,Erica Norman,5,"Exactly as described, very happy.",2023-07-30,True,POSITIVE,1,SOURCE_G_REVIEWS,reviews_2023.csv,2023-07-30T03:17:48.857586263,BATCH-G-20230730
REV-00077560,SKU-0008426,user_9012828,Michelle Thomas,2,"Muy buen producto, lo recomiendo. Poor packaging, item was defective. 🔥😡",2023-09-10,True,NEGATIVE,1,SOURCE_G_REVIEWS,reviews_2023.csv,2023-09-11T05:43:57.037396103,BATCH-G-20230910
REV-00077561,SKU-0017920,user_6048,Lisa Castillo,5,"Absolutely love it, works perfectly!",2023-04-23,False,POSITIVE,0,SOURCE_G_REVIEWS,reviews_2023.csv,2023-04-24T00:25:22.579418646,BATCH-G-20230423
REV-00077574,SKU-0016313,,Anonymous,5,"Perfect gift, they loved it!",2023-10-30,False,POSITIVE,6,SOURCE_G_REVIEWS,reviews_2023.csv,2023-10-30T09:41:57.563852124,BATCH-G-20231030
REV-00077579,SKU-0005239,user_18013,Anthony Crawford,3,"It's okay, does the job.",2023-09-16,False,NEUTRAL,0,SOURCE_G_REVIEWS,reviews_2023.csv,2023-09-16T11:42:40.586659672,BATCH-G-20230916
REV-00077583,SKU-0000312,user_30638,Jacqueline Wolfe,2,Arrived damaged and support was unhelpful.,2023-07-18,False,NEGATIVE,9,SOURCE_G_REVIEWS,reviews_2023.csv,2023-07-18T19:28:22.353407491,BATCH-G-20230718
REV-00077589,SKU-0010236,user_9027706,Natalie Miles,2,"Average quality, nothing special. 😐😡",2023-02-05,True,NEUTRAL,0,SOURCE_G_REVIEWS,reviews_2023.csv,2023-02-05T13:52:47.888752302,BATCH-G-20230205
REV-00077594,SKU-0010877,user_9002251,Kimberly Brown,3,"Livraison très lente, déçu.",2023-04-29,False,NEUTRAL,1,SOURCE_G_REVIEWS,reviews_2023.csv,2023-04-29T15:42:11.439664949,BATCH-G-20230429
REV-00077603,SKU-0019830,user_9007815,Christopher Collins,2,"Cheaply made, broke immediately.",2023-10-29,True,NEGATIVE,0,SOURCE_G_REVIEWS,reviews_2023.csv,2023-10-30T01:41:03.455333636,BATCH-G-20231029
REV-00077609,SKU-0003365,user_9028683,Dr.,4,Fast delivery and great quality.,2023-08-23,True,POSITIVE,4,SOURCE_G_REVIEWS,reviews_2023.csv,2023-08-23T08:30:46.776178771,BATCH-G-20230823
REV-00077613,SKU-0017578,user_37176,Amber Baker,5,Highly recommend this product.,2023-12-11,True,POSITIVE,0,SOURCE_G_REVIEWS,reviews_2023.csv,2023-12-11T01:31:36.412694033,BATCH-G-20231211
REV-00077618,SKU-9914319,user_8161,Mrs. Crystal Meyers,5,"Exactly as described, very happy.",2023-01-25,True,POSITIVE,1,SOURCE_G_REVIEWS,reviews_2023.csv,2023-01-26T00:42:58.759023475,BATCH-G-20230125
REV-00077626,SKU-0007482,user_55195,David Fox,4,Will definitely buy again.,2023-06-02,True,POSITIVE,1,SOURCE_G_REVIEWS,reviews_2023.csv,2023-06-02T06:09:28.461972573,BATCH-G-20230602
REV-00077645,SKU-0009743,user_62165,Christine Palmer,1,"Cheaply made, broke immediately.",2023-10-01,False,NEGATIVE,3,SOURCE_G_REVIEWS,reviews_2023.csv,2023-10-01T00:57:37.524419416,BATCH-G-20231001
REV-00077654,SKU-0017103,user_9002694,Yolanda Lee,5,"&nbsp;Solid build quality, no complaints.&nbsp;",2023-09-23,False,POSITIVE,1,SOURCE_G_REVIEWS,reviews_2023.csv,2023-09-23T21:09:45.243578519,BATCH-G-20230923
REV-00077663,SKU-0012250,user_9007344,Brent Oconnor,5,"Solid build quality, no complaints.",2023-11-25,False,POSITIVE,0,SOURCE_G_REVIEWS,reviews_2023.csv,2023-11-25T06:03:13.669825706,BATCH-G-20231125
REV-00077665,SKU-0005312,user_32329,Norman,4,"Exactly as described, very happy.",2023-09-30,True,POSITIVE,1,SOURCE_G_REVIEWS,reviews_2023.csv,2023-09-30T17:46:41.378858303,BATCH-G-20230930
REV-00077676,SKU-0007396,,Anonymous,4,"Solid build quality, no complaints. 💯",2023-08-01,False,POSITIVE,0,SOURCE_G_REVIEWS,reviews_2023.csv,2023-08-01T06:20:49.114807026,BATCH-G-20230801
REV-00077679,SKU-9953233,,Anonymous,5,"Perfect gift, they loved it!",2023-05-07,True,POSITIVE,3,SOURCE_G_REVIEWS,reviews_2023.csv,2023-05-07T16:33:14.047957538,BATCH-G-20230507
REV-00077680,SKU-0001391,user_51777,Kelly,5,Exceeded my expectations.,2023-02-19,True,POSITIVE,1,SOURCE_G_REVIEWS,reviews_2023.csv,2023-02-19T06:22:42.329199786,BATCH-G-20230219
REV-00077682,SKU-0008614,,Anonymous,3,"Not bad, not great either.",2023-05-18,False,NEUTRAL,1,SOURCE_G_REVIEWS,reviews_2023.csv,2023-05-19T05:43:07.060038540,BATCH-G-20230518
REV-00077689,SKU-0001944,user_15360,Donald,5,"Exactly as described, very happy.",2023-12-23,False,POSITIVE,1,SOURCE_G_REVIEWS,reviews_2023.csv,2023-12-23T21:47:53.446007889,BATCH-G-20231223
REV-00077693,SKU-0012246,user_2517,Mr.,3,"Not bad, not great either.",2023-08-02,False,NEUTRAL,2,SOURCE_G_REVIEWS,reviews_2023.csv,2023-08-03T02:48:04.062473118,BATCH-G-20230802
REV-00077698,SKU-0010832,user_10970,Cynthia,2,"Poor packaging, item was defective.",2023-12-29,True,NEGATIVE,1,SOURCE_G_REVIEWS,reviews_2023.csv,2023-12-30T02:58:56.487541814,BATCH-G-20231229
REV-00077703,SKU-0002760,user_23376,Christina,5,Highly recommend this product.,2023-04-12,False,POSITIVE,0,SOURCE_G_REVIEWS,reviews_2023.csv,2023-04-12T05:39:11.466824491,BATCH-G-20230412
REV-00077714,SKU-0016566,,Anonymous,4,"Perfect gift, they loved it!",2023-05-04,False,POSITIVE,0,SOURCE_G_REVIEWS,reviews_2023.csv,2023-05-04T12:45:10.842002252,BATCH-G-20230504
REV-00077717,SKU-0010103,user_40154,Patrick Williams,4,Exceeded my expectations.,2023-06-24,True,POSITIVE,1,SOURCE_G_REVIEWS,reviews_2023.csv,2023-06-25T05:44:12.810787131,BATCH-G-20230624
REV-00077729,SKU-0001956,user_9008686,Joshua Tran,1,"Cheaply made, broke immediately.",2023-03-28,True,NEGATIVE,4,SOURCE_G_REVIEWS,reviews_2023.csv,2023-03-28T15:22:59.066595114,BATCH-G-20230328
REV-00077730,SKU-0014685,user_46520,Anthony,5,Will definitely buy again.,2023-04-22,True,POSITIVE,0,SOURCE_G_REVIEWS,reviews_2023.csv,2023-04-22T03:53:59.012753610,BATCH-G-20230422
REV-00077752,SKU-9950879,user_9019062,Erin Cole,3,"Average quality, nothing special.",2023-11-13,False,NEUTRAL,9,SOURCE_G_REVIEWS,reviews_2023.csv,2023-11-13T00:30:58.068254905,BATCH-G-20231113
REV-00077764,SKU-0003039,user_59633,Ronald Andrade,3,Decent but overpriced a bit.,2023-12-08,True,NEUTRAL,2,SOURCE_G_REVIEWS,reviews_2023.csv,2023-12-09T02:30:03.456645554,BATCH-G-20231208
REV-00077765,SKU-0001899,user_22013,Candace Montes,5,Better than I expected for the price.,2023-02-24,False,POSITIVE,0,SOURCE_G_REVIEWS,reviews_2023.csv,2023-02-24T11:52:27.956867493,BATCH-G-20230224
REV-00077766,SKU-0001782,,Anonymous,1,Wrong item was shipped to me.,2023-12-11,True,NEGATIVE,0,SOURCE_G_REVIEWS,reviews_2023.csv,2023-12-11T12:05:17.022075817,BATCH-G-20231211
REV-00077788,SKU-0008032,user_9003443,Jennifer Klein,4,Excellent rapport qualité-prix.,2023-05-18,True,POSITIVE,6,SOURCE_G_REVIEWS,reviews_2023.csv,2023-05-18T09:57:52.244160555,BATCH-G-20230518
REV-00077798,SKU-0004861,user_9021363,Mr.,4,"Solid build quality, no complaints.",2023-01-17,True,POSITIVE,1,SOURCE_G_REVIEWS,reviews_2023.csv,2023-01-17T11:17:37.928329457,BATCH-G-20230117
REV-00077805,SKU-0005726,user_9021403,Sara Bell,3,Decent but overpriced a bit.,2023-04-12,False,NEUTRAL,1,SOURCE_G_REVIEWS,reviews_2023.csv,2023-04-12T01:05:40.974515687,BATCH-G-20230412
REV-00077809,SKU-0003911,user_27210,Chad Stuart,1,Not as described at all.,2023-09-04,True,NEGATIVE,5,SOURCE_G_REVIEWS,reviews_2023.csv,2023-09-04T23:45:27.961415549,BATCH-G-20230904
REV-00077814,SKU-0009760,,Anonymous,4,Highly recommend this product.,2023-06-05,True,POSITIVE,6,SOURCE_G_REVIEWS,reviews_2023.csv,2023-06-05T03:14:56.731112081,BATCH-G-20230605
REV-00077815,SKU-9907550,user_9031481,Jonathan,1,"Poor packaging, item was defective.",2023-11-12,False,NEGATIVE,2,SOURCE_G_REVIEWS,reviews_2023.csv,2023-11-12T21:43:50.732906237,BATCH-G-20231112
REV-00077827,SKU-0013271,user_14152,Ashley White,4,Exceeded my expectations.,2023-04-08,False,POSITIVE,4,SOURCE_G_REVIEWS,reviews_2023.csv,2023-04-08T23:53:56.199228127,BATCH-G-20230408
REV-00077832,SKU-0001076,user_9000629,Rodney,2,Stopped working after a week.,2023-04-10,True,NEGATIVE,2,SOURCE_G_REVIEWS,reviews_2023.csv,2023-04-10T08:57:27.285719051,BATCH-G-20230410
REV-00077842,SKU-0018026,user_29118,Crystal Jones DDS,5,"Absolutely love it, works perfectly!",2023-04-13,True,POSITIVE,1,SOURCE_G_REVIEWS,reviews_2023.csv,2023-04-13T18:44:02.296125772,BATCH-G-20230413
REV-00077854,SKU-0015575,user_55172,Cody Wilson,5,"Absolutely love it, works perfectly!",2023-03-29,True,POSITIVE,0,SOURCE_G_REVIEWS,reviews_2023.csv,2023-03-29T05:40:02.731624220,BATCH-G-20230329
REV-00077860,SKU-0009000,user_14849,Ashley,5,Will definitely buy again.,2023-08-08,True,POSITIVE,5,SOURCE_G_REVIEWS,reviews_2023.csv,2023-08-08T21:02:51.456676342,BATCH-G-20230808
REV-00077882,SKU-0008302,user_9018019,Brian Lee,3,Decent but overpriced a bit.,2023-10-11,False,NEUTRAL,0,SOURCE_G_REVIEWS,reviews_2023.csv,2023-10-11T02:25:12.630127361,BATCH-G-20231011
REV-00077897,SKU-0002981,user_1949,Brandi Miller,0,Great value for money.,2023-03-13,False,POSITIVE,4,SOURCE_G_REVIEWS,reviews_2023.csv,2023-03-13T17:27:25.983173390,BATCH-G-20230313
REV-00077905,SKU-0018852,,Anonymous,4,Better than I expected for the price. 🙏,2023-12-30,False,POSITIVE,2,SOURCE_G_REVIEWS,reviews_2023.csv,2023-12-30T12:26:45.192397246,BATCH-G-20231230
REV-00077907,SKU-0014405,user_63264,Carlos Shea,4,Better than I expected for the price.,2023-10-22,False,POSITIVE,1,SOURCE_G_REVIEWS,reviews_2023.csv,2023-10-22T23:53:44.439269203,BATCH-G-20231022
REV-00077911,SKU-0014470,,Anonymous,5,"Livraison très lente, déçu.",2023-08-18,True,POSITIVE,4,SOURCE_G_REVIEWS,reviews_2023.csv,2023-08-18T03:42:41.975078257,BATCH-G-20230818
REV-00077917,SKU-0007635,user_40247,Mike Gonzalez,3,Decent but overpriced a bit.,2023-04-14,False,NEUTRAL,5,SOURCE_G_REVIEWS,reviews_2023.csv,2023-04-14T05:31:13.135861594,BATCH-G-20230414
REV-00077918,SKU-0017762,user_9031943,James Steele,4,Will definitely buy again.,2023-11-26,True,POSITIVE,1,SOURCE_G_REVIEWS,reviews_2023.csv,2023-11-26T18:33:17.660993742,BATCH-G-20231126
REV-00077924,SKU-0017287,user_64512,Jake Campbell,4,Great value for money.,2023-06-15,False,POSITIVE,1,SOURCE_G_REVIEWS,reviews_2023.csv,2023-06-16T01:52:03.438253695,BATCH-G-20230615
REV-00077926,SKU-0013094,user_9013484,Sean Allen,2,Not as described at all.,2023-01-27,True,NEGATIVE,2,SOURCE_G_REVIEWS,reviews_2023.csv,2023-01-27T02:46:16.855325827,BATCH-G-20230127
REV-00077939,SKU-9975502,user_9006493,Loretta,3,"It's okay, does the job.",2023-01-02,False,NEUTRAL,1,SOURCE_G_REVIEWS,reviews_2023.csv,2023-01-02T16:46:44.355413397,BATCH-G-20230102
REV-00077941,SKU-0008621,user_9029396,Samantha Villarreal,1,Very disappointed with the quality. 😡,2023-06-26,True,NEGATIVE,3,SOURCE_G_REVIEWS,reviews_2023.csv,2023-06-26T18:13:24.841675513,BATCH-G-20230626
REV-00077970,SKU-0004080,user_9012242,Steven Stevens,4,"Absolutely love it, works perfectly!",2023-10-20,False,POSITIVE,0,SOURCE_G_REVIEWS,reviews_2023.csv,2023-10-20T17:37:12.186991350,BATCH-G-20231020
REV-00077973,SKU-0015341,user_9022413,Jacqueline Harrison,4,"Absolutely love it, works perfectly!",2023-04-21,True,POSITIVE,1,SOURCE_G_REVIEWS,reviews_2023.csv,2023-04-22T05:41:30.342405605,BATCH-G-20230421
REV-00077990,SKU-0008989,user_9026204,Michelle Arnold,4,"Solid build quality, no complaints.",2023-05-20,True,POSITIVE,2,SOURCE_G_REVIEWS,reviews_2023.csv,2023-05-21T02:59:08.899100407,BATCH-G-20230520
REV-00077991,SKU-0011849,user_9033879,Erika Carlson,5,Better than I expected for the price. 😀,2023-11-18,True,POSITIVE,4,SOURCE_G_REVIEWS,reviews_2023.csv,2023-11-18T23:15:54.973004324,BATCH-G-20231118
REV-00077994,SKU-9948636,user_57920,Betty Clark,4,Will definitely buy again.,2023-01-03,False,POSITIVE,0,SOURCE_G_REVIEWS,reviews_2023.csv,2023-01-03T06:31:20.519214575,BATCH-G-20230103
REV-00077997,SKU-0016215,user_12514,Matthew Hernandez,4,Great value for money.,2023-10-18,True,POSITIVE,0,SOURCE_G_REVIEWS,reviews_2023.csv,2023-10-18T06:04:21.333821698,BATCH-G-20231018
REV-00078000,SKU-0013374,user_22979,Luis Frank,5,Exceeded my expectations.,2023-10-17,True,POSITIVE,6,SOURCE_G_REVIEWS,reviews_2023.csv,2023-10-17T17:32:56.006813363,BATCH-G-20231017
REV-00078013,SKU-0005454,user_68710,Mrs.,4,Better than I expected for the price.,2023-08-05,True,POSITIVE,0,SOURCE_G_REVIEWS,reviews_2023.csv,2023-08-05T05:10:27.877699854,BATCH-G-20230805
REV-00078017,SKU-0000428,user_9013534,Rebecca Pierce,5,Fast delivery and great quality.,2023-11-22,False,POSITIVE,0,SOURCE_G_REVIEWS,reviews_2023.csv,2023-11-22T22:05:42.949400531,BATCH-G-20231122
REV-00078029,SKU-0016333,user_9022817,Sydney Kramer,5,Highly recommend this product.,2023-05-18,True,POSITIVE,6,SOURCE_G_REVIEWS,reviews_2023.csv,2023-05-18T14:58:54.281823825,BATCH-G-20230518
REV-00078034,SKU-0006675,user_9023645,Leslie,4,"Solid build quality, no complaints.",2023-01-18,True,POSITIVE,1,SOURCE_G_REVIEWS,reviews_2023.csv,2023-01-18T10:46:33.409740436,BATCH-G-20230118
REV-00078053,SKU-0002744,user_9015157,Kyle Garcia,NA,Exceeded my expectations.,2023-08-26,False,POSITIVE,11,SOURCE_G_REVIEWS,reviews_2023.csv,2023-08-26T02:39:52.774895050,BATCH-G-20230826
REV-00078079,SKU-9940225,user_42082,Kayla Hahn,5,Fast delivery and great quality.,2023-11-06,False,POSITIVE,5,SOURCE_G_REVIEWS,reviews_2023.csv,2023-11-06T05:44:33.026906833,BATCH-G-20231106
REV-00078084,SKU-0004521,user_9027024,Robert Boyd,5,Fast delivery and great quality.,2023-11-07,True,POSITIVE,3,SOURCE_G_REVIEWS,reviews_2023.csv,2023-11-07T21:00:41.005351820,BATCH-G-20231107
REV-00078085,SKU-0006300,,Anonymous,4,गुणवत्ता ठीक नहीं थी। Fast delivery and great quality. 😐,2023-08-15,True,POSITIVE,9,SOURCE_G_REVIEWS,reviews_2023.csv,2023-08-15T23:20:32.971078925,BATCH-G-20230815
REV-00078092,SKU-0008877,user_44398,Robert,4,"Absolutely love it, works perfectly!",2023-11-29,False,POSITIVE,0,SOURCE_G_REVIEWS,reviews_2023.csv,2023-11-29T14:52:37.163229415,BATCH-G-20231129
REV-00078100,SKU-0011337,user_59623,Dustin Grimes,1,Very disappointed with the quality.,2023-11-26,False,NEGATIVE,1,SOURCE_G_REVIEWS,reviews_2023.csv,2023-11-26T13:22:14.913824895,BATCH-G-20231126
REV-00078104,SKU-0015685,user_57806,Nicole,5,"बहुत अच्छा उत्पाद है, पैसा वसूल!",2023-07-11,True,POSITIVE,2,SOURCE_G_REVIEWS,reviews_2023.csv,2023-07-11T08:21:27.107966653,BATCH-G-20230711
REV-00078108,SKU-0009067,,Anonymous,4,Exceeded my expectations.,2023-05-03,True,POSITIVE,5,SOURCE_G_REVIEWS,reviews_2023.csv,2023-05-03T21:29:00.849076292,BATCH-G-20230503
REV-00078118,SKU-0011693,user_42849,Michael Williams,5,"Solid build quality, no complaints.",2023-11-03,False,POSITIVE,0,SOURCE_G_REVIEWS,reviews_2023.csv,2023-11-03T07:17:31.224030453,BATCH-G-20231103
REV-00078124,SKU-0017182,user_28645,Ryan Singh,5,Great value for money.,2023-10-01,False,POSITIVE,1,SOURCE_G_REVIEWS,reviews_2023.csv,2023-10-01T01:56:15.131353904,BATCH-G-20231001
REV-00078152,SKU-0014010,user_9026104,Joyce Miller,4,Exceeded my expectations.,2023-03-01,False,POSITIVE,3,SOURCE_G_REVIEWS,reviews_2023.csv,2023-03-01T20:29:23.371301067,BATCH-G-20230301
REV-00078155,SKU-0008300,,Anonymous,2,Not as described at all.,2023-11-08,False,NEGATIVE,0,SOURCE_G_REVIEWS,reviews_2023.csv,2023-11-08T07:47:52.850485567,BATCH-G-20231108
REV-00078158,SKU-0008125,user_9033807,Ana,5,Great value for money.,2023-04-05,True,POSITIVE,4,SOURCE_G_REVIEWS,reviews_2023.csv,2023-04-05T10:50:02.500565619,BATCH-G-20230405
REV-00078173,SKU-0018035,user_9001202,Stephanie Shelton,4,"Exactly as described, very happy.",2023-01-23,False,POSITIVE,1,SOURCE_G_REVIEWS,reviews_2023.csv,2023-01-23T18:36:37.107253991,BATCH-G-20230123
REV-00078188,SKU-0019561,user_9022226,Robert,3,"Not bad, not great either.",2023-02-14,True,NEUTRAL,1,SOURCE_G_REVIEWS,reviews_2023.csv,2023-02-14T22:05:05.886026307,BATCH-G-20230214
REV-00078190,SKU-0009804,user_9025641,Nancy,3,   Better  than  I  expected  for  the  price.   ,2023-11-09,True,POSITIVE,3,SOURCE_G_REVIEWS,reviews_2023.csv,2023-11-10T02:55:44.879352251,BATCH-G-20231109
REV-00078209,SKU-0010768,,Anonymous,5,"Solid build quality, no complaints.",2023-06-19,False,POSITIVE,6,SOURCE_G_REVIEWS,reviews_2023.csv,2023-06-19T16:54:53.802969613,BATCH-G-20230619
REV-00078210,SKU-0018951,user_9009205,Victoria Adams,5,Will definitely buy again.,2023-01-29,True,POSITIVE,0,SOURCE_G_REVIEWS,reviews_2023.csv,2023-01-29T17:52:50.406029336,BATCH-G-20230129
REV-00078223,SKU-0013964,user_9022783,Linda,4,"Exactly as described, very happy.",2023-03-20,True,POSITIVE,0,SOURCE_G_REVIEWS,reviews_2023.csv,2023-03-20T15:53:42.304972362,BATCH-G-20230320
REV-00078224,SKU-0008411,,Anonymous,4,Will definitely buy again.,2023-05-27,False,POSITIVE,0,SOURCE_G_REVIEWS,reviews_2023.csv,2023-05-27T06:56:25.631216223,BATCH-G-20230527
REV-00078232,SKU-0017964,user_9001806,Joseph Wood,5,Fast delivery and great quality.,2023-02-25,False,POSITIVE,6,SOURCE_G_REVIEWS,reviews_2023.csv,2023-03-07T06:00:00,BATCH-G-20230225
REV-00078235,SKU-0001263,user_9023074,Sarah Archer,5,"Absolutely love it, works perfectly!",2023-06-20,True,POSITIVE,17,SOURCE_G_REVIEWS,reviews_2023.csv,2023-06-20T15:57:03.037001555,BATCH-G-20230620
REV-00078241,SKU-0014221,user_11224,Tracey Clark,4,<br>Stopped working after a week.&nbsp;,2023-06-29,True,NEGATIVE,1,SOURCE_G_REVIEWS,reviews_2023.csv,2023-06-29T14:56:48.735056355,BATCH-G-20230629
REV-00078242,SKU-0012076,user_29201,Ashley Bender,5,"Solid build quality, no complaints.",2023-12-22,True,POSITIVE,1,SOURCE_G_REVIEWS,reviews_2023.csv,2023-12-22T18:01:09.203445396,BATCH-G-20231222
REV-00078246,SKU-0009087,,Anonymous,4,"It's okay, does the job.",2023-11-13,True,NEUTRAL,1,SOURCE_G_REVIEWS,reviews_2023.csv,2023-11-13T01:41:09.413848772,BATCH-G-20231113
REV-00078247,SKU-0011884,,Anonymous,2,"Poor packaging, item was defective.",2023-11-24,False,NEGATIVE,0,SOURCE_G_REVIEWS,reviews_2023.csv,2023-11-24T17:48:25.030674085,BATCH-G-20231124
REV-00078249,SKU-0005140,user_9638,Cristina Evans,5,null,2023-09-27,True,NEUTRAL,2,SOURCE_G_REVIEWS,reviews_2023.csv,2023-09-28T05:49:31.294440774,BATCH-G-20230927
REV-00078250,SKU-0008291,user_9011063,Steven Davis,4,"Absolutely love it, works perfectly!",2023-06-29,True,POSITIVE,0,SOURCE_G_REVIEWS,reviews_2023.csv,2023-06-29T06:23:31.279125278,BATCH-G-20230629
REV-00078254,SKU-0005713,user_9031086,Roy,Unknown,No cumplió mis expectativas.,2023-01-24,False,POSITIVE,3,SOURCE_G_REVIEWS,reviews_2023.csv,2023-01-24T01:40:55.950422491,BATCH-G-20230124
REV-00078257,SKU-0015182,user_1777,Angela Vang,3,"Perfect gift, they loved it!",2023-04-25,True,POSITIVE,4,SOURCE_G_REVIEWS,reviews_2023.csv,2023-04-25T16:17:28.737324166,BATCH-G-20230425
REV-00078269,SKU-0002360,,Anonymous,5,"Perfect gift, they loved it!",2023-10-17,True,POSITIVE,0,SOURCE_G_REVIEWS,reviews_2023.csv,2023-10-17T17:24:53.908491057,BATCH-G-20231017
REV-00078275,SKU-0009527,user_9032701,April Davis,4,"Solid build quality, no complaints.",2023-01-08,True,POSITIVE,3,SOURCE_G_REVIEWS,reviews_2023.csv,2023-01-08T16:55:15.953687966,BATCH-G-20230108
REV-00078292,SKU-0014052,user_21340,David Wong,4,"Perfect gift, they loved it!",2023-10-12,True,POSITIVE,4,SOURCE_G_REVIEWS,reviews_2023.csv,2023-10-12T12:17:14.094595524,BATCH-G-20231012
REV-00078294,SKU-0017932,,Anonymous,4,"Cheaply made, broke immediately.",2023-04-15,True,NEGATIVE,3,SOURCE_G_REVIEWS,reviews_2023.csv,2023-04-15T03:52:34.428581027,BATCH-G-20230415
REV-00078301,SKU-0015045,,Anonymous,4,"Exactly as described, very happy.",2023-02-06,True,POSITIVE,0,SOURCE_G_REVIEWS,reviews_2023.csv,2023-02-06T18:43:11.228367798,BATCH-G-20230206
REV-00078309,SKU-0012154,user_9034159,Ruth Adams,5,"Absolutely love it, works perfectly!",2023-06-24,False,POSITIVE,0,SOURCE_G_REVIEWS,reviews_2023.csv,2023-06-24T12:23:51.929193870,BATCH-G-20230624
REV-00078311,SKU-0000542,user_9033271,Ms.,NA,<br>Highly recommend this product.<br>,2023-11-18,False,POSITIVE,0,SOURCE_G_REVIEWS,reviews_2023.csv,2023-11-18T07:56:43.308033427,BATCH-G-20231118
REV-00078319,SKU-0001334,user_31289,Suzanne,4,"Absolutely love it, works perfectly!",2023-06-06,True,POSITIVE,3,SOURCE_G_REVIEWS,reviews_2023.csv,2023-06-06T06:28:06.276056858,BATCH-G-20230606
REV-00078327,SKU-0005578,user_9007218,Crystal,4,"Absolutely love it, works perfectly! 😢",2023-05-25,True,POSITIVE,0,SOURCE_G_REVIEWS,reviews_2023.csv,2023-05-25T22:10:44.365837778,BATCH-G-20230525
REV-00078335,SKU-0010699,user_9014189,Jessica Faulkner,3,Decent but overpriced a bit.,2023-12-26,True,NEUTRAL,4,SOURCE_G_REVIEWS,reviews_2023.csv,2023-12-26T19:23:39.553474785,BATCH-G-20231226
REV-00078351,SKU-0010305,user_9000002,Scott Jenkins,2,Very disappointed with the quality.,2023-02-10,True,NEGATIVE,0,SOURCE_G_REVIEWS,reviews_2023.csv,2023-02-10T16:43:34.769804886,BATCH-G-20230210
REV-00078361,SKU-0005122,user_9011669,Tracy Gaines,5,Will definitely buy again.,2023-01-27,True,POSITIVE,0,SOURCE_G_REVIEWS,reviews_2023.csv,2023-01-27T12:20:23.665094777,BATCH-G-20230127
REV-00078372,SKU-0000862,user_47090,Donna Duran,NA,Highly recommend this product.,2023-08-18,False,POSITIVE,2,SOURCE_G_REVIEWS,reviews_2023.csv,2023-08-18T17:31:32.261777645,BATCH-G-20230818
REV-00078373,SKU-0011606,user_23578,Drew Taylor DDS,4,Decent but overpriced a bit.,2023-09-08,True,NEUTRAL,1,SOURCE_G_REVIEWS,reviews_2023.csv,2023-09-09T05:46:27.036928889,BATCH-G-20230908
REV-00078374,SKU-0001619,user_27655,Jasmine Sutton,5,"Solid build quality, no complaints.",2023-09-06,True,POSITIVE,10,SOURCE_G_REVIEWS,reviews_2023.csv,2023-09-06T00:44:04.793258948,BATCH-G-20230906
REV-00078385,SKU-0004907,user_60127,David Miller,1,"Perfect gift, they loved it!",2023-07-30,False,POSITIVE,0,SOURCE_G_REVIEWS,reviews_2023.csv,2023-07-30T05:31:33.052876175,BATCH-G-20230730
REV-00078395,SKU-0014859,,Anonymous,2,Excellent rapport qualité-prix. Wrong item was shipped to me.,2023-05-01,True,NEGATIVE,2,SOURCE_G_REVIEWS,reviews_2023.csv,2023-05-01T21:27:33.836072003,BATCH-G-20230501
REV-00078406,SKU-0002894,,Anonymous,5,"Solid build quality, no complaints.",2023-01-19,True,POSITIVE,0,SOURCE_G_REVIEWS,reviews_2023.csv,2023-01-19T20:13:47.444680883,BATCH-G-20230119
REV-00078407,SKU-0015218,user_9029386,Christine Gonzalez,4,"Perfect gift, they loved it!",2023-01-23,True,POSITIVE,7,SOURCE_G_REVIEWS,reviews_2023.csv,2023-01-23T09:09:00.683364362,BATCH-G-20230123
REV-00078408,SKU-0011022,user_9006147,Leslie Blankenship MD,4,"Perfect gift, they loved it!",2023-09-22,False,POSITIVE,2,SOURCE_G_REVIEWS,reviews_2023.csv,2023-09-22T10:08:17.780897255,BATCH-G-20230922
REV-00078412,SKU-0010882,user_9005969,Karen,5,"Exactly as described, very happy.",2023-12-10,False,POSITIVE,7,SOURCE_G_REVIEWS,reviews_2023.csv,2023-12-10T13:27:01.891812256,BATCH-G-20231210
REV-00078414,SKU-0000887,,Anonymous,5,Will definitely buy again.,2023-10-29,True,POSITIVE,10,SOURCE_G_REVIEWS,reviews_2023.csv,2023-10-29T18:49:49.006462041,BATCH-G-20231029
REV-00078420,SKU-9948309,user_25441,Brian Williams,1,Very disappointed with the quality.,2023-12-28,False,NEGATIVE,2,SOURCE_G_REVIEWS,reviews_2023.csv,2023-12-29T02:28:44.031920561,BATCH-G-20231228
REV-00078421,SKU-0005281,user_9032681,Daniel Johnson,4,"Perfect gift, they loved it!",2023-02-18,True,POSITIVE,4,SOURCE_G_REVIEWS,reviews_2023.csv,2023-02-18T07:27:47.127328006,BATCH-G-20230218
REV-00078425,SKU-0018208,user_29360,Wendy,4,"Perfect gift, they loved it!",2023-03-06,True,POSITIVE,1,SOURCE_G_REVIEWS,reviews_2023.csv,2023-03-06T20:16:50.804366855,BATCH-G-20230306
REV-00078429,SKU-0006799,user_44730,Sherri Johnson,5,"Muy buen producto, lo recomiendo.",2023-03-08,False,POSITIVE,5,SOURCE_G_REVIEWS,reviews_2023.csv,2023-03-08T10:04:45.930304471,BATCH-G-20230308
REV-00078440,SKU-0015171,user_9026859,Matthew,4,"<i>edited</i>Absolutely love it, works perfectly!</p>",2023-02-01,True,POSITIVE,3,SOURCE_G_REVIEWS,reviews_2023.csv,2023-02-01T14:53:57.294627734,BATCH-G-20230201
REV-00078455,SKU-0006221,user_40822,Tara,5,Great value for money.,2023-03-04,False,POSITIVE,0,SOURCE_G_REVIEWS,reviews_2023.csv,2023-03-05T05:55:01.602486103,BATCH-G-20230304
REV-00078460,SKU-0014257,user_53193,James,2,Stopped working after a week.,2023-12-11,False,NEGATIVE,10,SOURCE_G_REVIEWS,reviews_2023.csv,2023-12-11T13:57:04.209370064,BATCH-G-20231211
REV-00078461,SKU-0004754,user_9033180,Autumn Peterson,1,Arrived damaged and support was unhelpful.,2023-11-28,False,NEGATIVE,4,SOURCE_G_REVIEWS,reviews_2023.csv,2023-11-28T22:42:32.057702123,BATCH-G-20231128
REV-00078464,SKU-0001442,user_60885,Jason Johnson,4,"Absolutely love it, works perfectly!",2023-06-17,False,POSITIVE,5,SOURCE_G_REVIEWS,reviews_2023.csv,2023-06-17T03:21:18.040308240,BATCH-G-20230617
REV-00078466,SKU-0018508,user_9021822,Natalie Smith,5,-,2023-08-31,False,POSITIVE,0,SOURCE_G_REVIEWS,reviews_2023.csv,2023-08-31T12:21:03.763085033,BATCH-G-20230831
REV-00078467,SKU-0018948,user_9023953,Heather Herman,4,"Excellent rapport qualité-prix. Absolutely love it, works perfectly!",2023-04-29,True,POSITIVE,5,SOURCE_G_REVIEWS,reviews_2023.csv,2023-04-30T00:24:49.245176466,BATCH-G-20230429
REV-00078468,SKU-0018000,,Anonymous,3,Decent but overpriced a bit.,2023-11-07,True,NEUTRAL,0,SOURCE_G_REVIEWS,reviews_2023.csv,2023-11-07T11:55:55.016659357,BATCH-G-20231107
REV-00078473,SKU-0013945,user_9022007,Danielle Wolfe,5,Fast delivery and great quality.,2023-09-28,True,POSITIVE,2,SOURCE_G_REVIEWS,reviews_2023.csv,2023-09-28T13:40:53.444721417,BATCH-G-20230928
REV-00078475,SKU-0018418,user_56040,Nicole Church,5,"Exactly as described, very happy. 😍🙏",2023-03-20,True,POSITIVE,1,SOURCE_G_REVIEWS,reviews_2023.csv,2023-03-20T18:45:27.255946041,BATCH-G-20230320
REV-00078476,SKU-0012576,user_9013747,Sandra Santos,2,"Livraison très lente, déçu.",2023-04-09,True,NEGATIVE,6,SOURCE_G_REVIEWS,reviews_2023.csv,2023-04-10T04:03:18.559963805,BATCH-G-20230409
REV-00078494,SKU-0003936,user_9016152,Travis Nolan,2,Wrong item was shipped to me. 😀😡,2023-12-29,True,NEGATIVE,1,SOURCE_G_REVIEWS,reviews_2023.csv,2023-12-29T23:02:06.991578308,BATCH-G-20231229
REV-00078501,SKU-0013562,user_35039,Justin Moran,5,"Solid build quality, no complaints.",2023-11-13,False,POSITIVE,3,SOURCE_G_REVIEWS,reviews_2023.csv,2023-11-13T07:14:55.925696995,BATCH-G-20231113
REV-00078503,SKU-0002917,user_9017816,Amanda Jackson DDS,5,"Exactly as described, very happy.",2023-10-08,True,POSITIVE,12,SOURCE_G_REVIEWS,reviews_2023.csv,2023-10-09T00:14:24.563416129,BATCH-G-20231008
REV-00078504,SKU-0016256,user_9015535,Brandon Reyes,4,Highly recommend this product.,2023-08-28,False,POSITIVE,0,SOURCE_G_REVIEWS,reviews_2023.csv,2023-08-28T11:23:15.749212077,BATCH-G-20230828
REV-00078520,SKU-0015558,user_9016474,Daisy Bailey,5,Exceeded my expectations.,2023-06-15,False,POSITIVE,1,SOURCE_G_REVIEWS,reviews_2023.csv,2023-06-15T03:34:02.488634688,BATCH-G-20230615
REV-00078524,SKU-0012730,user_9015014,Allen Hammond,5,"   Muy  buen  producto,  lo  recomiendo.   ",2023-04-21,True,POSITIVE,2,SOURCE_G_REVIEWS,reviews_2023.csv,2023-04-21T21:32:28.412647794,BATCH-G-20230421
REV-00078531,SKU-0002492,user_47878,Melissa Carter,5,Great value for money.,2023-01-18,True,POSITIVE,1,SOURCE_G_REVIEWS,reviews_2023.csv,2023-01-19T04:17:52.275491527,BATCH-G-20230118
REV-00078535,SKU-0011931,user_27454,Edward Garner,4,Exceeded my expectations.,2023-11-22,True,POSITIVE,0,SOURCE_G_REVIEWS,reviews_2023.csv,2023-11-23T01:40:27.060599490,BATCH-G-20231122
REV-00078539,SKU-0017469,user_44456,Kathy,5,Will definitely buy again.,2023-03-13,True,POSITIVE,2,SOURCE_G_REVIEWS,reviews_2023.csv,2023-03-13T20:35:51.503002400,BATCH-G-20230313
REV-00078551,SKU-0000600,,Anonymous,4,Fast delivery and great quality.,2023-03-16,True,POSITIVE,10,SOURCE_G_REVIEWS,reviews_2023.csv,2023-03-16T11:24:58.843625759,BATCH-G-20230316
REV-00078562,SKU-0010389,user_9022100,Karen Davis,5,Exceeded my expectations.,2023-06-06,False,POSITIVE,2,SOURCE_G_REVIEWS,reviews_2023.csv,2023-06-07T02:46:43.329811994,BATCH-G-20230606
REV-00078571,SKU-0012015,user_9010678,Stacey Lewis,5,Great value for money.,2023-08-29,True,POSITIVE,7,SOURCE_G_REVIEWS,reviews_2023.csv,2023-08-29T07:44:48.038190206,BATCH-G-20230829
REV-00078578,SKU-0009833,user_59738,Sarah Kramer,4,"Exactly as described, very happy.",2023-11-29,True,POSITIVE,1,SOURCE_G_REVIEWS,reviews_2023.csv,2023-11-29T06:12:11.435270444,BATCH-G-20231129
REV-00078583,SKU-0000568,user_61340,Cynthia Walker,3,"Not bad, not great either.",2023-07-15,False,NEUTRAL,0,SOURCE_G_REVIEWS,reviews_2023.csv,2023-07-15T05:44:16.432607546,BATCH-G-20230715
REV-00078584,SKU-0008654,user_10882,Pam Brooks,5,"Exactly as described, very happy.",2023-04-12,False,POSITIVE,3,SOURCE_G_REVIEWS,reviews_2023.csv,2023-04-12T12:26:59.677466472,BATCH-G-20230412
REV-00078591,SKU-0001328,,Anonymous,4,"Solid build quality, no complaints.",2023-09-21,False,POSITIVE,10,SOURCE_G_REVIEWS,reviews_2023.csv,2023-09-22T01:57:48.135079545,BATCH-G-20230921
REV-00078593,SKU-0016565,user_9005471,Jeffrey,5,Great value for money.,2023-12-24,False,POSITIVE,2,SOURCE_G_REVIEWS,reviews_2023.csv,2023-12-24T10:22:42.721256891,BATCH-G-20231224
REV-00078594,SKU-0001392,user_9002522,Wesley,5,"Exactly as described, very happy.",2023-07-04,True,POSITIVE,1,SOURCE_G_REVIEWS,reviews_2023.csv,2023-07-05T04:58:53.012482053,BATCH-G-20230704
REV-00078600,SKU-0007612,user_9003917,Michele,4,Great value for money. 👍,2023-04-11,True,POSITIVE,0,SOURCE_G_REVIEWS,reviews_2023.csv,2023-04-11T06:47:18.866898984,BATCH-G-20230411
REV-00078601,SKU-0018306,user_14596,Alexander Mcdaniel,2,Arrived damaged and support was unhelpful.,2023-05-05,False,NEGATIVE,0,SOURCE_G_REVIEWS,reviews_2023.csv,2023-05-05T22:40:44.537060666,BATCH-G-20230505
REV-00078626,SKU-0000940,user_9008394,Jessica Richmond,2,"Waste of money, do not buy.",2023-07-12,True,NEGATIVE,0,SOURCE_G_REVIEWS,reviews_2023.csv,2023-07-13T05:59:37.622347391,BATCH-G-20230712
REV-00078641,SKU-0002985,user_9006037,Lauren Lee,3,"Matches the description, no issues.",2023-09-04,True,NEUTRAL,0,SOURCE_G_REVIEWS,reviews_2023.csv,2023-09-04T04:57:16.590569881,BATCH-G-20230904
REV-00078659,SKU-0011671,,Anonymous,3,Works fine but delivery was slow.,2023-03-30,True,NEUTRAL,3,SOURCE_G_REVIEWS,reviews_2023.csv,2023-03-30T18:37:16.951082972,BATCH-G-20230330
REV-00078666,SKU-0001793,user_59236,Sophia,4,"Exactly as described, very happy.",2023-12-02,True,POSITIVE,3,SOURCE_G_REVIEWS,reviews_2023.csv,2023-12-02T19:03:25.667704357,BATCH-G-20231202
REV-00078675,SKU-0010248,,Anonymous,3,"Average quality, nothing special.",2023-07-31,True,NEUTRAL,0,SOURCE_G_REVIEWS,reviews_2023.csv,2023-07-31T09:19:40.536846346,BATCH-G-20230731
REV-00078678,SKU-9993223,user_59687,Craig Martinez,4,Will definitely buy again. 🔥👍,2023-04-16,False,POSITIVE,4,SOURCE_G_REVIEWS,reviews_2023.csv,2023-04-16T03:55:48.743647900,BATCH-G-20230416
REV-00078682,SKU-0006462,user_35169,Caitlin Mclean,1,"Poor packaging, item was defective.",2023-11-09,False,NEGATIVE,1,SOURCE_G_REVIEWS,reviews_2023.csv,2023-11-09T15:15:52.772005465,BATCH-G-20231109
REV-00078684,SKU-0004492,user_9000572,Michael Matthews,4,Fast delivery and great quality.,2023-12-04,True,POSITIVE,1,SOURCE_G_REVIEWS,reviews_2023.csv,2023-12-04T09:52:30.260778742,BATCH-G-20231204
REV-00078690,SKU-0004320,user_9003108,Sandra,5,"   Solid  build  quality,  no  complaints.   ",2023-12-17,True,POSITIVE,12,SOURCE_G_REVIEWS,reviews_2023.csv,2023-12-17T04:01:15.384083052,BATCH-G-20231217
REV-00078697,SKU-0002554,,Anonymous,4,"Solid build quality, no complaints.",2023-11-17,True,POSITIVE,1,SOURCE_G_REVIEWS,reviews_2023.csv,2023-11-17T07:32:59.701737686,BATCH-G-20231117
REV-00078698,SKU-0011208,user_12198,Robert Williams,3,"Not bad, not great either.",2023-03-20,False,NEUTRAL,9,SOURCE_G_REVIEWS,reviews_2023.csv,2023-03-20T17:43:20.961249276,BATCH-G-20230320
REV-00078701,SKU-0004279,user_13346,Wesley Adams,1,Wrong item was shipped to me.,2023-12-31,True,NEGATIVE,0,SOURCE_G_REVIEWS,reviews_2023.csv,2024-01-01T02:39:12.045446718,BATCH-G-20231231
REV-00078712,SKU-0018349,,Anonymous,5,Better than I expected for the price. 🔥,2023-11-15,False,POSITIVE,4,SOURCE_G_REVIEWS,reviews_2023.csv,2023-11-15T09:00:15.736656226,BATCH-G-20231115
REV-00078720,SKU-0004324,,Anonymous,5,"Solid build quality, no complaints.",2023-11-08,False,POSITIVE,7,SOURCE_G_REVIEWS,reviews_2023.csv,2023-11-08T13:02:18.309479070,BATCH-G-20231108
REV-00078721,SKU-0000286,user_28246,Jordan Garcia,4,Better than I expected for the price.,2023-02-11,True,POSITIVE,2,SOURCE_G_REVIEWS,reviews_2023.csv,2023-02-12T01:59:40.141522034,BATCH-G-20230211
REV-00078748,SKU-0010338,user_9032917,Nicole Wilson,4,"Perfect gift, they loved it!",2023-12-11,True,POSITIVE,2,SOURCE_G_REVIEWS,reviews_2023.csv,2023-12-11T06:04:41.984041586,BATCH-G-20231211
REV-00078754,SKU-0008135,user_54625,Mrs. Carrie Miller,1,"बहुत अच्छा उत्पाद है, पैसा वसूल!",2023-12-04,True,NEGATIVE,3,SOURCE_G_REVIEWS,reviews_2023.csv,2023-12-04T05:26:55.995323986,BATCH-G-20231204
REV-00078756,SKU-0017927,user_9015831,Shane Jones,3,"Not bad, not great either.",2023-05-07,False,NEUTRAL,6,SOURCE_G_REVIEWS,reviews_2023.csv,2023-05-07T15:29:00.293246080,BATCH-G-20230507
REV-00078768,SKU-0004194,,Anonymous,3,"Average quality, nothing special.",2023-05-20,True,NEUTRAL,13,SOURCE_G_REVIEWS,reviews_2023.csv,2023-05-20T11:18:41.282603055,BATCH-G-20230520
REV-00078781,SKU-0008398,user_9006090,Madison Rich MD,4,-,2023-08-05,True,POSITIVE,1,SOURCE_G_REVIEWS,reviews_2023.csv,2023-08-05T21:00:09.334772874,BATCH-G-20230805
REV-00078784,SKU-0009368,user_9009439,James Vaughn MD,2,Very disappointed with the quality.,2023-12-12,False,NEGATIVE,0,SOURCE_G_REVIEWS,reviews_2023.csv,2023-12-12T23:46:13.003536011,BATCH-G-20231212
REV-00078785,SKU-0020029,user_33,Derek Rodgers,1,Not as described at all.,2023-11-09,False,NEGATIVE,5,SOURCE_G_REVIEWS,reviews_2023.csv,2023-11-10T02:32:37.310052080,BATCH-G-20231109
REV-00078786,SKU-0001652,user_9010796,Dakota Black,5,"Perfect gift, they loved it!",2023-03-24,False,POSITIVE,4,SOURCE_G_REVIEWS,reviews_2023.csv,2023-03-24T23:12:26.537777534,BATCH-G-20230324
REV-00078799,SKU-0015748,user_39464,Audrey Davis,4,"Exactly as described, very happy.",2023-03-12,False,POSITIVE,2,SOURCE_G_REVIEWS,reviews_2023.csv,2023-03-12T18:02:56.758782859,BATCH-G-20230312
REV-00078801,SKU-0016301,user_9021998,Donna,5,Will definitely buy again.,2023-01-14,True,POSITIVE,8,SOURCE_G_REVIEWS,reviews_2023.csv,2023-01-14T07:27:51.649247586,BATCH-G-20230114
REV-00078808,SKU-0016982,user_60332,Joshua Kelly,4,Great value for money.,2023-08-23,False,POSITIVE,0,SOURCE_G_REVIEWS,reviews_2023.csv,2023-08-23T21:32:59.564797727,BATCH-G-20230823
REV-00078810,SKU-0010817,user_9024488,Emily Ward,3,"Livraison très lente, déçu.",2023-08-18,True,NEUTRAL,4,SOURCE_G_REVIEWS,reviews_2023.csv,2023-08-18T02:44:32.044583502,BATCH-G-20230818
REV-00078813,SKU-0010131,,Anonymous,4,"   No  cumplió  mis  expectativas.  Exactly  as  described,  very  happy.   ",2023-11-21,True,POSITIVE,0,SOURCE_G_REVIEWS,reviews_2023.csv,2023-11-21T16:33:28.418288951,BATCH-G-20231121
REV-00078817,SKU-9934756,user_9029032,Mr.,4,Great value for money. ⭐😀,2023-12-07,False,POSITIVE,2,SOURCE_G_REVIEWS,reviews_2023.csv,2023-12-07T10:19:21.701518311,BATCH-G-20231207
REV-00078817-BOT,SKU-9934756,user_28615,Matthew Farmer,4,Great value for money. ⭐😀,2023-12-07,False,POSITIVE,0,SOURCE_G_REVIEWS,reviews_2023.csv,2023-12-07T10:19:21.701518311,BATCH-G-20231207
REV-00078833,SKU-0007932,user_9005759,Joanne Mcclain,5,"Absolutely love it, works perfectly!",2023-05-01,True,POSITIVE,7,SOURCE_G_REVIEWS,reviews_2023.csv,2023-05-02T02:25:46.837030638,BATCH-G-20230501
REV-00078845,SKU-0000116,,Anonymous,4,Exceeded my expectations.,2023-11-10,False,POSITIVE,3,SOURCE_G_REVIEWS,reviews_2023.csv,2023-11-10T22:37:57.789594172,BATCH-G-20231110
REV-00078849,SKU-0002870,user_32379,Amanda Brady,4,"Perfect gift, they loved it!",2023-11-12,False,POSITIVE,0,SOURCE_G_REVIEWS,reviews_2023.csv,2023-11-12T02:53:03.762584632,BATCH-G-20231112
REV-00078854,SKU-0016460,user_9021723,Mrs. Jamie Browning,1,Arrived damaged and support was unhelpful.,2023-04-06,True,NEGATIVE,0,SOURCE_G_REVIEWS,reviews_2023.csv,2023-04-06T14:08:50.074301612,BATCH-G-20230406
REV-00078860,SKU-0017329,user_9018069,Ryan Allen,4,"Perfect gift, they loved it!",2023-11-28,True,POSITIVE,4,SOURCE_G_REVIEWS,reviews_2023.csv,2023-11-28T01:29:07.258108048,BATCH-G-20231128
REV-00078876,SKU-0005206,user_9013103,Belinda Morrison,4,"Livraison très lente, déçu.",2023-12-29,True,POSITIVE,1,SOURCE_G_REVIEWS,reviews_2023.csv,2023-12-29T07:21:54.978075234,BATCH-G-20231229
REV-00078880,SKU-0006267,,Anonymous,5,Will definitely buy again.,2023-08-22,True,POSITIVE,0,SOURCE_G_REVIEWS,reviews_2023.csv,2023-08-23T01:36:08.819959989,BATCH-G-20230822
REV-00078883,SKU-9991269,user_9017879,Roger Meyer,1,Arrived damaged and support was unhelpful.,2023-05-04,True,NEGATIVE,0,SOURCE_G_REVIEWS,reviews_2023.csv,2023-05-05T05:33:20.967960489,BATCH-G-20230504
REV-00078885,SKU-0007296,user_10829,Tanya,4,Better than I expected for the price.,2023-11-03,False,POSITIVE,0,SOURCE_G_REVIEWS,reviews_2023.csv,2023-11-03T20:32:33.353041119,BATCH-G-20231103
REV-00078892,SKU-0004769,,Anonymous,4,Highly recommend this product.,2023-08-26,True,POSITIVE,9,SOURCE_G_REVIEWS,reviews_2023.csv,2023-08-26T15:07:03.422156103,BATCH-G-20230826
REV-00078894,SKU-0019180,user_61808,Cynthia Chavez,5,"Solid build quality, no complaints.",2023-03-23,True,POSITIVE,2,SOURCE_G_REVIEWS,reviews_2023.csv,2023-03-23T10:13:17.151003050,BATCH-G-20230323
REV-00078897,SKU-0000594,user_24380,Thomas Robinson,-,Highly recommend this product.,2023-03-22,True,POSITIVE,0,SOURCE_G_REVIEWS,reviews_2023.csv,2023-03-22T21:20:14.006849450,BATCH-G-20230322
REV-00078897-DUP,SKU-0000594,user_24380,Thomas Robinson,-,Highly recommend this product.,2023-03-22,True,POSITIVE,0,SOURCE_G_REVIEWS,reviews_2023.csv,2023-03-22T21:56:14.006849450,BATCH-G-20230322
REV-00078912,SKU-9901136,user_9019531,Brenda,4,"बहुत अच्छा उत्पाद है, पैसा वसूल!",2023-12-27,True,POSITIVE,2,SOURCE_G_REVIEWS,reviews_2023.csv,2023-12-27T08:16:22.386340978,BATCH-G-20231227
REV-00078921,SKU-0012739,user_49790,Wesley Dominguez,5,"Solid build quality, no complaints.",2023-08-03,False,POSITIVE,4,SOURCE_G_REVIEWS,reviews_2023.csv,2023-08-03T03:16:22.175635604,BATCH-G-20230803
REV-00078925,SKU-0004941,user_50164,David Jensen,5,Great value for money.,2023-07-02,True,POSITIVE,0,SOURCE_G_REVIEWS,reviews_2023.csv,2023-07-03T04:49:53.793751014,BATCH-G-20230702
REV-00078931,SKU-0012180,,Anonymous,4,Better than I expected for the price.,2023-12-14,False,POSITIVE,2,SOURCE_G_REVIEWS,reviews_2023.csv,2023-12-14T11:53:11.786414551,BATCH-G-20231214
REV-00078932,SKU-0019842,user_17647,Daniel,4,"Solid build quality, no complaints.",2023-12-09,False,POSITIVE,3,SOURCE_G_REVIEWS,reviews_2023.csv,2023-12-09T04:38:57.302060202,BATCH-G-20231209
REV-00078933,SKU-0010715,user_60364,Taylor Lawson,3,"Average quality, nothing special.",2023-07-24,True,NEUTRAL,1,SOURCE_G_REVIEWS,reviews_2023.csv,2023-07-24T00:57:29.537186453,BATCH-G-20230724
REV-00078942,SKU-9982793,,Anonymous,5,Great value for money.,2023-02-17,True,POSITIVE,3,SOURCE_G_REVIEWS,reviews_2023.csv,2023-02-17T12:41:37.165307617,BATCH-G-20230217
REV-00078948,SKU-0018517,user_25943,Reginald Morales,3,"Average quality, nothing special.",2023-06-23,True,NEUTRAL,0,SOURCE_G_REVIEWS,reviews_2023.csv,2023-06-23T20:52:03.522002492,BATCH-G-20230623
REV-00078963,SKU-0010228,user_14898,Donna Cooper,1,"Cheaply made, broke immediately.",2023-04-14,False,NEGATIVE,2,SOURCE_G_REVIEWS,reviews_2023.csv,2023-04-14T12:50:29.988181718,BATCH-G-20230414
REV-00078966,SKU-0005236,user_9002901,Christopher Dominguez,2,Wrong item was shipped to me.,2023-01-17,True,NEGATIVE,0,SOURCE_G_REVIEWS,reviews_2023.csv,2023-01-17T04:15:06.763147369,BATCH-G-20230117
REV-00078969,SKU-0018970,user_49722,Alison,4,Great value for money.,2023-07-22,True,POSITIVE,1,SOURCE_G_REVIEWS,reviews_2023.csv,2023-07-22T17:09:02.228023870,BATCH-G-20230722
REV-00078972,SKU-0005325,user_9018613,Anthony Luna,5,"Solid build quality, no complaints.",2023-05-27,False,POSITIVE,1,SOURCE_G_REVIEWS,reviews_2023.csv,2023-05-28T02:01:41.259451094,BATCH-G-20230527
REV-00078982,SKU-0018743,user_9004181,Calvin,4,Fast delivery and great quality.,2023-09-09,True,POSITIVE,1,SOURCE_G_REVIEWS,reviews_2023.csv,2023-09-09T21:15:11.886744223,BATCH-G-20230909
REV-00078983,SKU-0019328,,Anonymous,5,"Perfect gift, they loved it!",2023-01-11,False,POSITIVE,2,SOURCE_G_REVIEWS,reviews_2023.csv,2023-01-11T09:28:31.683562747,BATCH-G-20230111
REV-00078985,SKU-0004710,user_26183,Timothy,5,"Waste of money, do not buy.",2023-10-30,False,NEGATIVE,1,SOURCE_G_REVIEWS,reviews_2023.csv,2023-10-30T11:22:29.196039636,BATCH-G-20231030
REV-00079003,SKU-0015365,user_27830,Brian Serrano,5,"Solid build quality, no complaints.",2023-05-23,True,POSITIVE,5,SOURCE_G_REVIEWS,reviews_2023.csv,2023-05-24T03:23:39.580276046,BATCH-G-20230523
REV-00079009,SKU-0004883,user_38717,Dominic Williams,5,"Perfect gift, they loved it!",2023-12-11,True,POSITIVE,0,SOURCE_G_REVIEWS,reviews_2023.csv,2023-12-12T02:58:12.921768875,BATCH-G-20231211
REV-00079020,SKU-0015637,user_9016802,Tracy Howard,4,Fast delivery and great quality.,2023-11-21,True,POSITIVE,0,SOURCE_G_REVIEWS,reviews_2023.csv,2023-11-21T22:11:13.190675497,BATCH-G-20231121
REV-00079022,SKU-0019357,user_3689,Michelle,null,Highly recommend this product. 😢,2023-05-20,True,POSITIVE,3,SOURCE_G_REVIEWS,reviews_2023.csv,2023-05-20T05:26:01.582943826,BATCH-G-20230520
REV-00079023,SKU-0002660,user_9027459,Joseph Osborne,5,Better than I expected for the price.,2023-06-16,False,POSITIVE,0,SOURCE_G_REVIEWS,reviews_2023.csv,2023-06-16T13:41:37.838107521,BATCH-G-20230616
REV-00079031,SKU-0017014,user_9014243,Matthew,5,Highly recommend this product.,2023-04-05,True,POSITIVE,0,SOURCE_G_REVIEWS,reviews_2023.csv,2023-04-05T08:42:28.387667774,BATCH-G-20230405
REV-00079032,SKU-0005264,,Anonymous,5,"Exactly as described, very happy.",2023-01-25,True,POSITIVE,1,SOURCE_G_REVIEWS,reviews_2023.csv,2023-01-26T00:19:21.470183508,BATCH-G-20230125
REV-00079043,SKU-0001826,user_9029847,Kristina,Unknown,Decent but overpriced a bit.,2023-11-07,False,NEUTRAL,2,SOURCE_G_REVIEWS,reviews_2023.csv,2023-11-07T14:03:00.656129646,BATCH-G-20231107
REV-00079048,SKU-0002152,user_59272,David,4,"गुणवत्ता ठीक नहीं थी। Perfect gift, they loved it!",2023-07-24,False,POSITIVE,0,SOURCE_G_REVIEWS,reviews_2023.csv,2023-07-24T09:24:53.836698346,BATCH-G-20230724
REV-00079051,SKU-0015001,user_17838,John Martin,5,Exceeded my expectations.,2023-12-22,True,POSITIVE,4,SOURCE_G_REVIEWS,reviews_2023.csv,2023-12-22T16:43:12.475476806,BATCH-G-20231222
REV-00079054,SKU-0001650,user_69102,Larry,4,"Absolutely love it, works perfectly!",2023-11-09,True,POSITIVE,10,SOURCE_G_REVIEWS,reviews_2023.csv,2023-11-10T00:37:09.034219132,BATCH-G-20231109
REV-00079059,SKU-0016246,user_9011102,Bethany Andersen,3,Works fine but delivery was slow.,2023-01-19,False,NEUTRAL,0,SOURCE_G_REVIEWS,reviews_2023.csv,2023-01-19T09:52:08.423562862,BATCH-G-20230119
REV-00079065,SKU-0007291,,Anonymous,4,Fast delivery and great quality.,2023-07-31,True,POSITIVE,3,SOURCE_G_REVIEWS,reviews_2023.csv,2023-07-31T14:56:32.607525471,BATCH-G-20230731
REV-00079066,SKU-0018975,user_9025078,David Archer,2,No cumplió mis expectativas.,2023-06-21,True,NEGATIVE,2,SOURCE_G_REVIEWS,reviews_2023.csv,2023-06-21T13:24:13.087553608,BATCH-G-20230621
REV-00079074,SKU-0016060,user_9000747,Patrick,5,"Perfect gift, they loved it!",2023-04-08,True,POSITIVE,0,SOURCE_G_REVIEWS,reviews_2023.csv,2023-04-08T02:40:40.722274935,BATCH-G-20230408
REV-00079085,SKU-0002649,user_66883,Michael,5,"Livraison très lente, déçu.",2023-06-18,False,POSITIVE,0,SOURCE_G_REVIEWS,reviews_2023.csv,2023-06-25T17:00:00,BATCH-G-20230618
REV-00079088,SKU-0017925,user_9002198,Julia White,5,"Muy buen producto, lo recomiendo.",2023-08-13,False,POSITIVE,0,SOURCE_G_REVIEWS,reviews_2023.csv,2023-08-13T08:53:15.762451859,BATCH-G-20230813
REV-00079101,SKU-9996717,user_9015230,Bradley West,5,"Exactly as described, very happy.",2023-02-22,True,POSITIVE,0,SOURCE_G_REVIEWS,reviews_2023.csv,2023-02-23T01:17:58.094999529,BATCH-G-20230222
REV-00079102,SKU-0017324,user_17354,John Fuller,4,"It's okay, does the job.",2023-05-02,True,NEUTRAL,1,SOURCE_G_REVIEWS,reviews_2023.csv,2023-05-02T23:02:33.319038830,BATCH-G-20230502
REV-00079103,SKU-0008997,user_9015942,Melissa,4,Will definitely buy again.,2023-11-10,True,POSITIVE,0,SOURCE_G_REVIEWS,reviews_2023.csv,2023-11-11T01:42:19.309817978,BATCH-G-20231110
REV-00079115,SKU-0012801,user_9013523,Edward Coleman,5,Decent but overpriced a bit.,2023-11-22,False,NEUTRAL,0,SOURCE_G_REVIEWS,reviews_2023.csv,2023-11-23T02:21:27.751714770,BATCH-G-20231122
REV-00079129,SKU-0002921,user_9010009,David,3,"It's okay, does the job.",2023-04-13,True,NEUTRAL,1,SOURCE_G_REVIEWS,reviews_2023.csv,2023-04-13T01:51:58.180333113,BATCH-G-20230413
REV-00079132,SKU-0007027,user_9034177,Andrew Thomas DVM,4,Highly recommend this product.,2023-06-20,True,POSITIVE,0,SOURCE_G_REVIEWS,reviews_2023.csv,2023-06-20T01:11:26.453795145,BATCH-G-20230620
REV-00079140,SKU-0009461,user_38599,George Ross,5,"Solid build quality, no complaints.",2023-09-02,False,POSITIVE,1,SOURCE_G_REVIEWS,reviews_2023.csv,2023-09-03T05:17:31.744539901,BATCH-G-20230902
REV-00079150,SKU-0014756,user_2712,Victoria,1,Arrived damaged and support was unhelpful.,2023-03-26,True,NEGATIVE,0,SOURCE_G_REVIEWS,reviews_2023.csv,2023-03-26T12:19:35.670303242,BATCH-G-20230326
REV-00079156,SKU-0014072,user_36688,David,0,"Exactly as described, very happy.",2023-05-22,True,POSITIVE,0,SOURCE_G_REVIEWS,reviews_2023.csv,2023-05-23T04:18:51.713929319,BATCH-G-20230522
REV-00079160,SKU-0009916,user_9016929,Lindsay Adkins,3,Works fine but delivery was slow.,2023-05-13,False,NEUTRAL,0,SOURCE_G_REVIEWS,reviews_2023.csv,2023-05-13T14:37:57.388800428,BATCH-G-20230513
REV-00079164,SKU-0008126,user_9020628,Shane,4,Very disappointed with the quality. 😍,2023-03-14,True,NEGATIVE,0,SOURCE_G_REVIEWS,reviews_2023.csv,2023-03-14T14:54:32.125917379,BATCH-G-20230314
REV-00079174,SKU-0018789,user_9008057,Kara Williams,4,"No cumplió mis expectativas. Absolutely love it, works perfectly! 🔥",2023-08-08,False,POSITIVE,6,SOURCE_G_REVIEWS,reviews_2023.csv,2023-08-08T15:14:32.544774721,BATCH-G-20230808
REV-00079184,SKU-0010234,user_9024921,Amanda Best,3,"It's okay, does the job.",2023-02-02,True,NEUTRAL,1,SOURCE_G_REVIEWS,reviews_2023.csv,2023-02-02T00:46:38.174484440,BATCH-G-20230202
REV-00079189,SKU-0007146,,Anonymous,4,"Perfect gift, they loved it!",2023-04-02,True,POSITIVE,5,SOURCE_G_REVIEWS,reviews_2023.csv,2023-04-02T14:21:31.452595939,BATCH-G-20230402
REV-00079199,SKU-0000152,user_28663,Gina,5,Better than I expected for the price.,2023-12-26,True,POSITIVE,4,SOURCE_G_REVIEWS,reviews_2023.csv,2023-12-26T15:15:19.225705132,BATCH-G-20231226
REV-00079208,SKU-0012966,user_64273,Michael,4,Fast delivery and great quality.,2023-06-22,False,POSITIVE,6,SOURCE_G_REVIEWS,reviews_2023.csv,2023-06-22T14:24:58.729705229,BATCH-G-20230622
REV-00079215,SKU-0019589,user_9019190,Alicia Taylor,2,"Cheaply made, broke immediately.",2023-09-03,True,NEGATIVE,0,SOURCE_G_REVIEWS,reviews_2023.csv,2023-09-03T09:58:33.907894738,BATCH-G-20230903
REV-00079222,SKU-0018979,user_9002090,Brenda Tucker,4,"Absolutely love it, works perfectly!",2023-10-25,False,POSITIVE,1,SOURCE_G_REVIEWS,reviews_2023.csv,2023-10-25T22:13:13.298652035,BATCH-G-20231025
REV-00079223,SKU-0004205,user_9007897,Diana Merritt,5,"Absolutely love it, works perfectly!",2023-02-05,True,POSITIVE,1,SOURCE_G_REVIEWS,reviews_2023.csv,2023-02-05T18:38:35.622381213,BATCH-G-20230205
REV-00079231,SKU-0014694,,Anonymous,4,"Absolutely love it, works perfectly!",2023-04-04,False,POSITIVE,0,SOURCE_G_REVIEWS,reviews_2023.csv,2023-04-04T17:03:35.568957097,BATCH-G-20230404
REV-00079233,SKU-9916191,user_9021035,Linda,5,गुणवत्ता ठीक नहीं थी। Better than I expected for the price.,2023-11-07,True,POSITIVE,0,SOURCE_G_REVIEWS,reviews_2023.csv,2023-11-08T03:28:22.600060543,BATCH-G-20231107
REV-00079236,SKU-0007284,,Anonymous,5,"Exactly as described, very happy.",2023-06-25,False,POSITIVE,0,SOURCE_G_REVIEWS,reviews_2023.csv,2023-06-25T11:41:09.572253479,BATCH-G-20230625
REV-00079239,SKU-9968160,,Anonymous,3,Decent but overpriced a bit. 😀,2023-11-23,False,NEUTRAL,4,SOURCE_G_REVIEWS,reviews_2023.csv,2023-11-23T08:22:59.014019112,BATCH-G-20231123
REV-00079244,SKU-0016418,user_9006590,Vanessa,4,Will definitely buy again.,2023-04-06,True,POSITIVE,1,SOURCE_G_REVIEWS,reviews_2023.csv,2023-04-06T12:10:37.425074896,BATCH-G-20230406
REV-00079244-DUP,SKU-0016418,user_9006590,Vanessa,4,Will definitely buy again.,2023-04-06,True,POSITIVE,1,SOURCE_G_REVIEWS,reviews_2023.csv,2023-04-06T13:06:37.425074896,BATCH-G-20230406
REV-00079246,SKU-0017625,user_9010179,Samuel Lopez,5,Great value for money.,2023-06-08,False,POSITIVE,1,SOURCE_G_REVIEWS,reviews_2023.csv,2023-06-08T00:46:08.702372475,BATCH-G-20230608
REV-00079251,SKU-0017003,user_9031703,Mr.,5,"बहुत अच्छा उत्पाद है, पैसा वसूल! Better than I expected for the price.",2023-09-21,True,POSITIVE,0,SOURCE_G_REVIEWS,reviews_2023.csv,2023-09-21T15:35:45.871440853,BATCH-G-20230921
REV-00079254,SKU-0003114,user_51248,Diane Harrison,2,Wrong item was shipped to me.,2023-07-06,False,NEGATIVE,3,SOURCE_G_REVIEWS,reviews_2023.csv,2023-07-06T11:54:44.175975781,BATCH-G-20230706
REV-00079269,SKU-0016314,user_9000046,Jessica Johnson,5,"Solid build quality, no complaints.",2023-09-23,True,POSITIVE,1,SOURCE_G_REVIEWS,reviews_2023.csv,2023-09-23T21:08:29.233181360,BATCH-G-20230923
REV-00079275,SKU-0019825,,Anonymous,4,Exceeded my expectations.,2023-06-01,True,POSITIVE,1,SOURCE_G_REVIEWS,reviews_2023.csv,2023-06-02T04:57:37.309969038,BATCH-G-20230601
REV-00079277,SKU-0018641,user_9000824,Joshua,4,Better than I expected for the price.,2023-05-20,False,POSITIVE,1,SOURCE_G_REVIEWS,reviews_2023.csv,2023-05-20T14:03:26.472338375,BATCH-G-20230520
REV-00079286,SKU-0011847,user_9033447,Kenneth Martin,5,Highly recommend this product.,2023-03-09,False,POSITIVE,2,SOURCE_G_REVIEWS,reviews_2023.csv,2023-03-10T00:37:19.308516960,BATCH-G-20230309
REV-00079291,SKU-0019125,user_9015249,Brendan Khan,3,"Matches the description, no issues.",2023-10-23,False,NEUTRAL,31,SOURCE_G_REVIEWS,reviews_2023.csv,2023-10-23T21:28:02.610960016,BATCH-G-20231023
REV-00079307,SKU-0010138,user_51860,Katelyn,5,"Solid build quality, no complaints.",2023-11-08,False,POSITIVE,1,SOURCE_G_REVIEWS,reviews_2023.csv,2023-11-08T13:13:40.255129032,BATCH-G-20231108
REV-00079308,SKU-0016193,user_9001240,Kevin Salazar,5,Fast delivery and great quality.,2023-07-28,False,POSITIVE,6,SOURCE_G_REVIEWS,reviews_2023.csv,2023-07-28T03:40:10.849797919,BATCH-G-20230728
REV-00079318,SKU-0015352,user_9007801,James Lee,5,Highly recommend this product.,2023-01-19,False,POSITIVE,0,SOURCE_G_REVIEWS,reviews_2023.csv,2023-01-20T00:12:52.670532858,BATCH-G-20230119
REV-00079319,SKU-0004721,user_42891,Dylan Johnson,6,Fast delivery and great quality. 😡,2023-07-21,True,POSITIVE,1,SOURCE_G_REVIEWS,reviews_2023.csv,2023-07-21T02:39:38.457750682,BATCH-G-20230721
REV-00079320,SKU-0007480,user_26952,Christopher Green,4,"Solid build quality, no complaints.",2023-07-12,True,POSITIVE,1,SOURCE_G_REVIEWS,reviews_2023.csv,2023-07-12T18:51:38.325257041,BATCH-G-20230712
REV-00079326,SKU-0010952,user_9028972,Krystal Miller,5,"Perfect gift, they loved it!",2023-05-12,True,POSITIVE,4,SOURCE_G_REVIEWS,reviews_2023.csv,2023-05-12T07:25:45.531590476,BATCH-G-20230512
REV-00079336,SKU-9976602,user_42225,Bradley Hernandez,5,Will definitely buy again.,2023-10-13,True,POSITIVE,4,SOURCE_G_REVIEWS,reviews_2023.csv,2023-10-13T11:08:04.373746657,BATCH-G-20231013
REV-00079338,SKU-0014351,user_60084,Christina Murphy,4,Great value for money.,2023-07-03,True,POSITIVE,6,SOURCE_G_REVIEWS,reviews_2023.csv,2023-07-03T09:13:36.895375966,BATCH-G-20230703
REV-00079340,SKU-0018109,user_24745,Casey,0,"Perfect gift, they loved it!",2023-12-11,False,POSITIVE,4,SOURCE_G_REVIEWS,reviews_2023.csv,2023-12-11T22:08:44.247232390,BATCH-G-20231211
REV-00079348,SKU-0019526,user_9013137,Mason Alexander,5,"Solid build quality, no complaints.",2023-02-25,True,POSITIVE,2,SOURCE_G_REVIEWS,reviews_2023.csv,2023-02-25T04:14:07.231432753,BATCH-G-20230225
REV-00079353,SKU-0012939,user_43893,Michael,3,"Not bad, not great either. 💯",2023-09-23,True,NEUTRAL,0,SOURCE_G_REVIEWS,reviews_2023.csv,2023-09-23T04:19:37.362563117,BATCH-G-20230923
REV-00079354,SKU-0012063,user_9006333,Mallory Young,2,"Cheaply made, broke immediately.",2023-09-06,True,NEGATIVE,0,SOURCE_G_REVIEWS,reviews_2023.csv,2023-09-06T19:47:38.317169538,BATCH-G-20230906
REV-00079360,SKU-0009645,user_9011427,Amanda,4,"Exactly as described, very happy.",2023-05-27,False,POSITIVE,0,SOURCE_G_REVIEWS,reviews_2023.csv,2023-05-27T01:49:29.069240307,BATCH-G-20230527
REV-00079363,SKU-0017779,user_9008233,Michael Martinez,4,"Solid build quality, no complaints.",2023-09-04,True,POSITIVE,1,SOURCE_G_REVIEWS,reviews_2023.csv,2023-09-05T04:28:23.504156087,BATCH-G-20230904
REV-00079368,SKU-0017062,,Anonymous,5,"Absolutely love it, works perfectly!",2023-06-18,False,POSITIVE,2,SOURCE_G_REVIEWS,reviews_2023.csv,2023-06-18T08:36:43.763522430,BATCH-G-20230618
REV-00079397,SKU-0018419,,Anonymous,3,Fast delivery and great quality.,2023-09-23,False,POSITIVE,2,SOURCE_G_REVIEWS,reviews_2023.csv,2023-09-23T06:47:07.803524861,BATCH-G-20230923
REV-00079398,SKU-0012234,user_9024849,Julian,5,N/A,2023-01-20,True,POSITIVE,6,SOURCE_G_REVIEWS,reviews_2023.csv,2023-01-20T14:05:02.163920204,BATCH-G-20230120
REV-00079405,SKU-0001912,,Anonymous,4,Highly recommend this product.,2023-12-24,False,POSITIVE,6,SOURCE_G_REVIEWS,reviews_2023.csv,2023-12-24T05:07:36.918338233,BATCH-G-20231224
REV-00079409,SKU-0015349,user_9016560,Lori Martinez,5,"Exactly as described, very happy.",2023-12-22,False,POSITIVE,8,SOURCE_G_REVIEWS,reviews_2023.csv,2023-12-22T11:30:53.904514193,BATCH-G-20231222
REV-00079421,SKU-0014398,user_9001672,Alexander Smith,5,"Perfect gift, they loved it!",2023-07-30,False,POSITIVE,2,SOURCE_G_REVIEWS,reviews_2023.csv,2023-07-31T05:27:21.514069666,BATCH-G-20230730
REV-00079424,SKU-0016575,user_20936,Amanda Hart,4,Great value for money.,2023-11-26,True,POSITIVE,6,SOURCE_G_REVIEWS,reviews_2023.csv,2023-11-26T04:23:46.806416876,BATCH-G-20231126
REV-00079426,SKU-0006281,user_9938,Catherine Perez,3,"It's okay, does the job.",2023-11-12,False,NEUTRAL,0,SOURCE_G_REVIEWS,reviews_2023.csv,2023-11-12T01:16:13.565391057,BATCH-G-20231112
REV-00079435,SKU-0009598,user_9019699,Timothy Greene,5,Will definitely buy again.,2023-05-10,True,POSITIVE,0,SOURCE_G_REVIEWS,reviews_2023.csv,2023-05-10T10:13:49.679846054,BATCH-G-20230510
REV-00079436,SKU-0011177,user_3969,Ronald Robinson,5,Better than I expected for the price.,2023-11-30,False,POSITIVE,3,SOURCE_G_REVIEWS,reviews_2023.csv,2023-11-30T04:42:17.378014048,BATCH-G-20231130
REV-00079439,SKU-0013254,user_6062,Katherine Cummings,4,Great value for money.,2023-03-25,True,POSITIVE,2,SOURCE_G_REVIEWS,reviews_2023.csv,2023-03-25T02:40:42.659206276,BATCH-G-20230325
REV-00079443,SKU-0008709,user_9028328,Samuel Andersen,4,Great value for money.,2023-07-29,True,POSITIVE,0,SOURCE_G_REVIEWS,reviews_2023.csv,2023-07-29T11:01:06.955681683,BATCH-G-20230729
REV-00079452,SKU-0009676,,Anonymous,4,"Muy buen producto, lo recomiendo.",2023-11-26,False,POSITIVE,7,SOURCE_G_REVIEWS,reviews_2023.csv,2023-11-26T11:41:00.270664474,BATCH-G-20231126
REV-00079460,SKU-0001952,,Anonymous,5,Fast delivery and great quality.,2023-11-01,False,POSITIVE,1,SOURCE_G_REVIEWS,reviews_2023.csv,2023-11-02T02:19:59.421502737,BATCH-G-20231101
REV-00079462,SKU-0018563,user_51094,Cheryl,5,Fast delivery and great quality. 😀,2023-08-09,True,POSITIVE,0,SOURCE_G_REVIEWS,reviews_2023.csv,2023-08-09T14:36:22.426059416,BATCH-G-20230809
REV-00079464,SKU-0018593,user_19324,William,5,Fast delivery and great quality.,2023-02-17,True,POSITIVE,0,SOURCE_G_REVIEWS,reviews_2023.csv,2023-02-17T14:48:41.896935179,BATCH-G-20230217
REV-00079464-DUP,SKU-0018593,user_19324,William,5,Fast delivery and great quality.,2023-02-17,True,POSITIVE,0,SOURCE_G_REVIEWS,reviews_2023.csv,2023-02-17T14:56:41.896935179,BATCH-G-20230217
REV-00079465,SKU-0019815,user_9029652,Jill,4,"Exactly as described, very happy.",2023-02-28,False,POSITIVE,1,SOURCE_G_REVIEWS,reviews_2023.csv,2023-02-28T10:55:06.669521407,BATCH-G-20230228
REV-00079466,SKU-0013726,user_9011836,Amanda Graves,4,"Average quality, nothing special.",2023-11-25,False,NEUTRAL,3,SOURCE_G_REVIEWS,reviews_2023.csv,2023-11-25T07:06:49.302198092,BATCH-G-20231125
REV-00079481,SKU-0013456,user_9394,Robert Weaver,2,"Poor packaging, item was defective.",2023-12-30,True,NEGATIVE,3,SOURCE_G_REVIEWS,reviews_2023.csv,2023-12-31T02:28:06.394946670,BATCH-G-20231230
REV-00079483,SKU-0003406,user_9011515,Lori White,1,"Poor packaging, item was defective.",2023-05-24,False,NEGATIVE,4,SOURCE_G_REVIEWS,reviews_2023.csv,2023-05-24T23:06:38.784589955,BATCH-G-20230524
REV-00079485,SKU-0003533,user_9031877,Susan,5,Highly recommend this product.,2023-10-15,False,POSITIVE,0,SOURCE_G_REVIEWS,reviews_2023.csv,2023-10-15T07:56:56.269071817,BATCH-G-20231015
REV-00079491,SKU-0001220,user_42947,Ashley Johnson,5,Better than I expected for the price.,2023-12-31,True,POSITIVE,0,SOURCE_G_REVIEWS,reviews_2023.csv,2024-01-01T00:43:28.593142076,BATCH-G-20231231
REV-00079500,SKU-0014880,user_9031334,Natasha Christensen,5,Exceeded my expectations.,2023-07-01,True,POSITIVE,4,SOURCE_G_REVIEWS,reviews_2023.csv,2023-07-01T14:23:59.516660191,BATCH-G-20230701
REV-00079504,SKU-0017864,user_9002664,Justin Burgess,3,"   Average  quality,  nothing  special.   ",2023-09-11,True,NEUTRAL,0,SOURCE_G_REVIEWS,reviews_2023.csv,2023-09-12T04:20:01.981526357,BATCH-G-20230911
REV-00079514,SKU-0012163,user_51815,Brian Moore,4,Better than I expected for the price.,2023-07-16,True,POSITIVE,1,SOURCE_G_REVIEWS,reviews_2023.csv,2023-07-16T02:32:43.544881214,BATCH-G-20230716
REV-00079527,SKU-0000385,user_9019717,Jason,3,"Not bad, not great either.",2023-12-31,False,NEUTRAL,0,SOURCE_G_REVIEWS,reviews_2023.csv,2024-01-01T01:50:35.641445918,BATCH-G-20231231
REV-00079529,SKU-0019205,user_8874,Keith,3,Decent but overpriced a bit.,2023-06-30,True,NEUTRAL,1,SOURCE_G_REVIEWS,reviews_2023.csv,2023-06-28T06:00:00,BATCH-G-20230630
REV-00079538,SKU-0014961,user_9015380,David Weiss,4,"<p>Solid build quality, no complaints.&nbsp;",2023-11-11,False,POSITIVE,0,SOURCE_G_REVIEWS,reviews_2023.csv,2023-11-11T08:36:51.504095615,BATCH-G-20231111
REV-00079544,SKU-0006069,user_9017635,Kaitlyn Kelly,3,"Matches the description, no issues.",2023-10-14,True,NEUTRAL,1,SOURCE_G_REVIEWS,reviews_2023.csv,2023-10-14T18:39:57.897246628,BATCH-G-20231014
REV-00079555,SKU-0000010,,Anonymous,5,Great value for money.,2023-01-11,False,POSITIVE,1,SOURCE_G_REVIEWS,reviews_2023.csv,2023-01-11T04:16:41.421088010,BATCH-G-20230111
REV-00079570,SKU-0009111,user_9006960,Sara Burke,3,"Livraison très lente, déçu. Decent but overpriced a bit.",2023-07-15,True,NEUTRAL,0,SOURCE_G_REVIEWS,reviews_2023.csv,2023-07-15T06:31:56.206220756,BATCH-G-20230715
REV-00079573,SKU-0007009,,Anonymous,7,Exceeded my expectations.,2023-02-17,True,POSITIVE,0,SOURCE_G_REVIEWS,reviews_2023.csv,2023-02-17T09:41:58.721031372,BATCH-G-20230217
REV-00079574,SKU-0001263,user_9017176,Stacey,5,Will definitely buy again. 😡🙏,2023-09-02,True,POSITIVE,3,SOURCE_G_REVIEWS,reviews_2023.csv,2023-09-02T07:17:30.848054031,BATCH-G-20230902
REV-00079592,SKU-0015130,user_9017100,William,4,Better than I expected for the price.,2023-04-18,True,POSITIVE,0,SOURCE_G_REVIEWS,reviews_2023.csv,2023-04-18T00:34:30.837630341,BATCH-G-20230418
REV-00079600,SKU-0017003,user_1341,Virginia Rojas,1,Stopped working after a week.,2023-02-22,True,NEGATIVE,14,SOURCE_G_REVIEWS,reviews_2023.csv,2023-02-23T03:51:55.532002167,BATCH-G-20230222
REV-00079618,SKU-0011161,user_55818,Peter Gomez,2,Wrong item was shipped to me.,2023-08-28,True,NEGATIVE,5,SOURCE_G_REVIEWS,reviews_2023.csv,2023-08-28T11:08:06.284142074,BATCH-G-20230828
REV-00079629,SKU-9917253,user_48505,Terri,5,Better than I expected for the price.,2023-12-23,False,POSITIVE,1,SOURCE_G_REVIEWS,reviews_2023.csv,2023-12-23T06:54:51.995464205,BATCH-G-20231223
REV-00079638,SKU-0002134,,Anonymous,4,Will definitely buy again.,2023-12-05,False,POSITIVE,1,SOURCE_G_REVIEWS,reviews_2023.csv,2023-12-06T05:16:07.768144779,BATCH-G-20231205
REV-00079645,SKU-0010746,user_9023625,John Kramer,2,Not as described at all.,2023-10-27,True,NEGATIVE,0,SOURCE_G_REVIEWS,reviews_2023.csv,2023-10-28T02:04:22.702874900,BATCH-G-20231027
REV-00079645-BOT,SKU-0010746,user_9017651,Mrs.,2,Not as described at all.,2023-10-27,False,NEGATIVE,0,SOURCE_G_REVIEWS,reviews_2023.csv,2023-10-28T02:04:22.702874900,BATCH-G-20231027
REV-00079655,SKU-0019140,user_9013556,Lawrence Palmer,5,"Waste of money, do not buy.",2023-05-03,True,NEGATIVE,7,SOURCE_G_REVIEWS,reviews_2023.csv,2023-05-03T16:39:22.859618495,BATCH-G-20230503
REV-00079661,SKU-9988685,user_9028601,Warren Caldwell,4,"<i>edited</i>Exactly as described, very happy.<br>",2023-11-25,True,POSITIVE,1,SOURCE_G_REVIEWS,reviews_2023.csv,2023-11-25T22:46:09.302167547,BATCH-G-20231125
REV-00079666,SKU-9989408,,Anonymous,3,Decent but overpriced a bit.,2023-05-18,False,NEUTRAL,0,SOURCE_G_REVIEWS,reviews_2023.csv,2023-05-18T06:54:15.061819696,BATCH-G-20230518
REV-00079672,SKU-0020168,user_9032155,Christopher,5,Better than I expected for the price. 😢,2023-08-27,True,POSITIVE,2,SOURCE_G_REVIEWS,reviews_2023.csv,2023-08-27T07:35:57.768262533,BATCH-G-20230827
REV-00079679,SKU-0000120,user_9014731,Jeffrey Jones,5,Great value for money.,2023-01-19,True,POSITIVE,2,SOURCE_G_REVIEWS,reviews_2023.csv,2023-01-19T23:09:35.492175264,BATCH-G-20230119
REV-00079690,SKU-0019709,user_61161,Steven,2,"Waste of money, do not buy.",2023-12-15,True,NEGATIVE,0,SOURCE_G_REVIEWS,reviews_2023.csv,2023-12-15T09:31:39.383131386,BATCH-G-20231215
REV-00079699,SKU-9954738,user_9017646,Judith Mosley,5,"Absolutely love it, works perfectly!",2023-09-25,False,POSITIVE,1,SOURCE_G_REVIEWS,reviews_2023.csv,2023-09-25T21:57:53.586089087,BATCH-G-20230925
REV-00079700,SKU-0004372,user_3925,Scott Wells,3,"Not bad, not great either.",2023-09-04,True,NEUTRAL,0,SOURCE_G_REVIEWS,reviews_2023.csv,2023-09-04T22:41:04.268571567,BATCH-G-20230904
REV-00079701,SKU-0006037,user_9023186,Timothy Taylor,5,Highly recommend this product.,2023-03-11,True,POSITIVE,1,SOURCE_G_REVIEWS,reviews_2023.csv,2023-03-11T07:45:37.747365050,BATCH-G-20230311
REV-00079702,SKU-0019068,user_9022627,Joseph Porter,4,"Absolutely love it, works perfectly!",2023-05-28,True,POSITIVE,10,SOURCE_G_REVIEWS,reviews_2023.csv,2023-05-28T11:46:38.897319740,BATCH-G-20230528
REV-00079718,SKU-0009931,user_59141,Lisa Lawrence,5,Highly recommend this product.,2023-11-06,False,POSITIVE,2,SOURCE_G_REVIEWS,reviews_2023.csv,2023-11-06T16:19:34.372574847,BATCH-G-20231106
REV-00079719,SKU-0007127,user_9032192,Carlos,4,Will definitely buy again.,2023-11-14,False,POSITIVE,8,SOURCE_G_REVIEWS,reviews_2023.csv,2023-11-14T21:26:17.992345846,BATCH-G-20231114
REV-00079746,SKU-0019842,user_9012299,Eric Hernandez,5,Exceeded my expectations.,2023-10-10,True,POSITIVE,5,SOURCE_G_REVIEWS,reviews_2023.csv,2023-10-10T01:53:01.493224466,BATCH-G-20231010
REV-00079752,SKU-0018910,user_59159,Donald,5,No cumplió mis expectativas.,2023-11-16,False,POSITIVE,4,SOURCE_G_REVIEWS,reviews_2023.csv,2023-11-16T15:53:51.230952009,BATCH-G-20231116
REV-00079761,SKU-0017136,,Anonymous,5,Exceeded my expectations.,2023-04-17,True,POSITIVE,0,SOURCE_G_REVIEWS,reviews_2023.csv,2023-04-17T16:12:49.776922957,BATCH-G-20230417
REV-00079763,SKU-0001786,user_385,Timothy Sheppard,1,"Cheaply made, broke immediately.",2023-07-08,False,NEGATIVE,2,SOURCE_G_REVIEWS,reviews_2023.csv,2023-07-09T03:47:20.622150170,BATCH-G-20230708
REV-00079782,SKU-9957446,user_9005774,Christopher Moore,4,Fast delivery and great quality.,2023-07-02,True,POSITIVE,1,SOURCE_G_REVIEWS,reviews_2023.csv,2023-07-02T09:47:16.192401972,BATCH-G-20230702
REV-00079795,SKU-9924124,user_21065,Christie Mitchell,1,Not as described at all. 😢⭐,2023-11-26,False,NEGATIVE,2,SOURCE_G_REVIEWS,reviews_2023.csv,2023-11-26T01:32:39.235117442,BATCH-G-20231126
REV-00079807,SKU-0014644,user_9000063,Jennifer,3,"Average quality, nothing special.",2023-04-25,False,NEUTRAL,1,SOURCE_G_REVIEWS,reviews_2023.csv,2023-04-25T00:46:49.019377413,BATCH-G-20230425
REV-00079813,SKU-0017069,user_42699,Amanda Burns,5,Fast delivery and great quality.,2023-01-08,False,POSITIVE,4,SOURCE_G_REVIEWS,reviews_2023.csv,2023-01-08T06:23:10.330401078,BATCH-G-20230108
REV-00079819,SKU-0007073,user_9013604,Wendy,5,Better than I expected for the price.,2023-06-12,False,POSITIVE,0,SOURCE_G_REVIEWS,reviews_2023.csv,2023-06-12T01:14:57.348377786,BATCH-G-20230612
REV-00079822,SKU-0016800,user_58161,Jennifer Bryant,2,"Waste of money, do not buy.",2023-08-31,True,NEGATIVE,1,SOURCE_G_REVIEWS,reviews_2023.csv,2023-08-31T15:06:34.421442655,BATCH-G-20230831
REV-00079824,SKU-0013150,user_15458,Troy,4,गुणवत्ता ठीक नहीं थी।,2023-11-01,True,POSITIVE,0,SOURCE_G_REVIEWS,reviews_2023.csv,2023-11-02T05:52:51.560346470,BATCH-G-20231101
REV-00079827,SKU-0019402,user_41164,Dale,5,Better than I expected for the price.,2023-08-11,False,POSITIVE,2,SOURCE_G_REVIEWS,reviews_2023.csv,2023-08-11T07:11:45.361155519,BATCH-G-20230811
REV-00079827-BOT,SKU-0019402,user_9024921,Amanda Best,5,Better than I expected for the price.,2023-08-11,False,POSITIVE,0,SOURCE_G_REVIEWS,reviews_2023.csv,2023-08-11T07:11:45.361155519,BATCH-G-20230811
REV-00079836,SKU-0018870,user_9030186,Brenda Waller,4,"Perfect gift, they loved it!",2023-10-21,False,POSITIVE,2,SOURCE_G_REVIEWS,reviews_2023.csv,2023-10-21T07:59:04.149414266,BATCH-G-20231021
REV-00079837,SKU-0017760,user_59976,Paul Brown,2,"Cheaply made, broke immediately.",2023-02-19,True,NEGATIVE,0,SOURCE_G_REVIEWS,reviews_2023.csv,2023-02-20T02:36:45.436605945,BATCH-G-20230219
REV-00079876,SKU-0014265,user_44137,Travis Fowler MD,4,Will definitely buy again.,2023-03-26,False,POSITIVE,1,SOURCE_G_REVIEWS,reviews_2023.csv,2023-03-27T00:20:03.404980899,BATCH-G-20230326
REV-00079889,SKU-0012413,user_9012990,Megan,4,"Exactly as described, very happy.",2023-11-10,False,POSITIVE,17,SOURCE_G_REVIEWS,reviews_2023.csv,2023-11-10T08:55:02.365058281,BATCH-G-20231110
REV-00079897,SKU-0019955,user_9021586,Stacey Smith,4,   Great  value  for  money.   ,2023-09-14,False,POSITIVE,0,SOURCE_G_REVIEWS,reviews_2023.csv,2023-09-15T01:28:16.186726382,BATCH-G-20230914
REV-00079909,SKU-0005180,,Anonymous,2,"Cheaply made, broke immediately.",2023-03-23,False,NEGATIVE,1,SOURCE_G_REVIEWS,reviews_2023.csv,2023-03-23T17:23:25.239758729,BATCH-G-20230323
REV-00079911,SKU-0016085,user_9033794,Jerry Jordan, ,"It's okay, does the job.",2023-07-05,False,NEUTRAL,4,SOURCE_G_REVIEWS,reviews_2023.csv,2023-07-05T19:46:28.015674673,BATCH-G-20230705
REV-00079922,SKU-0012436,user_27268,Juan,5,   Fast  delivery  and  great  quality.   ,2023-05-15,False,POSITIVE,3,SOURCE_G_REVIEWS,reviews_2023.csv,2023-05-15T12:49:08.041147656,BATCH-G-20230515
REV-00079933,SKU-0004430,user_13961,Lee Preston,2,"Waste of money, do not buy.",2023-10-03,False,NEGATIVE,7,SOURCE_G_REVIEWS,reviews_2023.csv,2023-10-03T22:45:11.972094023,BATCH-G-20231003
REV-00079934,SKU-0014491,user_9011244,Richard Dickson,2,"<br>Waste of money, do not buy.<p>",2023-12-02,True,NEGATIVE,8,SOURCE_G_REVIEWS,reviews_2023.csv,2023-12-02T14:50:48.645423029,BATCH-G-20231202
REV-00079938,SKU-0020116,user_9025074,Mitchell Richardson MD,4,"Solid build quality, no complaints.",2023-11-29,False,POSITIVE,3,SOURCE_G_REVIEWS,reviews_2023.csv,2023-11-29T19:38:09.984642173,BATCH-G-20231129
REV-00079949,SKU-0005009,,Anonymous,3,"   Not  bad,  not  great  either.   ",2023-07-06,False,NEUTRAL,2,SOURCE_G_REVIEWS,reviews_2023.csv,2023-07-06T03:10:33.213232247,BATCH-G-20230706
REV-00079955,SKU-9938011,,Anonymous,5,"   Absolutely  love  it,  works  perfectly!   ",2023-12-23,True,POSITIVE,4,SOURCE_G_REVIEWS,reviews_2023.csv,2023-12-24T04:10:50.790022827,BATCH-G-20231223
REV-00079959,SKU-0006290,user_62782,Douglas,3,"Not bad, not great either.",2023-07-22,True,NEUTRAL,0,SOURCE_G_REVIEWS,reviews_2023.csv,2023-07-23T04:46:11.464760834,BATCH-G-20230722
REV-00079965,SKU-0014154,,Anonymous,3,"<b>Update:</b>Muy buen producto, lo recomiendo.<p>",2023-10-20,False,NEUTRAL,1,SOURCE_G_REVIEWS,reviews_2023.csv,2023-10-20T02:55:59.966239558,BATCH-G-20231020
REV-00079974,SKU-0005760,user_46055,Mitchell Johnson,5,"Absolutely love it, works perfectly!",2023-09-04,True,POSITIVE,1,SOURCE_G_REVIEWS,reviews_2023.csv,2023-09-04T19:01:48.312446124,BATCH-G-20230904
REV-00079981,SKU-0004743,,Anonymous,4,"बहुत अच्छा उत्पाद है, पैसा वसूल!",2023-05-30,True,POSITIVE,0,SOURCE_G_REVIEWS,reviews_2023.csv,2023-05-30T09:00:37.406355831,BATCH-G-20230530
REV-00079991,SKU-0003132,user_9011460,Samuel Barker,4,No cumplió mis expectativas.,2023-07-11,False,POSITIVE,2,SOURCE_G_REVIEWS,reviews_2023.csv,2023-07-11T04:43:37.564119345,BATCH-G-20230711
REV-00079997,SKU-0003523,user_9011866,Erin Williams MD,4,"Perfect gift, they loved it!",2023-03-24,False,POSITIVE,0,SOURCE_G_REVIEWS,reviews_2023.csv,2023-03-24T04:24:01.178436851,BATCH-G-20230324
REV-00080001,SKU-0006292,user_57381,Rachael,3,"Average quality, nothing special.",2023-09-21,False,NEUTRAL,8,SOURCE_G_REVIEWS,reviews_2023.csv,2023-09-22T04:06:09.891462199,BATCH-G-20230921
REV-00080020,SKU-0010080,user_9014129,Edward Mendoza,5,"Solid build quality, no complaints. 💯",2023-11-30,True,POSITIVE,3,SOURCE_G_REVIEWS,reviews_2023.csv,2023-11-30T22:40:52.875734581,BATCH-G-20231130
REV-00080024,SKU-0009179,user_54015,Nicole,2,"Cheaply made, broke immediately.",2023-06-09,True,NEGATIVE,6,SOURCE_G_REVIEWS,reviews_2023.csv,2023-06-09T21:13:27.408493128,BATCH-G-20230609
REV-00080034,SKU-0004740,,Anonymous,3,"Matches the description, no issues.",2023-08-03,True,NEUTRAL,12,SOURCE_G_REVIEWS,reviews_2023.csv,2023-08-03T07:10:32.651098160,BATCH-G-20230803
REV-00080039,SKU-0009132,user_32690,Brandon Harmon,4,"Perfect gift, they loved it!",2023-08-25,True,POSITIVE,0,SOURCE_G_REVIEWS,reviews_2023.csv,2023-08-25T05:20:46.928151654,BATCH-G-20230825
REV-00080049,SKU-0011202,user_9011534,Linda,5,Fast delivery and great quality.,2023-03-12,False,POSITIVE,1,SOURCE_G_REVIEWS,reviews_2023.csv,2023-03-12T00:47:50.836270281,BATCH-G-20230312
REV-00080050,SKU-0011694,user_34399,Michael Morales,3,?,2023-11-26,True,NEUTRAL,2,SOURCE_G_REVIEWS,reviews_2023.csv,2023-11-26T18:55:24.842750896,BATCH-G-20231126
REV-00080056,SKU-0010181,user_9025223,Michele,5,"Absolutely love it, works perfectly!",2023-09-26,True,POSITIVE,0,SOURCE_G_REVIEWS,reviews_2023.csv,2023-09-26T09:32:07.665515679,BATCH-G-20230926
REV-00080059,SKU-0015949,user_9015990,Michelle,4,Will definitely buy again.,2023-11-29,True,POSITIVE,3,SOURCE_G_REVIEWS,reviews_2023.csv,2023-11-30T05:32:42.065937981,BATCH-G-20231129
REV-00080060,SKU-0002162,user_31314,Mr. Jacob Marks,5,Will definitely buy again.,2023-01-03,True,POSITIVE,1,SOURCE_G_REVIEWS,reviews_2023.csv,2023-01-03T21:41:39.159263838,BATCH-G-20230103
REV-00080070,SKU-0017466,user_24868,Lisa Davenport,4,"Exactly as described, very happy.",2023-01-23,True,POSITIVE,2,SOURCE_G_REVIEWS,reviews_2023.csv,2023-01-23T00:36:18.680248871,BATCH-G-20230123
REV-00080080,SKU-0008427,,Anonymous,4,Exceeded my expectations. 😍,2023-07-19,False,POSITIVE,0,SOURCE_G_REVIEWS,reviews_2023.csv,2023-07-19T19:27:54.473253910,BATCH-G-20230719
REV-00080089,SKU-0006516,user_9021599,Kelly Jensen,4,Will definitely buy again.,2023-11-14,True,POSITIVE,1,SOURCE_G_REVIEWS,reviews_2023.csv,2023-11-14T06:42:59.543463963,BATCH-G-20231114
REV-00080091,SKU-0002233,user_51601,Carol Watson,3,   Works  fine  but  delivery  was  slow.   ,2023-11-21,True,NEUTRAL,2,SOURCE_G_REVIEWS,reviews_2023.csv,2023-11-22T04:28:27.032991977,BATCH-G-20231121
REV-00080092,SKU-0017046,user_27266,Tyler Hamilton,5,"Solid build quality, no complaints.",2023-10-28,False,POSITIVE,1,SOURCE_G_REVIEWS,reviews_2023.csv,2023-10-28T16:07:08.487775098,BATCH-G-20231028
REV-00080098,SKU-0000811,user_52373,Melvin Sweeney,5,Exceeded my expectations.,2023-01-12,False,POSITIVE,0,SOURCE_G_REVIEWS,reviews_2023.csv,2023-01-12T20:12:18.481235059,BATCH-G-20230112
REV-00080099,SKU-0004007,user_46805,Tracey Lamb,1,NA,2023-05-09,True,NEGATIVE,1,SOURCE_G_REVIEWS,reviews_2023.csv,2023-05-09T19:11:04.749252698,BATCH-G-20230509
REV-00080105,SKU-0009627,user_40899,Bradley Davis,4,"Exactly as described, very happy.",2023-03-07,True,POSITIVE,4,SOURCE_G_REVIEWS,reviews_2023.csv,2023-03-07T20:17:45.497094865,BATCH-G-20230307
REV-00080116,SKU-0005740,user_9000218,Luis,2,Wrong item was shipped to me.,2023-04-22,False,NEGATIVE,0,SOURCE_G_REVIEWS,reviews_2023.csv,2023-05-02T15:00:00,BATCH-G-20230422
REV-00080126,SKU-0001108,user_9018419,Andrea Harris,5,"Perfect gift, they loved it!",2023-08-29,True,POSITIVE,1,SOURCE_G_REVIEWS,reviews_2023.csv,2023-08-29T21:34:12.042601897,BATCH-G-20230829
REV-00080129,SKU-0010796,user_50790,Michael Bennett,2,"Muy buen producto, lo recomiendo.",2023-03-24,True,NEGATIVE,0,SOURCE_G_REVIEWS,reviews_2023.csv,2023-03-24T05:19:39.090935187,BATCH-G-20230324
REV-00080134,SKU-0017990,user_66568,Robert Hopkins,5,Better than I expected for the price. 😢😡,2023-12-14,False,POSITIVE,7,SOURCE_G_REVIEWS,reviews_2023.csv,2023-12-14T17:18:28.691679029,BATCH-G-20231214
REV-00080140,SKU-0001920,user_9013571,Mr. David Barker,5,Wrong item was shipped to me.,2023-12-05,True,NEGATIVE,1,SOURCE_G_REVIEWS,reviews_2023.csv,2023-12-05T20:05:09.615819388,BATCH-G-20231205
REV-00080145,SKU-0009665,user_56345,Kelly,2,गुणवत्ता ठीक नहीं थी।,2023-11-14,False,NEGATIVE,4,SOURCE_G_REVIEWS,reviews_2023.csv,2023-11-15T00:23:12.564747166,BATCH-G-20231114
REV-00080155,SKU-0019352,user_16278,Emily Brown,7,"Not bad, not great either.",2023-01-31,False,NEUTRAL,2,SOURCE_G_REVIEWS,reviews_2023.csv,2023-01-31T20:59:02.037563937,BATCH-G-20230131
REV-00080157,SKU-0002617,,Anonymous,3,"Matches the description, no issues.",2023-03-25,False,NEUTRAL,0,SOURCE_G_REVIEWS,reviews_2023.csv,2023-03-26T01:37:40.306548483,BATCH-G-20230325
REV-00080158,SKU-0016118,user_23574,Ana Clark,5,Great value for money.,2023-12-16,True,POSITIVE,0,SOURCE_G_REVIEWS,reviews_2023.csv,2023-12-16T06:51:52.773402248,BATCH-G-20231216
REV-00080159,SKU-0007407,user_50082,Mr.,3,"Matches the description, no issues.",2023-12-05,True,NEUTRAL,2,SOURCE_G_REVIEWS,reviews_2023.csv,2023-12-05T06:20:41.806039125,BATCH-G-20231205
REV-00080165,SKU-0014174,user_7799,Cynthia Underwood,5,Great value for money.,2023-12-04,True,POSITIVE,2,SOURCE_G_REVIEWS,reviews_2023.csv,2023-12-05T01:28:36.877873596,BATCH-G-20231204
REV-00080172,SKU-0005655,,Anonymous,5,Exceeded my expectations.,2023-09-13,True,POSITIVE,6,SOURCE_G_REVIEWS,reviews_2023.csv,2023-09-13T08:49:02.464180474,BATCH-G-20230913
REV-00080176,SKU-0006544,user_47370,Charles,5,Fast delivery and great quality.,2023-03-20,False,POSITIVE,2,SOURCE_G_REVIEWS,reviews_2023.csv,2023-03-21T02:01:33.434072488,BATCH-G-20230320
REV-00080180,SKU-0015927,,Anonymous,4,Highly recommend this product.,2023-01-07,True,POSITIVE,2,SOURCE_G_REVIEWS,reviews_2023.csv,2023-01-07T13:00:05.533006497,BATCH-G-20230107
REV-00080181,SKU-0017088,,Anonymous,5,Better than I expected for the price.,2023-06-05,True,POSITIVE,-8,SOURCE_G_REVIEWS,reviews_2023.csv,2023-06-05T18:52:07.798362932,BATCH-G-20230605
REV-00080191,SKU-0002142,,Anonymous,4,Exceeded my expectations.,2023-03-19,True,POSITIVE,1,SOURCE_G_REVIEWS,reviews_2023.csv,2023-03-18T17:00:00,BATCH-G-20230319
REV-00080192,SKU-0018600,user_10080,John,4,Will definitely buy again.,2023-07-14,True,POSITIVE,1,SOURCE_G_REVIEWS,reviews_2023.csv,2023-07-14T18:30:54.906236453,BATCH-G-20230714
REV-00080211,SKU-0016866,user_9009141,Carla Cunningham,5,"Absolutely love it, works perfectly!",2023-01-31,True,POSITIVE,7,SOURCE_G_REVIEWS,reviews_2023.csv,2023-01-31T06:53:25.043734422,BATCH-G-20230131
REV-00080230,SKU-0015566,,Anonymous,5,Fast delivery and great quality.,2023-12-26,False,POSITIVE,1,SOURCE_G_REVIEWS,reviews_2023.csv,2023-12-26T10:46:29.804356808,BATCH-G-20231226
REV-00080234,SKU-0003060,,Anonymous,5,Exceeded my expectations.,2023-07-16,False,POSITIVE,2,SOURCE_G_REVIEWS,reviews_2023.csv,2023-07-17T01:19:19.484106560,BATCH-G-20230716
REV-00080241,SKU-0015677,user_9201,Nathaniel Lewis,1,Very disappointed with the quality.,2023-12-17,True,NEGATIVE,2,SOURCE_G_REVIEWS,reviews_2023.csv,2023-12-17T23:13:45.179165915,BATCH-G-20231217
REV-00080244,SKU-0013192,user_9026098,Timothy Alvarado,5,"Cheaply made, broke immediately.",2023-11-15,False,NEGATIVE,1,SOURCE_G_REVIEWS,reviews_2023.csv,2023-11-15T01:11:09.029983053,BATCH-G-20231115
REV-00080254,SKU-0010407,user_36055,Anne,4,"Exactly as described, very happy.",2023-02-01,True,POSITIVE,0,SOURCE_G_REVIEWS,reviews_2023.csv,2023-02-01T02:23:32.404416860,BATCH-G-20230201
REV-00080255,SKU-0011574,user_9021460,Christopher Avila,5,Will definitely buy again.,2023-12-17,True,POSITIVE,1,SOURCE_G_REVIEWS,reviews_2023.csv,2023-12-17T11:20:34.092718958,BATCH-G-20231217
REV-00080264,SKU-0003850,,Anonymous,1,Arrived damaged and support was unhelpful.,2023-08-04,False,NEGATIVE,16,SOURCE_G_REVIEWS,reviews_2023.csv,2023-08-04T21:56:55.315290644,BATCH-G-20230804
REV-00080278,SKU-0004398,user_20605,Jesse Smith,5,"Absolutely love it, works perfectly!",2023-01-13,False,POSITIVE,3,SOURCE_G_REVIEWS,reviews_2023.csv,2023-01-13T23:56:08.103256726,BATCH-G-20230113
REV-00080279,SKU-0003660,user_63437,Joseph Hernandez,3,"Matches the description, no issues.",2023-05-22,False,NEUTRAL,3,SOURCE_G_REVIEWS,reviews_2023.csv,2023-05-22T06:30:37.637150743,BATCH-G-20230522
REV-00080286,SKU-0001694,user_9026536,Janet,3,"Average quality, nothing special.",2023-12-19,False,NEUTRAL,1,SOURCE_G_REVIEWS,reviews_2023.csv,2023-12-19T16:24:26.736158007,BATCH-G-20231219
REV-00080299,SKU-0004602,user_43556,Joseph Williams,1,Stopped working after a week.,2023-07-20,True,NEGATIVE,2,SOURCE_G_REVIEWS,reviews_2023.csv,2023-07-20T06:24:03.642466176,BATCH-G-20230720
REV-00080300,SKU-0010082,user_9027310,Patricia Watson,4,Great value for money.,2023-07-29,False,POSITIVE,10,SOURCE_G_REVIEWS,reviews_2023.csv,2023-07-29T05:39:41.515332689,BATCH-G-20230729
REV-00080304,SKU-0009726,user_9007828,Kerry,4,Better than I expected for the price.,2023-03-24,False,POSITIVE,4,SOURCE_G_REVIEWS,reviews_2023.csv,2023-03-24T05:03:56.676361818,BATCH-G-20230324
REV-00080307,SKU-0012707,,Anonymous,4,Decent but overpriced a bit.,2023-07-20,True,NEUTRAL,3,SOURCE_G_REVIEWS,reviews_2023.csv,2023-07-20T22:03:41.940160614,BATCH-G-20230720
REV-00080316,SKU-0008220,user_9034118,Cheryl Griffin,4,गुणवत्ता ठीक नहीं थी।,2023-03-28,True,NEGATIVE,3,SOURCE_G_REVIEWS,reviews_2023.csv,2023-03-29T05:25:00.466155234,BATCH-G-20230328
REV-00080320,SKU-0015271,user_11881,Danielle Thompson,4,Fast delivery and great quality.,2023-01-13,True,POSITIVE,0,SOURCE_G_REVIEWS,reviews_2023.csv,2023-01-13T11:58:14.666676862,BATCH-G-20230113
REV-00080321,SKU-0018519,,Anonymous,4,Great value for money.,2023-10-04,False,POSITIVE,1,SOURCE_G_REVIEWS,reviews_2023.csv,2023-10-04T08:32:23.988843211,BATCH-G-20231004
REV-00080322,SKU-0015401,user_9855,Aaron Warren,4,<p>Fast delivery and great quality.<br>,2023-06-06,True,POSITIVE,5,SOURCE_G_REVIEWS,reviews_2023.csv,2023-06-06T06:32:30.607623716,BATCH-G-20230606
REV-00080322-DUP,SKU-0015401,user_9855,Aaron Warren,4,<p>Fast delivery and great quality.<br>,2023-06-06,True,POSITIVE,5,SOURCE_G_REVIEWS,reviews_2023.csv,2023-06-06T06:52:30.607623716,BATCH-G-20230606
REV-00080335,SKU-0010587,user_56446,Nicholas Valenzuela,3,"Livraison très lente, déçu. Works fine but delivery was slow.",2023-05-27,False,NEUTRAL,3,SOURCE_G_REVIEWS,reviews_2023.csv,2023-05-28T02:53:51.358074707,BATCH-G-20230527
REV-00080358,SKU-0013605,,Anonymous,4,"Solid build quality, no complaints. 😀🙏",2023-05-19,True,POSITIVE,3,SOURCE_G_REVIEWS,reviews_2023.csv,2023-05-20T05:48:46.886557934,BATCH-G-20230519
REV-00080368,SKU-0016854,,Anonymous,5,Highly recommend this product.,2023-01-04,True,POSITIVE,6,SOURCE_G_REVIEWS,reviews_2023.csv,2023-01-04T17:41:18.459774519,BATCH-G-20230104
REV-00080373,SKU-0015182,user_1130,Keith,5,Great value for money. 💯,2023-01-02,False,POSITIVE,5,SOURCE_G_REVIEWS,reviews_2023.csv,2023-01-03T00:53:49.698580606,BATCH-G-20230102
REV-00080398,SKU-0018722,,Anonymous,1,"Cheaply made, broke immediately.",2023-08-14,False,NEGATIVE,3,SOURCE_G_REVIEWS,reviews_2023.csv,2023-08-14T11:47:21.397622585,BATCH-G-20230814
REV-00080405,SKU-0006879,user_47653,Carly Bell,3,"Average quality, nothing special.",2023-05-02,True,NEUTRAL,0,SOURCE_G_REVIEWS,reviews_2023.csv,2023-05-02T11:13:50.355128579,BATCH-G-20230502
REV-00080410,SKU-0004016,,Anonymous,3,"It's okay, does the job.",2023-03-20,True,NEUTRAL,4,SOURCE_G_REVIEWS,reviews_2023.csv,2023-03-20T02:03:57.672520142,BATCH-G-20230320
REV-00080422,SKU-0014430,user_9007446,Steven Mcmillan,5,Stopped working after a week.,2023-09-24,False,NEGATIVE,4,SOURCE_G_REVIEWS,reviews_2023.csv,2023-09-24T19:01:02.049518654,BATCH-G-20230924
REV-00080424,SKU-0004938,user_9021497,William Webster,7,Will definitely buy again.,2023-07-14,True,POSITIVE,2,SOURCE_G_REVIEWS,reviews_2023.csv,2023-07-14T17:07:47.520696248,BATCH-G-20230714
REV-00080443,SKU-0017571,user_9013571,Mr. David Barker,2,"Cheaply made, broke immediately.",2023-01-23,True,NEGATIVE,0,SOURCE_G_REVIEWS,reviews_2023.csv,2023-01-23T17:17:37.517967675,BATCH-G-20230123
REV-00080452,SKU-9969200,user_43256,Raymond Oconnor,5,Better than I expected for the price.,2023-10-31,True,POSITIVE,0,SOURCE_G_REVIEWS,reviews_2023.csv,2023-10-31T16:47:33.441309452,BATCH-G-20231031
REV-00080454,SKU-0001491,user_46266,Sandra,4,Highly recommend this product.,2023-08-13,True,POSITIVE,0,SOURCE_G_REVIEWS,reviews_2023.csv,2023-08-13T15:06:40.930683707,BATCH-G-20230813
REV-00080455,SKU-0008763,user_29933,Lauren Davis,3,"Matches the description, no issues.",2023-12-24,True,NEUTRAL,3,SOURCE_G_REVIEWS,reviews_2023.csv,2023-12-24T12:52:08.254446379,BATCH-G-20231224
REV-00080486,SKU-0005415,user_16135,Stephen,1,"Cheaply made, broke immediately.",2023-12-02,True,NEGATIVE,1,SOURCE_G_REVIEWS,reviews_2023.csv,2023-12-02T11:15:12.851993756,BATCH-G-20231202
REV-00080487,SKU-0003531,user_9002827,Chad,5,Great value for money. ⭐⭐,2023-05-16,True,POSITIVE,0,SOURCE_G_REVIEWS,reviews_2023.csv,2023-05-17T05:02:06.474680982,BATCH-G-20230516
REV-00080497,SKU-0015071,user_15206,Lisa Mitchell,5,Great value for money.,2023-01-11,True,POSITIVE,0,SOURCE_G_REVIEWS,reviews_2023.csv,2023-01-11T22:54:00.479868377,BATCH-G-20230111
REV-00080502,SKU-0014246,user_9021186,Jerome Curry,2,"Poor packaging, item was defective.",2023-04-14,False,NEGATIVE,0,SOURCE_G_REVIEWS,reviews_2023.csv,2023-04-14T08:43:12.727831095,BATCH-G-20230414
REV-00080506,SKU-0005694,user_12961,Tracy Turner,4,"Perfect gift, they loved it!",2023-01-28,True,POSITIVE,7,SOURCE_G_REVIEWS,reviews_2023.csv,2023-01-28T00:46:54.642142502,BATCH-G-20230128
REV-00080510,SKU-0013421,user_9005873,William Norris,2,Arrived damaged and support was unhelpful.,2023-12-03,False,NEGATIVE,0,SOURCE_G_REVIEWS,reviews_2023.csv,2023-12-03T16:31:42.271964297,BATCH-G-20231203
REV-00080522,SKU-0009222,,Anonymous,4,"Exactly as described, very happy.",2023-12-26,True,POSITIVE,0,SOURCE_G_REVIEWS,reviews_2023.csv,2023-12-27T03:46:27.138542313,BATCH-G-20231226
REV-00080525,SKU-0018898,user_59726,Veronica Perez,5,"Absolutely love it, works perfectly!",2023-06-11,True,POSITIVE,1,SOURCE_G_REVIEWS,reviews_2023.csv,2023-06-11T12:06:34.521092305,BATCH-G-20230611
REV-00080529,SKU-0018489,user_9010865,Melissa,5,"Exactly as described, very happy.",2023-10-20,False,POSITIVE,2,SOURCE_G_REVIEWS,reviews_2023.csv,2023-10-20T17:33:50.701200693,BATCH-G-20231020
REV-00080532,SKU-0011901,,Anonymous,2,"Poor packaging, item was defective.",2023-12-18,True,NEGATIVE,0,SOURCE_G_REVIEWS,reviews_2023.csv,2023-12-18T20:43:02.584470598,BATCH-G-20231218
REV-00080534,SKU-0017257,,Anonymous,2,"Poor packaging, item was defective.",2023-02-03,True,NEGATIVE,0,SOURCE_G_REVIEWS,reviews_2023.csv,2023-02-03T01:46:49.259220663,BATCH-G-20230203
REV-00080538,SKU-0002095,user_9002409,Gregory Owens,5,Highly recommend this product.,2023-07-21,True,POSITIVE,0,SOURCE_G_REVIEWS,reviews_2023.csv,2023-07-21T02:48:00.748740801,BATCH-G-20230721
REV-00080540,SKU-0003753,user_9008354,Connor,5,"Solid build quality, no complaints.",2023-04-06,False,POSITIVE,2,SOURCE_G_REVIEWS,reviews_2023.csv,2023-04-06T18:34:33.096574394,BATCH-G-20230406
REV-00080545,SKU-0006926,user_7741,Craig Hayes MD,2,"Livraison très lente, déçu.",2023-06-18,False,NEGATIVE,4,SOURCE_G_REVIEWS,reviews_2023.csv,2023-06-18T00:48:55.174979029,BATCH-G-20230618
REV-00080548,SKU-0018931,user_48288,Gregory,2,Wrong item was shipped to me.,2023-12-28,False,NEGATIVE,2,SOURCE_G_REVIEWS,reviews_2023.csv,2023-12-28T02:46:17.139953538,BATCH-G-20231228
REV-00080549,SKU-0019908,user_9001554,Lisa,5,Great value for money.,2023-09-21,True,POSITIVE,0,SOURCE_G_REVIEWS,reviews_2023.csv,2023-09-22T04:41:44.300141402,BATCH-G-20230921
REV-00080557,SKU-0003941,user_9002074,Andrea Garcia,4,Will definitely buy again.,2023-05-27,True,POSITIVE,0,SOURCE_G_REVIEWS,reviews_2023.csv,2023-05-27T18:03:05.300089940,BATCH-G-20230527
REV-00080559,SKU-0007930,user_9006031,Rachel,4,Will definitely buy again.,2023-03-23,True,POSITIVE,1,SOURCE_G_REVIEWS,reviews_2023.csv,2023-03-23T07:54:40.589628677,BATCH-G-20230323
REV-00080565,SKU-0013839,user_9033385,Adam,4,"Solid build quality, no complaints.",2023-05-31,True,POSITIVE,4,SOURCE_G_REVIEWS,reviews_2023.csv,2023-05-31T15:42:55.425685447,BATCH-G-20230531
REV-00080576,SKU-0005372,user_9007993,Jason,5,Great value for money.,2023-05-21,False,POSITIVE,3,SOURCE_G_REVIEWS,reviews_2023.csv,2023-05-21T14:30:06.959787064,BATCH-G-20230521
REV-00080578,SKU-0011824,user_9008627,Kim Johnson,5,Better than I expected for the price.,2023-05-13,False,POSITIVE,0,SOURCE_G_REVIEWS,reviews_2023.csv,2023-05-13T21:21:36.411758732,BATCH-G-20230513
REV-00080579,SKU-0009238,user_62082,Kayla Taylor,3,Unknown,2023-07-08,True,NEUTRAL,-4,SOURCE_G_REVIEWS,reviews_2023.csv,2023-07-08T00:45:57.459888162,BATCH-G-20230708
REV-00080589,SKU-0008022,user_9002169,Rebecca,5,No cumplió mis expectativas.,2023-06-03,True,POSITIVE,6,SOURCE_G_REVIEWS,reviews_2023.csv,2023-06-03T14:17:27.499081200,BATCH-G-20230603
REV-00080590,SKU-0005159,user_589,Matthew Jackson,2,"Waste of money, do not buy.",2023-02-11,True,NEGATIVE,1,SOURCE_G_REVIEWS,reviews_2023.csv,2023-02-12T04:39:06.614683131,BATCH-G-20230211
REV-00080593,SKU-0003857,user_9015504,Jennifer Jones,1,Very disappointed with the quality.,2023-11-21,True,NEGATIVE,3,SOURCE_G_REVIEWS,reviews_2023.csv,2023-11-21T13:21:50.805415731,BATCH-G-20231121
REV-00080602,SKU-0014684,user_29612,Ashley Smith,4,<i>edited</i>Great value for money.</p>,2023-03-24,True,POSITIVE,0,SOURCE_G_REVIEWS,reviews_2023.csv,2023-03-25T02:02:04.705544207,BATCH-G-20230324
REV-00080613,SKU-0017157,user_9014161,Karina,2,"Cheaply made, broke immediately.",2023-10-11,False,NEGATIVE,4,SOURCE_G_REVIEWS,reviews_2023.csv,2023-10-12T01:12:42.451236353,BATCH-G-20231011
REV-00080615,SKU-9955504,user_9005973,Tracy,5,Excellent rapport qualité-prix. Highly recommend this product.,2023-04-26,True,POSITIVE,0,SOURCE_G_REVIEWS,reviews_2023.csv,2023-04-26T19:01:48.047075493,BATCH-G-20230426
REV-00080615-DUP,SKU-9955504,user_9005973,Tracy,5,Excellent rapport qualité-prix. Highly recommend this product.,2023-04-26,True,POSITIVE,0,SOURCE_G_REVIEWS,reviews_2023.csv,2023-04-26T19:11:48.047075493,BATCH-G-20230426
REV-00080636,SKU-0013502,user_21638,Frank Allen,4,Better than I expected for the price.,2023-07-03,False,POSITIVE,0,SOURCE_G_REVIEWS,reviews_2023.csv,2023-07-03T18:34:22.741667001,BATCH-G-20230703
REV-00080641,SKU-0016434,user_31323,Penny,5,"Exactly as described, very happy.",2023-11-12,True,POSITIVE,1,SOURCE_G_REVIEWS,reviews_2023.csv,2023-11-13T04:20:28.002359905,BATCH-G-20231112
REV-00080643,SKU-0004977,user_41610,Kimberly Edwards,4,Fast delivery and great quality.,2023-04-30,False,POSITIVE,0,SOURCE_G_REVIEWS,reviews_2023.csv,2023-04-30T07:07:00.683859704,BATCH-G-20230430
REV-00080647,SKU-0002306,user_36608,Debra,5,Very disappointed with the quality.,2023-08-05,False,NEGATIVE,0,SOURCE_G_REVIEWS,reviews_2023.csv,2023-08-05T15:21:15.290370989,BATCH-G-20230805
REV-00080660,SKU-0012387,,Anonymous,4,Will definitely buy again.,2023-12-15,False,POSITIVE,5,SOURCE_G_REVIEWS,reviews_2023.csv,2023-12-16T02:45:30.773062381,BATCH-G-20231215
REV-00080662,SKU-0002966,user_15862,Dylan Fowler,4,"   Solid  build  quality,  no  complaints.   ",2023-05-16,False,POSITIVE,0,SOURCE_G_REVIEWS,reviews_2023.csv,2023-05-17T01:47:37.098765508,BATCH-G-20230516
REV-00080666,SKU-0008650,,Anonymous,5,Great value for money.,2023-05-23,True,POSITIVE,2,SOURCE_G_REVIEWS,reviews_2023.csv,2023-05-23T14:16:59.803001654,BATCH-G-20230523
REV-00080667,SKU-0019288,user_38078,Sarah White,5,"Muy buen producto, lo recomiendo.",2023-06-17,False,POSITIVE,4,SOURCE_G_REVIEWS,reviews_2023.csv,2023-06-17T03:17:00.867436894,BATCH-G-20230617
REV-00080684,SKU-0012898,user_18181,Gary Murray,4,Will definitely buy again.,2023-07-19,True,POSITIVE,1,SOURCE_G_REVIEWS,reviews_2023.csv,2023-07-19T20:37:32.074354406,BATCH-G-20230719
REV-00080697,SKU-0005098,user_32368,George Jackson, ,"Absolutely love it, works perfectly!",2023-11-28,True,POSITIVE,0,SOURCE_G_REVIEWS,reviews_2023.csv,2023-11-28T07:15:21.116419420,BATCH-G-20231128
REV-00080698,SKU-0000974,user_9012533,Tonya Cooper,4,Exceeded my expectations.,2023-05-08,True,POSITIVE,2,SOURCE_G_REVIEWS,reviews_2023.csv,2023-05-08T11:19:19.353376222,BATCH-G-20230508
REV-00080700,SKU-0011063,user_9017762,Samantha,4,"बहुत अच्छा उत्पाद है, पैसा वसूल!",2023-10-12,True,POSITIVE,0,SOURCE_G_REVIEWS,reviews_2023.csv,2023-10-12T15:36:42.800037876,BATCH-G-20231012
REV-00080706,SKU-0015003,,Anonymous,1,Very disappointed with the quality.,2023-09-09,True,NEGATIVE,1,SOURCE_G_REVIEWS,reviews_2023.csv,2023-09-09T21:53:47.692783203,BATCH-G-20230909
REV-00080709,SKU-0012875,user_9030291,Megan Stanley,N/A,Will definitely buy again.,2023-07-01,False,POSITIVE,1,SOURCE_G_REVIEWS,reviews_2023.csv,2023-07-01T08:33:38.055505414,BATCH-G-20230701
REV-00080714,SKU-0016908,,Anonymous,4,Great value for money.,2023-11-11,True,POSITIVE,10,SOURCE_G_REVIEWS,reviews_2023.csv,2023-11-26T23:00:00,BATCH-G-20231111
REV-00080715,SKU-0019663,,Anonymous,5,Will definitely buy again.,2023-04-26,True,POSITIVE,8,SOURCE_G_REVIEWS,reviews_2023.csv,2023-04-26T01:45:45.844607419,BATCH-G-20230426
REV-00080722,SKU-0006167,user_9022271,Alyssa Burgess,1,Arrived damaged and support was unhelpful.,2023-01-25,True,NEGATIVE,7,SOURCE_G_REVIEWS,reviews_2023.csv,2023-01-25T07:33:48.886745463,BATCH-G-20230125
REV-00080726,SKU-0000503,,Anonymous,4,"Exactly as described, very happy.",2023-09-19,True,POSITIVE,7,SOURCE_G_REVIEWS,reviews_2023.csv,2023-09-19T07:41:58.095478841,BATCH-G-20230919
REV-00080745,SKU-0006866,user_13409,Terry Alvarez,4,"Exactly as described, very happy.",2023-06-03,True,POSITIVE,5,SOURCE_G_REVIEWS,reviews_2023.csv,2023-06-03T18:15:12.805095675,BATCH-G-20230603
REV-00080755,SKU-9938164,user_9028529,Jermaine,5,"Exactly as described, very happy.",2023-12-16,True,POSITIVE,1,SOURCE_G_REVIEWS,reviews_2023.csv,2023-12-16T06:57:40.873255691,BATCH-G-20231216
REV-00080756,SKU-0006300,user_9023841,Haley Jones,?,Works fine but delivery was slow.,2023-11-05,False,NEUTRAL,2,SOURCE_G_REVIEWS,reviews_2023.csv,2023-11-05T16:53:47.324094070,BATCH-G-20231105
REV-00080758,SKU-0014513,user_9004188,William Owen,5,"Solid build quality, no complaints.",2023-09-29,False,POSITIVE,1,SOURCE_G_REVIEWS,reviews_2023.csv,2023-09-29T08:42:55.995105941,BATCH-G-20230929
REV-00080765,SKU-0013197,user_39886,Jody,4,"Solid build quality, no complaints.",2023-05-07,True,POSITIVE,1,SOURCE_G_REVIEWS,reviews_2023.csv,2023-05-07T12:14:28.023162085,BATCH-G-20230507
REV-00080775,SKU-0016331,user_21691,Leah Johnson,5,"बहुत अच्छा उत्पाद है, पैसा वसूल!",2023-08-10,True,POSITIVE,1,SOURCE_G_REVIEWS,reviews_2023.csv,2023-08-10T19:10:55.202592184,BATCH-G-20230810
REV-00080776,SKU-0015251,user_9003344,Michael,3,"Matches the description, no issues.",2023-06-30,False,NEUTRAL,0,SOURCE_G_REVIEWS,reviews_2023.csv,2023-06-30T14:17:00.651700528,BATCH-G-20230630
REV-00080780,SKU-0008453,user_45846,Ricky Floyd,2,Arrived damaged and support was unhelpful.,2023-08-05,False,NEGATIVE,6,SOURCE_G_REVIEWS,reviews_2023.csv,2023-08-05T13:50:19.980420841,BATCH-G-20230805
REV-00080786,SKU-0016406,,Anonymous,,<p>Great value for money.</p>,2023-08-10,False,POSITIVE,2,SOURCE_G_REVIEWS,reviews_2023.csv,2023-08-10T14:10:25.262901128,BATCH-G-20230810
REV-00080792,SKU-0018522,,Anonymous,3,"Matches the description, no issues.",2023-06-20,True,NEUTRAL,2,SOURCE_G_REVIEWS,reviews_2023.csv,2023-06-20T16:14:27.539921482,BATCH-G-20230620
REV-00080794,SKU-0005773,user_9033549,David Willis,unknown,"Waste of money, do not buy.",2023-03-04,True,NEGATIVE,7,SOURCE_G_REVIEWS,reviews_2023.csv,2023-03-04T13:49:50.229012210,BATCH-G-20230304
REV-00080800,SKU-0005120,user_8944,Walter,5,Will definitely buy again.,2023-10-15,True,POSITIVE,0,SOURCE_G_REVIEWS,reviews_2023.csv,2023-10-15T21:24:06.674537387,BATCH-G-20231015
REV-00080816,SKU-0000025,user_45804,Jonathan,4,Exceeded my expectations.,2023-01-04,True,POSITIVE,1,SOURCE_G_REVIEWS,reviews_2023.csv,2023-01-04T05:43:51.947648270,BATCH-G-20230104
REV-00080827,SKU-0001733,user_9020874,Shari Pierce,5,"Absolutely love it, works perfectly!",2023-12-27,False,POSITIVE,1,SOURCE_G_REVIEWS,reviews_2023.csv,2023-12-27T03:13:21.938964043,BATCH-G-20231227
REV-00080833,SKU-0001457,user_9005496,Mr. Dominic Li,1,Arrived damaged and support was unhelpful. 😡💯,2023-05-10,False,NEGATIVE,1,SOURCE_G_REVIEWS,reviews_2023.csv,2023-05-11T05:39:49.179908980,BATCH-G-20230510
REV-00080845,SKU-0007698,user_9020776,Ricardo,4,"Absolutely love it, works perfectly! 😢😀",2023-10-23,True,POSITIVE,6,SOURCE_G_REVIEWS,reviews_2023.csv,2023-10-23T21:22:00.096531258,BATCH-G-20231023
REV-00080848,SKU-0019265,user_9000313,Sharon Hodge,4,"Exactly as described, very happy.",2023-10-01,False,POSITIVE,0,SOURCE_G_REVIEWS,reviews_2023.csv,2023-10-02T04:54:44.111184393,BATCH-G-20231001
REV-00080853,SKU-0015980,user_61685,Jonathan Clayton,3,"Matches the description, no issues.",2023-02-26,False,NEUTRAL,0,SOURCE_G_REVIEWS,reviews_2023.csv,2023-02-27T04:57:50.103063737,BATCH-G-20230226
REV-00080860,SKU-9948137,user_4594,Dennis Bowman,3,Decent but overpriced a bit.,2023-02-17,True,NEUTRAL,1,SOURCE_G_REVIEWS,reviews_2023.csv,2023-02-17T04:13:29.095115032,BATCH-G-20230217
REV-00080913,SKU-0004807,user_46299,Lori Brown,1,"Cheaply made, broke immediately.",2023-02-11,True,NEGATIVE,0,SOURCE_G_REVIEWS,reviews_2023.csv,2023-02-12T02:53:01.360337369,BATCH-G-20230211
REV-00080915,SKU-0017704,,Anonymous,5,"Solid build quality, no complaints.",2023-01-07,True,POSITIVE,0,SOURCE_G_REVIEWS,reviews_2023.csv,2023-01-07T09:05:43.377853393,BATCH-G-20230107
REV-00080920,SKU-0011475,user_9029660,Randall Myers,4,"Perfect gift, they loved it!",2023-07-21,True,POSITIVE,3,SOURCE_G_REVIEWS,reviews_2023.csv,2023-07-21T10:20:54.315628810,BATCH-G-20230721
REV-00080921,SKU-0010901,user_9028906,Michelle Pham,3,No cumplió mis expectativas.,2023-07-28,False,NEUTRAL,8,SOURCE_G_REVIEWS,reviews_2023.csv,2023-07-28T22:15:03.070836922,BATCH-G-20230728
REV-00080923,SKU-0015682,user_9012705,Kimberly,5,"Absolutely love it, works perfectly! 👍",2023-11-15,True,POSITIVE,3,SOURCE_G_REVIEWS,reviews_2023.csv,2023-11-15T10:36:27.673454229,BATCH-G-20231115
REV-00080929,SKU-0014560,user_25551,Kyle Walter,3,"It's okay, does the job.",2023-09-19,True,NEUTRAL,2,SOURCE_G_REVIEWS,reviews_2023.csv,2023-09-20T00:24:04.261875860,BATCH-G-20230919
REV-00080947,SKU-0016371,user_9033819,Justin Brown,5,Great value for money.,2023-09-08,False,POSITIVE,8,SOURCE_G_REVIEWS,reviews_2023.csv,2023-09-08T15:13:12.139990761,BATCH-G-20230908
REV-00080961,SKU-0010240,user_9014552,David,4,Fast delivery and great quality.,2023-03-07,True,POSITIVE,3,SOURCE_G_REVIEWS,reviews_2023.csv,2023-03-07T14:25:36.342762716,BATCH-G-20230307
REV-00080989,SKU-0009292,user_62751,Jason Farrell,5,"Solid build quality, no complaints.",2023-07-19,False,POSITIVE,0,SOURCE_G_REVIEWS,reviews_2023.csv,2023-07-19T15:25:16.791961287,BATCH-G-20230719
REV-00081002,SKU-0003535,user_22271,Cameron Mccoy, ,"Solid build quality, no complaints. 👍😀",2023-05-18,False,POSITIVE,0,SOURCE_G_REVIEWS,reviews_2023.csv,2023-05-26T19:00:00,BATCH-G-20230518
REV-00081006,SKU-9915379,user_58390,Miss Melanie Hughes,3,Decent but overpriced a bit.,2023-06-15,True,NEUTRAL,2,SOURCE_G_REVIEWS,reviews_2023.csv,2023-06-15T09:38:07.467296446,BATCH-G-20230615
REV-00081016,SKU-0007932,user_18600,Lauren Wilcox,5,Exceeded my expectations.,2023-05-11,True,POSITIVE,3,SOURCE_G_REVIEWS,reviews_2023.csv,2023-05-11T19:32:17.492597309,BATCH-G-20230511
REV-00081050,SKU-0013024,user_22206,Billy Brown,5,"   Muy  buen  producto,  lo  recomiendo.   ",2023-08-09,False,POSITIVE,4,SOURCE_G_REVIEWS,reviews_2023.csv,2023-08-10T03:19:49.808328276,BATCH-G-20230809
REV-00081065,SKU-0012072,user_9006771,Laura Garcia,5,"Absolutely love it, works perfectly!",2023-08-15,False,POSITIVE,3,SOURCE_G_REVIEWS,reviews_2023.csv,2023-08-15T01:57:32.057265241,BATCH-G-20230815
REV-00081092,SKU-9991861,user_9033305,Lori Martin,1,Very disappointed with the quality.,2023-12-07,False,NEGATIVE,1,SOURCE_G_REVIEWS,reviews_2023.csv,2023-12-08T01:12:28.168686916,BATCH-G-20231207
REV-00081105,SKU-9993476,user_9023596,Steven Gomez,2,Stopped working after a week.,2023-09-12,True,NEGATIVE,0,SOURCE_G_REVIEWS,reviews_2023.csv,2023-09-12T21:24:06.689063443,BATCH-G-20230912
REV-00081112,SKU-0008108,user_9015824,David Alexander,4,Better than I expected for the price.,2023-07-06,True,POSITIVE,2,SOURCE_G_REVIEWS,reviews_2023.csv,2023-07-06T06:51:49.544511887,BATCH-G-20230706
REV-00081125,SKU-0010206,,Anonymous,4,"Perfect gift, they loved it!",2023-03-01,True,POSITIVE,0,SOURCE_G_REVIEWS,reviews_2023.csv,2023-03-02T05:46:19.681175810,BATCH-G-20230301
REV-00081130,SKU-0004148,user_9030090,Jeremy,4,"Absolutely love it, works perfectly! 😡",2023-03-14,False,POSITIVE,0,SOURCE_G_REVIEWS,reviews_2023.csv,2023-03-14T05:54:33.128188677,BATCH-G-20230314
REV-00081137,SKU-0004246,user_9015128,Beverly Santos,3,"Not bad, not great either.",2023-08-27,True,NEUTRAL,3,SOURCE_G_REVIEWS,reviews_2023.csv,2023-08-27T05:20:22.232903147,BATCH-G-20230827
REV-00081139,SKU-0010017,,Anonymous,3,Works fine but delivery was slow.,2023-05-25,False,NEUTRAL,1,SOURCE_G_REVIEWS,reviews_2023.csv,2023-05-26T00:19:45.951365244,BATCH-G-20230525
REV-00081143,SKU-0011237,,Anonymous,2,"Exactly as described, very happy. 👍",2023-12-10,True,POSITIVE,0,SOURCE_G_REVIEWS,reviews_2023.csv,2023-12-10T20:41:06.583150838,BATCH-G-20231210
REV-00081145,SKU-0020110,user_67791,Amy Harris,5,"Solid build quality, no complaints.",2023-12-18,False,POSITIVE,0,SOURCE_G_REVIEWS,reviews_2023.csv,2023-12-18T20:02:00.090488070,BATCH-G-20231218
REV-00081156,SKU-0017279,,Anonymous,5,Exceeded my expectations. ⭐,2023-02-21,True,POSITIVE,1,SOURCE_G_REVIEWS,reviews_2023.csv,2023-02-21T08:23:13.700251200,BATCH-G-20230221
REV-00081156-DUP,SKU-0017279,,Anonymous,5,Exceeded my expectations. ⭐,2023-02-21,True,POSITIVE,1,SOURCE_G_REVIEWS,reviews_2023.csv,2023-02-21T09:00:13.700251200,BATCH-G-20230221
REV-00081160,SKU-0015082,user_55343,Denise Allen,1,Very disappointed with the quality.,2023-04-24,True,NEGATIVE,0,SOURCE_G_REVIEWS,reviews_2023.csv,2023-04-25T01:54:16.860446755,BATCH-G-20230424
REV-00081167,SKU-0018917,user_9007994,Ashley Burch,1,"Waste of money, do not buy.",2023-05-15,True,NEGATIVE,5,SOURCE_G_REVIEWS,reviews_2023.csv,2023-05-15T14:29:43.999891614,BATCH-G-20230515
REV-00081182,SKU-0004916,user_425,Erin Harrington,5,"Exactly as described, very happy.",2023-08-05,False,POSITIVE,2,SOURCE_G_REVIEWS,reviews_2023.csv,2023-08-05T12:41:26.642759666,BATCH-G-20230805
REV-00081186,SKU-0018279,user_12804,Brenda Shaw,3,No cumplió mis expectativas.,2023-02-19,True,NEUTRAL,3,SOURCE_G_REVIEWS,reviews_2023.csv,2023-02-19T18:59:19.700288886,BATCH-G-20230219
REV-00081187,SKU-0019865,user_49262,Marco Acosta,5,"Absolutely love it, works perfectly!",2023-01-30,False,POSITIVE,0,SOURCE_G_REVIEWS,reviews_2023.csv,2023-01-30T01:40:30.938122514,BATCH-G-20230130
REV-00081198,SKU-0003048,user_9030178,Erica Holden,5,Exceeded my expectations.,2023-02-10,True,POSITIVE,2,SOURCE_G_REVIEWS,reviews_2023.csv,2023-02-10T05:00:34.863209211,BATCH-G-20230210
REV-00081211,SKU-0004141,user_9031045,Luke Cantrell,5,Better than I expected for the price.,2023-11-12,True,POSITIVE,1,SOURCE_G_REVIEWS,reviews_2023.csv,2023-11-12T18:36:41.415893826,BATCH-G-20231112
REV-00081214,SKU-0002903,user_41233,Debbie Davis,2,"</p>It's okay, does the job.</p>",2023-03-07,True,NEUTRAL,1,SOURCE_G_REVIEWS,reviews_2023.csv,2023-03-07T04:14:06.606958691,BATCH-G-20230307
REV-00081218,SKU-0002472,user_39048,Annette Brown,5,Highly recommend this product.,2023-11-01,False,POSITIVE,3,SOURCE_G_REVIEWS,reviews_2023.csv,2023-11-01T17:52:41.392110237,BATCH-G-20231101
REV-00081222,SKU-9919339,user_1856,Ryan Clark,4,Better than I expected for the price.,2023-12-02,True,POSITIVE,2,SOURCE_G_REVIEWS,reviews_2023.csv,2023-12-02T23:05:37.925822730,BATCH-G-20231202
REV-00081226,SKU-0011150,user_69815,Isaiah Torres,2,"Cheaply made, broke immediately.",2023-08-15,True,NEGATIVE,9,SOURCE_G_REVIEWS,reviews_2023.csv,2023-08-15T15:20:37.707564422,BATCH-G-20230815
REV-00081232,SKU-0006329,user_36685,Denise Morris,1,"Cheaply made, broke immediately.",2023-12-25,True,NEGATIVE,2,SOURCE_G_REVIEWS,reviews_2023.csv,2023-12-25T08:27:29.701434094,BATCH-G-20231225
REV-00081237,SKU-0016477,,Anonymous,5,Exceeded my expectations.,2023-03-11,True,POSITIVE,2,SOURCE_G_REVIEWS,reviews_2023.csv,2023-03-11T01:09:46.952279318,BATCH-G-20230311
REV-00081240,SKU-0015514,user_9025841,Justin Aguirre,2,Not as described at all.,2023-04-04,False,NEGATIVE,3,SOURCE_G_REVIEWS,reviews_2023.csv,2023-04-04T05:19:25.254684857,BATCH-G-20230404
REV-00081247,SKU-9952765,user_9019400,Kristen Johnson,2,Wrong item was shipped to me.,2023-06-02,True,NEGATIVE,0,SOURCE_G_REVIEWS,reviews_2023.csv,2023-06-02T22:49:03.435224202,BATCH-G-20230602
REV-00081254,SKU-0012690,,Anonymous,5,"Perfect gift, they loved it!",2023-12-28,True,POSITIVE,2,SOURCE_G_REVIEWS,reviews_2023.csv,2023-12-28T03:04:02.920358646,BATCH-G-20231228
REV-00081255,SKU-0004783,user_18109,Sherry Dean,4,Excellent rapport qualité-prix.,2023-09-21,False,POSITIVE,2,SOURCE_G_REVIEWS,reviews_2023.csv,2023-09-21T08:43:19.970133195,BATCH-G-20230921
REV-00081260,SKU-0004289,,Anonymous,-,"बहुत अच्छा उत्पाद है, पैसा वसूल!",2023-03-09,False,NEUTRAL,18,SOURCE_G_REVIEWS,reviews_2023.csv,2023-03-09T03:27:17.778139879,BATCH-G-20230309
REV-00081266,SKU-0001256,user_9031199,Christian,4,"It's okay, does the job.",2023-06-12,True,NEUTRAL,1,SOURCE_G_REVIEWS,reviews_2023.csv,2023-06-12T06:35:27.541866900,BATCH-G-20230612
REV-00081275,SKU-0003149,user_9015699,Matthew Clayton,4,Fast delivery and great quality.,2023-10-29,True,POSITIVE,1,SOURCE_G_REVIEWS,reviews_2023.csv,2023-10-30T03:05:16.208592006,BATCH-G-20231029
REV-00081279,SKU-0006040,user_8052,John,2,Wrong item was shipped to me.,2023-05-28,True,NEGATIVE,2,SOURCE_G_REVIEWS,reviews_2023.csv,2023-05-29T04:30:32.390136361,BATCH-G-20230528
REV-00081286,SKU-0011318,user_25413,Christopher,3,"Average quality, nothing special.",2023-07-13,True,NEUTRAL,1,SOURCE_G_REVIEWS,reviews_2023.csv,2023-07-13T16:46:50.245562621,BATCH-G-20230713
REV-00081288,SKU-0007362,user_41338,John Taylor,5,Highly recommend this product.,2023-08-06,True,POSITIVE,7,SOURCE_G_REVIEWS,reviews_2023.csv,2023-08-06T17:53:11.684349939,BATCH-G-20230806
REV-00081298,SKU-0014223,user_9027450,Kirsten Garcia,4,"Perfect gift, they loved it!",2023-05-26,True,POSITIVE,0,SOURCE_G_REVIEWS,reviews_2023.csv,2023-05-26T12:43:46.810685355,BATCH-G-20230526
REV-00081311,SKU-0002995,user_16047,Stephanie Lynch,4,Will definitely buy again.,2023-03-26,True,POSITIVE,1,SOURCE_G_REVIEWS,reviews_2023.csv,2023-03-26T06:58:18.661687738,BATCH-G-20230326
REV-00081316,SKU-0005765,user_30451,Megan Lopez,1,Arrived damaged and support was unhelpful.,2023-09-02,True,NEGATIVE,0,SOURCE_G_REVIEWS,reviews_2023.csv,2023-09-02T13:57:51.839778610,BATCH-G-20230902
REV-00081318,SKU-0012346,user_9009446,Nicole Thompson,1,"बहुत अच्छा उत्पाद है, पैसा वसूल! 😐",2023-01-19,False,NEGATIVE,5,SOURCE_G_REVIEWS,reviews_2023.csv,2023-01-20T00:28:21.750036332,BATCH-G-20230119
REV-00081323,SKU-0019170,user_45189,Michelle,4,Fast delivery and great quality.,2023-05-19,False,POSITIVE,10,SOURCE_G_REVIEWS,reviews_2023.csv,2023-05-19T22:09:31.998643396,BATCH-G-20230519
REV-00081325,SKU-0017160,user_15564,Jeffrey,5,"Exactly as described, very happy.",2023-05-26,True,POSITIVE,1,SOURCE_G_REVIEWS,reviews_2023.csv,2023-05-27T02:21:01.471854597,BATCH-G-20230526
REV-00081330,SKU-0019198,user_46837,Jonathan Boone,4,NA,2023-05-20,True,POSITIVE,4,SOURCE_G_REVIEWS,reviews_2023.csv,2023-05-20T01:33:59.585511415,BATCH-G-20230520
REV-00081332,SKU-0012916,user_9483,David Valencia,5,Fast delivery and great quality. ⭐,2023-07-05,False,POSITIVE,2,SOURCE_G_REVIEWS,reviews_2023.csv,2023-07-05T06:28:57.318263231,BATCH-G-20230705
REV-00081334,SKU-0014120,user_55545,Greg Hays,4,"Perfect gift, they loved it!",2023-04-15,True,POSITIVE,7,SOURCE_G_REVIEWS,reviews_2023.csv,2023-04-16T03:59:26.525879552,BATCH-G-20230415
REV-00081341,SKU-0012039,user_50480,Abigail Barrett,4,Highly recommend this product.,2023-12-08,True,POSITIVE,1,SOURCE_G_REVIEWS,reviews_2023.csv,2023-12-08T11:39:02.057623314,BATCH-G-20231208
REV-00081350,SKU-0008472,user_9025011,Mariah,?,"Solid build quality, no complaints.",2023-11-04,True,POSITIVE,5,SOURCE_G_REVIEWS,reviews_2023.csv,2023-11-04T15:13:02.907372547,BATCH-G-20231104
REV-00081354,SKU-0015939,user_31800,Gregory,4,Highly recommend this product.,2023-11-13,True,POSITIVE,1,SOURCE_G_REVIEWS,reviews_2023.csv,2023-11-13T20:49:37.087819341,BATCH-G-20231113
REV-00081363,SKU-0015207,,Anonymous,4,Better than I expected for the price.,2023-01-15,False,POSITIVE,0,SOURCE_G_REVIEWS,reviews_2023.csv,2023-01-16T02:32:49.982031566,BATCH-G-20230115
REV-00081366,SKU-0014135,,Anonymous,1,<b>Update:</b>Arrived damaged and support was unhelpful.<b>Update:</b>,2023-06-26,True,NEGATIVE,2,SOURCE_G_REVIEWS,reviews_2023.csv,2023-06-26T16:38:47.407394558,BATCH-G-20230626
REV-00081367,SKU-0002025,user_9023594,Regina,4,Better than I expected for the price.,2023-05-15,True,POSITIVE,7,SOURCE_G_REVIEWS,reviews_2023.csv,2023-05-16T02:56:21.276852460,BATCH-G-20230515
REV-00081383,SKU-0011232,user_45659,Billy Brown,4,Great value for money.,2023-12-03,True,POSITIVE,9,SOURCE_G_REVIEWS,reviews_2023.csv,2023-12-03T14:32:37.784567346,BATCH-G-20231203
REV-00081395,SKU-0002966,user_35699,Heather,5,"Solid build quality, no complaints.",2023-03-05,False,POSITIVE,21,SOURCE_G_REVIEWS,reviews_2023.csv,2023-03-05T17:04:06.498415683,BATCH-G-20230305
REV-00081396,SKU-0013669,,Anonymous,5,Exceeded my expectations.,2023-07-31,True,POSITIVE,2,SOURCE_G_REVIEWS,reviews_2023.csv,2023-08-01T02:12:07.852937622,BATCH-G-20230731
REV-00081404,SKU-0000683,user_48171,Hector Mills,4,Highly recommend this product.,2023-11-10,False,POSITIVE,0,SOURCE_G_REVIEWS,reviews_2023.csv,2023-11-11T05:06:30.943213156,BATCH-G-20231110
REV-00081410,SKU-0004292,,Anonymous,4,"Solid build quality, no complaints.",2023-05-24,True,POSITIVE,1,SOURCE_G_REVIEWS,reviews_2023.csv,2023-05-24T23:23:49.806468958,BATCH-G-20230524
REV-00081429,SKU-0017778,user_55126,Dr. Brenda Townsend,3,"Average quality, nothing special.",2023-08-02,True,NEUTRAL,0,SOURCE_G_REVIEWS,reviews_2023.csv,2023-08-03T04:44:11.074495916,BATCH-G-20230802
REV-00081431,SKU-0007922,user_9023618,Heather Powell,4,Better than I expected for the price.,2023-04-28,True,POSITIVE,5,SOURCE_G_REVIEWS,reviews_2023.csv,2023-04-28T18:55:06.298041760,BATCH-G-20230428
REV-00081436,SKU-0011911,,Anonymous,5,Better than I expected for the price.,2023-07-03,True,POSITIVE,8,SOURCE_G_REVIEWS,reviews_2023.csv,2023-07-03T15:24:36.768350455,BATCH-G-20230703
REV-00081442,SKU-0013359,user_15443,Melissa Hall,1,"Poor packaging, item was defective.",2023-06-27,True,NEGATIVE,3,SOURCE_G_REVIEWS,reviews_2023.csv,2023-06-28T05:48:30.587771811,BATCH-G-20230627
REV-00081445,SKU-0002935,,Anonymous,3,Works fine but delivery was slow.,2023-12-06,False,NEUTRAL,1,SOURCE_G_REVIEWS,reviews_2023.csv,2023-12-07T04:38:56.775497455,BATCH-G-20231206
REV-00081447,SKU-0008097,,Anonymous,2,Arrived damaged and support was unhelpful.,2023-01-22,False,NEGATIVE,6,SOURCE_G_REVIEWS,reviews_2023.csv,2023-01-22T03:44:48.744357213,BATCH-G-20230122
REV-00081450,SKU-0002441,user_10608,Melody Morris,5,Will definitely buy again.,2023-02-21,True,POSITIVE,2,SOURCE_G_REVIEWS,reviews_2023.csv,2023-02-21T15:06:54.872490139,BATCH-G-20230221
REV-00081473,SKU-0003538,user_9001603,Jackson Miller,4,Great value for money.,2023-10-30,False,POSITIVE,2,SOURCE_G_REVIEWS,reviews_2023.csv,2023-10-30T04:56:57.206403184,BATCH-G-20231030
REV-00081477,SKU-0019894,user_9023392,Julie Wood,5,Great value for money.,2023-12-08,False,POSITIVE,2,SOURCE_G_REVIEWS,reviews_2023.csv,2023-12-08T18:55:44.021948833,BATCH-G-20231208
REV-00081508,SKU-0017626,user_9015133,Dustin Morris,3,Decent but overpriced a bit.,2023-01-21,True,NEUTRAL,0,SOURCE_G_REVIEWS,reviews_2023.csv,2023-01-21T18:38:36.570829405,BATCH-G-20230121
REV-00081509,SKU-9977004,user_14179,Scott,4,"Perfect gift, they loved it!",2023-11-24,False,POSITIVE,1,SOURCE_G_REVIEWS,reviews_2023.csv,2023-11-24T02:43:28.744827813,BATCH-G-20231124
REV-00081513,SKU-0015446,user_9029719,Gary Stevens III,4,No cumplió mis expectativas. Exceeded my expectations.,2023-12-08,False,POSITIVE,0,SOURCE_G_REVIEWS,reviews_2023.csv,2023-12-08T00:47:28.316901544,BATCH-G-20231208
REV-00081514,SKU-0019399,user_9003211,Adrian,5,"Solid build quality, no complaints.",2023-08-04,False,POSITIVE,3,SOURCE_G_REVIEWS,reviews_2023.csv,2023-08-05T00:00:26.119638962,BATCH-G-20230804
REV-00081517,SKU-0004537,user_9013661,Gregory Olson,4,Highly recommend this product.,2023-02-11,True,POSITIVE,5,SOURCE_G_REVIEWS,reviews_2023.csv,2023-02-11T03:42:07.213602135,BATCH-G-20230211
REV-00081523,SKU-9944868,user_41835,Brian,5,"Exactly as described, very happy.",2023-11-10,False,POSITIVE,2,SOURCE_G_REVIEWS,reviews_2023.csv,2023-11-10T02:58:53.015674967,BATCH-G-20231110
REV-00081526,SKU-0002517,user_9005718,Timothy,5,"Perfect gift, they loved it!",2023-08-11,True,POSITIVE,0,SOURCE_G_REVIEWS,reviews_2023.csv,2023-08-12T03:22:09.384611882,BATCH-G-20230811
REV-00081533,SKU-0011890,user_20896,Kimberly,5,Will definitely buy again.,2023-09-13,True,POSITIVE,1,SOURCE_G_REVIEWS,reviews_2023.csv,2023-09-13T15:32:55.039580154,BATCH-G-20230913
REV-00081538,SKU-0008584,user_9005930,Collin,5,"Livraison très lente, déçu.",2023-10-14,True,POSITIVE,5,SOURCE_G_REVIEWS,reviews_2023.csv,2023-10-14T01:01:37.333065004,BATCH-G-20231014
REV-00081539,SKU-0010336,user_28699,Eric Bennett,4,"Exactly as described, very happy.",2023-08-23,True,POSITIVE,3,SOURCE_G_REVIEWS,reviews_2023.csv,2023-08-26T04:00:00,BATCH-G-20230823
REV-00081541,SKU-0005515,user_64412,Brenda,5,"Perfect gift, they loved it!",2023-06-14,True,POSITIVE,4,SOURCE_G_REVIEWS,reviews_2023.csv,2023-06-15T01:47:10.779217610,BATCH-G-20230614
REV-00081562,SKU-0002085,user_63218,Joshua Farrell,3,Decent but overpriced a bit.,2023-12-18,False,NEUTRAL,2,SOURCE_G_REVIEWS,reviews_2023.csv,2023-12-18T10:45:22.127096658,BATCH-G-20231218
REV-00081595,SKU-0007144,user_28571,Andrew Carney,4,"Exactly as described, very happy.",2023-08-14,True,POSITIVE,2,SOURCE_G_REVIEWS,reviews_2023.csv,2023-08-14T08:28:13.662895318,BATCH-G-20230814
REV-00081596,SKU-0000509,user_41453,Cynthia Valencia,5,Fast delivery and great quality.,2023-06-19,True,POSITIVE,-9,SOURCE_G_REVIEWS,reviews_2023.csv,2023-06-19T18:31:37.563002467,BATCH-G-20230619
REV-00081604,SKU-0000172,user_59582,Christopher Pierce,5,"Absolutely love it, works perfectly!",2023-06-03,True,POSITIVE,5,SOURCE_G_REVIEWS,reviews_2023.csv,2023-06-03T12:00:46.849152046,BATCH-G-20230603
REV-00081605,SKU-0016722,user_4453,Robert,5,<i>edited</i>Fast delivery and great quality.<br>,2023-04-17,True,POSITIVE,3,SOURCE_G_REVIEWS,reviews_2023.csv,2023-04-17T11:11:34.559312191,BATCH-G-20230417
REV-00081607,SKU-9948137,user_53683,Carmen Lawson,5,Better than I expected for the price.,2023-03-22,True,POSITIVE,7,SOURCE_G_REVIEWS,reviews_2023.csv,2023-03-22T13:46:34.854417944,BATCH-G-20230322
REV-00081607-DUP,SKU-9948137,user_53683,Carmen Lawson,5,Better than I expected for the price.,2023-03-22,True,POSITIVE,7,SOURCE_G_REVIEWS,reviews_2023.csv,2023-03-22T14:32:34.854417944,BATCH-G-20230322
REV-00081613,SKU-0019784,user_9013133,Mary Obrien,4,"Solid build quality, no complaints.",2023-11-07,True,POSITIVE,2,SOURCE_G_REVIEWS,reviews_2023.csv,2023-11-07T12:04:55.687463278,BATCH-G-20231107
REV-00081624,SKU-0008797,user_56031,Laura,1,"Waste of money, do not buy.",2023-10-06,True,NEGATIVE,3,SOURCE_G_REVIEWS,reviews_2023.csv,2023-10-06T10:28:08.231141734,BATCH-G-20231006
REV-00081629,SKU-0001539,user_40652,Cheryl Booth,4,Exceeded my expectations.,2023-11-24,True,POSITIVE,0,SOURCE_G_REVIEWS,reviews_2023.csv,2023-11-24T09:30:32.935736221,BATCH-G-20231124
REV-00081635,SKU-0007317,user_9019041,Tracy,3,"Matches the description, no issues.",2023-11-25,False,NEUTRAL,0,SOURCE_G_REVIEWS,reviews_2023.csv,2023-11-25T01:32:33.861867335,BATCH-G-20231125
REV-00081641,SKU-0014322,user_52172,Michael,4,"Absolutely love it, works perfectly!",2023-05-14,False,POSITIVE,5,SOURCE_G_REVIEWS,reviews_2023.csv,2023-05-15T04:35:18.609880672,BATCH-G-20230514
REV-00081671,SKU-0012000,,Anonymous,2,Wrong item was shipped to me.,2023-03-01,True,NEGATIVE,3,SOURCE_G_REVIEWS,reviews_2023.csv,2023-03-01T21:26:20.119433461,BATCH-G-20230301
REV-00081673,SKU-0011630,,Anonymous,,Exceeded my expectations.,2023-07-08,False,POSITIVE,1,SOURCE_G_REVIEWS,reviews_2023.csv,2023-07-08T15:26:32.563720807,BATCH-G-20230708
REV-00081676,SKU-0018097,user_39664,Terry Williams,4,"Average quality, nothing special.",2023-01-31,True,NEUTRAL,0,SOURCE_G_REVIEWS,reviews_2023.csv,2023-01-31T02:02:36.560959478,BATCH-G-20230131
REV-00081683,SKU-0008795,user_9029924,Tim Reid,5,   Exceeded  my  expectations.   ,2023-08-27,True,POSITIVE,0,SOURCE_G_REVIEWS,reviews_2023.csv,2023-08-27T09:55:10.368476201,BATCH-G-20230827
REV-00081685,SKU-0014648,user_36003,Jesse, ,Better than I expected for the price.,2023-11-08,False,POSITIVE,0,SOURCE_G_REVIEWS,reviews_2023.csv,2023-11-08T20:19:19.127105312,BATCH-G-20231108
REV-00081686,SKU-0012658,user_24731,Alyssa,2,Wrong item was shipped to me. 😡,2023-05-05,False,NEGATIVE,1,SOURCE_G_REVIEWS,reviews_2023.csv,2023-05-05T14:22:35.955051733,BATCH-G-20230505
REV-00081692,SKU-0007920,user_23775,Taylor Meza,5,No cumplió mis expectativas.,2023-07-03,False,POSITIVE,2,SOURCE_G_REVIEWS,reviews_2023.csv,2023-07-03T22:40:00.240576205,BATCH-G-20230703
REV-00081732,SKU-0012752,user_53499,Peter Flores,5,<b>Update:</b>Great value for money.</p>,2023-05-31,True,POSITIVE,1,SOURCE_G_REVIEWS,reviews_2023.csv,2023-06-01T05:05:56.665432895,BATCH-G-20230531
REV-00081734,SKU-0018919,user_35900,Gary Waters,3,Excellent rapport qualité-prix.,2023-07-06,True,NEUTRAL,4,SOURCE_G_REVIEWS,reviews_2023.csv,2023-07-07T02:35:29.788762420,BATCH-G-20230706
REV-00081737,SKU-0016119,user_9033213,Mathew Clark,null,"It's okay, does the job.",2023-05-20,False,NEUTRAL,2,SOURCE_G_REVIEWS,reviews_2023.csv,2023-05-21T05:31:08.065998086,BATCH-G-20230520
REV-00081747,SKU-0006281,,Anonymous,4,Will definitely buy again.,2023-03-27,False,POSITIVE,0,SOURCE_G_REVIEWS,reviews_2023.csv,2023-03-27T16:54:04.391927576,BATCH-G-20230327
REV-00081754,SKU-9923788,user_9029099,Cheryl Jackson,5,"Solid build quality, no complaints.",2023-03-04,True,POSITIVE,0,SOURCE_G_REVIEWS,reviews_2023.csv,2023-03-04T06:53:55.781267618,BATCH-G-20230304
REV-00081758,SKU-0012195,user_58572,Barbara Hall,4,<i>edited</i>Better than I expected for the price.<br>,2023-06-18,False,POSITIVE,0,SOURCE_G_REVIEWS,reviews_2023.csv,2023-06-18T08:34:10.711729503,BATCH-G-20230618
REV-00081761,SKU-0008090,user_9028401,Yvonne Kane,4,"Absolutely love it, works perfectly!",2023-11-08,False,POSITIVE,1,SOURCE_G_REVIEWS,reviews_2023.csv,2023-11-08T12:03:19.520897680,BATCH-G-20231108
REV-00081768,SKU-0001748,user_35117,Jason Brewer,5,Will definitely buy again.,2023-05-28,False,POSITIVE,1,SOURCE_G_REVIEWS,reviews_2023.csv,2023-05-28T06:06:18.765599470,BATCH-G-20230528
REV-00081770,SKU-0017220,user_9022142,Edwin Prince,NULL,"It's okay, does the job.",2023-12-09,True,NEUTRAL,4,SOURCE_G_REVIEWS,reviews_2023.csv,2023-12-09T13:25:38.166463540,BATCH-G-20231209
REV-00081777,SKU-0013223,user_9000598,Jeremiah Bright,3,Works fine but delivery was slow.,2023-10-21,True,NEUTRAL,0,SOURCE_G_REVIEWS,reviews_2023.csv,2023-10-21T16:53:43.140327537,BATCH-G-20231021
REV-00081781,SKU-0001047,,Anonymous,4,"Perfect gift, they loved it!",2023-09-27,True,POSITIVE,0,SOURCE_G_REVIEWS,reviews_2023.csv,2023-09-27T04:22:49.623078925,BATCH-G-20230927
REV-00081793,SKU-0008466,user_23847,Zachary,3,Decent but overpriced a bit.,2023-12-23,False,NEUTRAL,3,SOURCE_G_REVIEWS,reviews_2023.csv,2023-12-24T02:15:50.273769056,BATCH-G-20231223
REV-00081798,SKU-0018262,,Anonymous,3,"Average quality, nothing special.",2023-05-27,True,NEUTRAL,0,SOURCE_G_REVIEWS,reviews_2023.csv,2023-05-27T20:16:15.938143016,BATCH-G-20230527
REV-00081799,SKU-0004444,user_16276,Antonio Dickson,5,"Absolutely love it, works perfectly!",2023-10-08,False,POSITIVE,0,SOURCE_G_REVIEWS,reviews_2023.csv,2023-10-08T11:19:38.158864972,BATCH-G-20231008
REV-00081800,SKU-0017992,user_69382,Michelle Franco,4,Highly recommend this product.,2023-05-07,True,POSITIVE,0,SOURCE_G_REVIEWS,reviews_2023.csv,2023-05-07T05:06:13.088973833,BATCH-G-20230507
REV-00081801,SKU-0007527,user_9023065,Ryan,null,"Poor packaging, item was defective.",2023-11-29,False,NEGATIVE,4,SOURCE_G_REVIEWS,reviews_2023.csv,2023-11-30T03:09:17.293721060,BATCH-G-20231129
REV-00081808,SKU-0017637,user_9034773,Olivia,4,"बहुत अच्छा उत्पाद है, पैसा वसूल! Better than I expected for the price.",2023-09-15,True,POSITIVE,0,SOURCE_G_REVIEWS,reviews_2023.csv,2023-09-14T05:00:00,BATCH-G-20230915
REV-00081816,SKU-0011748,user_9017057,Brittany,3,"Average quality, nothing special.",2023-01-06,True,NEUTRAL,4,SOURCE_G_REVIEWS,reviews_2023.csv,2023-01-06T21:33:08.865631513,BATCH-G-20230106
REV-00081817,SKU-0015444,user_9014011,Mr. Michael Ray,5,"Absolutely love it, works perfectly!",2023-05-14,True,POSITIVE,7,SOURCE_G_REVIEWS,reviews_2023.csv,2023-05-14T09:43:33.713624892,BATCH-G-20230514
REV-00081827,SKU-0008278,user_9004641,Adam Huff,5,Highly recommend this product.,2023-03-11,False,POSITIVE,9,SOURCE_G_REVIEWS,reviews_2023.csv,2023-03-11T16:36:38.652071084,BATCH-G-20230311
REV-00081838,SKU-0019683,,Anonymous,5,Will definitely buy again.,2023-01-13,True,POSITIVE,1,SOURCE_G_REVIEWS,reviews_2023.csv,2023-01-14T02:48:21.277460629,BATCH-G-20230113
REV-00081843,SKU-0018396,user_46151,Laurie Gillespie,5,"Solid build quality, no complaints.",2023-09-21,False,POSITIVE,0,SOURCE_G_REVIEWS,reviews_2023.csv,2023-09-21T08:24:47.416486497,BATCH-G-20230921
REV-00081853,SKU-0003187,user_9010055,Peter Smith,4,"Livraison très lente, déçu.",2023-05-18,False,POSITIVE,0,SOURCE_G_REVIEWS,reviews_2023.csv,2023-05-19T00:31:14.527136651,BATCH-G-20230518
REV-00081859,SKU-0003598,user_1607,Loretta,2,"Waste of money, do not buy.",2023-06-09,True,NEGATIVE,1,SOURCE_G_REVIEWS,reviews_2023.csv,2023-06-09T01:39:46.481453291,BATCH-G-20230609
REV-00081860,SKU-0003354,user_9006715,George Peterson,5,"Matches the description, no issues.",2023-03-05,True,NEUTRAL,4,SOURCE_G_REVIEWS,reviews_2023.csv,2023-03-05T09:08:49.424863493,BATCH-G-20230305
REV-00081861,SKU-0013456,user_9034303,Cristian Lester,5,Will definitely buy again.,2023-01-15,True,POSITIVE,4,SOURCE_G_REVIEWS,reviews_2023.csv,2023-01-15T07:52:16.997672621,BATCH-G-20230115
REV-00081869,SKU-0007466,user_67625,Kimberly Watkins,3,"It's okay, does the job.",2023-11-30,True,NEUTRAL,1,SOURCE_G_REVIEWS,reviews_2023.csv,2023-11-30T09:05:57.617307416,BATCH-G-20231130
REV-00081888,SKU-0013840,user_43369,Taylor Price,4,गुणवत्ता ठीक नहीं थी।,2023-01-03,True,POSITIVE,1,SOURCE_G_REVIEWS,reviews_2023.csv,2023-01-03T14:30:46.839870673,BATCH-G-20230103
REV-00081905,SKU-9911055,,Anonymous,,"Poor packaging, item was defective.",2023-07-30,False,NEGATIVE,0,SOURCE_G_REVIEWS,reviews_2023.csv,2023-07-30T16:06:56.017775665,BATCH-G-20230730
REV-00081913,SKU-0003463,user_9025223,Michele,5,"Absolutely love it, works perfectly!",2023-08-05,True,POSITIVE,0,SOURCE_G_REVIEWS,reviews_2023.csv,2023-08-06T03:39:44.327100108,BATCH-G-20230805
REV-00081925,SKU-0006035,,Anonymous,4,"Perfect gift, they loved it!",2023-08-02,False,POSITIVE,1,SOURCE_G_REVIEWS,reviews_2023.csv,2023-08-02T18:16:39.785146688,BATCH-G-20230802
REV-00081961,SKU-0005104,user_28373,Carol,4,"Solid build quality, no complaints.",2023-08-16,True,POSITIVE,4,SOURCE_G_REVIEWS,reviews_2023.csv,2023-08-17T02:26:48.729270578,BATCH-G-20230816
REV-00081972,SKU-0013758,user_9029713,Vanessa Morris,5,Excellent rapport qualité-prix.,2023-03-24,True,POSITIVE,6,SOURCE_G_REVIEWS,reviews_2023.csv,2023-03-24T01:37:05.867557378,BATCH-G-20230324
REV-00081975,SKU-0012730,user_9027698,John Collins,4,Better than I expected for the price.,2023-10-25,True,POSITIVE,3,SOURCE_G_REVIEWS,reviews_2023.csv,2023-10-31T17:00:00,BATCH-G-20231025
REV-00081980,SKU-0008103,user_9028146,Jose Ryan,4,"Exactly as described, very happy.",2023-02-23,True,POSITIVE,1,SOURCE_G_REVIEWS,reviews_2023.csv,2023-02-23T05:23:26.244543044,BATCH-G-20230223
REV-00081982,SKU-0001633,user_66505,Laura Cervantes,5,Great value for money.,2023-01-03,True,POSITIVE,0,SOURCE_G_REVIEWS,reviews_2023.csv,2023-01-03T19:09:07.231158531,BATCH-G-20230103
REV-00081982-DUP,SKU-0001633,user_66505,Laura Cervantes,5,Great value for money.,2023-01-03,True,POSITIVE,0,SOURCE_G_REVIEWS,reviews_2023.csv,2023-01-03T20:06:07.231158531,BATCH-G-20230103
REV-00081986,SKU-0016242,,Anonymous,2,Stopped working after a week.,2023-09-16,False,NEGATIVE,8,SOURCE_G_REVIEWS,reviews_2023.csv,2023-09-16T20:31:00.777614261,BATCH-G-20230916
REV-00081986-BOT,SKU-0016242,user_9016487,Vincent Riley,2,Stopped working after a week.,2023-09-16,False,NEGATIVE,0,SOURCE_G_REVIEWS,reviews_2023.csv,2023-09-16T20:31:00.777614261,BATCH-G-20230916
REV-00081987,SKU-0007090,user_33797,Cynthia Riley,7,Better than I expected for the price.,2023-04-18,True,POSITIVE,6,SOURCE_G_REVIEWS,reviews_2023.csv,2023-04-18T05:20:22.520171973,BATCH-G-20230418
REV-00082008,SKU-0013834,user_9010252,Michael Cook,5,   Fast  delivery  and  great  quality.   ,2023-11-30,False,POSITIVE,0,SOURCE_G_REVIEWS,reviews_2023.csv,2023-11-30T23:55:30.253827653,BATCH-G-20231130
REV-00082019,SKU-0008176,user_9028673,Randy Gentry,5,"Solid build quality, no complaints.",2023-05-05,False,POSITIVE,0,SOURCE_G_REVIEWS,reviews_2023.csv,2023-05-05T03:39:35.875106759,BATCH-G-20230505
REV-00082022,SKU-0018709,user_37985,Shawn,5,Fast delivery and great quality.,2023-12-31,True,POSITIVE,0,SOURCE_G_REVIEWS,reviews_2023.csv,2023-12-31T23:38:47.185122776,BATCH-G-20231231
REV-00082026,SKU-0002134,user_69284,Eric Johnson,5,"Perfect gift, they loved it!",2023-12-04,True,POSITIVE,0,SOURCE_G_REVIEWS,reviews_2023.csv,2023-12-04T23:52:37.871219529,BATCH-G-20231204
REV-00082037,SKU-0000593,,Anonymous,5,"Absolutely love it, works perfectly!",2023-08-09,True,POSITIVE,1,SOURCE_G_REVIEWS,reviews_2023.csv,2023-08-09T23:42:38.960836226,BATCH-G-20230809
REV-00082038,SKU-0009738,,Anonymous,3,"It's okay, does the job.",2023-12-06,False,NEUTRAL,0,SOURCE_G_REVIEWS,reviews_2023.csv,2023-12-06T22:19:25.693412445,BATCH-G-20231206
REV-00082042,SKU-0006628,user_62109,Thomas Taylor,5,Exceeded my expectations.,2023-06-19,True,POSITIVE,0,SOURCE_G_REVIEWS,reviews_2023.csv,2023-06-19T16:13:26.536285970,BATCH-G-20230619
REV-00082051,SKU-0005290,,Anonymous,5,Excellent rapport qualité-prix.,2023-01-31,True,POSITIVE,17,SOURCE_G_REVIEWS,reviews_2023.csv,2023-02-01T00:31:16.647781788,BATCH-G-20230131
REV-00082052,SKU-0018071,user_45008,Douglas Galloway,3,"Not bad, not great either.",2023-12-29,True,NEUTRAL,0,SOURCE_G_REVIEWS,reviews_2023.csv,2023-12-29T01:41:15.332701045,BATCH-G-20231229
REV-00082065,SKU-0003958,user_9000468,Jesus Zamora,3,"Matches the description, no issues.",2023-11-04,False,NEUTRAL,0,SOURCE_G_REVIEWS,reviews_2023.csv,2023-11-05T00:34:36.075536272,BATCH-G-20231104
REV-00082067,SKU-0002655,user_37811,Matthew Sanders,5,Will definitely buy again.,2023-07-06,False,POSITIVE,1,SOURCE_G_REVIEWS,reviews_2023.csv,2023-07-06T02:36:39.231495224,BATCH-G-20230706
REV-00082068,SKU-0006077,user_35251,David Sawyer,5,Will definitely buy again.,2023-08-16,False,POSITIVE,-1,SOURCE_G_REVIEWS,reviews_2023.csv,2023-08-16T22:07:42.942526849,BATCH-G-20230816
REV-00082068-BOT,SKU-0006077,user_9010558,Richard,5,Will definitely buy again.,2023-08-16,False,POSITIVE,0,SOURCE_G_REVIEWS,reviews_2023.csv,2023-08-16T22:07:42.942526849,BATCH-G-20230816
REV-00082080,SKU-0016251,,Anonymous,5,"बहुत अच्छा उत्पाद है, पैसा वसूल!",2023-01-24,True,POSITIVE,10,SOURCE_G_REVIEWS,reviews_2023.csv,2023-01-24T15:08:34.514850835,BATCH-G-20230124
REV-00082081,SKU-0013970,user_7218,David Rose,5,Better than I expected for the price.,2023-07-07,True,POSITIVE,1,SOURCE_G_REVIEWS,reviews_2023.csv,2023-07-07T17:37:26.868556875,BATCH-G-20230707
REV-00082090,SKU-0001800,,Anonymous,3,"Matches the description, no issues.",2023-05-10,False,NEUTRAL,0,SOURCE_G_REVIEWS,reviews_2023.csv,2023-05-10T10:16:49.010520568,BATCH-G-20230510
REV-00082090-DUP,SKU-0001800,,Anonymous,3,"Matches the description, no issues.",2023-05-10,False,NEUTRAL,0,SOURCE_G_REVIEWS,reviews_2023.csv,2023-05-10T10:18:49.010520568,BATCH-G-20230510
REV-00082093,SKU-0001320,user_9025556,Mackenzie Ford,4,"Exactly as described, very happy.",2023-05-19,True,POSITIVE,0,SOURCE_G_REVIEWS,reviews_2023.csv,2023-05-20T05:16:22.196793972,BATCH-G-20230519
REV-00082112,SKU-0002740,user_40374,Susan Camacho,5,"Absolutely love it, works perfectly!",2023-12-02,True,POSITIVE,5,SOURCE_G_REVIEWS,reviews_2023.csv,2023-12-02T02:39:31.156413173,BATCH-G-20231202
REV-00082143,SKU-0014801,user_23509,Brian,4,Very disappointed with the quality.,2023-12-20,False,NEGATIVE,9,SOURCE_G_REVIEWS,reviews_2023.csv,2023-12-20T21:03:48.729483935,BATCH-G-20231220
REV-00082166,SKU-0003154,user_37692,Matthew,5,Better than I expected for the price.,2023-10-07,True,POSITIVE,0,SOURCE_G_REVIEWS,reviews_2023.csv,2023-10-07T23:07:53.454483499,BATCH-G-20231007
REV-00082170,SKU-0011066,user_9034164,Billy Shaw,5,"Solid build quality, no complaints.",2023-07-23,True,POSITIVE,2,SOURCE_G_REVIEWS,reviews_2023.csv,2023-07-23T20:09:24.175685397,BATCH-G-20230723
REV-00082186,SKU-0002774,user_21806,Stephanie Phelps,1,"&nbsp;Poor packaging, item was defective.<b>Update:</b>",2023-01-11,True,NEGATIVE,6,SOURCE_G_REVIEWS,reviews_2023.csv,2023-01-11T06:57:53.888805001,BATCH-G-20230111
REV-00082193,SKU-0015083,user_9023745,Joseph Rogers,2,   Not  as  described  at  all.  ⭐   ,2023-08-17,True,NEGATIVE,0,SOURCE_G_REVIEWS,reviews_2023.csv,2023-08-18T01:44:49.597864170,BATCH-G-20230817
REV-00082200,SKU-0010319,user_9014496,Carol,5,Better than I expected for the price.,2023-10-01,True,POSITIVE,4,SOURCE_G_REVIEWS,reviews_2023.csv,2023-10-01T16:05:04.713754165,BATCH-G-20231001
REV-00082206,SKU-0009427,user_58688,Sarah,4,Great value for money.,2023-05-22,False,POSITIVE,1,SOURCE_G_REVIEWS,reviews_2023.csv,2023-05-22T19:07:57.897188516,BATCH-G-20230522
REV-00082208,SKU-0000680,user_9025525,Jacob King,5,Highly recommend this product.,2023-11-24,False,POSITIVE,0,SOURCE_G_REVIEWS,reviews_2023.csv,2023-11-25T01:31:06.512227419,BATCH-G-20231124
REV-00082214,SKU-0006612,user_13980,Jessica Powell,5,"बहुत अच्छा उत्पाद है, पैसा वसूल!",2023-08-03,True,POSITIVE,2,SOURCE_G_REVIEWS,reviews_2023.csv,2023-08-03T20:39:59.810551136,BATCH-G-20230803
REV-00082216,SKU-0019689,user_4172,Teresa Holt,4,Highly recommend this product.,2023-01-29,True,POSITIVE,15,SOURCE_G_REVIEWS,reviews_2023.csv,2023-01-29T16:08:32.647403044,BATCH-G-20230129
REV-00082227,SKU-0009668,,Anonymous,4,Great value for money.,2023-02-26,False,POSITIVE,0,SOURCE_G_REVIEWS,reviews_2023.csv,2023-02-26T14:12:34.059001538,BATCH-G-20230226
REV-00082234,SKU-0011948,user_9028887,Christina Black,1,Very disappointed with the quality.,2023-12-09,True,NEGATIVE,1,SOURCE_G_REVIEWS,reviews_2023.csv,2023-12-10T04:21:23.110260909,BATCH-G-20231209
REV-00082234-DUP,SKU-0011948,user_9028887,Christina Black,1,Very disappointed with the quality.,2023-12-09,True,NEGATIVE,1,SOURCE_G_REVIEWS,reviews_2023.csv,2023-12-10T04:49:23.110260909,BATCH-G-20231209
REV-00082240,SKU-0018169,user_54246,James Stewart,4,Better than I expected for the price.,2023-12-20,True,POSITIVE,2,SOURCE_G_REVIEWS,reviews_2023.csv,2023-12-21T05:37:13.039453847,BATCH-G-20231220
REV-00082243,SKU-0017937,user_9033358,Tony Mullins,5,Great value for money.,2023-11-19,True,POSITIVE,0,SOURCE_G_REVIEWS,reviews_2023.csv,2023-11-18T13:00:00,BATCH-G-20231119
REV-00082244,SKU-0013348,user_9033094,Tiffany Sanchez,5,"Perfect gift, they loved it!",2023-05-28,True,POSITIVE,7,SOURCE_G_REVIEWS,reviews_2023.csv,2023-05-28T17:15:46.300847191,BATCH-G-20230528
REV-00082245,SKU-0016796,,Anonymous,5,"Exactly as described, very happy.",2023-03-19,True,POSITIVE,3,SOURCE_G_REVIEWS,reviews_2023.csv,2023-03-19T18:11:02.591138009,BATCH-G-20230319
REV-00082250,SKU-0005444,,Anonymous,3,"Average quality, nothing special.",2023-06-21,False,NEUTRAL,3,SOURCE_G_REVIEWS,reviews_2023.csv,2023-06-21T00:42:37.203494092,BATCH-G-20230621
REV-00082252,SKU-0017545,user_24383,Jill Rodgers,?,Fast delivery and great quality. 😍,2023-05-02,True,POSITIVE,3,SOURCE_G_REVIEWS,reviews_2023.csv,2023-05-02T08:56:13.497071060,BATCH-G-20230502
REV-00082256,SKU-0013357,user_9023137,Sabrina Martin,4,Fast delivery and great quality.,2023-03-05,False,POSITIVE,0,SOURCE_G_REVIEWS,reviews_2023.csv,2023-03-05T22:39:03.437422282,BATCH-G-20230305
REV-00082264,SKU-0009057,user_44562,Marilyn Allen,5,"Exactly as described, very happy.",2023-09-17,True,POSITIVE,1,SOURCE_G_REVIEWS,reviews_2023.csv,2023-09-17T09:54:14.994396393,BATCH-G-20230917
REV-00082274,SKU-0019324,,Anonymous,5,Will definitely buy again.,2023-12-14,True,POSITIVE,5,SOURCE_G_REVIEWS,reviews_2023.csv,2023-12-14T04:56:21.575204855,BATCH-G-20231214
REV-00082285,SKU-0007095,user_9010166,James,5,"   Absolutely  love  it,  works  perfectly!   ",2023-09-05,True,POSITIVE,1,SOURCE_G_REVIEWS,reviews_2023.csv,2023-09-05T15:53:38.597548748,BATCH-G-20230905
REV-00082295,SKU-0002436,,Anonymous,4,"Exactly as described, very happy.",2023-08-20,False,POSITIVE,1,SOURCE_G_REVIEWS,reviews_2023.csv,2023-08-20T07:04:03.594883764,BATCH-G-20230820
REV-00082341,SKU-0001199,user_8675,Joseph Todd,5,Fast delivery and great quality. 👍👍,2023-06-11,False,POSITIVE,0,SOURCE_G_REVIEWS,reviews_2023.csv,2023-06-11T22:27:28.401160430,BATCH-G-20230611
REV-00082352,SKU-0006073,user_17282,Christina Thomas,4,Exceeded my expectations.,2023-05-13,True,POSITIVE,5,SOURCE_G_REVIEWS,reviews_2023.csv,2023-05-14T05:03:43.440963557,BATCH-G-20230513
REV-00082369,SKU-0004888,user_9012374,Kristin Jones,1,Very disappointed with the quality.,2023-12-09,False,NEGATIVE,3,SOURCE_G_REVIEWS,reviews_2023.csv,2023-12-09T19:44:55.901825997,BATCH-G-20231209
REV-00082369-DUP,SKU-0004888,user_9012374,Kristin Jones,1,Very disappointed with the quality.,2023-12-09,False,NEGATIVE,3,SOURCE_G_REVIEWS,reviews_2023.csv,2023-12-09T20:37:55.901825997,BATCH-G-20231209
REV-00082370,SKU-0015336,user_63185,Derek Anthony,5,"Exactly as described, very happy.",2023-12-15,True,POSITIVE,3,SOURCE_G_REVIEWS,reviews_2023.csv,2023-12-15T13:00:36.029009832,BATCH-G-20231215
REV-00082376,SKU-0008253,,Anonymous,5,Highly recommend this product.,2023-10-25,True,POSITIVE,1,SOURCE_G_REVIEWS,reviews_2023.csv,2023-10-26T04:32:47.770633952,BATCH-G-20231025
REV-00082390,SKU-0016289,,Anonymous,4,"Absolutely love it, works perfectly!",2023-09-26,True,POSITIVE,14,SOURCE_G_REVIEWS,reviews_2023.csv,2023-09-26T23:54:41.254962061,BATCH-G-20230926
REV-00082394,SKU-0016409,,Anonymous,2,"Cheaply made, broke immediately.",2023-09-30,True,NEGATIVE,0,SOURCE_G_REVIEWS,reviews_2023.csv,2023-09-30T09:31:47.388937220,BATCH-G-20230930
REV-00082397,SKU-0006518,user_47647,Willie Butler,5,Exceeded my expectations.,2023-03-08,True,POSITIVE,2,SOURCE_G_REVIEWS,reviews_2023.csv,2023-03-09T02:12:33.525151314,BATCH-G-20230308
REV-00082405,SKU-0010940,user_49505,Jesse Humphrey,5,"Exactly as described, very happy.",2023-04-23,False,POSITIVE,3,SOURCE_G_REVIEWS,reviews_2023.csv,2023-04-23T16:54:46.226367994,BATCH-G-20230423
REV-00082418,SKU-0011097,user_64255,Robert Newton,4,Arrived damaged and support was unhelpful.,2023-04-28,False,NEGATIVE,0,SOURCE_G_REVIEWS,reviews_2023.csv,2023-04-28T13:04:28.782932612,BATCH-G-20230428
REV-00082421,SKU-0006858,,Anonymous,5,Exceeded my expectations.,2023-01-09,True,POSITIVE,0,SOURCE_G_REVIEWS,reviews_2023.csv,2023-01-09T20:12:52.437442588,BATCH-G-20230109
REV-00082425,SKU-0009925,user_9024633,Thomas Parker,1,Wrong item was shipped to me.,2023-11-13,False,NEGATIVE,3,SOURCE_G_REVIEWS,reviews_2023.csv,2023-11-13T11:56:39.569732826,BATCH-G-20231113
REV-00082435,SKU-0014871,user_15588,Mr. Gregory Villanueva,5,"Absolutely love it, works perfectly!",2023-05-28,True,POSITIVE,1,SOURCE_G_REVIEWS,reviews_2023.csv,2023-05-29T04:45:47.550315629,BATCH-G-20230528
REV-00082438,SKU-9998807,user_9006428,Gloria Holmes,4,Exceeded my expectations.,2023-04-07,False,POSITIVE,1,SOURCE_G_REVIEWS,reviews_2023.csv,2023-04-07T02:57:15.366532677,BATCH-G-20230407
REV-00082446,SKU-0015018,user_9013942,Melissa Rice,4,"Solid build quality, no complaints.",2023-10-24,False,POSITIVE,1,SOURCE_G_REVIEWS,reviews_2023.csv,2023-10-24T23:26:08.389535512,BATCH-G-20231024
REV-00082452,SKU-0000572,,Anonymous,2,Not as described at all.,2023-03-13,True,NEGATIVE,4,SOURCE_G_REVIEWS,reviews_2023.csv,2023-03-13T16:17:03.130046865,BATCH-G-20230313
REV-00082456,SKU-0012728,user_9022429,Anthony,4,"Livraison très lente, déçu. Exceeded my expectations.",2023-03-20,False,POSITIVE,2,SOURCE_G_REVIEWS,reviews_2023.csv,2023-03-20T01:19:07.225198550,BATCH-G-20230320
REV-00082460,SKU-0019043,,Anonymous,4,"Perfect gift, they loved it!",2023-02-23,True,POSITIVE,6,SOURCE_G_REVIEWS,reviews_2023.csv,2023-02-23T03:08:14.300536096,BATCH-G-20230223
REV-00082465,SKU-0012068,user_21844,Charles Sandoval,5,Great value for money.,2023-12-18,False,POSITIVE,1,SOURCE_G_REVIEWS,reviews_2023.csv,2023-12-18T09:59:13.664326221,BATCH-G-20231218
REV-00082467,SKU-0011229,,Anonymous,4,Fast delivery and great quality. 🔥😀,2023-06-12,True,POSITIVE,0,SOURCE_G_REVIEWS,reviews_2023.csv,2023-06-12T17:23:06.377573635,BATCH-G-20230612
REV-00082467-DUP,SKU-0011229,,Anonymous,4,Fast delivery and great quality. 🔥😀,2023-06-12,True,POSITIVE,0,SOURCE_G_REVIEWS,reviews_2023.csv,2023-06-12T17:54:06.377573635,BATCH-G-20230612
REV-00082470,SKU-9985803,,Anonymous,5,"It's okay, does the job.",2023-09-25,False,NEUTRAL,0,SOURCE_G_REVIEWS,reviews_2023.csv,2023-09-25T10:11:44.676094666,BATCH-G-20230925
REV-00082485,SKU-0006002,,Anonymous,1,"<p>Cheaply made, broke immediately.<br>",2023-12-16,False,NEGATIVE,1,SOURCE_G_REVIEWS,reviews_2023.csv,2023-12-16T22:17:39.904957669,BATCH-G-20231216
REV-00082493,SKU-0008544,user_9027221,Deborah Flores,3,"Matches the description, no issues.",2023-07-27,True,NEUTRAL,9,SOURCE_G_REVIEWS,reviews_2023.csv,2023-07-27T23:36:48.643374877,BATCH-G-20230727
REV-00082495,SKU-0000840,user_54417,Bryan Porter,5,Exceeded my expectations.,2023-08-13,True,POSITIVE,2,SOURCE_G_REVIEWS,reviews_2023.csv,2023-08-13T06:41:36.779786494,BATCH-G-20230813
REV-00082506,SKU-0018193,,Anonymous,4,"Solid build quality, no complaints.",2023-03-22,True,POSITIVE,1,SOURCE_G_REVIEWS,reviews_2023.csv,2023-03-22T21:23:15.937942453,BATCH-G-20230322
REV-00082517,SKU-0003637,user_9034202,Jonathan,5,"Absolutely love it, works perfectly!",2023-03-15,True,POSITIVE,0,SOURCE_G_REVIEWS,reviews_2023.csv,2023-03-15T19:34:44.124297878,BATCH-G-20230315
REV-00082519,SKU-0002382,user_20221,Robert Osborne,5,Better than I expected for the price.,2023-11-23,False,POSITIVE,2,SOURCE_G_REVIEWS,reviews_2023.csv,2023-11-24T00:21:29.013616686,BATCH-G-20231123
REV-00082530,SKU-0010276,,Anonymous,5,"Solid build quality, no complaints.",2023-11-11,False,POSITIVE,7,SOURCE_G_REVIEWS,reviews_2023.csv,2023-11-11T11:18:36.229782497,BATCH-G-20231111
REV-00082540,SKU-0019384,user_13854,Jordan Harrison,5,Great value for money.,2023-01-13,True,POSITIVE,8,SOURCE_G_REVIEWS,reviews_2023.csv,2023-01-13T19:57:39.344098417,BATCH-G-20230113
REV-00082542,SKU-0011478,,Anonymous,4,"Perfect gift, they loved it!",2023-01-30,False,POSITIVE,1,SOURCE_G_REVIEWS,reviews_2023.csv,2023-01-31T00:09:43.885098979,BATCH-G-20230130
REV-00082554,SKU-0003990,user_9005503,Barbara,2,"Poor packaging, item was defective.",2023-04-11,False,NEGATIVE,1,SOURCE_G_REVIEWS,reviews_2023.csv,2023-04-11T19:45:04.926545483,BATCH-G-20230411
REV-00082563,SKU-0006321,user_9003440,Lawrence,5,Great value for money.,2023-11-08,False,POSITIVE,0,SOURCE_G_REVIEWS,reviews_2023.csv,2023-11-08T13:05:14.975031894,BATCH-G-20231108
REV-00082579,SKU-0003037,user_9033448,James Cross,unknown,"Solid build quality, no complaints.",2023-05-01,True,POSITIVE,11,SOURCE_G_REVIEWS,reviews_2023.csv,2023-05-01T10:30:02.180652083,BATCH-G-20230501
REV-00082584,SKU-0017306,user_9031691,Matthew Thompson,5,Better than I expected for the price.,2023-12-15,True,POSITIVE,3,SOURCE_G_REVIEWS,reviews_2023.csv,2023-12-15T12:04:32.572006843,BATCH-G-20231215
REV-00082595,SKU-0011240,user_9011587,Chelsea,4,Excellent rapport qualité-prix.,2023-12-12,True,POSITIVE,1,SOURCE_G_REVIEWS,reviews_2023.csv,2023-12-12T18:04:30.714880029,BATCH-G-20231212
REV-00082597,SKU-0017503,user_9011567,Mary Rodriguez,4,Will definitely buy again.,2023-06-07,True,POSITIVE,2,SOURCE_G_REVIEWS,reviews_2023.csv,2023-06-08T00:11:56.074282183,BATCH-G-20230607
REV-00082612,SKU-0009575,user_9005127,Emily Young,5,Fast delivery and great quality.,2023-01-31,False,POSITIVE,1,SOURCE_G_REVIEWS,reviews_2023.csv,2023-01-31T17:40:28.736011321,BATCH-G-20230131
REV-00082625,SKU-0002362,user_45699,Veronica Rodriguez,4,Better than I expected for the price.,2023-03-27,False,POSITIVE,5,SOURCE_G_REVIEWS,reviews_2023.csv,2023-03-28T03:41:05.402301246,BATCH-G-20230327
REV-00082626,SKU-0019086,user_9015965,Jacob Herrera,5,"Livraison très lente, déçu.",2023-12-09,True,POSITIVE,0,SOURCE_G_REVIEWS,reviews_2023.csv,2023-12-09T13:41:21.699291497,BATCH-G-20231209
REV-00082650,SKU-0016001,,Anonymous,1,"Cheaply made, broke immediately.",2023-02-25,True,NEGATIVE,0,SOURCE_G_REVIEWS,reviews_2023.csv,2023-02-25T17:22:32.682383074,BATCH-G-20230225
REV-00082659,SKU-0013245,user_27722,Robert Cummings,5,"Exactly as described, very happy.",2023-05-27,False,POSITIVE,3,SOURCE_G_REVIEWS,reviews_2023.csv,2023-05-27T16:45:21.309249604,BATCH-G-20230527
REV-00082660,SKU-0006107,user_9027532,Anthony,4,Great value for money.,2023-07-09,False,POSITIVE,0,SOURCE_G_REVIEWS,reviews_2023.csv,2023-07-09T19:11:36.794714732,BATCH-G-20230709
REV-00082667,SKU-0004515,,Anonymous,5,Fast delivery and great quality.,2023-03-03,True,POSITIVE,0,SOURCE_G_REVIEWS,reviews_2023.csv,2023-03-03T01:28:58.711750787,BATCH-G-20230303
REV-00082671,SKU-0014287,user_9033530,Jeremy,5,"Livraison très lente, déçu.",2023-06-26,False,POSITIVE,4,SOURCE_G_REVIEWS,reviews_2023.csv,2023-06-26T00:36:43.180791646,BATCH-G-20230626
REV-00082672,SKU-0019833,,Anonymous,5,Better than I expected for the price.,2023-04-06,True,POSITIVE,1,SOURCE_G_REVIEWS,reviews_2023.csv,2023-04-06T07:56:15.921152406,BATCH-G-20230406
REV-00082673,SKU-0016446,user_25896,Dr. Collin Russo,5,"Absolutely love it, works perfectly!",2023-07-02,False,POSITIVE,1,SOURCE_G_REVIEWS,reviews_2023.csv,2023-07-02T21:46:17.427902037,BATCH-G-20230702
REV-00082677,SKU-0013025,,Anonymous,4,Fast delivery and great quality.,2023-02-21,True,POSITIVE,4,SOURCE_G_REVIEWS,reviews_2023.csv,2023-02-21T23:25:33.384522987,BATCH-G-20230221
REV-00082682,SKU-9965499,user_3123,Ryan,3,"It's okay, does the job.",2023-10-30,True,NEUTRAL,1,SOURCE_G_REVIEWS,reviews_2023.csv,2023-10-30T01:31:40.197962950,BATCH-G-20231030
REV-00082683,SKU-0003551,,Anonymous,5,"Exactly as described, very happy.",2023-10-22,False,POSITIVE,5,SOURCE_G_REVIEWS,reviews_2023.csv,2023-10-22T21:32:33.883705369,BATCH-G-20231022
REV-00082691,SKU-0009213,user_32501,Vanessa Owens,5,Highly recommend this product.,2023-11-01,False,POSITIVE,-6,SOURCE_G_REVIEWS,reviews_2023.csv,2023-11-01T16:17:17.035233930,BATCH-G-20231101
REV-00082724,SKU-0019833,user_32271,Jennifer,5,"Solid build quality, no complaints.",2023-10-17,False,POSITIVE,0,SOURCE_G_REVIEWS,reviews_2023.csv,2023-10-17T15:14:52.522116357,BATCH-G-20231017
REV-00082726,SKU-0000259,user_1532,Stephen Contreras,1,Very disappointed with the quality.,2023-12-25,False,NEGATIVE,0,SOURCE_G_REVIEWS,reviews_2023.csv,2023-12-25T03:03:27.328956264,BATCH-G-20231225
REV-00082728,SKU-0009849,user_9034911,Dennis Valenzuela,4,"Perfect gift, they loved it!",2023-12-13,False,POSITIVE,0,SOURCE_G_REVIEWS,reviews_2023.csv,2023-12-14T02:31:24.244147938,BATCH-G-20231213
REV-00082729,SKU-0011573,user_56276,Steven Lopez,4,   Exceeded  my  expectations.   ,2023-09-04,True,POSITIVE,4,SOURCE_G_REVIEWS,reviews_2023.csv,2023-09-05T01:38:57.730774108,BATCH-G-20230904
REV-00082730,SKU-0004743,user_9027961,Theresa,4,"Exactly as described, very happy.",2023-10-16,False,POSITIVE,3,SOURCE_G_REVIEWS,reviews_2023.csv,2023-10-16T06:09:28.052841991,BATCH-G-20231016
REV-00082750,SKU-0001440,user_9009002,Erica Odonnell,4,"Exactly as described, very happy.",2023-08-06,True,POSITIVE,6,SOURCE_G_REVIEWS,reviews_2023.csv,2023-08-06T07:41:47.764997072,BATCH-G-20230806
REV-00082754,SKU-0007640,user_9026076,Sean,5,Fast delivery and great quality.,2023-10-14,True,POSITIVE,0,SOURCE_G_REVIEWS,reviews_2023.csv,2023-10-15T02:04:08.522154100,BATCH-G-20231014
REV-00082772,SKU-9938010,,Anonymous,4,"   Perfect  gift,  they  loved  it!   ",2023-08-03,True,POSITIVE,2,SOURCE_G_REVIEWS,reviews_2023.csv,2023-08-03T14:20:46.277453122,BATCH-G-20230803
REV-00082775,SKU-0004034,user_66243,Timothy Hart,5,Better than I expected for the price.,2023-12-09,True,POSITIVE,0,SOURCE_G_REVIEWS,reviews_2023.csv,2023-12-09T07:39:36.000301037,BATCH-G-20231209
REV-00082776,SKU-0006630,user_34208,Krista Tate,2,"Cheaply made, broke immediately.",2023-08-27,True,NEGATIVE,1,SOURCE_G_REVIEWS,reviews_2023.csv,2023-08-27T03:14:07.149232996,BATCH-G-20230827
REV-00082777,SKU-0007787,,Anonymous,3,   Decent  but  overpriced  a  bit.   ,2023-12-23,False,NEUTRAL,2,SOURCE_G_REVIEWS,reviews_2023.csv,2023-12-23T16:59:18.321706505,BATCH-G-20231223
REV-00082783,SKU-0012538,,Anonymous,2,"Waste of money, do not buy.",2023-04-09,False,NEGATIVE,5,SOURCE_G_REVIEWS,reviews_2023.csv,2023-04-10T04:25:51.530342465,BATCH-G-20230409
REV-00082794,SKU-0011629,user_9003880,Tammy Cortez,5,"Perfect gift, they loved it!",2023-08-16,True,POSITIVE,10,SOURCE_G_REVIEWS,reviews_2023.csv,2023-08-16T16:05:28.679935477,BATCH-G-20230816
REV-00082804,SKU-0013239,user_9023728,Katherine Miller,4,Stopped working after a week.,2023-09-16,True,NEGATIVE,0,SOURCE_G_REVIEWS,reviews_2023.csv,2023-09-17T03:10:32.794659065,BATCH-G-20230916
REV-00082817,SKU-0011965,user_9004428,Desiree Hopkins,4,"Perfect gift, they loved it!",2023-12-29,True,POSITIVE,1,SOURCE_G_REVIEWS,reviews_2023.csv,2023-12-29T17:07:26.352080528,BATCH-G-20231229
REV-00082821,SKU-0005348,,Anonymous,4,Better than I expected for the price.,2023-03-08,False,POSITIVE,3,SOURCE_G_REVIEWS,reviews_2023.csv,2023-03-08T16:50:53.704205430,BATCH-G-20230308
REV-00082824,SKU-0003307,user_3471,Dennis Meadows,3,Works fine but delivery was slow.,2023-12-18,True,NEUTRAL,1,SOURCE_G_REVIEWS,reviews_2023.csv,2023-12-18T03:27:54.871732170,BATCH-G-20231218
REV-00082843,SKU-9914319,user_5301,Mary,5,Fast delivery and great quality.,2023-02-16,True,POSITIVE,6,SOURCE_G_REVIEWS,reviews_2023.csv,2023-02-16T08:10:38.698570405,BATCH-G-20230216
REV-00082849,SKU-0009169,,Anonymous,5,"   Perfect  gift,  they  loved  it!   ",2023-03-11,False,POSITIVE,12,SOURCE_G_REVIEWS,reviews_2023.csv,2023-03-11T16:40:57.644320209,BATCH-G-20230311
REV-00082850,SKU-0014001,user_7968,Brian,5,Will definitely buy again.,2023-12-31,True,POSITIVE,21,SOURCE_G_REVIEWS,reviews_2023.csv,2023-12-31T02:38:35.628759019,BATCH-G-20231231
REV-00082858,SKU-0006056,user_66214,Stephanie Butler,4,Exceeded my expectations.,2023-01-16,False,POSITIVE,5,SOURCE_G_REVIEWS,reviews_2023.csv,2023-01-16T00:44:05.737851302,BATCH-G-20230116
REV-00082882,SKU-0017094,user_9014758,Spencer Green,4,"Perfect gift, they loved it!",2023-12-08,False,POSITIVE,0,SOURCE_G_REVIEWS,reviews_2023.csv,2023-12-08T16:39:08.104812810,BATCH-G-20231208
REV-00082883,SKU-0015591,user_43817,Jeremy,4,"Absolutely love it, works perfectly!",2023-11-26,False,POSITIVE,5,SOURCE_G_REVIEWS,reviews_2023.csv,2023-11-27T02:18:46.235373704,BATCH-G-20231126
REV-00082887,SKU-0010422,user_9027245,Kenneth Duncan,5,Exceeded my expectations.,2023-02-28,True,POSITIVE,4,SOURCE_G_REVIEWS,reviews_2023.csv,2023-02-28T07:40:39.288150103,BATCH-G-20230228
REV-00082892,SKU-9907959,user_32392,Brandy,5,"Perfect gift, they loved it!",2023-09-13,False,POSITIVE,0,SOURCE_G_REVIEWS,reviews_2023.csv,2023-09-13T07:58:06.167512294,BATCH-G-20230913
REV-00082894,SKU-0012894,user_22664,Ann Sharp,5,Highly recommend this product.,2023-02-18,True,POSITIVE,0,SOURCE_G_REVIEWS,reviews_2023.csv,2023-02-19T02:08:24.952544315,BATCH-G-20230218
REV-00082898,SKU-0004214,user_34875,Dr. James Church,5,Will definitely buy again.,2023-10-09,True,POSITIVE,3,SOURCE_G_REVIEWS,reviews_2023.csv,2023-10-09T02:08:15.215012671,BATCH-G-20231009
REV-00082899,SKU-0009070,user_9021064,Jason Scott,4,"Absolutely love it, works perfectly!",2023-05-06,False,POSITIVE,1,SOURCE_G_REVIEWS,reviews_2023.csv,2023-05-06T08:59:03.444568264,BATCH-G-20230506
REV-00082902,SKU-9944484,user_9001056,Jamie Gutierrez,3,गुणवत्ता ठीक नहीं थी।,2023-07-27,False,NEUTRAL,0,SOURCE_G_REVIEWS,reviews_2023.csv,2023-07-27T17:56:06.218498933,BATCH-G-20230727
REV-00082909,SKU-0018081,user_9004453,Melissa Holmes,5,"No cumplió mis expectativas. Solid build quality, no complaints.",2023-12-23,True,POSITIVE,2,SOURCE_G_REVIEWS,reviews_2023.csv,2023-12-23T11:39:41.341275288,BATCH-G-20231223
REV-00082914,SKU-0011314,user_9030056,Christopher,5,Highly recommend this product. 😍,2023-02-03,True,POSITIVE,0,SOURCE_G_REVIEWS,reviews_2023.csv,2023-02-03T22:17:45.806947915,BATCH-G-20230203
REV-00082919,SKU-0015542,user_9012643,Greg Mack,5,Highly recommend this product. ⭐,2023-11-03,False,POSITIVE,3,SOURCE_G_REVIEWS,reviews_2023.csv,2023-11-03T19:55:47.247804687,BATCH-G-20231103
REV-00082930,SKU-0002904,user_14605,Wesley Parker,5,Better than I expected for the price.,2023-11-25,False,POSITIVE,1,SOURCE_G_REVIEWS,reviews_2023.csv,2023-11-25T13:55:12.693978068,BATCH-G-20231125
REV-00082941,SKU-0009785,user_37266,Marissa Campbell,5,"Solid build quality, no complaints.",2023-05-05,False,POSITIVE,3,SOURCE_G_REVIEWS,reviews_2023.csv,2023-05-05T11:00:58.788680396,BATCH-G-20230505
REV-00082942,SKU-0005735,,Anonymous,5,Highly recommend this product.,2023-05-20,True,POSITIVE,9,SOURCE_G_REVIEWS,reviews_2023.csv,2023-05-21T02:17:05.450357086,BATCH-G-20230520
REV-00082944,SKU-0014741,user_1203,Benjamin Hill,5,"Perfect gift, they loved it!",2023-09-12,True,POSITIVE,2,SOURCE_G_REVIEWS,reviews_2023.csv,2023-09-12T18:35:45.393077212,BATCH-G-20230912
REV-00082964,SKU-0012548,user_9029272,Keith Huffman,5,Will definitely buy again.,2023-05-03,False,POSITIVE,0,SOURCE_G_REVIEWS,reviews_2023.csv,2023-05-03T10:11:04.451303769,BATCH-G-20230503
REV-00082966,SKU-0003146,user_9033222,David Church,4,Will definitely buy again.,2023-09-27,True,POSITIVE,2,SOURCE_G_REVIEWS,reviews_2023.csv,2023-09-27T04:26:31.140432612,BATCH-G-20230927
REV-00082968,SKU-0014629,user_63858,Nathan Calderon,3,Works fine but delivery was slow.,2023-02-21,True,NEUTRAL,1,SOURCE_G_REVIEWS,reviews_2023.csv,2023-02-22T04:53:57.435500388,BATCH-G-20230221
REV-00082998,SKU-0017932,user_9015616,James Barnes,5,Highly recommend this product.,2023-04-13,False,POSITIVE,0,SOURCE_G_REVIEWS,reviews_2023.csv,2023-04-13T04:58:35.830824869,BATCH-G-20230413
REV-00083017,SKU-0011941,user_9033356,Darlene Adams,1,Very disappointed with the quality. 💯😢,2023-08-10,False,NEGATIVE,2,SOURCE_G_REVIEWS,reviews_2023.csv,2023-08-10T14:39:03.795873331,BATCH-G-20230810
REV-00083021,SKU-0005592,user_9000882,Karen Stone,5,Fast delivery and great quality. 😢,2023-03-05,False,POSITIVE,2,SOURCE_G_REVIEWS,reviews_2023.csv,2023-03-05T13:36:38.181706731,BATCH-G-20230305
REV-00083022,SKU-0005280,user_9029059,Stephen Barker MD,3,Works fine but delivery was slow.,2023-06-10,False,NEUTRAL,-7,SOURCE_G_REVIEWS,reviews_2023.csv,2023-06-10T20:57:50.449764963,BATCH-G-20230610
REV-00083024,SKU-0015758,user_9018483,Lisa Smith,1,   Wrong  item  was  shipped  to  me.   ,2023-04-18,False,NEGATIVE,0,SOURCE_G_REVIEWS,reviews_2023.csv,2023-04-18T18:27:42.340105843,BATCH-G-20230418
REV-00083031,SKU-0006537,,Anonymous,4,"Solid build quality, no complaints.",2023-05-24,False,POSITIVE,1,SOURCE_G_REVIEWS,reviews_2023.csv,2023-05-25T02:06:24.599053915,BATCH-G-20230524
REV-00083034,SKU-0000566,user_4951,Jennifer Patel,5,Exceeded my expectations.,2023-03-10,True,POSITIVE,1,SOURCE_G_REVIEWS,reviews_2023.csv,2023-03-10T17:24:17.325901226,BATCH-G-20230310
REV-00083035,SKU-9945770,,Anonymous,4,   Great  value  for  money.   ,2023-11-08,False,POSITIVE,0,SOURCE_G_REVIEWS,reviews_2023.csv,2023-11-08T21:10:07.171502306,BATCH-G-20231108
REV-00083048,SKU-0008818,,Anonymous,5,"Exactly as described, very happy.",2023-08-17,True,POSITIVE,2,SOURCE_G_REVIEWS,reviews_2023.csv,2023-08-17T17:28:14.595205931,BATCH-G-20230817
REV-00083061,SKU-0016642,user_9022422,Daniel Cantrell,4,"Exactly as described, very happy.",2023-12-08,True,POSITIVE,7,SOURCE_G_REVIEWS,reviews_2023.csv,2023-12-08T09:44:45.045168216,BATCH-G-20231208
REV-00083070,SKU-0014017,user_64393,Candice Johnson,3,"Not bad, not great either.",2023-02-12,True,NEUTRAL,3,SOURCE_G_REVIEWS,reviews_2023.csv,2023-02-12T07:54:45.725687344,BATCH-G-20230212
REV-00083071,SKU-0011986,user_47724,Joseph,2,Wrong item was shipped to me.,2023-12-10,False,NEGATIVE,3,SOURCE_G_REVIEWS,reviews_2023.csv,2023-12-10T23:27:37.979462066,BATCH-G-20231210
REV-00083084,SKU-0011860,user_54081,Melissa Young,4,Will definitely buy again.,2023-11-24,False,POSITIVE,1,SOURCE_G_REVIEWS,reviews_2023.csv,2023-11-24T11:25:33.502153215,BATCH-G-20231124
REV-00083093,SKU-0011418,user_9019486,Teresa Santana,4,Excellent rapport qualité-prix.,2023-11-14,True,POSITIVE,0,SOURCE_G_REVIEWS,reviews_2023.csv,2023-11-15T00:08:51.951060918,BATCH-G-20231114
REV-00083095,SKU-0019179,user_9021901,Cody Jones,5,"Absolutely love it, works perfectly!",2023-07-29,True,POSITIVE,3,SOURCE_G_REVIEWS,reviews_2023.csv,2023-07-29T07:37:53.721249824,BATCH-G-20230729
REV-00083103,SKU-0001598,,Anonymous,4,Exceeded my expectations.,2023-10-19,False,POSITIVE,0,SOURCE_G_REVIEWS,reviews_2023.csv,2023-10-20T01:59:58.772320363,BATCH-G-20231019
REV-00083116,SKU-0010381,user_9030586,Michael Schwartz PhD,5,"Perfect gift, they loved it!",2023-01-01,True,POSITIVE,4,SOURCE_G_REVIEWS,reviews_2023.csv,2023-01-01T20:10:26.705126980,BATCH-G-20230101
REV-00083117,SKU-0019901,user_9033687,Zachary,5,Great value for money.,2023-01-28,True,POSITIVE,2,SOURCE_G_REVIEWS,reviews_2023.csv,2023-01-29T03:51:08.666103658,BATCH-G-20230128
REV-00083123,SKU-0017764,user_4764,Daniel Jacobs,1,</p>Stopped working after a week.&nbsp;,2023-07-25,True,NEGATIVE,0,SOURCE_G_REVIEWS,reviews_2023.csv,2023-07-25T09:53:21.421624520,BATCH-G-20230725
REV-00083129,SKU-0012427,user_52923,Lauren Clements,4,"Absolutely love it, works perfectly!",2023-03-23,False,POSITIVE,1,SOURCE_G_REVIEWS,reviews_2023.csv,2023-03-23T04:24:02.000344202,BATCH-G-20230323
REV-00083130,SKU-0004608,user_9018394,Mary Pittman,5,"Absolutely love it, works perfectly!",2023-07-04,True,POSITIVE,7,SOURCE_G_REVIEWS,reviews_2023.csv,2023-07-04T10:35:36.239619011,BATCH-G-20230704
REV-00083143,SKU-0020232,user_9009364,Luke,5,Decent but overpriced a bit.,2023-04-05,False,NEUTRAL,1,SOURCE_G_REVIEWS,reviews_2023.csv,2023-04-05T20:23:09.196140757,BATCH-G-20230405
REV-00083150,SKU-0016242,user_9029985,Monica Williams,4,Exceeded my expectations.,2023-09-23,False,POSITIVE,0,SOURCE_G_REVIEWS,reviews_2023.csv,2023-09-23T07:53:50.854206944,BATCH-G-20230923
REV-00083155,SKU-0012621,,Anonymous,2,Wrong item was shipped to me.,2023-01-01,False,NEGATIVE,0,SOURCE_G_REVIEWS,reviews_2023.csv,2023-01-02T05:08:51.545210972,BATCH-G-20230101
REV-00083155-BOT,SKU-0012621,user_9014252,Valerie,2,Wrong item was shipped to me.,2023-01-01,False,NEGATIVE,0,SOURCE_G_REVIEWS,reviews_2023.csv,2023-01-02T05:08:51.545210972,BATCH-G-20230101
REV-00083157,SKU-0017038,user_58505,Bryan Murphy,-1,"Absolutely love it, works perfectly!",2023-08-04,False,POSITIVE,0,SOURCE_G_REVIEWS,reviews_2023.csv,2023-08-04T14:31:24.690228665,BATCH-G-20230804
REV-00083166,SKU-0019179,,Anonymous,5,Great value for money.,2023-10-28,True,POSITIVE,-5,SOURCE_G_REVIEWS,reviews_2023.csv,2023-10-28T14:52:47.856864077,BATCH-G-20231028
REV-00083167,SKU-0015228,user_35028,Elizabeth,5,Better than I expected for the price. 👍👍,2023-02-12,True,POSITIVE,4,SOURCE_G_REVIEWS,reviews_2023.csv,2023-02-12T03:42:05.656008227,BATCH-G-20230212
REV-00083191,SKU-0002171,user_57672,Corey Montgomery,4,Highly recommend this product.,2023-12-18,False,POSITIVE,0,SOURCE_G_REVIEWS,reviews_2023.csv,2023-12-18T22:03:57.146354425,BATCH-G-20231218
REV-00083193,SKU-0014661,user_9016261,Thomas,3,"Matches the description, no issues.",2023-09-24,True,NEUTRAL,3,SOURCE_G_REVIEWS,reviews_2023.csv,2023-09-24T08:07:06.498458832,BATCH-G-20230924
REV-00083213,SKU-0004014,user_9034388,Joshua Strickland,3,"Not bad, not great either.",2023-11-25,False,NEUTRAL,11,SOURCE_G_REVIEWS,reviews_2023.csv,2023-11-26T05:54:08.350420792,BATCH-G-20231125
REV-00083219,SKU-0007692,user_53071,Tami Burton,3,"It's okay, does the job. 😢",2023-09-02,True,NEUTRAL,0,SOURCE_G_REVIEWS,reviews_2023.csv,2023-09-02T05:45:45.949690436,BATCH-G-20230902
REV-00083224,SKU-0000340,user_50861,Monique,5,"Solid build quality, no complaints.",2023-03-12,True,POSITIVE,2,SOURCE_G_REVIEWS,reviews_2023.csv,2023-03-12T16:45:21.004660014,BATCH-G-20230312
REV-00083225,SKU-0013813,user_37515,Jason Rivera,5,Fast delivery and great quality.,2023-11-25,False,POSITIVE,0,SOURCE_G_REVIEWS,reviews_2023.csv,2023-11-25T15:17:55.258392337,BATCH-G-20231125
REV-00083230,SKU-0016164,user_9011533,Christian,4,Better than I expected for the price.,2023-06-25,True,POSITIVE,13,SOURCE_G_REVIEWS,reviews_2023.csv,2023-06-25T09:53:29.188200181,BATCH-G-20230625
REV-00083235,SKU-0014426,user_9007278,Anthony,4,Highly recommend this product.,2023-12-15,False,POSITIVE,8,SOURCE_G_REVIEWS,reviews_2023.csv,2023-12-15T23:26:05.092733482,BATCH-G-20231215
REV-00083245,SKU-0017350,user_6101,Craig Kent,5,Fast delivery and great quality.,2023-08-01,True,POSITIVE,0,SOURCE_G_REVIEWS,reviews_2023.csv,2023-08-01T22:15:45.995617187,BATCH-G-20230801
REV-00083269,SKU-0002660,user_9023776,Joseph,2,"Poor packaging, item was defective.",2023-01-25,False,NEGATIVE,0,SOURCE_G_REVIEWS,reviews_2023.csv,2023-01-25T22:22:01.703618627,BATCH-G-20230125
REV-00083284,SKU-0000222,user_64544,Alan Burgess,7,"Perfect gift, they loved it!",2023-05-07,False,POSITIVE,0,SOURCE_G_REVIEWS,reviews_2023.csv,2023-05-07T16:43:48.523752024,BATCH-G-20230507
REV-00083288,SKU-0000304,user_50536,Deborah White,3,Decent but overpriced a bit.,2023-04-03,True,NEUTRAL,11,SOURCE_G_REVIEWS,reviews_2023.csv,2023-04-04T05:43:02.517087684,BATCH-G-20230403
REV-00083297,SKU-0018416,user_16134,Katherine Jackson,5,Will definitely buy again.,2023-03-22,True,POSITIVE,0,SOURCE_G_REVIEWS,reviews_2023.csv,2023-04-05T04:00:00,BATCH-G-20230322
REV-00083302,SKU-0013541,user_24545,Christian Lopez,5,Highly recommend this product.,2023-12-26,False,POSITIVE,0,SOURCE_G_REVIEWS,reviews_2023.csv,2023-12-26T07:50:43.990291008,BATCH-G-20231226
REV-00083303,SKU-0018395,,Anonymous,3,"Matches the description, no issues.",2023-12-03,False,NEUTRAL,7,SOURCE_G_REVIEWS,reviews_2023.csv,2023-12-03T17:30:04.543911799,BATCH-G-20231203
REV-00083306,SKU-0017715,user_9033452,Steven,1,"Poor packaging, item was defective.",2023-08-29,False,NEGATIVE,3,SOURCE_G_REVIEWS,reviews_2023.csv,2023-08-29T13:14:55.466133550,BATCH-G-20230829
REV-00083307,SKU-0005398,user_9009855,William Kerr,4,Highly recommend this product.,2023-09-08,True,POSITIVE,1,SOURCE_G_REVIEWS,reviews_2023.csv,2023-09-08T23:11:24.143907110,BATCH-G-20230908
REV-00083315,SKU-0008660,user_67357,Travis,2,Wrong item was shipped to me. 😍,2023-01-13,False,NEGATIVE,0,SOURCE_G_REVIEWS,reviews_2023.csv,2023-01-14T00:22:43.203392061,BATCH-G-20230113
REV-00083318,SKU-0015424,user_9033245,Nicole Johnson,3,"It's okay, does the job.",2023-03-29,True,NEUTRAL,3,SOURCE_G_REVIEWS,reviews_2023.csv,2023-03-29T09:30:43.511625452,BATCH-G-20230329
REV-00083323,SKU-0006203,user_65528,Aaron Henderson,5,"Solid build quality, no complaints.",2023-09-19,True,POSITIVE,2,SOURCE_G_REVIEWS,reviews_2023.csv,2023-09-19T20:17:48.024176568,BATCH-G-20230919
REV-00083334,SKU-0019017,user_9011238,Shannon Cruz,3,"Livraison très lente, déçu.",2023-06-09,True,NEUTRAL,0,SOURCE_G_REVIEWS,reviews_2023.csv,2023-06-10T03:24:29.089250859,BATCH-G-20230609
REV-00083351,SKU-0018089,user_9031979,Jesse Gardner,1,</p>Very disappointed with the quality.<br>,2023-08-13,True,NEGATIVE,2,SOURCE_G_REVIEWS,reviews_2023.csv,2023-08-13T23:50:15.034191800,BATCH-G-20230813
REV-00083355,SKU-0015722,user_9027194,Amy Banks,4,Fast delivery and great quality.,2023-09-28,True,POSITIVE,1,SOURCE_G_REVIEWS,reviews_2023.csv,2023-09-28T02:54:58.469448602,BATCH-G-20230928
REV-00083364,SKU-0001876,,Anonymous,4,Better than I expected for the price.,2023-07-14,False,POSITIVE,7,SOURCE_G_REVIEWS,reviews_2023.csv,2023-07-14T21:33:24.795330247,BATCH-G-20230714
REV-00083365,SKU-0009163,user_10972,Oscar Schmidt,5,Will definitely buy again.,2023-05-26,True,POSITIVE,2,SOURCE_G_REVIEWS,reviews_2023.csv,2023-05-27T05:03:33.506303553,BATCH-G-20230526
REV-00083371,SKU-9934047,,Anonymous,3,"Matches the description, no issues.",2023-10-08,True,NEUTRAL,0,SOURCE_G_REVIEWS,reviews_2023.csv,2023-10-08T07:56:25.238326083,BATCH-G-20231008
REV-00083385,SKU-0007794,,Anonymous,3,"Not bad, not great either.",2023-09-06,True,NEUTRAL,7,SOURCE_G_REVIEWS,reviews_2023.csv,2023-09-06T07:38:07.067540723,BATCH-G-20230906
REV-00083388,SKU-0002148,,Anonymous,4,"Exactly as described, very happy.",2023-11-16,True,POSITIVE,3,SOURCE_G_REVIEWS,reviews_2023.csv,2023-11-16T08:11:42.870123308,BATCH-G-20231116
REV-00083393,SKU-0008218,user_9018153,Ryan Garcia,5,Exceeded my expectations.,2023-09-05,False,POSITIVE,2,SOURCE_G_REVIEWS,reviews_2023.csv,2023-09-05T04:25:47.014808906,BATCH-G-20230905
REV-00083397,SKU-0004201,user_9001910,Sherri,5,Highly recommend this product.,2023-05-27,True,POSITIVE,7,SOURCE_G_REVIEWS,reviews_2023.csv,2023-05-27T10:37:42.443067238,BATCH-G-20230527
REV-00083400,SKU-0014229,user_29158,Jason Drake,5,"Solid build quality, no complaints.",2023-01-10,True,POSITIVE,0,SOURCE_G_REVIEWS,reviews_2023.csv,2023-01-10T11:52:22.847654405,BATCH-G-20230110
REV-00083407,SKU-0012660,user_9019617,Elizabeth Daniel DDS,5,Exceeded my expectations.,2023-06-06,False,POSITIVE,0,SOURCE_G_REVIEWS,reviews_2023.csv,2023-06-06T11:29:12.940691342,BATCH-G-20230606
REV-00083411,SKU-0011452,user_9026933,Troy Washington,-1,"Poor packaging, item was defective.",2023-07-30,True,NEGATIVE,0,SOURCE_G_REVIEWS,reviews_2023.csv,2023-07-30T01:03:09.217487737,BATCH-G-20230730
REV-00083416,SKU-9938010,user_22920,Brooke Evans,3,Decent but overpriced a bit. ⭐,2023-09-08,True,NEUTRAL,10,SOURCE_G_REVIEWS,reviews_2023.csv,2023-09-08T07:09:36.104087631,BATCH-G-20230908
REV-00083427,SKU-0014184,user_22368,Latoya Morse,5,"Solid build quality, no complaints.",2023-06-09,False,POSITIVE,1,SOURCE_G_REVIEWS,reviews_2023.csv,2023-06-12T21:00:00,BATCH-G-20230609
REV-00083434,SKU-0009698,user_40071,Vincent Peterson,null,Great value for money. 😍,2023-02-07,True,POSITIVE,2,SOURCE_G_REVIEWS,reviews_2023.csv,2023-02-07T18:43:04.486039600,BATCH-G-20230207
REV-00083437,SKU-0003408,user_17299,Lauren,5,Highly recommend this product.,2023-12-01,True,POSITIVE,0,SOURCE_G_REVIEWS,reviews_2023.csv,2023-12-18T16:00:00,BATCH-G-20231201
REV-00083441,SKU-0004639,user_9022121,Angelica Williams,4,"Exactly as described, very happy.",2023-02-26,False,POSITIVE,0,SOURCE_G_REVIEWS,reviews_2023.csv,2023-02-26T03:21:33.659585173,BATCH-G-20230226
REV-00083450,SKU-0007843,,Anonymous,4,Fast delivery and great quality.,2023-04-16,True,POSITIVE,7,SOURCE_G_REVIEWS,reviews_2023.csv,2023-04-16T05:03:47.732388257,BATCH-G-20230416
REV-00083452,SKU-0014607,user_31598,Michelle Nelson,4,Highly recommend this product.,2023-08-14,True,POSITIVE,0,SOURCE_G_REVIEWS,reviews_2023.csv,2023-08-15T05:13:17.440200297,BATCH-G-20230814
REV-00083461,SKU-0007903,user_58242,Victor Gutierrez,3,"Matches the description, no issues.",2023-06-27,True,NEUTRAL,1,SOURCE_G_REVIEWS,reviews_2023.csv,2023-06-28T04:03:40.673229403,BATCH-G-20230627
REV-00083465,SKU-0004233,user_9028718,Angela Murphy,5,Highly recommend this product.,2023-08-03,True,POSITIVE,5,SOURCE_G_REVIEWS,reviews_2023.csv,2023-08-03T09:58:21.553920717,BATCH-G-20230803
REV-00083468,SKU-0004456,user_9003186,John Johnson,3,"Not bad, not great either.",2023-04-16,False,NEUTRAL,0,SOURCE_G_REVIEWS,reviews_2023.csv,2023-04-16T10:49:15.710069119,BATCH-G-20230416
REV-00083473,SKU-0003874,user_9011303,Amber Robbins,3,"It's okay, does the job.",2023-09-24,False,NEUTRAL,2,SOURCE_G_REVIEWS,reviews_2023.csv,2023-09-24T13:30:27.055209861,BATCH-G-20230924
REV-00083493,SKU-0009973,user_49422,Amy Lucero,5,Decent but overpriced a bit.,2023-12-14,True,NEUTRAL,0,SOURCE_G_REVIEWS,reviews_2023.csv,2023-12-15T02:25:40.115176848,BATCH-G-20231214
REV-00083503,SKU-0018873,user_9004183,Tara Davis,5,"Absolutely love it, works perfectly!",2023-11-13,False,POSITIVE,1,SOURCE_G_REVIEWS,reviews_2023.csv,2023-11-13T19:53:12.074881982,BATCH-G-20231113
REV-00083512,SKU-0015360,user_9031310,Andrew Hayes,3,"Not bad, not great either.",2023-05-19,True,NEUTRAL,1,SOURCE_G_REVIEWS,reviews_2023.csv,2023-05-19T23:22:06.617511734,BATCH-G-20230519
REV-00083514,SKU-0009979,user_28000,Blake Rodriguez,5,"Solid build quality, no complaints. 💯",2023-04-30,True,POSITIVE,0,SOURCE_G_REVIEWS,reviews_2023.csv,2023-04-30T19:47:38.154677587,BATCH-G-20230430
REV-00083522,SKU-0008161,user_38581,Mark,5,Great value for money.,2023-12-17,False,POSITIVE,1,SOURCE_G_REVIEWS,reviews_2023.csv,2023-12-18T05:08:38.929267092,BATCH-G-20231217
REV-00083536,SKU-0000338,,Anonymous,4,"Solid build quality, no complaints.",2023-02-26,False,POSITIVE,2,SOURCE_G_REVIEWS,reviews_2023.csv,2023-02-26T08:08:41.192591927,BATCH-G-20230226
REV-00083536-DUP,SKU-0000338,,Anonymous,4,"Solid build quality, no complaints.",2023-02-26,False,POSITIVE,2,SOURCE_G_REVIEWS,reviews_2023.csv,2023-02-26T09:02:41.192591927,BATCH-G-20230226
REV-00083542,SKU-0003249,,Anonymous,2,"Cheaply made, broke immediately.",2023-09-03,True,NEGATIVE,1,SOURCE_G_REVIEWS,reviews_2023.csv,2023-09-04T00:29:07.381175249,BATCH-G-20230903
REV-00083542-BOT,SKU-0003249,user_3496,Justin Vargas,2,"Cheaply made, broke immediately.",2023-09-03,False,NEGATIVE,0,SOURCE_G_REVIEWS,reviews_2023.csv,2023-09-04T00:29:07.381175249,BATCH-G-20230903
REV-00083545,SKU-0009887,user_39807,Christopher Jones,3,"It's okay, does the job.",2023-10-10,True,NEUTRAL,0,SOURCE_G_REVIEWS,reviews_2023.csv,2023-10-10T08:17:56.191449417,BATCH-G-20231010
REV-00083550,SKU-0006128,user_13706,Ms.,2,Not as described at all.,2023-11-25,False,NEGATIVE,6,SOURCE_G_REVIEWS,reviews_2023.csv,2023-11-26T01:56:48.199979927,BATCH-G-20231125
REV-00083552,SKU-0009178,user_31995,Gregory Morales,3,"It's okay, does the job.",2023-05-10,False,NEUTRAL,7,SOURCE_G_REVIEWS,reviews_2023.csv,2023-05-10T15:19:11.339174291,BATCH-G-20230510
REV-00083556,SKU-0018244,user_9034832,Frank,4,"Exactly as described, very happy.",2023-10-13,False,POSITIVE,4,SOURCE_G_REVIEWS,reviews_2023.csv,2023-10-13T03:29:03.773239423,BATCH-G-20231013
REV-00083560,SKU-9966723,user_9022372,Jeremy Wilson,5,"Absolutely love it, works perfectly!",2023-07-07,False,POSITIVE,4,SOURCE_G_REVIEWS,reviews_2023.csv,2023-07-07T22:17:26.620763826,BATCH-G-20230707
REV-00083562,SKU-0004459,,Anonymous,4,"Exactly as described, very happy.",2023-01-16,True,POSITIVE,2,SOURCE_G_REVIEWS,reviews_2023.csv,2023-01-16T12:24:06.009246815,BATCH-G-20230116
REV-00083578,SKU-0000916,user_9014340,Deanna Rodriguez,2,"Waste of money, do not buy. 🙏",2023-12-30,True,NEGATIVE,7,SOURCE_G_REVIEWS,reviews_2023.csv,2023-12-30T04:54:22.005018992,BATCH-G-20231230
REV-00083584,SKU-0018363,user_20995,Brian Daniels,4,Exceeded my expectations. 😢,2023-10-14,True,POSITIVE,6,SOURCE_G_REVIEWS,reviews_2023.csv,2023-10-14T03:03:30.101276610,BATCH-G-20231014
REV-00083613,SKU-0007492,,Anonymous,4,"Exactly as described, very happy.",2023-04-28,False,POSITIVE,0,SOURCE_G_REVIEWS,reviews_2023.csv,2023-04-28T00:31:45.515621258,BATCH-G-20230428
REV-00083614,SKU-0003200,,Anonymous,5,"Perfect gift, they loved it!",2023-05-17,True,POSITIVE,0,SOURCE_G_REVIEWS,reviews_2023.csv,2023-05-17T13:27:58.870703075,BATCH-G-20230517
REV-00083632,SKU-0009696,user_6717,Susan Collins,3,Decent but overpriced a bit.,2023-08-25,True,NEUTRAL,0,SOURCE_G_REVIEWS,reviews_2023.csv,2023-08-25T03:44:03.316910255,BATCH-G-20230825
REV-00083644,SKU-0016738,user_22709,Victor Hawkins,1,Very disappointed with the quality.,2023-12-17,False,NEGATIVE,3,SOURCE_G_REVIEWS,reviews_2023.csv,2023-12-17T11:43:35.533366380,BATCH-G-20231217
REV-00083657,SKU-0005108,user_21707,Jennifer,3,Works fine but delivery was slow.,2023-01-05,False,NEUTRAL,1,SOURCE_G_REVIEWS,reviews_2023.csv,2023-01-06T05:33:09.585800871,BATCH-G-20230105
REV-00083663,SKU-0019935,user_34928,Michael Peterson,5,Exceeded my expectations. 😀,2023-07-07,False,POSITIVE,6,SOURCE_G_REVIEWS,reviews_2023.csv,2023-07-08T03:02:46.878990506,BATCH-G-20230707
REV-00083668,SKU-9950253,user_9002702,Michelle Allen,4,Exceeded my expectations.,2023-05-11,False,POSITIVE,4,SOURCE_G_REVIEWS,reviews_2023.csv,2023-05-11T07:50:02.562706159,BATCH-G-20230511
REV-00083670,SKU-0007788,user_9033853,Alexis,4,Excellent rapport qualité-prix.,2023-01-01,False,POSITIVE,3,SOURCE_G_REVIEWS,reviews_2023.csv,2023-01-01T23:54:25.698881277,BATCH-G-20230101
REV-00083671,SKU-0018168,user_9014811,Angela Daniels,3,"Matches the description, no issues.",2023-04-02,True,NEUTRAL,1,SOURCE_G_REVIEWS,reviews_2023.csv,2023-04-03T00:55:01.185240853,BATCH-G-20230402
REV-00083699,SKU-0011527,user_48107,Cathy,1,Not as described at all.,2023-08-01,True,NEGATIVE,1,SOURCE_G_REVIEWS,reviews_2023.csv,2023-08-01T08:54:33.051828574,BATCH-G-20230801
REV-00083709,SKU-0013344,user_9017553,Joseph Black,4,Better than I expected for the price.,2023-10-04,False,POSITIVE,4,SOURCE_G_REVIEWS,reviews_2023.csv,2023-10-04T00:37:08.197927487,BATCH-G-20231004
REV-00083713,SKU-9986209,user_9000529,Amanda Green,4,"Not bad, not great either.",2023-10-07,True,NEUTRAL,1,SOURCE_G_REVIEWS,reviews_2023.csv,2023-10-08T05:04:35.644289733,BATCH-G-20231007
REV-00083719,SKU-0006497,,Anonymous,5,Great value for money.,2023-06-15,False,POSITIVE,5,SOURCE_G_REVIEWS,reviews_2023.csv,2023-06-15T14:29:50.879082293,BATCH-G-20230615
REV-00083743,SKU-0012281,user_9033722,Diana Spence,5,"Excellent rapport qualité-prix. Exactly as described, very happy.",2023-01-05,True,POSITIVE,2,SOURCE_G_REVIEWS,reviews_2023.csv,2023-01-06T05:54:11.369597025,BATCH-G-20230105
REV-00083744,SKU-0004812,,Anonymous,4,"It's okay, does the job.",2023-02-19,True,NEUTRAL,2,SOURCE_G_REVIEWS,reviews_2023.csv,2023-02-20T03:47:00.099626404,BATCH-G-20230219
REV-00083746,SKU-9904027,user_9021362,Leslie Barnes,4,"Perfect gift, they loved it!",2023-02-23,False,POSITIVE,11,SOURCE_G_REVIEWS,reviews_2023.csv,2023-02-23T06:42:29.450569112,BATCH-G-20230223
REV-00083759,SKU-0007990,user_9020408,Patricia Gallagher,3,"Livraison très lente, déçu.",2023-01-15,True,NEUTRAL,9,SOURCE_G_REVIEWS,reviews_2023.csv,2023-01-15T06:37:00.950653479,BATCH-G-20230115
REV-00083779,SKU-0007297,user_24085,David Moore,4,Great value for money.,2023-12-14,True,POSITIVE,2,SOURCE_G_REVIEWS,reviews_2023.csv,2023-12-14T23:11:08.719798250,BATCH-G-20231214
REV-00083785,SKU-0015280,user_56546,Patricia Navarro,5,"Solid build quality, no complaints.",2023-12-04,True,POSITIVE,0,SOURCE_G_REVIEWS,reviews_2023.csv,2023-12-04T01:56:45.859539396,BATCH-G-20231204
REV-00083788,SKU-0011284,user_9015729,Ronald Thompson,4,"Solid build quality, no complaints.",2023-10-06,True,POSITIVE,0,SOURCE_G_REVIEWS,reviews_2023.csv,2023-10-06T21:23:02.826303139,BATCH-G-20231006
REV-00083789,SKU-0018240,,Anonymous,3,"Matches the description, no issues.",2023-07-29,False,NEUTRAL,2,SOURCE_G_REVIEWS,reviews_2023.csv,2023-07-30T01:28:23.031578241,BATCH-G-20230729
REV-00083790,SKU-0017490,user_9016063,Melvin,5,"Exactly as described, very happy.",2023-05-03,True,POSITIVE,3,SOURCE_G_REVIEWS,reviews_2023.csv,2023-05-03T05:41:39.216297190,BATCH-G-20230503
REV-00083807,SKU-0004372,user_9018698,Theresa Taylor,5,Highly recommend this product.,2023-11-10,False,POSITIVE,0,SOURCE_G_REVIEWS,reviews_2023.csv,2023-11-10T19:28:54.350450684,BATCH-G-20231110
REV-00083811,SKU-0012007,user_37332,Leonard,3,"बहुत अच्छा उत्पाद है, पैसा वसूल!",2023-04-13,False,NEUTRAL,1,SOURCE_G_REVIEWS,reviews_2023.csv,2023-04-14T04:36:57.453496884,BATCH-G-20230413
REV-00083828,SKU-0003703,user_2847,Edwin,4,Will definitely buy again.,2023-10-18,True,POSITIVE,3,SOURCE_G_REVIEWS,reviews_2023.csv,2023-10-19T03:21:36.868535513,BATCH-G-20231018
REV-00083830,SKU-0004583,user_56100,Ana Castro,5,"Solid build quality, no complaints.",2023-03-01,True,POSITIVE,4,SOURCE_G_REVIEWS,reviews_2023.csv,2023-03-01T11:36:30.662206079,BATCH-G-20230301
REV-00083831,SKU-0006040,user_4672,Amanda Walker,4,Excellent rapport qualité-prix. 😡,2023-12-14,False,POSITIVE,13,SOURCE_G_REVIEWS,reviews_2023.csv,2023-12-14T12:32:12.983937672,BATCH-G-20231214
REV-00083843,SKU-0006597,user_13302,Kelsey Wilson,5,"Exactly as described, very happy. 😀💯",2023-06-09,False,POSITIVE,1,SOURCE_G_REVIEWS,reviews_2023.csv,2023-06-09T14:53:18.364370962,BATCH-G-20230609
REV-00083850,SKU-0017806,user_13277,Melinda,2,"Waste of money, do not buy.",2023-11-24,False,NEGATIVE,1,SOURCE_G_REVIEWS,reviews_2023.csv,2023-11-24T21:40:43.207335580,BATCH-G-20231124
REV-00083850-DUP,SKU-0017806,user_13277,Melinda,2,"Waste of money, do not buy.",2023-11-24,False,NEGATIVE,1,SOURCE_G_REVIEWS,reviews_2023.csv,2023-11-24T22:01:43.207335580,BATCH-G-20231124
REV-00083859,SKU-0016883,user_64712,Susan Foster,4,Will definitely buy again.,2023-07-06,False,POSITIVE,0,SOURCE_G_REVIEWS,reviews_2023.csv,2023-07-06T00:56:47.716562535,BATCH-G-20230706
REV-00083860,SKU-0007699,user_9015823,Hector Phillips,3,Works fine but delivery was slow.,2023-04-22,True,NEUTRAL,0,SOURCE_G_REVIEWS,reviews_2023.csv,2023-04-22T11:57:58.737432774,BATCH-G-20230422
REV-00083875,SKU-0017647,user_8073,Tony Martin,4,Better than I expected for the price.,2023-04-06,True,POSITIVE,19,SOURCE_G_REVIEWS,reviews_2023.csv,2023-04-07T03:06:04.932630992,BATCH-G-20230406
REV-00083878,SKU-0016761,user_9003144,Bethany Hicks,4,Will definitely buy again.,2023-12-31,True,POSITIVE,4,SOURCE_G_REVIEWS,reviews_2023.csv,2023-12-31T10:58:17.634664981,BATCH-G-20231231
REV-00083879,SKU-0019437,user_23473,Anthony Bell,3,"गुणवत्ता ठीक नहीं थी। Not bad, not great either.",2023-09-02,False,NEUTRAL,0,SOURCE_G_REVIEWS,reviews_2023.csv,2023-09-02T04:32:07.309528439,BATCH-G-20230902
REV-00083891,SKU-0005820,user_55575,Trevor Jones,1,Arrived damaged and support was unhelpful.,2023-12-15,True,NEGATIVE,3,SOURCE_G_REVIEWS,reviews_2023.csv,2023-12-16T04:44:55.456293420,BATCH-G-20231215
REV-00083896,SKU-0007814,,Anonymous,3,"It's okay, does the job.",2023-07-31,True,NEUTRAL,5,SOURCE_G_REVIEWS,reviews_2023.csv,2023-07-31T20:01:39.406141281,BATCH-G-20230731
REV-00083911,SKU-0001055,user_9015795,Zachary Carter,4,Highly recommend this product.,2023-04-05,True,POSITIVE,1,SOURCE_G_REVIEWS,reviews_2023.csv,2023-04-05T17:58:57.377493666,BATCH-G-20230405
REV-00083915,SKU-0012277,user_44089,Sharon Mason,5,"Solid build quality, no complaints.",2023-11-11,False,POSITIVE,3,SOURCE_G_REVIEWS,reviews_2023.csv,2023-11-11T16:46:18.468421871,BATCH-G-20231111
REV-00083918,SKU-0008824,user_22622,Rose Knight,4,"Perfect gift, they loved it!",2023-12-23,False,POSITIVE,15,SOURCE_G_REVIEWS,reviews_2023.csv,2023-12-23T08:21:37.493321145,BATCH-G-20231223
REV-00083920,SKU-0019587,user_64719,Brendan Peterson,3,"Not bad, not great either.",2023-11-18,True,NEUTRAL,3,SOURCE_G_REVIEWS,reviews_2023.csv,2023-11-18T05:45:59.026875644,BATCH-G-20231118
REV-00083929,SKU-0011243,user_1620,James,1,Very disappointed with the quality.,2023-03-06,True,NEGATIVE,2,SOURCE_G_REVIEWS,reviews_2023.csv,2023-03-06T08:52:23.614691104,BATCH-G-20230306
REV-00083935,SKU-0010045,user_9014165,Jamie,4,   Better  than  I  expected  for  the  price.   ,2023-12-06,False,POSITIVE,3,SOURCE_G_REVIEWS,reviews_2023.csv,2023-12-06T09:06:00.919566428,BATCH-G-20231206
REV-00083938,SKU-0010193,user_9007617,Thomas,5,No cumplió mis expectativas.,2023-06-25,True,POSITIVE,0,SOURCE_G_REVIEWS,reviews_2023.csv,2023-06-25T07:19:14.350058071,BATCH-G-20230625
REV-00083948,SKU-0019770,,Anonymous,5,"Absolutely love it, works perfectly!",2023-09-18,True,POSITIVE,1,SOURCE_G_REVIEWS,reviews_2023.csv,2023-09-18T10:01:35.016629354,BATCH-G-20230918
REV-00083950,SKU-0000348,user_37913,Kristin Williams,NA,"Perfect gift, they loved it!",2023-05-20,True,POSITIVE,0,SOURCE_G_REVIEWS,reviews_2023.csv,2023-05-20T01:18:35.729219626,BATCH-G-20230520
REV-00083966,SKU-0006914,user_9006707,Danielle Carpenter,2,"Cheaply made, broke immediately.",2023-09-03,False,NEGATIVE,2,SOURCE_G_REVIEWS,reviews_2023.csv,2023-09-03T06:20:14.512765457,BATCH-G-20230903
REV-00083968,SKU-0013722,,Anonymous,4,Exceeded my expectations.,2023-03-27,True,POSITIVE,4,SOURCE_G_REVIEWS,reviews_2023.csv,2023-03-27T21:39:31.176267336,BATCH-G-20230327
REV-00083969,SKU-0005638,user_9006872,Suzanne Nunez,5,Great value for money. 😐😢,2023-03-27,False,POSITIVE,3,SOURCE_G_REVIEWS,reviews_2023.csv,2023-03-27T23:53:05.551346598,BATCH-G-20230327
REV-00083971,SKU-0006405,user_32602,Jennifer Savage,4,"Perfect gift, they loved it!",2023-11-20,True,POSITIVE,2,SOURCE_G_REVIEWS,reviews_2023.csv,2023-11-20T22:13:42.474267203,BATCH-G-20231120
REV-00083988,SKU-0001792,user_9005873,William Norris,2,<b>Update:</b>Very disappointed with the quality.<b>Update:</b>,2023-01-19,True,NEGATIVE,1,SOURCE_G_REVIEWS,reviews_2023.csv,2023-01-19T08:57:01.831393791,BATCH-G-20230119
REV-00083989,SKU-0004848,user_9030307,Jose Smith,2,Arrived damaged and support was unhelpful.,2023-12-30,True,NEGATIVE,1,SOURCE_G_REVIEWS,reviews_2023.csv,2023-12-30T17:31:46.356071550,BATCH-G-20231230
REV-00083996,SKU-0000793,user_9004938,Kelly,5,Better than I expected for the price.,2023-01-30,True,POSITIVE,2,SOURCE_G_REVIEWS,reviews_2023.csv,2023-01-30T09:03:51.815563011,BATCH-G-20230130
REV-00084021,SKU-0003473,user_3766,Heidi Lewis,5,Highly recommend this product.,2023-05-17,True,POSITIVE,0,SOURCE_G_REVIEWS,reviews_2023.csv,2023-05-17T13:14:48.501010674,BATCH-G-20230517
REV-00084021-DUP,SKU-0003473,user_3766,Heidi Lewis,5,Highly recommend this product.,2023-05-17,True,POSITIVE,0,SOURCE_G_REVIEWS,reviews_2023.csv,2023-05-17T13:19:48.501010674,BATCH-G-20230517
REV-00084039,SKU-0014784,user_59581,Lynn,5,Exceeded my expectations.,2023-11-12,True,POSITIVE,1,SOURCE_G_REVIEWS,reviews_2023.csv,2023-11-12T12:43:22.001029499,BATCH-G-20231112
REV-00084054,SKU-9925748,user_9016794,Sheila Martin,4,"Absolutely love it, works perfectly!",2023-06-13,False,POSITIVE,0,SOURCE_G_REVIEWS,reviews_2023.csv,2023-06-13T04:00:03.369471886,BATCH-G-20230613
REV-00084055,SKU-0011292,user_36621,Crystal Acosta,4,   Better  than  I  expected  for  the  price.   ,2023-12-26,True,POSITIVE,7,SOURCE_G_REVIEWS,reviews_2023.csv,2023-12-26T01:30:51.782042424,BATCH-G-20231226
REV-00084060,SKU-0003730,user_9017399,Luis,3,Decent but overpriced a bit.,2023-11-28,True,NEUTRAL,4,SOURCE_G_REVIEWS,reviews_2023.csv,2023-11-28T06:40:28.296651357,BATCH-G-20231128
REV-00084068,SKU-0010842,,Anonymous,5,गुणवत्ता ठीक नहीं थी।,2023-04-18,True,POSITIVE,0,SOURCE_G_REVIEWS,reviews_2023.csv,2023-04-18T07:45:19.107663678,BATCH-G-20230418
REV-00084069,SKU-0000555,,Anonymous,5,"   Muy  buen  producto,  lo  recomiendo.   ",2023-08-16,True,POSITIVE,2,SOURCE_G_REVIEWS,reviews_2023.csv,2023-08-16T04:01:36.251694884,BATCH-G-20230816
REV-00084078,SKU-0013399,user_9031827,Amanda,1,Wrong item was shipped to me.,2023-04-08,True,NEGATIVE,2,SOURCE_G_REVIEWS,reviews_2023.csv,2023-04-08T16:08:40.088284536,BATCH-G-20230408
REV-00084090,SKU-0010201,,Anonymous,4,Better than I expected for the price.,2023-01-19,True,POSITIVE,2,SOURCE_G_REVIEWS,reviews_2023.csv,2023-01-19T01:02:15.502137571,BATCH-G-20230119
REV-00084093,SKU-0015907,,Anonymous,4,Excellent rapport qualité-prix.,2023-02-18,True,POSITIVE,2,SOURCE_G_REVIEWS,reviews_2023.csv,2023-02-19T00:46:36.712645616,BATCH-G-20230218
REV-00084100,SKU-0011929,user_52329,Kimberly Lopez,4,"Absolutely love it, works perfectly!",2023-12-07,True,POSITIVE,1,SOURCE_G_REVIEWS,reviews_2023.csv,2023-12-07T08:38:06.361343740,BATCH-G-20231207
REV-00084113,SKU-0010954,user_12543,James,3,"Average quality, nothing special.",2023-11-23,False,NEUTRAL,1,SOURCE_G_REVIEWS,reviews_2023.csv,2023-11-23T15:29:08.096308728,BATCH-G-20231123
REV-00084118,SKU-0015015,,Anonymous,5,"Perfect gift, they loved it!",2023-07-29,False,POSITIVE,4,SOURCE_G_REVIEWS,reviews_2023.csv,2023-07-30T02:26:53.181420423,BATCH-G-20230729
REV-00084121,SKU-0008796,user_9027289,Johnny Lee,5,"Solid build quality, no complaints.",2023-04-25,True,POSITIVE,2,SOURCE_G_REVIEWS,reviews_2023.csv,2023-04-26T03:36:28.943887015,BATCH-G-20230425
REV-00084125,SKU-0002272,user_9007065,Ronald Lopez,unknown,Exceeded my expectations.,2023-02-09,True,POSITIVE,1,SOURCE_G_REVIEWS,reviews_2023.csv,2023-02-09T05:11:25.677536785,BATCH-G-20230209
REV-00084128,SKU-0019374,user_9023264,Natalie,4,"Perfect gift, they loved it!",2023-02-27,True,POSITIVE,1,SOURCE_G_REVIEWS,reviews_2023.csv,2023-02-27T01:05:34.503439651,BATCH-G-20230227
REV-00084134,SKU-0007498,user_40272,Lawrence Larson,7,"Perfect gift, they loved it!",2023-05-02,True,POSITIVE,0,SOURCE_G_REVIEWS,reviews_2023.csv,2023-05-02T07:19:50.534650457,BATCH-G-20230502
REV-00084140,SKU-0016789,user_17746,Lucas,4,Arrived damaged and support was unhelpful.,2023-03-07,False,NEGATIVE,3,SOURCE_G_REVIEWS,reviews_2023.csv,2023-03-08T00:29:03.749427532,BATCH-G-20230307
REV-00084141,SKU-0000819,user_29377,Steven Ford,4,"Exactly as described, very happy.",2023-09-06,True,POSITIVE,0,SOURCE_G_REVIEWS,reviews_2023.csv,2023-09-06T22:05:36.820176460,BATCH-G-20230906
REV-00084149,SKU-9952181,user_9016097,Daniel Hahn,4,Great value for money.,2023-02-13,False,POSITIVE,2,SOURCE_G_REVIEWS,reviews_2023.csv,2023-02-13T21:39:42.386835258,BATCH-G-20230213
REV-00084150,SKU-0004285,user_36989,Michael,1,गुणवत्ता ठीक नहीं थी। Wrong item was shipped to me.,2023-09-07,False,NEGATIVE,3,SOURCE_G_REVIEWS,reviews_2023.csv,2023-09-07T22:06:32.131346576,BATCH-G-20230907
REV-00084151,SKU-0001884,user_9005172,Robert Gonzalez,4,"Absolutely love it, works perfectly!",2023-02-27,True,POSITIVE,4,SOURCE_G_REVIEWS,reviews_2023.csv,2023-02-27T05:10:11.722780719,BATCH-G-20230227
REV-00084164,SKU-0006858,user_8797,Dennis Anderson,5,गुणवत्ता ठीक नहीं थी।,2023-08-09,False,POSITIVE,4,SOURCE_G_REVIEWS,reviews_2023.csv,2023-08-09T17:18:16.169773271,BATCH-G-20230809
REV-00084169,SKU-0011195,user_9027636,Elizabeth Mason,5,गुणवत्ता ठीक नहीं थी।,2023-06-24,True,POSITIVE,4,SOURCE_G_REVIEWS,reviews_2023.csv,2023-06-25T02:25:05.646303649,BATCH-G-20230624
REV-00084174,SKU-0004803,user_9024130,Emily,5,"Perfect gift, they loved it!",2023-12-24,True,POSITIVE,0,SOURCE_G_REVIEWS,reviews_2023.csv,2023-12-24T23:23:18.570029214,BATCH-G-20231224
REV-00084178,SKU-0003818,user_9029468,Jeffrey Phillips,1,Wrong item was shipped to me.,2023-03-28,False,NEGATIVE,2,SOURCE_G_REVIEWS,reviews_2023.csv,2023-03-29T03:51:19.700087530,BATCH-G-20230328
REV-00084180,SKU-0014017,user_9007609,Adrian Hernandez,1,"Poor packaging, item was defective.",2023-07-02,False,NEGATIVE,7,SOURCE_G_REVIEWS,reviews_2023.csv,2023-07-03T00:24:52.511217410,BATCH-G-20230702
REV-00084185,SKU-0019067,user_65169,Rebecca,2,Wrong item was shipped to me.,2023-05-08,True,NEGATIVE,7,SOURCE_G_REVIEWS,reviews_2023.csv,2023-05-08T09:10:29.258286279,BATCH-G-20230508
REV-00084190,SKU-0006483,user_9027409,Donna Lang,4,Will definitely buy again.,2023-11-23,False,POSITIVE,1,SOURCE_G_REVIEWS,reviews_2023.csv,2023-11-24T02:24:50.191103216,BATCH-G-20231123
REV-00084197,SKU-0013768,user_9016679,Paula Wilson,4,Highly recommend this product.,2023-01-14,True,POSITIVE,0,SOURCE_G_REVIEWS,reviews_2023.csv,2023-01-14T06:19:15.250907728,BATCH-G-20230114
REV-00084199,SKU-0019780,user_1465,Andrew,5,"Absolutely love it, works perfectly!",2023-05-18,True,POSITIVE,2,SOURCE_G_REVIEWS,reviews_2023.csv,2023-05-18T21:29:39.343152504,BATCH-G-20230518
REV-00084203,SKU-0002348,user_9003594,John,5,"Exactly as described, very happy.",2023-12-22,True,POSITIVE,1,SOURCE_G_REVIEWS,reviews_2023.csv,2023-12-22T07:51:40.719707758,BATCH-G-20231222
REV-00084215,SKU-0011216,user_9026830,Connie Gardner,3,"Matches the description, no issues.",2023-09-15,False,NEUTRAL,7,SOURCE_G_REVIEWS,reviews_2023.csv,2023-09-15T05:55:04.729948403,BATCH-G-20230915
REV-00084230,SKU-0017922,user_9021062,Timothy,4,"Perfect gift, they loved it!",2023-09-11,True,POSITIVE,2,SOURCE_G_REVIEWS,reviews_2023.csv,2023-09-11T04:20:00.766856853,BATCH-G-20230911
REV-00084233,SKU-0003704,user_42380,Taylor,5,Fast delivery and great quality.,2023-11-09,False,POSITIVE,3,SOURCE_G_REVIEWS,reviews_2023.csv,2023-11-09T22:50:07.326576250,BATCH-G-20231109
REV-00084244,SKU-0017522,,Anonymous,1,गुणवत्ता ठीक नहीं थी।,2023-11-24,False,NEGATIVE,1,SOURCE_G_REVIEWS,reviews_2023.csv,2023-11-24T03:40:11.638802617,BATCH-G-20231124
REV-00084245,SKU-9968721,,Anonymous,3,"Matches the description, no issues.",2023-05-04,False,NEUTRAL,-2,SOURCE_G_REVIEWS,reviews_2023.csv,2023-05-04T19:21:31.381093472,BATCH-G-20230504
REV-00084252,SKU-0007436,user_47125,David Hensley,3,Works fine but delivery was slow.,2023-06-12,True,NEUTRAL,0,SOURCE_G_REVIEWS,reviews_2023.csv,2023-06-12T07:52:55.442472073,BATCH-G-20230612
REV-00084259,SKU-0006174,user_5807,Tara,5,"Muy buen producto, lo recomiendo.",2023-06-23,True,POSITIVE,3,SOURCE_G_REVIEWS,reviews_2023.csv,2023-06-23T15:49:17.401046660,BATCH-G-20230623
REV-00084263,SKU-0004011,user_9025060,Scott Martinez,5,Will definitely buy again.,2023-09-21,False,POSITIVE,0,SOURCE_G_REVIEWS,reviews_2023.csv,2023-09-21T00:48:48.696948334,BATCH-G-20230921
REV-00084265,SKU-9913906,user_68557,Bruce,5,Great value for money. 💯,2023-12-17,False,POSITIVE,0,SOURCE_G_REVIEWS,reviews_2023.csv,2023-12-18T02:47:53.643369417,BATCH-G-20231217
REV-00084297,SKU-0012259,user_32044,Bradley,?,"   Poor  packaging,  item  was  defective.   ",2023-09-11,True,NEGATIVE,2,SOURCE_G_REVIEWS,reviews_2023.csv,2023-09-11T09:28:20.994721668,BATCH-G-20230911
REV-00084308,SKU-0000118,user_4337,Lucas,5,Better than I expected for the price.,2023-12-08,True,POSITIVE,7,SOURCE_G_REVIEWS,reviews_2023.csv,2023-12-08T09:33:18.128049207,BATCH-G-20231208
REV-00084313,SKU-0014758,user_9034126,Christopher Paul,5,"Solid build quality, no complaints.",2023-12-05,True,POSITIVE,2,SOURCE_G_REVIEWS,reviews_2023.csv,2023-12-05T23:38:20.745876646,BATCH-G-20231205
REV-00084313-DUP,SKU-0014758,user_9034126,Christopher Paul,5,"Solid build quality, no complaints.",2023-12-05,True,POSITIVE,2,SOURCE_G_REVIEWS,reviews_2023.csv,2023-12-06T00:18:20.745876646,BATCH-G-20231205
REV-00084317,SKU-0000681,user_55354,Mark Sanchez,5,Great value for money.,2023-07-06,False,POSITIVE,12,SOURCE_G_REVIEWS,reviews_2023.csv,2023-07-06T19:59:13.762642857,BATCH-G-20230706
REV-00084325,SKU-0013488,,Anonymous,2,Not as described at all.,2023-09-09,True,NEGATIVE,3,SOURCE_G_REVIEWS,reviews_2023.csv,2023-09-10T01:23:37.245338960,BATCH-G-20230909
REV-00084334,SKU-0019894,user_24009,Edwin Lang,5,Better than I expected for the price.,2023-11-18,False,POSITIVE,5,SOURCE_G_REVIEWS,reviews_2023.csv,2023-11-18T07:24:15.434190073,BATCH-G-20231118
REV-00084344,SKU-0005852,user_25658,Jennifer Nunez,5,Great value for money.,2023-08-31,True,POSITIVE,0,SOURCE_G_REVIEWS,reviews_2023.csv,2023-08-31T14:40:11.528096981,BATCH-G-20230831
REV-00084350,SKU-0002022,,Anonymous,4,"बहुत अच्छा उत्पाद है, पैसा वसूल!",2023-03-03,True,POSITIVE,1,SOURCE_G_REVIEWS,reviews_2023.csv,2023-03-03T07:17:13.782982800,BATCH-G-20230303
REV-00084355,SKU-0016757,,Anonymous,3,"Matches the description, no issues.",2023-05-16,False,NEUTRAL,1,SOURCE_G_REVIEWS,reviews_2023.csv,2023-05-16T07:38:20.153199211,BATCH-G-20230516
REV-00084371,SKU-0015249,user_9018891,Michelle Obrien,2,"Waste of money, do not buy.",2023-09-14,True,NEGATIVE,0,SOURCE_G_REVIEWS,reviews_2023.csv,2023-09-15T05:51:49.358949399,BATCH-G-20230914
REV-00084376,SKU-0008398,user_9012967,Larry York,2,"Poor packaging, item was defective.",2023-09-23,False,NEGATIVE,3,SOURCE_G_REVIEWS,reviews_2023.csv,2023-09-23T17:15:01.168137016,BATCH-G-20230923
REV-00084388,SKU-0009532,,Anonymous,5,"बहुत अच्छा उत्पाद है, पैसा वसूल!",2023-05-14,True,POSITIVE,1,SOURCE_G_REVIEWS,reviews_2023.csv,2023-05-14T20:59:36.283816981,BATCH-G-20230514
REV-00084396,SKU-0018111,user_61600,Tiffany Vaughn,5,Great value for money.,2023-09-15,False,POSITIVE,0,SOURCE_G_REVIEWS,reviews_2023.csv,2023-09-15T07:37:47.158691784,BATCH-G-20230915
REV-00084402,SKU-0006840,user_9018644,Karen Maxwell DDS,4,"Absolutely love it, works perfectly!",2023-01-30,True,POSITIVE,9,SOURCE_G_REVIEWS,reviews_2023.csv,2023-01-30T08:58:46.621138701,BATCH-G-20230130
REV-00084438,SKU-0016290,user_22696,Noah Mckee,4,Highly recommend this product.,2023-01-26,True,POSITIVE,2,SOURCE_G_REVIEWS,reviews_2023.csv,2023-01-26T19:37:52.932373168,BATCH-G-20230126
REV-00084439,SKU-0019842,,Anonymous,Unknown,"Muy buen producto, lo recomiendo.",2023-02-16,True,POSITIVE,2,SOURCE_G_REVIEWS,reviews_2023.csv,2023-02-16T20:44:39.805704739,BATCH-G-20230216
REV-00084454,SKU-0012138,,Anonymous,4,"Exactly as described, very happy.",2023-10-31,False,POSITIVE,4,SOURCE_G_REVIEWS,reviews_2023.csv,2023-10-31T21:41:41.956974359,BATCH-G-20231031
REV-00084456,SKU-0009928,,Anonymous,4,Better than I expected for the price.,2023-03-20,True,POSITIVE,0,SOURCE_G_REVIEWS,reviews_2023.csv,2023-03-21T02:44:26.361755864,BATCH-G-20230320
REV-00084459,SKU-0015971,user_9020132,Brenda Foster,2,Not as described at all.,2023-04-02,False,NEGATIVE,1,SOURCE_G_REVIEWS,reviews_2023.csv,2023-04-02T14:52:07.405546390,BATCH-G-20230402
REV-00084469,SKU-0008513,,Anonymous,4,Fast delivery and great quality. 👍,2023-02-12,False,POSITIVE,0,SOURCE_G_REVIEWS,reviews_2023.csv,2023-02-12T05:31:49.066773095,BATCH-G-20230212
REV-00084471,SKU-0002712,user_9010987,Paul,5,"Perfect gift, they loved it!",2023-01-13,True,POSITIVE,0,SOURCE_G_REVIEWS,reviews_2023.csv,2023-01-13T13:14:54.140166334,BATCH-G-20230113
REV-00084472,SKU-0008130,user_25262,Joshua,5,Better than I expected for the price.,2023-11-12,False,POSITIVE,0,SOURCE_G_REVIEWS,reviews_2023.csv,2023-11-12T11:00:33.509426650,BATCH-G-20231112
REV-00084477,SKU-0005120,user_44685,Andrew,5,Better than I expected for the price.,2023-07-25,True,POSITIVE,20,SOURCE_G_REVIEWS,reviews_2023.csv,2023-07-25T02:51:55.861164585,BATCH-G-20230725
REV-00084487,SKU-0013533,user_9006766,Daniel Burns,4,Will definitely buy again. 💯,2023-11-26,False,POSITIVE,5,SOURCE_G_REVIEWS,reviews_2023.csv,2023-11-27T00:10:27.170361448,BATCH-G-20231126
REV-00084510,SKU-0017191,,Anonymous,4,Great value for money. 😍,2023-09-15,True,POSITIVE,2,SOURCE_G_REVIEWS,reviews_2023.csv,2023-09-15T00:56:44.633018797,BATCH-G-20230915
REV-00084511,SKU-0010846,user_12119,Jason,5,   Better  than  I  expected  for  the  price.   ,2023-06-15,False,POSITIVE,4,SOURCE_G_REVIEWS,reviews_2023.csv,2023-06-15T23:15:07.284579622,BATCH-G-20230615
REV-00084514,SKU-0008080,,Anonymous,4,Fast delivery and great quality.,2023-08-14,True,POSITIVE,0,SOURCE_G_REVIEWS,reviews_2023.csv,2023-08-14T00:40:01.520870118,BATCH-G-20230814
REV-00084518,SKU-0000031,user_67892,Caroline,3,Decent but overpriced a bit.,2023-04-16,True,NEUTRAL,0,SOURCE_G_REVIEWS,reviews_2023.csv,2023-04-16T13:16:59.343966489,BATCH-G-20230416
REV-00084528,SKU-0019333,user_27766,Lisa,5,"Muy buen producto, lo recomiendo. Solid build quality, no complaints. 👍",2023-12-31,False,POSITIVE,4,SOURCE_G_REVIEWS,reviews_2023.csv,2023-12-31T11:57:08.273865077,BATCH-G-20231231
REV-00084530,SKU-0000680,user_9018042,Barbara,null,Exceeded my expectations.,2023-07-14,False,POSITIVE,2,SOURCE_G_REVIEWS,reviews_2023.csv,2023-07-14T18:47:06.670183659,BATCH-G-20230714
REV-00084531,SKU-0012494,user_9005537,Damon Ellis,0,<br>Stopped working after a week.<p>,2023-12-10,True,NEGATIVE,6,SOURCE_G_REVIEWS,reviews_2023.csv,2023-12-10T05:37:28.592456887,BATCH-G-20231210
REV-00084542,SKU-0012539,user_9029648,Brian Jordan,5,Exceeded my expectations.,2023-06-01,True,POSITIVE,1,SOURCE_G_REVIEWS,reviews_2023.csv,2023-06-01T20:27:54.548369753,BATCH-G-20230601
REV-00084552,SKU-0006569,user_62769,Justin Kelly,4,Exceeded my expectations.,2023-04-29,False,POSITIVE,0,SOURCE_G_REVIEWS,reviews_2023.csv,2023-04-30T01:11:00.482287691,BATCH-G-20230429
REV-00084556,SKU-0001432,user_42854,Erica Ross,5,"Solid build quality, no complaints.",2023-03-16,True,POSITIVE,3,SOURCE_G_REVIEWS,reviews_2023.csv,2023-03-16T16:09:22.558856410,BATCH-G-20230316
REV-00084560,SKU-0016750,user_9029595,Cynthia,4,"Exactly as described, very happy.",2023-10-01,True,POSITIVE,3,SOURCE_G_REVIEWS,reviews_2023.csv,2023-10-01T20:58:08.814087008,BATCH-G-20231001
REV-00084565,SKU-0019986,user_24807,Veronica Roberts,1,"Waste of money, do not buy.",2023-05-21,False,NEGATIVE,1,SOURCE_G_REVIEWS,reviews_2023.csv,2023-05-21T01:35:01.336875805,BATCH-G-20230521
REV-00084578,SKU-0019065,user_9028410,Amber Shelton,4,"Absolutely love it, works perfectly!",2023-03-20,False,POSITIVE,2,SOURCE_G_REVIEWS,reviews_2023.csv,2023-03-20T09:29:31.767075743,BATCH-G-20230320
REV-00084580,SKU-0004388,user_9000673,Jim Gray,5,Better than I expected for the price.,2023-01-30,False,POSITIVE,2,SOURCE_G_REVIEWS,reviews_2023.csv,2023-01-30T06:24:35.528453285,BATCH-G-20230130
REV-00084580-DUP,SKU-0004388,user_9000673,Jim Gray,5,Better than I expected for the price.,2023-01-30,False,POSITIVE,2,SOURCE_G_REVIEWS,reviews_2023.csv,2023-01-30T06:37:35.528453285,BATCH-G-20230130
REV-00084582,SKU-0005473,user_37204,Brian White,4,"Absolutely love it, works perfectly!",2023-10-22,False,POSITIVE,0,SOURCE_G_REVIEWS,reviews_2023.csv,2023-10-22T08:12:22.106490163,BATCH-G-20231022
REV-00084583,SKU-0013730,user_63546,Diana,6,"Average quality, nothing special. 😀",2023-09-15,False,NEUTRAL,0,SOURCE_G_REVIEWS,reviews_2023.csv,2023-09-16T04:27:48.831230091,BATCH-G-20230915
REV-00084585,SKU-0014192,user_9000011,Brian,5,<br>Very disappointed with the quality.&nbsp;,2023-07-30,True,NEGATIVE,5,SOURCE_G_REVIEWS,reviews_2023.csv,2023-07-30T07:21:13.685663298,BATCH-G-20230730
REV-00084588,SKU-0011283,user_9011277,Kyle,4,"Cheaply made, broke immediately.",2023-06-15,True,NEGATIVE,1,SOURCE_G_REVIEWS,reviews_2023.csv,2023-06-15T14:13:36.072207318,BATCH-G-20230615
REV-00084598,SKU-0000102,user_9009558,Omar,4,Fast delivery and great quality.,2023-01-26,False,POSITIVE,1,SOURCE_G_REVIEWS,reviews_2023.csv,2023-01-26T07:55:34.734077788,BATCH-G-20230126
REV-00084600,SKU-0014936,user_9019920,Adam Hodges,5,"Solid build quality, no complaints.",2023-12-27,False,POSITIVE,0,SOURCE_G_REVIEWS,reviews_2023.csv,2023-12-27T10:01:50.958024415,BATCH-G-20231227
REV-00084608,SKU-9969842,user_41837,Zachary Rodriguez,5,"Absolutely love it, works perfectly!",2023-04-18,True,POSITIVE,2,SOURCE_G_REVIEWS,reviews_2023.csv,2023-04-18T05:10:08.718500829,BATCH-G-20230418
REV-00084617,SKU-0016154,user_9014596,Michelle Rodriguez,4,Works fine but delivery was slow.,2023-12-05,True,NEUTRAL,2,SOURCE_G_REVIEWS,reviews_2023.csv,2023-12-05T15:07:36.428087999,BATCH-G-20231205
REV-00084633,SKU-0001912,user_46226,Haley Garcia,,गुणवत्ता ठीक नहीं थी।,2023-07-11,True,NEGATIVE,0,SOURCE_G_REVIEWS,reviews_2023.csv,2023-07-11T01:45:06.031673309,BATCH-G-20230711
REV-00084643,SKU-0014928,user_9023211,Barbara Tate,5,"Solid build quality, no complaints.",2023-12-18,True,POSITIVE,5,SOURCE_G_REVIEWS,reviews_2023.csv,2023-12-18T13:40:17.815703973,BATCH-G-20231218
REV-00084648,SKU-0015020,user_5806,Valerie,3,"Not bad, not great either.",2023-03-31,True,NEUTRAL,2,SOURCE_G_REVIEWS,reviews_2023.csv,2023-03-31T08:30:59.616382328,BATCH-G-20230331
REV-00084657,SKU-0016493,user_9029307,Amanda,5,Fast delivery and great quality.,2023-11-19,False,POSITIVE,0,SOURCE_G_REVIEWS,reviews_2023.csv,2023-11-20T05:56:22.003143804,BATCH-G-20231119
REV-00084660,SKU-0005044,,Anonymous,5,"Matches the description, no issues.",2023-04-20,False,NEUTRAL,6,SOURCE_G_REVIEWS,reviews_2023.csv,2023-04-20T16:17:12.392879959,BATCH-G-20230420
REV-00084662,SKU-0015770,user_9025192,Mary,3,"Not bad, not great either.",2023-11-27,True,NEUTRAL,0,SOURCE_G_REVIEWS,reviews_2023.csv,2023-11-27T06:08:54.053954827,BATCH-G-20231127
REV-00084664,SKU-0007163,user_9030081,Kimberly Miller,3,Works fine but delivery was slow.,2023-12-19,True,NEUTRAL,5,SOURCE_G_REVIEWS,reviews_2023.csv,2023-12-19T05:11:02.818703536,BATCH-G-20231219
REV-00084665,SKU-0009807,,Anonymous,1,Wrong item was shipped to me.,2023-11-25,True,NEGATIVE,3,SOURCE_G_REVIEWS,reviews_2023.csv,2023-11-25T18:25:53.992471115,BATCH-G-20231125
REV-00084666,SKU-0015509,user_48499,Riley,5,Highly recommend this product.,2023-12-27,True,POSITIVE,2,SOURCE_G_REVIEWS,reviews_2023.csv,2023-12-28T05:02:37.514146881,BATCH-G-20231227
REV-00084674,SKU-0019387,,Anonymous,5,Great value for money.,2023-01-14,False,POSITIVE,1,SOURCE_G_REVIEWS,reviews_2023.csv,2023-01-14T09:36:34.110878040,BATCH-G-20230114
REV-00084677,SKU-0008962,user_34932,Marissa Leonard,2,"Cheaply made, broke immediately.",2023-08-24,True,NEGATIVE,2,SOURCE_G_REVIEWS,reviews_2023.csv,2023-08-24T05:35:44.968722131,BATCH-G-20230824
REV-00084683,SKU-0011781,user_11150,Jordan Parker,3,"Not bad, not great either.",2023-07-16,True,NEUTRAL,0,SOURCE_G_REVIEWS,reviews_2023.csv,2023-07-17T05:31:37.561457868,BATCH-G-20230716
REV-00084690,SKU-0015709,user_58895,Frank,4,"Perfect gift, they loved it!",2023-11-07,True,POSITIVE,1,SOURCE_G_REVIEWS,reviews_2023.csv,2023-11-07T10:30:36.749203566,BATCH-G-20231107
REV-00084692,SKU-0009991,user_9027273,Stephen Perez,2,Wrong item was shipped to me.,2023-04-15,False,NEGATIVE,6,SOURCE_G_REVIEWS,reviews_2023.csv,2023-04-15T14:44:20.389262509,BATCH-G-20230415
REV-00084694,SKU-0010163,user_9012405,Brian Bowen,4,"<b>Update:</b>Exactly as described, very happy.&nbsp;",2023-07-10,True,POSITIVE,0,SOURCE_G_REVIEWS,reviews_2023.csv,2023-07-19T12:00:00,BATCH-G-20230710
REV-00084696,SKU-0002549,user_52250,Kimberly,5,"Perfect gift, they loved it!",2023-10-12,True,POSITIVE,0,SOURCE_G_REVIEWS,reviews_2023.csv,2023-10-12T16:43:07.517048046,BATCH-G-20231012
REV-00084698,SKU-0007932,user_25809,Deborah,4,"Solid build quality, no complaints.",2023-03-22,False,POSITIVE,1,SOURCE_G_REVIEWS,reviews_2023.csv,2023-03-22T06:42:39.090193026,BATCH-G-20230322
REV-00084710,SKU-0003165,user_9009388,Zachary Khan,4,"Perfect gift, they loved it!",2023-08-19,False,POSITIVE,0,SOURCE_G_REVIEWS,reviews_2023.csv,2023-08-19T15:08:39.724413675,BATCH-G-20230819
REV-00084712,SKU-0015434,user_9003236,John Cox,4,"Perfect gift, they loved it!",2023-07-15,True,POSITIVE,0,SOURCE_G_REVIEWS,reviews_2023.csv,2023-07-15T14:58:42.720263525,BATCH-G-20230715
REV-00084713,SKU-0010074,user_9006839,Kelly Warren,4,"Absolutely love it, works perfectly!",2023-04-01,False,POSITIVE,7,SOURCE_G_REVIEWS,reviews_2023.csv,2023-04-01T14:45:17.316775834,BATCH-G-20230401
REV-00084714,SKU-0018472,user_52392,Randy,5,Highly recommend this product.,2023-11-17,False,POSITIVE,2,SOURCE_G_REVIEWS,reviews_2023.csv,2023-11-17T03:39:31.452178218,BATCH-G-20231117
REV-00084725,SKU-0015088,,Anonymous,5,"Perfect gift, they loved it!",2023-09-11,True,POSITIVE,0,SOURCE_G_REVIEWS,reviews_2023.csv,2023-09-11T05:31:30.585814819,BATCH-G-20230911
REV-00084735,SKU-0019008,user_9029515,Robert Ortiz,5,Wrong item was shipped to me.,2023-12-16,True,NEGATIVE,2,SOURCE_G_REVIEWS,reviews_2023.csv,2023-12-16T12:43:00.317318275,BATCH-G-20231216
REV-00084755,SKU-0005353,user_9016537,Jeremy Williams,5,Highly recommend this product.,2023-08-19,True,POSITIVE,2,SOURCE_G_REVIEWS,reviews_2023.csv,2023-08-19T03:13:28.782824769,BATCH-G-20230819
REV-00084783,SKU-0005054,,Anonymous,5,"Exactly as described, very happy.",2023-12-10,False,POSITIVE,8,SOURCE_G_REVIEWS,reviews_2023.csv,2023-12-10T12:23:22.514135477,BATCH-G-20231210
REV-00084788,SKU-0012394,user_9032046,Antonio Griffin,5,Fast delivery and great quality.,2023-12-27,False,POSITIVE,5,SOURCE_G_REVIEWS,reviews_2023.csv,2023-12-27T06:33:08.504767679,BATCH-G-20231227
REV-00084797,SKU-0016406,user_61618,Jennifer Hamilton,5,"   Solid  build  quality,  no  complaints.   ",2023-10-02,True,POSITIVE,1,SOURCE_G_REVIEWS,reviews_2023.csv,2023-10-02T21:20:07.689032826,BATCH-G-20231002
REV-00084804,SKU-0001475,user_37840,Monica,4,"Absolutely love it, works perfectly!",2023-07-04,True,POSITIVE,3,SOURCE_G_REVIEWS,reviews_2023.csv,2023-07-05T00:47:07.987020366,BATCH-G-20230704
REV-00084818,SKU-0006696,user_43603,Tanner,3,"Not bad, not great either.",2023-06-22,False,NEUTRAL,1,SOURCE_G_REVIEWS,reviews_2023.csv,2023-06-22T01:32:29.821850320,BATCH-G-20230622
REV-00084820,SKU-0004300,user_9016391,Scott,1,Stopped working after a week.,2023-11-14,False,NEGATIVE,2,SOURCE_G_REVIEWS,reviews_2023.csv,2023-11-14T16:41:24.275599029,BATCH-G-20231114
REV-00084829,SKU-0019338,user_9020157,Anna,3,"Matches the description, no issues. 😍⭐",2023-01-24,False,NEUTRAL,12,SOURCE_G_REVIEWS,reviews_2023.csv,2023-01-24T06:45:15.339857934,BATCH-G-20230124
REV-00084835,SKU-0001541,user_26817,Mr. Andrew Cook,2,"Waste of money, do not buy.",2023-02-10,True,NEGATIVE,0,SOURCE_G_REVIEWS,reviews_2023.csv,2023-02-10T09:24:37.744959519,BATCH-G-20230210
REV-00084835-DUP,SKU-0001541,user_26817,Mr. Andrew Cook,2,"Waste of money, do not buy.",2023-02-10,True,NEGATIVE,0,SOURCE_G_REVIEWS,reviews_2023.csv,2023-02-10T09:52:37.744959519,BATCH-G-20230210
REV-00084838,SKU-0007293,user_23232,Dana Hahn,4,"Perfect gift, they loved it!",2023-11-18,True,POSITIVE,6,SOURCE_G_REVIEWS,reviews_2023.csv,2023-11-19T02:52:41.493011845,BATCH-G-20231118
REV-00084845,SKU-0008400,user_3117,Nicole,2,Not as described at all.,2023-10-14,False,NEGATIVE,2,SOURCE_G_REVIEWS,reviews_2023.csv,2023-10-14T13:42:22.639235816,BATCH-G-20231014
REV-00084851,SKU-0008668,user_61100,Stephanie,4,Great value for money.,2023-06-27,True,POSITIVE,0,SOURCE_G_REVIEWS,reviews_2023.csv,2023-06-27T14:10:17.482946932,BATCH-G-20230627
REV-00084877,SKU-0014174,user_23467,Kevin Callahan,3,Works fine but delivery was slow.,2023-08-04,False,NEUTRAL,0,SOURCE_G_REVIEWS,reviews_2023.csv,2023-08-04T23:27:04.934890953,BATCH-G-20230804
REV-00084900,SKU-0013501,,Anonymous,3,"Matches the description, no issues. 🔥",2023-01-25,True,NEUTRAL,4,SOURCE_G_REVIEWS,reviews_2023.csv,2023-01-25T01:40:03.951866468,BATCH-G-20230125
REV-00084903,SKU-0008845,user_9002701,Kyle Miller,3,"Matches the description, no issues.",2023-05-05,True,NEUTRAL,1,SOURCE_G_REVIEWS,reviews_2023.csv,2023-05-05T21:49:34.624115487,BATCH-G-20230505
REV-00084909,SKU-0018487,user_9030294,Stephanie Ortega DVM,4,Better than I expected for the price.,2023-07-24,True,POSITIVE,1,SOURCE_G_REVIEWS,reviews_2023.csv,2023-07-24T09:06:53.024920965,BATCH-G-20230724
REV-00084919,SKU-0019760,,Anonymous,1,Stopped working after a week.,2023-09-23,False,NEGATIVE,4,SOURCE_G_REVIEWS,reviews_2023.csv,2023-09-23T16:19:58.959206872,BATCH-G-20230923
REV-00084945,SKU-0005117,user_9020474,Diana,4,"Solid build quality, no complaints.",2023-02-15,True,POSITIVE,3,SOURCE_G_REVIEWS,reviews_2023.csv,2023-02-15T23:05:50.966784193,BATCH-G-20230215
REV-00084949,SKU-0014293,,Anonymous,3,"It's okay, does the job.",2023-12-12,True,NEUTRAL,0,SOURCE_G_REVIEWS,reviews_2023.csv,2023-12-13T03:05:20.857320104,BATCH-G-20231212
REV-00084957,SKU-0017861,,Anonymous,2,Very disappointed with the quality.,2023-07-24,True,NEGATIVE,0,SOURCE_G_REVIEWS,reviews_2023.csv,2023-07-24T10:38:05.485875001,BATCH-G-20230724
REV-00084967,SKU-0006275,user_64443,Mrs. Michelle Davis,5,"Solid build quality, no complaints.",2023-07-03,True,POSITIVE,0,SOURCE_G_REVIEWS,reviews_2023.csv,2023-07-04T05:47:54.001253675,BATCH-G-20230703
REV-00084972,SKU-0005769,user_9029174,Francisco Sanchez,5,"Solid build quality, no complaints.",2023-08-27,False,POSITIVE,15,SOURCE_G_REVIEWS,reviews_2023.csv,2023-08-27T04:37:48.245680603,BATCH-G-20230827
REV-00084973,SKU-0006241,user_9011603,Justin, ,Works fine but delivery was slow.,2023-04-05,False,NEUTRAL,2,SOURCE_G_REVIEWS,reviews_2023.csv,2023-04-05T13:40:42.468326896,BATCH-G-20230405
REV-00084978,SKU-0019664,,Anonymous,5,"Livraison très lente, déçu.",2023-09-17,False,POSITIVE,1,SOURCE_G_REVIEWS,reviews_2023.csv,2023-09-18T02:38:21.436520949,BATCH-G-20230917
REV-00084997,SKU-0013698,,Anonymous,2,Stopped working after a week.,2023-06-09,True,NEGATIVE,1,SOURCE_G_REVIEWS,reviews_2023.csv,2023-06-09T23:44:47.787319191,BATCH-G-20230609
REV-00084998,SKU-0009259,user_13399,James Munoz,5,"<b>Update:</b>Absolutely love it, works perfectly!<i>edited</i>",2023-06-15,True,POSITIVE,1,SOURCE_G_REVIEWS,reviews_2023.csv,2023-06-15T23:52:23.741272863,BATCH-G-20230615
REV-00085000,SKU-0007121,user_9027604,Kathryn,5,Highly recommend this product.,2023-11-16,False,POSITIVE,0,SOURCE_G_REVIEWS,reviews_2023.csv,2023-11-17T03:47:52.493530528,BATCH-G-20231116
REV-00085010,SKU-0016734,user_9004236,Joseph Brown,4,Excellent rapport qualité-prix. Great value for money. 😐💯,2023-04-29,False,POSITIVE,1,SOURCE_G_REVIEWS,reviews_2023.csv,2023-04-30T03:57:06.059213776,BATCH-G-20230429
REV-00085017,SKU-0006575,user_22356,Jeremy Owens,5,"Absolutely love it, works perfectly!",2023-12-20,False,POSITIVE,6,SOURCE_G_REVIEWS,reviews_2023.csv,2023-12-20T15:58:08.589110205,BATCH-G-20231220
REV-00085023,SKU-0001071,user_9001195,Margaret Hopkins,5,"   Solid  build  quality,  no  complaints.   ",2023-12-08,False,POSITIVE,5,SOURCE_G_REVIEWS,reviews_2023.csv,2023-12-08T20:45:27.129397348,BATCH-G-20231208
REV-00085028,SKU-0011713,,Anonymous,3,"Matches the description, no issues.",2023-10-09,True,NEUTRAL,2,SOURCE_G_REVIEWS,reviews_2023.csv,2023-10-10T00:20:51.039201350,BATCH-G-20231009
REV-00085036,SKU-0014373,user_15180,Lisa Merritt,3,Decent but overpriced a bit.,2023-03-30,False,NEUTRAL,6,SOURCE_G_REVIEWS,reviews_2023.csv,2023-03-31T00:36:26.904599530,BATCH-G-20230330
REV-00085050,SKU-0015770,user_9015145,Edwin Jones,3,"Waste of money, do not buy.",2023-01-20,False,NEGATIVE,3,SOURCE_G_REVIEWS,reviews_2023.csv,2023-01-20T15:17:37.363656150,BATCH-G-20230120
REV-00085052,SKU-0016972,user_9030915,Katherine Hansen,4,"Solid build quality, no complaints.",2023-07-07,True,POSITIVE,0,SOURCE_G_REVIEWS,reviews_2023.csv,2023-07-07T15:22:06.996342737,BATCH-G-20230707
REV-00085056,SKU-0009888,user_25854,Nicole Gregory MD,1,Not as described at all. ⭐😀,2023-08-12,True,NEGATIVE,0,SOURCE_G_REVIEWS,reviews_2023.csv,2023-08-13T00:38:28.598045246,BATCH-G-20230812
REV-00085057,SKU-0003854,,Anonymous,5,Better than I expected for the price. 🙏,2023-01-06,False,POSITIVE,5,SOURCE_G_REVIEWS,reviews_2023.csv,2023-01-07T00:08:50.234577884,BATCH-G-20230106
REV-00085062,SKU-0002059,,Anonymous,5,Highly recommend this product.,2023-11-12,True,POSITIVE,4,SOURCE_G_REVIEWS,reviews_2023.csv,2023-11-13T05:18:05.067667083,BATCH-G-20231112
REV-00085093,SKU-0003575,user_67221,Thomas Ross,4,Fast delivery and great quality.,2023-06-29,True,POSITIVE,0,SOURCE_G_REVIEWS,reviews_2023.csv,2023-06-29T14:22:09.696208868,BATCH-G-20230629
REV-00085103,SKU-0011397,user_9031486,Christina Gibbs,4,"Exactly as described, very happy.",2023-02-23,True,POSITIVE,3,SOURCE_G_REVIEWS,reviews_2023.csv,2023-02-23T01:45:00.494477115,BATCH-G-20230223
REV-00085113,SKU-0000901,user_45760,Cameron Sanford,5,Will definitely buy again.,2023-11-13,False,POSITIVE,0,SOURCE_G_REVIEWS,reviews_2023.csv,2023-11-14T02:35:17.399231097,BATCH-G-20231113
REV-00085124,SKU-0016897,user_9010199,Anthony Lee,5,"Exactly as described, very happy.",2023-06-03,True,POSITIVE,0,SOURCE_G_REVIEWS,reviews_2023.csv,2023-06-04T02:36:50.702709526,BATCH-G-20230603
REV-00085125,SKU-0014951,user_2870,Brandon Butler,2,Wrong item was shipped to me.,2023-02-28,True,NEGATIVE,5,SOURCE_G_REVIEWS,reviews_2023.csv,2023-02-28T06:24:25.487807267,BATCH-G-20230228
REV-00085128,SKU-0018275,user_9003409,Courtney,3,Decent but overpriced a bit.,2023-12-18,True,NEUTRAL,2,SOURCE_G_REVIEWS,reviews_2023.csv,2023-12-19T05:35:17.060177391,BATCH-G-20231218
REV-00085137,SKU-9975502,,Anonymous,5,Fast delivery and great quality.,2023-12-05,True,POSITIVE,5,SOURCE_G_REVIEWS,reviews_2023.csv,2023-12-05T20:39:08.049979355,BATCH-G-20231205
REV-00085144,SKU-0006929,user_9020868,David,5,"Absolutely love it, works perfectly!",2023-04-24,True,POSITIVE,3,SOURCE_G_REVIEWS,reviews_2023.csv,2023-04-24T13:13:15.110215626,BATCH-G-20230424
REV-00085157,SKU-0014999,user_14855,Lori,,"Exactly as described, very happy.",2023-05-13,True,POSITIVE,1,SOURCE_G_REVIEWS,reviews_2023.csv,2023-05-13T23:23:00.123789257,BATCH-G-20230513
REV-00085162,SKU-0002524,user_9009832,Stephanie,2,"Cheaply made, broke immediately.",2023-08-13,True,NEGATIVE,1,SOURCE_G_REVIEWS,reviews_2023.csv,2023-08-13T20:46:15.710928448,BATCH-G-20230813
REV-00085164,SKU-0007155,user_6970,Ronald Jacobson,null,Great value for money.,2023-03-07,False,POSITIVE,2,SOURCE_G_REVIEWS,reviews_2023.csv,2023-03-07T11:37:42.743584674,BATCH-G-20230307
REV-00085169,SKU-0018991,,Anonymous,5, ,2023-02-24,True,POSITIVE,3,SOURCE_G_REVIEWS,reviews_2023.csv,2023-02-24T00:42:14.903585889,BATCH-G-20230224
REV-00085173,SKU-0000877,user_33191,Rebecca,2,Very disappointed with the quality.,2023-06-30,True,NEGATIVE,2,SOURCE_G_REVIEWS,reviews_2023.csv,2023-06-30T17:40:42.913578889,BATCH-G-20230630
REV-00085173-BOT,SKU-0000877,user_21367,Kendra,2,Very disappointed with the quality.,2023-06-30,False,NEGATIVE,0,SOURCE_G_REVIEWS,reviews_2023.csv,2023-06-30T17:40:42.913578889,BATCH-G-20230630
REV-00085174,SKU-0002247,user_7934,Cynthia Knapp,NA,Fast delivery and great quality.,2023-12-14,True,POSITIVE,0,SOURCE_G_REVIEWS,reviews_2023.csv,2023-12-14T10:00:26.167134672,BATCH-G-20231214
REV-00085180,SKU-0006018,user_9033714,Michael Stokes,4,Great value for money.,2023-01-28,True,POSITIVE,7,SOURCE_G_REVIEWS,reviews_2023.csv,2023-01-28T10:15:25.147208188,BATCH-G-20230128
REV-00085188,SKU-0005181,user_9034826,George Lowery,5,"It's okay, does the job.",2023-03-03,False,NEUTRAL,7,SOURCE_G_REVIEWS,reviews_2023.csv,2023-03-03T11:32:26.455363907,BATCH-G-20230303
REV-00085189,SKU-0002654,user_59595,Phillip Martinez,4,"Exactly as described, very happy.",2023-05-05,True,POSITIVE,1,SOURCE_G_REVIEWS,reviews_2023.csv,2023-05-05T15:42:14.132954818,BATCH-G-20230505
REV-00085193,SKU-9970997,user_26257,Louis,5,Great value for money.,2023-01-26,False,POSITIVE,1,SOURCE_G_REVIEWS,reviews_2023.csv,2023-01-26T15:37:01.242103493,BATCH-G-20230126
REV-00085202,SKU-0004200,user_9028560,Ruth,5,"Perfect gift, they loved it!",2023-05-22,True,POSITIVE,0,SOURCE_G_REVIEWS,reviews_2023.csv,2023-05-22T16:46:24.858484437,BATCH-G-20230522
REV-00085213,SKU-0013231,user_4040,Yvette,5,"Exactly as described, very happy.",2023-06-08,True,POSITIVE,0,SOURCE_G_REVIEWS,reviews_2023.csv,2023-06-08T13:29:41.654542026,BATCH-G-20230608
REV-00085231,SKU-0011020,user_9004814,Curtis Burke,5,Better than I expected for the price.,2023-01-24,True,POSITIVE,6,SOURCE_G_REVIEWS,reviews_2023.csv,2023-01-25T00:15:51.238674182,BATCH-G-20230124
REV-00085232,SKU-0017080,user_39636,Alexander,5,"Exactly as described, very happy.",2023-06-25,True,POSITIVE,0,SOURCE_G_REVIEWS,reviews_2023.csv,2023-06-25T19:00:15.819908573,BATCH-G-20230625
REV-00085248,SKU-0010298,user_4825,Jessica Combs,3,"It's okay, does the job. 👍",2023-06-28,True,NEUTRAL,7,SOURCE_G_REVIEWS,reviews_2023.csv,2023-06-28T06:10:01.906312106,BATCH-G-20230628
REV-00085252,SKU-0008174,user_9023070,Craig Stewart,5,Will definitely buy again.,2023-01-16,True,POSITIVE,0,SOURCE_G_REVIEWS,reviews_2023.csv,2023-01-16T05:58:55.427764099,BATCH-G-20230116
REV-00085265,SKU-0010359,,Anonymous,4,Fast delivery and great quality.,2023-08-06,True,POSITIVE,3,SOURCE_G_REVIEWS,reviews_2023.csv,2023-08-06T23:43:50.417170654,BATCH-G-20230806
REV-00085273,SKU-0004698,user_68673,Brandon Soto,4,Exceeded my expectations.,2023-02-10,True,POSITIVE,5,SOURCE_G_REVIEWS,reviews_2023.csv,2023-02-10T04:26:35.772323193,BATCH-G-20230210
REV-00085277,SKU-0014829,user_55969,Stacey Gray,NULL,"Average quality, nothing special.",2023-02-18,True,NEUTRAL,4,SOURCE_G_REVIEWS,reviews_2023.csv,2023-02-18T13:42:01.258268491,BATCH-G-20230218
REV-00085282,SKU-0017050,user_8902,Christina Cooper,4,Highly recommend this product.,2023-08-23,True,POSITIVE,10,SOURCE_G_REVIEWS,reviews_2023.csv,2023-08-24T01:37:20.584135278,BATCH-G-20230823
REV-00085283,SKU-0019337,user_55037,Shane Howard,1,Arrived damaged and support was unhelpful.,2023-01-05,False,NEGATIVE,0,SOURCE_G_REVIEWS,reviews_2023.csv,2023-01-05T06:24:42.526074552,BATCH-G-20230105
REV-00085303,SKU-0019408,user_9014827,Kyle Miranda Jr.,5,Better than I expected for the price.,2023-07-19,False,POSITIVE,0,SOURCE_G_REVIEWS,reviews_2023.csv,2023-07-19T17:52:35.341288266,BATCH-G-20230719
REV-00085306,SKU-0001240,user_28265,Trevor,1,Wrong item was shipped to me.,2023-08-19,False,NEGATIVE,3,SOURCE_G_REVIEWS,reviews_2023.csv,2023-08-19T20:58:40.609656082,BATCH-G-20230819
REV-00085314,SKU-0001696,user_60027,Rodney Arnold,4,Will definitely buy again.,2023-08-29,True,POSITIVE,4,SOURCE_G_REVIEWS,reviews_2023.csv,2023-08-29T02:34:04.745794121,BATCH-G-20230829
REV-00085324,SKU-0012754,user_9015740,Brian,4,Will definitely buy again.,2023-12-30,True,POSITIVE,9,SOURCE_G_REVIEWS,reviews_2023.csv,2023-12-31T01:44:14.385004300,BATCH-G-20231230
REV-00085329,SKU-0019466,user_9029687,Heather,3,Decent but overpriced a bit.,2023-01-02,True,NEUTRAL,0,SOURCE_G_REVIEWS,reviews_2023.csv,2023-01-02T22:30:34.464418540,BATCH-G-20230102
REV-00085332,SKU-0009007,user_9016819,Steven,5,Highly recommend this product.,2023-09-12,True,POSITIVE,11,SOURCE_G_REVIEWS,reviews_2023.csv,2023-09-12T05:19:11.869588055,BATCH-G-20230912
REV-00085347,SKU-0019481,user_63836,Raymond Camacho,5,गुणवत्ता ठीक नहीं थी।,2023-10-21,True,POSITIVE,9,SOURCE_G_REVIEWS,reviews_2023.csv,2023-10-22T04:56:08.242173634,BATCH-G-20231021
REV-00085369,SKU-0011091,user_9028279,Erica Lopez,2,Stopped working after a week.,2023-12-15,False,NEGATIVE,4,SOURCE_G_REVIEWS,reviews_2023.csv,2023-12-16T04:06:14.880632936,BATCH-G-20231215
REV-00085373,SKU-0007209,,Anonymous,5,"Exactly as described, very happy.",2023-02-11,False,POSITIVE,1,SOURCE_G_REVIEWS,reviews_2023.csv,2023-02-11T14:27:08.377367738,BATCH-G-20230211
REV-00085378,SKU-0018584,user_9031633,Michelle Goodwin,5,Exceeded my expectations.,2023-10-20,True,POSITIVE,3,SOURCE_G_REVIEWS,reviews_2023.csv,2023-10-20T20:47:27.164515475,BATCH-G-20231020
REV-00085379,SKU-9937794,user_9018092,John Gibson Jr.,2,Wrong item was shipped to me.,2023-10-14,True,NEGATIVE,2,SOURCE_G_REVIEWS,reviews_2023.csv,2023-10-14T16:07:38.942962309,BATCH-G-20231014
REV-00085385,SKU-0008583,user_9012136,Jeff Smith Jr.,4,"Perfect gift, they loved it!",2023-08-05,True,POSITIVE,0,SOURCE_G_REVIEWS,reviews_2023.csv,2023-08-05T12:40:49.988987615,BATCH-G-20230805
REV-00085388,SKU-0001463,user_45589,Brian Jackson,1,Very disappointed with the quality.,2023-12-31,True,NEGATIVE,0,SOURCE_G_REVIEWS,reviews_2023.csv,2023-12-31T10:24:21.045334670,BATCH-G-20231231
REV-00085390,SKU-0011016,user_9002956,Mr. Ricky Sharp,4,"Exactly as described, very happy.",2023-03-05,False,POSITIVE,0,SOURCE_G_REVIEWS,reviews_2023.csv,2023-03-05T14:49:37.277747323,BATCH-G-20230305
REV-00085399,SKU-0006428,user_9003438,Danielle Strickland,4,Arrived damaged and support was unhelpful.,2023-06-30,True,NEGATIVE,1,SOURCE_G_REVIEWS,reviews_2023.csv,2023-06-30T21:02:44.213155345,BATCH-G-20230630
REV-00085406,SKU-0014126,,Anonymous,4,Fast delivery and great quality. 🙏,2023-03-29,True,POSITIVE,4,SOURCE_G_REVIEWS,reviews_2023.csv,2023-03-29T12:15:53.104501410,BATCH-G-20230329
REV-00085422,SKU-0017361,user_41651,Jasmine,3,"Average quality, nothing special.",2023-09-11,True,NEUTRAL,2,SOURCE_G_REVIEWS,reviews_2023.csv,2023-09-12T02:10:02.094464756,BATCH-G-20230911
REV-00085423,SKU-0004604,user_9024439,Karina Kirby,5,Will definitely buy again.,2023-08-12,False,POSITIVE,1,SOURCE_G_REVIEWS,reviews_2023.csv,2023-08-12T03:55:50.210194744,BATCH-G-20230812
REV-00085430,SKU-0016502,user_9001214,Ronald Obrien,5,Great value for money.,2023-10-27,False,POSITIVE,4,SOURCE_G_REVIEWS,reviews_2023.csv,2023-10-27T19:05:50.580813776,BATCH-G-20231027
REV-00085441,SKU-9989051,user_9008044,Danielle Craig,unknown,Will definitely buy again.,2023-01-25,True,POSITIVE,0,SOURCE_G_REVIEWS,reviews_2023.csv,2023-01-25T04:40:34.025590942,BATCH-G-20230125
REV-00085454,SKU-0015543,user_9013960,Dr.,5,"Solid build quality, no complaints.",2023-02-02,True,POSITIVE,0,SOURCE_G_REVIEWS,reviews_2023.csv,2023-02-02T03:17:49.480728359,BATCH-G-20230202
REV-00085455,SKU-0001077,user_9008095,Julian Schmidt,5,No cumplió mis expectativas.,2023-01-10,True,POSITIVE,3,SOURCE_G_REVIEWS,reviews_2023.csv,2023-01-10T01:51:09.119771980,BATCH-G-20230110
REV-00085458,SKU-0009295,user_9013265,Andrew Turner,5,Highly recommend this product.,2023-06-15,True,POSITIVE,5,SOURCE_G_REVIEWS,reviews_2023.csv,2023-06-15T05:14:55.113781228,BATCH-G-20230615
REV-00085463,SKU-0004506,user_9763,Dr.,2,"Cheaply made, broke immediately.",2023-01-26,True,NEGATIVE,6,SOURCE_G_REVIEWS,reviews_2023.csv,2023-01-26T20:28:04.447717216,BATCH-G-20230126
REV-00085472,SKU-0008351,user_29992,Thomas,5,"Muy buen producto, lo recomiendo.",2023-12-03,False,POSITIVE,0,SOURCE_G_REVIEWS,reviews_2023.csv,2023-12-03T20:51:33.130527336,BATCH-G-20231203
REV-00085478,SKU-0004604,,Anonymous,5,"Exactly as described, very happy.",2023-07-09,False,POSITIVE,0,SOURCE_G_REVIEWS,reviews_2023.csv,2023-07-09T03:45:58.611046634,BATCH-G-20230709
REV-00085485,SKU-0005917,user_22600,Tina Jones,3,Works fine but delivery was slow.,2023-10-05,True,NEUTRAL,2,SOURCE_G_REVIEWS,reviews_2023.csv,2023-10-05T12:32:44.496719828,BATCH-G-20231005
REV-00085488,SKU-0009960,user_9026405,Jason Hansen DVM,5,"Perfect gift, they loved it!",2023-02-12,True,POSITIVE,3,SOURCE_G_REVIEWS,reviews_2023.csv,2023-02-13T05:50:38.272008824,BATCH-G-20230212
REV-00085489,SKU-0008250,user_9014089,Michael Myers,3,"Average quality, nothing special.",2023-05-27,True,NEUTRAL,1,SOURCE_G_REVIEWS,reviews_2023.csv,2023-05-27T15:47:42.441312294,BATCH-G-20230527
REV-00085493,SKU-0019552,user_9015050,Austin Thomas,5,"Perfect gift, they loved it!",2023-11-23,True,POSITIVE,4,SOURCE_G_REVIEWS,reviews_2023.csv,2023-11-23T00:34:17.096770885,BATCH-G-20231123
REV-00085497,SKU-0000771,user_9002642,Anna Peterson,5,Will definitely buy again.,2023-08-29,True,POSITIVE,7,SOURCE_G_REVIEWS,reviews_2023.csv,2023-08-29T07:00:52.572662131,BATCH-G-20230829
REV-00085528,SKU-9929774,user_9022250,Michelle Vargas,4,No cumplió mis expectativas.,2023-03-07,True,POSITIVE,0,SOURCE_G_REVIEWS,reviews_2023.csv,2023-03-07T09:27:11.072932361,BATCH-G-20230307
REV-00085530,SKU-0015310,user_6137,Amber Griffin,4,Will definitely buy again.,2023-11-03,False,POSITIVE,2,SOURCE_G_REVIEWS,reviews_2023.csv,2023-11-03T07:16:23.213472550,BATCH-G-20231103
REV-00085531,SKU-0012856,,Anonymous,3,"</p>It's okay, does the job.<p>",2023-08-26,True,NEUTRAL,5,SOURCE_G_REVIEWS,reviews_2023.csv,2023-08-26T23:27:05.077560717,BATCH-G-20230826
REV-00085549,SKU-0007133,user_34776,Erica Smith,5,"Exactly as described, very happy.",2023-02-05,True,POSITIVE,8,SOURCE_G_REVIEWS,reviews_2023.csv,2023-02-06T04:43:08.373239622,BATCH-G-20230205
REV-00085553,SKU-9983085,,Anonymous,4,"Absolutely love it, works perfectly!",2023-08-20,True,POSITIVE,1,SOURCE_G_REVIEWS,reviews_2023.csv,2023-08-20T06:20:31.196011185,BATCH-G-20230820
REV-00085562,SKU-0001473,user_39981,Mckenzie Chapman,2,Wrong item was shipped to me.,2023-01-09,True,NEGATIVE,1,SOURCE_G_REVIEWS,reviews_2023.csv,2023-01-09T03:15:13.471179947,BATCH-G-20230109
REV-00085564,SKU-0014255,user_9001035,Erin Chang,4,"Absolutely love it, works perfectly!",2023-02-01,True,POSITIVE,6,SOURCE_G_REVIEWS,reviews_2023.csv,2023-02-01T23:55:00.890639488,BATCH-G-20230201
REV-00085569,SKU-0009804,,Anonymous,4,"Absolutely love it, works perfectly!",2023-02-09,False,POSITIVE,5,SOURCE_G_REVIEWS,reviews_2023.csv,2023-02-09T09:20:19.955193148,BATCH-G-20230209
REV-00085572,SKU-0004660,user_31521,Brenda Lopez,4,Highly recommend this product.,2023-08-06,True,POSITIVE,3,SOURCE_G_REVIEWS,reviews_2023.csv,2023-08-06T10:42:37.957964858,BATCH-G-20230806
REV-00085577,SKU-0008416,user_7623,Colleen Hernandez,5,"<b>Update:</b>Perfect gift, they loved it!<br>",2023-09-02,True,POSITIVE,6,SOURCE_G_REVIEWS,reviews_2023.csv,2023-09-02T06:57:05.712857167,BATCH-G-20230902
REV-00085588,SKU-0011056,,Anonymous,N/A,Excellent rapport qualité-prix.,2023-06-08,True,POSITIVE,0,SOURCE_G_REVIEWS,reviews_2023.csv,2023-06-08T12:43:15.917371207,BATCH-G-20230608
REV-00085599,SKU-0016767,user_9011227,Chris Burns,1,Not as described at all.,2023-03-15,True,NEGATIVE,11,SOURCE_G_REVIEWS,reviews_2023.csv,2023-03-15T15:15:40.895286747,BATCH-G-20230315
REV-00085599-BOT,SKU-0016767,user_27747,Amanda Brock,1,Not as described at all.,2023-03-15,False,NEGATIVE,0,SOURCE_G_REVIEWS,reviews_2023.csv,2023-03-15T15:15:40.895286747,BATCH-G-20230315
REV-00085601,SKU-0012023,user_9025202,Alice Smith,4,"   Absolutely  love  it,  works  perfectly!   ",2023-01-13,True,POSITIVE,0,SOURCE_G_REVIEWS,reviews_2023.csv,2023-01-14T05:04:11.207071970,BATCH-G-20230113
REV-00085608,SKU-0018421,user_11147,Austin Nelson,4,"Perfect gift, they loved it!",2023-07-11,False,POSITIVE,1,SOURCE_G_REVIEWS,reviews_2023.csv,2023-07-11T23:00:52.293468436,BATCH-G-20230711
REV-00085618,SKU-0001853,user_9012577,Ashlee Richardson,3,"Not bad, not great either.",2023-10-02,True,NEUTRAL,3,SOURCE_G_REVIEWS,reviews_2023.csv,2023-10-02T08:25:37.020499019,BATCH-G-20231002
REV-00085619,SKU-0014662,user_60039,James Monroe,4,"Poor packaging, item was defective.",2023-08-09,True,NEGATIVE,1,SOURCE_G_REVIEWS,reviews_2023.csv,2023-08-09T19:19:47.397483385,BATCH-G-20230809
REV-00085628,SKU-0011559,user_9033847,Bonnie,4,"Absolutely love it, works perfectly!",2023-07-15,True,POSITIVE,2,SOURCE_G_REVIEWS,reviews_2023.csv,2023-07-15T08:25:46.442503303,BATCH-G-20230715
REV-00085637,SKU-0015802,user_21630,Christopher Lucas,5,Great value for money.,2023-06-15,False,POSITIVE,2,SOURCE_G_REVIEWS,reviews_2023.csv,2023-06-15T00:43:18.175069298,BATCH-G-20230615
REV-00085641,SKU-0009560,user_9004478,Jacob Garcia,4,"Absolutely love it, works perfectly!",2023-10-01,True,POSITIVE,1,SOURCE_G_REVIEWS,reviews_2023.csv,2023-10-01T09:31:03.961225803,BATCH-G-20231001
REV-00085645,SKU-9952250,,Anonymous,4,"बहुत अच्छा उत्पाद है, पैसा वसूल!",2023-07-06,True,POSITIVE,0,SOURCE_G_REVIEWS,reviews_2023.csv,2023-07-06T21:25:26.909633960,BATCH-G-20230706
REV-00085653,SKU-0014070,user_9009721,Antonio Drake,5,Fast delivery and great quality.,2023-06-25,True,POSITIVE,1,SOURCE_G_REVIEWS,reviews_2023.csv,2023-06-25T14:59:32.069896855,BATCH-G-20230625
REV-00085657,SKU-0013377,user_9034147,Jasmine Smith,1,Arrived damaged and support was unhelpful.,2023-12-03,False,NEGATIVE,4,SOURCE_G_REVIEWS,reviews_2023.csv,2023-12-03T06:14:59.986665888,BATCH-G-20231203
REV-00085660,SKU-0002656,user_16993,Ellen Lane,4,Better than I expected for the price.,2023-05-11,True,POSITIVE,0,SOURCE_G_REVIEWS,reviews_2023.csv,2023-05-11T19:17:55.157954566,BATCH-G-20230511
REV-00085668,SKU-0001649,user_9033532,Ruth,,"Exactly as described, very happy.",2023-02-12,False,POSITIVE,1,SOURCE_G_REVIEWS,reviews_2023.csv,2023-02-13T04:13:44.903513310,BATCH-G-20230212
REV-00085670,SKU-0006378,user_9008477,Daniel Aguilar,4,"Perfect gift, they loved it!",2023-11-04,False,POSITIVE,9,SOURCE_G_REVIEWS,reviews_2023.csv,2023-11-04T17:18:01.095384191,BATCH-G-20231104
REV-00085671,SKU-0001414,,Anonymous,5,Fast delivery and great quality.,2023-12-16,False,POSITIVE,1,SOURCE_G_REVIEWS,reviews_2023.csv,2023-12-16T02:07:09.290769051,BATCH-G-20231216
REV-00085684,SKU-0007536,user_9003697,Adam Morris,-,Stopped working after a week.,2023-09-13,True,NEGATIVE,8,SOURCE_G_REVIEWS,reviews_2023.csv,2023-09-13T07:39:48.822217290,BATCH-G-20230913
REV-00085685,SKU-0001919,user_9001613,Devin Willis,5,"Livraison très lente, déçu.",2023-07-10,True,POSITIVE,0,SOURCE_G_REVIEWS,reviews_2023.csv,2023-07-10T14:59:41.919562250,BATCH-G-20230710
REV-00085707,SKU-0003632,user_9005588,Jesse Norris,4,"Exactly as described, very happy.",2023-03-03,False,POSITIVE,0,SOURCE_G_REVIEWS,reviews_2023.csv,2023-03-03T08:09:48.637476435,BATCH-G-20230303
REV-00085708,SKU-0001842,user_17408,Tanya Reed,2,Wrong item was shipped to me.,2023-11-06,False,NEGATIVE,4,SOURCE_G_REVIEWS,reviews_2023.csv,2023-11-07T04:13:39.560122484,BATCH-G-20231106
REV-00085713,SKU-0014794,user_32019,Alison Ewing DDS,4,Will definitely buy again. 👍,2023-12-23,False,POSITIVE,6,SOURCE_G_REVIEWS,reviews_2023.csv,2023-12-23T02:34:29.142563365,BATCH-G-20231223
REV-00085721,SKU-0017381,,Anonymous,4,   Fast  delivery  and  great  quality.   ,2023-08-05,True,POSITIVE,0,SOURCE_G_REVIEWS,reviews_2023.csv,2023-08-05T14:41:28.070245927,BATCH-G-20230805
REV-00085729,SKU-0002452,user_9008522,Heather,1,"Poor packaging, item was defective.",2023-10-24,True,NEGATIVE,1,SOURCE_G_REVIEWS,reviews_2023.csv,2023-10-24T16:58:33.981556586,BATCH-G-20231024
REV-00085730,SKU-0010479,user_35503,Melanie Hernandez,5,"Exactly as described, very happy.",2023-12-28,True,POSITIVE,0,SOURCE_G_REVIEWS,reviews_2023.csv,2023-12-29T05:07:47.241377686,BATCH-G-20231228
REV-00085733,SKU-0010949,user_39549,George,3,"Average quality, nothing special.",2023-11-08,False,NEUTRAL,1,SOURCE_G_REVIEWS,reviews_2023.csv,2023-11-09T05:11:55.492131880,BATCH-G-20231108
REV-00085735,SKU-0004221,user_9020098,Michael,5,Exceeded my expectations.,2023-10-19,True,POSITIVE,0,SOURCE_G_REVIEWS,reviews_2023.csv,2023-10-20T01:17:49.878598362,BATCH-G-20231019
REV-00085736,SKU-0010467,user_65083,David Jones,null,Will definitely buy again.,2023-08-02,False,POSITIVE,0,SOURCE_G_REVIEWS,reviews_2023.csv,2023-08-02T19:53:37.199928239,BATCH-G-20230802
REV-00085768,SKU-0008452,user_57567,John,5,"<p>Livraison très lente, déçu. Will definitely buy again.<p>",2023-09-04,True,POSITIVE,2,SOURCE_G_REVIEWS,reviews_2023.csv,2023-09-04T10:09:57.525911722,BATCH-G-20230904
REV-00085769,SKU-0018881,user_9031641,Carrie Black,5,"Exactly as described, very happy.",2023-11-16,False,POSITIVE,2,SOURCE_G_REVIEWS,reviews_2023.csv,2023-11-16T05:57:08.487230357,BATCH-G-20231116
REV-00085782,SKU-0000353,user_9012221,Kristi Johnston,5,Great value for money.,2023-12-10,False,POSITIVE,0,SOURCE_G_REVIEWS,reviews_2023.csv,2023-12-10T13:11:25.182635420,BATCH-G-20231210
REV-00085788,SKU-0009425,user_9004629,Sara Taylor,4,Great value for money.,2023-05-10,True,POSITIVE,2,SOURCE_G_REVIEWS,reviews_2023.csv,2023-05-10T06:55:26.239355554,BATCH-G-20230510
REV-00085789,SKU-0000497,,Anonymous,4,"Exactly as described, very happy.",2023-02-03,False,POSITIVE,10,SOURCE_G_REVIEWS,reviews_2023.csv,2023-02-14T03:00:00,BATCH-G-20230203
REV-00085790,SKU-0000666,user_9029883,Anne Gonzalez,5,Exceeded my expectations.,2023-12-12,True,POSITIVE,0,SOURCE_G_REVIEWS,reviews_2023.csv,2023-12-12T00:44:30.110738949,BATCH-G-20231212
REV-00085791,SKU-0017367,user_9030416,Teresa,4,   Fast  delivery  and  great  quality.   ,2023-03-14,False,POSITIVE,1,SOURCE_G_REVIEWS,reviews_2023.csv,2023-03-14T14:06:42.565116780,BATCH-G-20230314
REV-00085808,SKU-0018127,user_9004722,Derrick Schmitt MD,5,Decent but overpriced a bit.,2023-01-03,True,NEUTRAL,0,SOURCE_G_REVIEWS,reviews_2023.csv,2023-01-03T11:04:25.862493507,BATCH-G-20230103
REV-00085809,SKU-0018915,user_41136,Caitlyn Weber,5,Fast delivery and great quality.,2023-10-27,False,POSITIVE,1,SOURCE_G_REVIEWS,reviews_2023.csv,2023-10-27T02:11:46.813394465,BATCH-G-20231027
REV-00085810,SKU-0016069,user_58067,Renee,5,"Absolutely love it, works perfectly!",2023-05-07,True,POSITIVE,1,SOURCE_G_REVIEWS,reviews_2023.csv,2023-05-07T13:42:42.765356524,BATCH-G-20230507
REV-00085821,SKU-0012508,user_9030272,Jennifer Stafford,5,"Exactly as described, very happy.",2023-03-16,False,POSITIVE,10,SOURCE_G_REVIEWS,reviews_2023.csv,2023-03-16T23:59:13.642851656,BATCH-G-20230316
REV-00085844,SKU-0002085,user_48960,Mark Smith,4,Fast delivery and great quality.,2023-09-15,True,POSITIVE,0,SOURCE_G_REVIEWS,reviews_2023.csv,2023-09-15T14:41:09.824832411,BATCH-G-20230915
REV-00085850,SKU-0001970,user_9032619,Christopher,5,Highly recommend this product.,2023-11-17,True,POSITIVE,2,SOURCE_G_REVIEWS,reviews_2023.csv,2023-11-17T16:32:05.386743731,BATCH-G-20231117
REV-00085858,SKU-0003163,user_9020753,Mr. Roy Harris,5,"Absolutely love it, works perfectly!",2023-03-16,False,POSITIVE,3,SOURCE_G_REVIEWS,reviews_2023.csv,2023-03-16T21:42:42.342997980,BATCH-G-20230316
REV-00085869,SKU-0004999,user_38585,Ryan Taylor,4,Arrived damaged and support was unhelpful.,2023-02-22,True,NEGATIVE,3,SOURCE_G_REVIEWS,reviews_2023.csv,2023-02-22T04:22:15.263220619,BATCH-G-20230222
REV-00085882,SKU-0019429,user_38988,Desiree Wells,3,"Matches the description, no issues.",2023-01-01,True,NEUTRAL,1,SOURCE_G_REVIEWS,reviews_2023.csv,2023-01-01T23:18:35.967288563,BATCH-G-20230101
REV-00085886,SKU-0018552,user_9015494,Monique,4,Very disappointed with the quality.,2023-11-18,True,NEGATIVE,7,SOURCE_G_REVIEWS,reviews_2023.csv,2023-11-18T19:51:00.686363935,BATCH-G-20231118
REV-00085890,SKU-0009964,user_11232,Kathleen Wright,2,"Poor packaging, item was defective. ⭐",2023-10-03,True,NEGATIVE,7,SOURCE_G_REVIEWS,reviews_2023.csv,2023-10-03T17:15:35.063665187,BATCH-G-20231003
REV-00085896,SKU-0018244,,Anonymous,5,"Absolutely love it, works perfectly!",2023-09-02,True,POSITIVE,0,SOURCE_G_REVIEWS,reviews_2023.csv,2023-09-02T22:55:38.884415576,BATCH-G-20230902
REV-00085940,SKU-0014547,user_9025509,Christopher Johnson,4,Highly recommend this product.,2023-01-03,True,POSITIVE,0,SOURCE_G_REVIEWS,reviews_2023.csv,2023-01-03T21:59:00.872764919,BATCH-G-20230103
REV-00085956,SKU-0010278,,Anonymous,3,"Not bad, not great either.",2023-03-12,False,NEUTRAL,2,SOURCE_G_REVIEWS,reviews_2023.csv,2023-03-13T00:49:37.514213201,BATCH-G-20230312
REV-00085961,SKU-0010034,user_2890,Michael Taylor,5,Will definitely buy again.,2023-09-21,True,POSITIVE,1,SOURCE_G_REVIEWS,reviews_2023.csv,2023-09-21T10:46:03.571301549,BATCH-G-20230921
REV-00085977,SKU-0014118,,Anonymous,4,No cumplió mis expectativas.,2023-12-20,False,POSITIVE,0,SOURCE_G_REVIEWS,reviews_2023.csv,2023-12-20T03:32:46.759295606,BATCH-G-20231220
REV-00085983,SKU-0006754,user_3674,Stephen Hall,5,"Absolutely love it, works perfectly!",2023-02-01,True,POSITIVE,0,SOURCE_G_REVIEWS,reviews_2023.csv,2023-02-01T11:49:17.139640492,BATCH-G-20230201
REV-00085986,SKU-0005257,user_48253,Felicia,1,Not as described at all. 😍🙏,2023-06-10,True,NEGATIVE,6,SOURCE_G_REVIEWS,reviews_2023.csv,2023-06-27T19:00:00,BATCH-G-20230610
REV-00085992,SKU-0001042,user_9006438,Andrew,5,"Perfect gift, they loved it!",2023-02-16,True,POSITIVE,1,SOURCE_G_REVIEWS,reviews_2023.csv,2023-02-16T18:32:51.538850147,BATCH-G-20230216
REV-00086004,SKU-0008482,user_9020543,Rachel,3,Decent but overpriced a bit.,2023-09-27,False,NEUTRAL,0,SOURCE_G_REVIEWS,reviews_2023.csv,2023-09-27T17:54:03.730644470,BATCH-G-20230927
REV-00086008,SKU-0001134,user_9003157,Jason Deleon,4,"Muy buen producto, lo recomiendo. Perfect gift, they loved it!",2023-02-26,True,POSITIVE,0,SOURCE_G_REVIEWS,reviews_2023.csv,2023-02-26T20:05:59.606970680,BATCH-G-20230226
REV-00086023,SKU-0001576,user_9026679,Angela Martinez,4,Better than I expected for the price. 🙏,2023-03-17,False,POSITIVE,2,SOURCE_G_REVIEWS,reviews_2023.csv,2023-03-17T06:57:44.929341808,BATCH-G-20230317
REV-00086026,SKU-0009234,user_437,Marie Gonzalez,4,"Perfect gift, they loved it!",2023-07-27,False,POSITIVE,0,SOURCE_G_REVIEWS,reviews_2023.csv,2023-07-27T06:22:45.023784656,BATCH-G-20230727
REV-00086036,SKU-0007618,user_9022660,Sarah Morgan,5,"Perfect gift, they loved it!",2023-02-11,False,POSITIVE,1,SOURCE_G_REVIEWS,reviews_2023.csv,2023-02-11T15:08:46.791572159,BATCH-G-20230211
REV-00086046,SKU-0008879,user_9023867,Stephen Hamilton,5,"Absolutely love it, works perfectly!",2023-05-03,True,POSITIVE,1,SOURCE_G_REVIEWS,reviews_2023.csv,2023-05-03T08:20:13.050133759,BATCH-G-20230503
REV-00086054,SKU-0010754,,Anonymous,4,"Solid build quality, no complaints.",2023-06-14,True,POSITIVE,3,SOURCE_G_REVIEWS,reviews_2023.csv,2023-06-15T02:31:34.862396486,BATCH-G-20230614
REV-00086061,SKU-0016707,user_47515,Ryan,4,</p>Great value for money.<b>Update:</b>,2023-12-09,True,POSITIVE,4,SOURCE_G_REVIEWS,reviews_2023.csv,2023-12-09T08:38:45.442055732,BATCH-G-20231209
REV-00086064,SKU-0015642,user_32666,Daniel Chavez,5,Fast delivery and great quality.,2023-06-13,True,POSITIVE,5,SOURCE_G_REVIEWS,reviews_2023.csv,2023-06-13T22:19:37.855828097,BATCH-G-20230613
REV-00086070,SKU-0011352,user_9001022,Linda Bradshaw,-1,"   Absolutely  love  it,  works  perfectly!   ",2023-05-28,False,POSITIVE,2,SOURCE_G_REVIEWS,reviews_2023.csv,2023-05-29T01:59:14.892555636,BATCH-G-20230528
REV-00086071,SKU-9919916,user_65619,Lori Clark,2,No cumplió mis expectativas.,2023-10-22,False,NEGATIVE,5,SOURCE_G_REVIEWS,reviews_2023.csv,2023-10-23T04:22:56.525078075,BATCH-G-20231022
REV-00086073,SKU-0003989,,Anonymous,5,"Perfect gift, they loved it!",2023-12-31,False,POSITIVE,1,SOURCE_G_REVIEWS,reviews_2023.csv,2023-12-31T23:55:33.278448466,BATCH-G-20231231
REV-00086076,SKU-0001878,,Anonymous,4,Will definitely buy again.,2023-02-12,True,POSITIVE,0,SOURCE_G_REVIEWS,reviews_2023.csv,2023-02-12T10:31:23.635775342,BATCH-G-20230212
REV-00086077,SKU-0000415,user_32171,Rachel,4,Fast delivery and great quality.,2023-06-11,False,POSITIVE,1,SOURCE_G_REVIEWS,reviews_2023.csv,2023-06-11T14:55:25.323358538,BATCH-G-20230611
REV-00086079,SKU-0016615,user_9024341,Joanna,5,Highly recommend this product.,2023-12-17,True,POSITIVE,0,SOURCE_G_REVIEWS,reviews_2023.csv,2023-12-17T10:19:23.287987014,BATCH-G-20231217
REV-00086081,SKU-0014190,user_54446,Edward Charles,4,"Poor packaging, item was defective.",2023-04-16,True,NEGATIVE,2,SOURCE_G_REVIEWS,reviews_2023.csv,2023-04-16T09:26:23.094100776,BATCH-G-20230416
REV-00086094,SKU-9925198,,Anonymous,5,Fast delivery and great quality.,2023-11-27,False,POSITIVE,2,SOURCE_G_REVIEWS,reviews_2023.csv,2023-11-27T09:01:56.362028894,BATCH-G-20231127
REV-00086096,SKU-0006924,user_9017005,Steven Garcia,5,No cumplió mis expectativas.,2023-06-11,True,POSITIVE,0,SOURCE_G_REVIEWS,reviews_2023.csv,2023-06-11T02:16:57.346817735,BATCH-G-20230611
REV-00086120,SKU-0005393,user_62322,Matthew Melton,4,Better than I expected for the price.,2023-12-22,False,POSITIVE,3,SOURCE_G_REVIEWS,reviews_2023.csv,2023-12-22T23:24:12.961923043,BATCH-G-20231222
REV-00086130,SKU-0007818,user_9028247,Eric Leon,?,"   Solid  build  quality,  no  complaints.   ",2023-02-14,True,POSITIVE,1,SOURCE_G_REVIEWS,reviews_2023.csv,2023-02-14T16:48:55.738713776,BATCH-G-20230214
REV-00086160,SKU-0016796,user_9021812,Jared,5,Great value for money.,2023-03-17,True,POSITIVE,0,SOURCE_G_REVIEWS,reviews_2023.csv,2023-03-17T03:01:30.781371646,BATCH-G-20230317
REV-00086160-DUP,SKU-0016796,user_9021812,Jared,5,Great value for money.,2023-03-17,True,POSITIVE,0,SOURCE_G_REVIEWS,reviews_2023.csv,2023-03-17T03:03:30.781371646,BATCH-G-20230317
REV-00086163,SKU-0012766,user_63500,Morgan,4,Fast delivery and great quality.,2023-09-01,True,POSITIVE,1,SOURCE_G_REVIEWS,reviews_2023.csv,2023-09-01T16:01:48.769091468,BATCH-G-20230901
REV-00086165,SKU-0004006,user_9011521,Sherry Brown,4,Will definitely buy again.,2023-04-25,True,POSITIVE,0,SOURCE_G_REVIEWS,reviews_2023.csv,2023-04-26T00:51:23.684362276,BATCH-G-20230425
REV-00086167,SKU-0000134,user_12050,Susan Nicholson,2,Very disappointed with the quality.,2023-07-17,False,NEGATIVE,0,SOURCE_G_REVIEWS,reviews_2023.csv,2023-07-17T13:46:55.952483269,BATCH-G-20230717
REV-00086174,SKU-0017158,user_19281,Rachael Estrada,4,Better than I expected for the price.,2023-02-13,True,POSITIVE,0,SOURCE_G_REVIEWS,reviews_2023.csv,2023-02-13T12:24:43.969980673,BATCH-G-20230213
REV-00086181,SKU-0006846,user_9024113,Erica Cox,3,Decent but overpriced a bit.,2023-12-13,True,NEUTRAL,3,SOURCE_G_REVIEWS,reviews_2023.csv,2023-12-13T21:37:10.477172705,BATCH-G-20231213
REV-00086186,SKU-0006749,,Anonymous,5,"   Exactly  as  described,  very  happy.   ",2023-01-10,True,POSITIVE,2,SOURCE_G_REVIEWS,reviews_2023.csv,2023-01-10T19:46:26.605034538,BATCH-G-20230110
REV-00086194,SKU-0012534,user_9011237,Jessica,2,Arrived damaged and support was unhelpful.,2023-07-15,False,NEGATIVE,1,SOURCE_G_REVIEWS,reviews_2023.csv,2023-07-16T05:39:23.968060513,BATCH-G-20230715
REV-00086196,SKU-0007014,user_9001694,Robert,5,Highly recommend this product.,2023-11-15,False,POSITIVE,2,SOURCE_G_REVIEWS,reviews_2023.csv,2023-11-15T19:56:42.987673392,BATCH-G-20231115
REV-00086200,SKU-0002959,user_15452,Thomas,4,"Solid build quality, no complaints.",2023-02-27,False,POSITIVE,4,SOURCE_G_REVIEWS,reviews_2023.csv,2023-02-27T17:54:16.356952062,BATCH-G-20230227
REV-00086205,SKU-0012210,user_16836,Christian Fox,3,Works fine but delivery was slow.,2023-09-22,True,NEUTRAL,3,SOURCE_G_REVIEWS,reviews_2023.csv,2023-09-22T08:22:33.736257546,BATCH-G-20230922
REV-00086217,SKU-9958657,user_9005708,Jennifer,4,Highly recommend this product.,2023-06-17,False,POSITIVE,9,SOURCE_G_REVIEWS,reviews_2023.csv,2023-06-17T01:29:38.324277793,BATCH-G-20230617
REV-00086233,SKU-0004207,,Anonymous,5, ,2023-07-06,True,POSITIVE,2,SOURCE_G_REVIEWS,reviews_2023.csv,2023-07-07T01:19:28.465934061,BATCH-G-20230706
REV-00086234,SKU-0011546,user_5755,Willie Diaz,4,"Absolutely love it, works perfectly!",2023-02-03,True,POSITIVE,1,SOURCE_G_REVIEWS,reviews_2023.csv,2023-02-03T06:14:49.283745485,BATCH-G-20230203
REV-00086236,SKU-0000540,user_12356,Joseph Zamora,3,No cumplió mis expectativas.,2023-06-13,True,NEUTRAL,1,SOURCE_G_REVIEWS,reviews_2023.csv,2023-06-13T03:14:20.348872033,BATCH-G-20230613
REV-00086239,SKU-0017020,,Anonymous,3,Works fine but delivery was slow.,2023-03-14,False,NEUTRAL,1,SOURCE_G_REVIEWS,reviews_2023.csv,2023-03-14T22:53:38.693674624,BATCH-G-20230314
REV-00086241,SKU-0011114,user_9021602,Rebecca Bush,5,Highly recommend this product.,2023-08-04,False,POSITIVE,6,SOURCE_G_REVIEWS,reviews_2023.csv,2023-08-04T16:32:00.020870047,BATCH-G-20230804
REV-00086242,SKU-0015493,user_9030999,Stephen Campbell,3,"Not bad, not great either.",2023-05-10,False,NEUTRAL,0,SOURCE_G_REVIEWS,reviews_2023.csv,2023-05-11T00:18:36.700699008,BATCH-G-20230510
REV-00086245,SKU-0001632,user_9025460,Melissa Miller,5,Highly recommend this product.,2023-09-07,False,POSITIVE,1,SOURCE_G_REVIEWS,reviews_2023.csv,2023-09-07T03:24:11.828481152,BATCH-G-20230907
REV-00086257,SKU-0019784,,Anonymous,5,Exceeded my expectations.,2023-12-02,True,POSITIVE,0,SOURCE_G_REVIEWS,reviews_2023.csv,2023-12-02T04:35:47.279530909,BATCH-G-20231202
REV-00086265,SKU-0001052,user_9006147,Leslie Blankenship MD,4,"It's okay, does the job.",2023-03-07,False,NEUTRAL,2,SOURCE_G_REVIEWS,reviews_2023.csv,2023-03-07T03:59:37.195111335,BATCH-G-20230307
REV-00086271,SKU-0017943,user_9005665,Jerry Taylor,4,"Perfect gift, they loved it!",2023-06-09,False,POSITIVE,1,SOURCE_G_REVIEWS,reviews_2023.csv,2023-06-09T12:00:52.425173141,BATCH-G-20230609
REV-00086273,SKU-0013945,user_26736,David,4,"Livraison très lente, déçu.",2023-03-10,False,POSITIVE,2,SOURCE_G_REVIEWS,reviews_2023.csv,2023-03-10T23:09:18.690331128,BATCH-G-20230310
REV-00086285,SKU-0006016,user_9032233,Victoria Robertson,5,Better than I expected for the price.,2023-05-29,False,POSITIVE,7,SOURCE_G_REVIEWS,reviews_2023.csv,2023-05-30T03:37:29.493871964,BATCH-G-20230529
REV-00086286,SKU-0004611,,Anonymous,5,Will definitely buy again.,2023-11-22,True,POSITIVE,2,SOURCE_G_REVIEWS,reviews_2023.csv,2023-11-22T23:31:54.046179724,BATCH-G-20231122
REV-00086287,SKU-0018702,user_13521,Martha,4,"बहुत अच्छा उत्पाद है, पैसा वसूल!",2023-01-30,True,POSITIVE,2,SOURCE_G_REVIEWS,reviews_2023.csv,2023-01-31T03:38:11.016457078,BATCH-G-20230130
REV-00086291,SKU-0013125,user_9031417,Leslie Caldwell,4,"Solid build quality, no complaints.",2023-02-09,True,POSITIVE,3,SOURCE_G_REVIEWS,reviews_2023.csv,2023-02-10T01:09:39.498515776,BATCH-G-20230209
REV-00086296,SKU-0013826,user_60763,Ashley Fernandez,4,"Livraison très lente, déçu. Perfect gift, they loved it!",2023-12-25,False,POSITIVE,0,SOURCE_G_REVIEWS,reviews_2023.csv,2023-12-25T05:48:11.772548718,BATCH-G-20231225
REV-00086300,SKU-0007201,user_9009946,Joann Mills,5,Highly recommend this product.,2023-12-28,True,POSITIVE,3,SOURCE_G_REVIEWS,reviews_2023.csv,2023-12-29T01:41:16.500488045,BATCH-G-20231228
REV-00086304,SKU-0007723,,Anonymous,3,"It's okay, does the job.",2023-09-11,False,NEUTRAL,0,SOURCE_G_REVIEWS,reviews_2023.csv,2023-09-11T17:40:02.497223578,BATCH-G-20230911
REV-00086325,SKU-0018364,,Anonymous,4,Better than I expected for the price.,2023-09-09,False,POSITIVE,6,SOURCE_G_REVIEWS,reviews_2023.csv,2023-09-10T00:56:03.044035816,BATCH-G-20230909
REV-00086326,SKU-0011348,user_37748,Angela Shields,4,Highly recommend this product.,2023-11-23,False,POSITIVE,4,SOURCE_G_REVIEWS,reviews_2023.csv,2023-11-23T03:01:58.144539202,BATCH-G-20231123
REV-00086330,SKU-0017058,,Anonymous,5,"बहुत अच्छा उत्पाद है, पैसा वसूल!",2023-02-10,True,POSITIVE,7,SOURCE_G_REVIEWS,reviews_2023.csv,2023-02-11T04:11:00.446450180,BATCH-G-20230210
REV-00086344,SKU-0006951,,Anonymous,1,<i>edited</i>Wrong item was shipped to me.</p>,2023-07-30,False,NEGATIVE,2,SOURCE_G_REVIEWS,reviews_2023.csv,2023-07-31T01:08:39.766463152,BATCH-G-20230730
REV-00086344-DUP,SKU-0006951,,Anonymous,1,<i>edited</i>Wrong item was shipped to me.</p>,2023-07-30,False,NEGATIVE,2,SOURCE_G_REVIEWS,reviews_2023.csv,2023-07-31T01:09:39.766463152,BATCH-G-20230730
REV-00086348,SKU-0014079,user_9013711,Richard,1,Arrived damaged and support was unhelpful.,2023-09-01,True,NEGATIVE,7,SOURCE_G_REVIEWS,reviews_2023.csv,2023-09-01T04:21:01.628460335,BATCH-G-20230901
REV-00086374,SKU-0000757,user_16473,Thomas Miller,3,Works fine but delivery was slow.,2023-10-22,True,NEUTRAL,6,SOURCE_G_REVIEWS,reviews_2023.csv,2023-10-22T06:59:32.359390032,BATCH-G-20231022
REV-00086380,SKU-0014884,user_9004319,Christopher Meadows,3,Decent but overpriced a bit.,2023-11-29,True,NEUTRAL,0,SOURCE_G_REVIEWS,reviews_2023.csv,2023-11-29T06:17:08.927982089,BATCH-G-20231129
REV-00086384,SKU-0004210,user_43286,Sonia Smith DDS,3,"It's okay, does the job.",2023-10-05,False,NEUTRAL,5,SOURCE_G_REVIEWS,reviews_2023.csv,2023-10-05T23:27:49.023532362,BATCH-G-20231005
REV-00086385,SKU-0000313,user_9013757,Holly,4,Highly recommend this product.,2023-01-29,True,POSITIVE,1,SOURCE_G_REVIEWS,reviews_2023.csv,2023-01-29T18:05:43.130796652,BATCH-G-20230129
REV-00086397,SKU-0004544,user_9020629,Christopher,2,Stopped working after a week.,2023-12-12,False,NEGATIVE,4,SOURCE_G_REVIEWS,reviews_2023.csv,2023-12-13T01:59:44.837286887,BATCH-G-20231212
REV-00086400,SKU-0016129,user_9003912,Kimberly Bates,2,"Muy buen producto, lo recomiendo.",2023-12-21,True,NEGATIVE,1,SOURCE_G_REVIEWS,reviews_2023.csv,2023-12-22T02:56:43.612823635,BATCH-G-20231221
REV-00086404,SKU-0019602,user_9020518,Valerie Lopez,5,"Exactly as described, very happy.",2023-11-10,True,POSITIVE,10,SOURCE_G_REVIEWS,reviews_2023.csv,2023-11-10T02:38:35.474625222,BATCH-G-20231110
REV-00086412,SKU-0006262,,Anonymous,5,"बहुत अच्छा उत्पाद है, पैसा वसूल! Will definitely buy again.",2023-08-25,True,POSITIVE,0,SOURCE_G_REVIEWS,reviews_2023.csv,2023-08-25T22:18:02.919073914,BATCH-G-20230825
REV-00086424,SKU-0016595,user_9004821,Lisa Coleman,4,"Solid build quality, no complaints.",2023-08-16,True,POSITIVE,8,SOURCE_G_REVIEWS,reviews_2023.csv,2023-08-17T01:42:55.266745011,BATCH-G-20230816
REV-00086426,SKU-0009026,user_9014871,Richard Landry,1,Stopped working after a week.,2023-02-07,True,NEGATIVE,0,SOURCE_G_REVIEWS,reviews_2023.csv,2023-02-07T16:21:04.975417985,BATCH-G-20230207
REV-00086428,SKU-0001174,,Anonymous,5,"Perfect gift, they loved it!",2023-08-02,True,POSITIVE,0,SOURCE_G_REVIEWS,reviews_2023.csv,2023-08-02T13:54:53.654428015,BATCH-G-20230802
REV-00086439,SKU-0008483,user_50165,Alice Mccoy,4,   Fast  delivery  and  great  quality.   ,2023-09-16,True,POSITIVE,4,SOURCE_G_REVIEWS,reviews_2023.csv,2023-09-16T22:48:21.637293581,BATCH-G-20230916
REV-00086451,SKU-0008769,user_9002204,Troy,4,Great value for money.,2023-01-02,False,POSITIVE,6,SOURCE_G_REVIEWS,reviews_2023.csv,2023-01-02T09:04:28.734230117,BATCH-G-20230102
REV-00086452,SKU-0008746,user_3109,Bryan,3,Works fine but delivery was slow.,2023-01-26,False,NEUTRAL,11,SOURCE_G_REVIEWS,reviews_2023.csv,2023-01-26T10:29:45.158296065,BATCH-G-20230126
REV-00086458,SKU-0000334,,Anonymous,NULL,Great value for money.,2023-01-26,True,POSITIVE,1,SOURCE_G_REVIEWS,reviews_2023.csv,2023-01-26T16:56:38.487968649,BATCH-G-20230126
REV-00086464,SKU-0005624,user_36923,Jamie Harris,4,"Solid build quality, no complaints.",2023-12-19,True,POSITIVE,14,SOURCE_G_REVIEWS,reviews_2023.csv,2023-12-20T02:44:41.075508045,BATCH-G-20231219
REV-00086469,SKU-0009394,user_9013088,Mike Kramer,5,   Exceeded  my  expectations.   ,2023-08-19,True,POSITIVE,0,SOURCE_G_REVIEWS,reviews_2023.csv,2023-08-19T12:20:18.991835330,BATCH-G-20230819
REV-00086473,SKU-0004890,,Anonymous,3,Works fine but delivery was slow.,2023-06-24,False,NEUTRAL,2,SOURCE_G_REVIEWS,reviews_2023.csv,2023-06-24T14:47:52.219453904,BATCH-G-20230624
REV-00086486,SKU-0017372,user_9000710,Sarah Nelson,1,"Waste of money, do not buy.",2023-09-07,True,NEGATIVE,2,SOURCE_G_REVIEWS,reviews_2023.csv,2023-09-07T21:39:59.901229976,BATCH-G-20230907
REV-00086490,SKU-0018076,user_9013102,Tyler Perez,5,"Solid build quality, no complaints.",2023-11-13,False,POSITIVE,6,SOURCE_G_REVIEWS,reviews_2023.csv,2023-11-13T06:37:28.772483099,BATCH-G-20231113
REV-00086513,SKU-0017805,user_9013452,John Luna,NULL,Exceeded my expectations.,2023-06-29,True,POSITIVE,3,SOURCE_G_REVIEWS,reviews_2023.csv,2023-06-30T05:41:34.930535726,BATCH-G-20230629
REV-00086527,SKU-0017650,user_58417,Wendy,5,"Solid build quality, no complaints.",2023-06-14,True,POSITIVE,2,SOURCE_G_REVIEWS,reviews_2023.csv,2023-06-14T23:25:14.204242632,BATCH-G-20230614
REV-00086537,SKU-0006348,user_69527,Michelle,1,   Works  fine  but  delivery  was  slow.   ,2023-07-30,False,NEUTRAL,0,SOURCE_G_REVIEWS,reviews_2023.csv,2023-07-31T00:26:27.366942048,BATCH-G-20230730
REV-00086554,SKU-0013424,user_17999,Nathaniel Gutierrez,1,"Poor packaging, item was defective.",2023-10-31,False,NEGATIVE,5,SOURCE_G_REVIEWS,reviews_2023.csv,2023-10-31T15:29:56.212374016,BATCH-G-20231031
REV-00086561,SKU-0013810,user_65279,Maria,5,Will definitely buy again.,2023-10-02,True,POSITIVE,7,SOURCE_G_REVIEWS,reviews_2023.csv,2023-10-03T03:19:38.608716901,BATCH-G-20231002
REV-00086566,SKU-0003503,,Anonymous,5,   Better  than  I  expected  for  the  price.   ,2023-01-04,True,POSITIVE,2,SOURCE_G_REVIEWS,reviews_2023.csv,2023-01-04T11:07:16.469760174,BATCH-G-20230104
REV-00086576,SKU-0003579,user_9010643,Crystal Ramirez,4,"Exactly as described, very happy.",2023-01-09,False,POSITIVE,5,SOURCE_G_REVIEWS,reviews_2023.csv,2023-01-09T04:59:24.234582862,BATCH-G-20230109
REV-00086588,SKU-0015848,user_60200,Charles,4,Fast delivery and great quality.,2023-07-21,True,POSITIVE,7,SOURCE_G_REVIEWS,reviews_2023.csv,2023-07-22T02:16:28.380075147,BATCH-G-20230721
REV-00086589,SKU-0014661,user_9023716,Daniel Smith,4,Exceeded my expectations.,2023-03-26,False,POSITIVE,5,SOURCE_G_REVIEWS,reviews_2023.csv,2023-03-26T03:16:16.051252900,BATCH-G-20230326
REV-00086601,SKU-0016681,user_19941,Larry Hicks,4,"Absolutely love it, works perfectly!",2023-12-12,True,POSITIVE,2,SOURCE_G_REVIEWS,reviews_2023.csv,2023-12-12T08:54:48.558050964,BATCH-G-20231212
REV-00086605,SKU-9990699,,Anonymous,4,Highly recommend this product.,2023-06-30,False,POSITIVE,4,SOURCE_G_REVIEWS,reviews_2023.csv,2023-06-30T00:30:23.096470487,BATCH-G-20230630
REV-00086613,SKU-0010837,user_9030077,Susan,NA,"Not bad, not great either.",2023-02-15,True,NEUTRAL,0,SOURCE_G_REVIEWS,reviews_2023.csv,2023-02-15T11:33:53.625691110,BATCH-G-20230215
REV-00086614,SKU-0017948,user_6226,Emily,5,Will definitely buy again.,2023-09-04,True,POSITIVE,10,SOURCE_G_REVIEWS,reviews_2023.csv,2023-09-04T00:47:10.717539189,BATCH-G-20230904
REV-00086620,SKU-0019981,user_65800,Ann Green,5,Fast delivery and great quality.,2023-07-19,False,POSITIVE,0,SOURCE_G_REVIEWS,reviews_2023.csv,2023-07-19T14:13:20.193278303,BATCH-G-20230719
REV-00086622,SKU-0009059,user_29858,Ashley,4,No cumplió mis expectativas.,2023-05-30,True,POSITIVE,1,SOURCE_G_REVIEWS,reviews_2023.csv,2023-05-30T01:40:24.737152818,BATCH-G-20230530
REV-00086627,SKU-0016005,user_9024560,Douglas Moody,5,Exceeded my expectations.,2023-12-08,True,POSITIVE,6,SOURCE_G_REVIEWS,reviews_2023.csv,2023-12-08T19:46:49.458329337,BATCH-G-20231208
REV-00086630,SKU-0005636,user_50501,Brian Cox,5,Great value for money.,2023-07-21,True,POSITIVE,0,SOURCE_G_REVIEWS,reviews_2023.csv,2023-07-21T10:30:11.093586452,BATCH-G-20230721
REV-00086639,SKU-0008367,,Anonymous,4,"Cheaply made, broke immediately.",2023-10-26,False,NEGATIVE,0,SOURCE_G_REVIEWS,reviews_2023.csv,2023-10-26T02:09:39.085631944,BATCH-G-20231026
REV-00086640,SKU-0010627,user_9031403,David,5,"Absolutely love it, works perfectly!",2023-10-18,False,POSITIVE,3,SOURCE_G_REVIEWS,reviews_2023.csv,2023-10-18T10:50:58.198314878,BATCH-G-20231018
REV-00086642,SKU-0014559,user_9001060,Ryan Green,5,"Exactly as described, very happy.",2023-11-24,True,POSITIVE,10,SOURCE_G_REVIEWS,reviews_2023.csv,2023-11-25T03:33:04.416927430,BATCH-G-20231124
REV-00086661,SKU-0000422,user_62638,Justin Dunn,4,Fast delivery and great quality.,2023-03-17,False,POSITIVE,0,SOURCE_G_REVIEWS,reviews_2023.csv,2023-03-17T07:57:38.597870907,BATCH-G-20230317
REV-00086669,SKU-0006903,user_2228,Jesus Martin,5,   No  cumplió  mis  expectativas.   ,2023-11-23,False,POSITIVE,3,SOURCE_G_REVIEWS,reviews_2023.csv,2023-11-23T12:32:10.105280443,BATCH-G-20231123
REV-00086677,SKU-0019848,user_52449,Gregg Acevedo,3,Works fine but delivery was slow.,2023-02-18,True,NEUTRAL,1,SOURCE_G_REVIEWS,reviews_2023.csv,2023-02-19T03:39:09.677194367,BATCH-G-20230218
REV-00086688,SKU-0016063,user_48063,Cynthia Carr,3,<i>edited</i>Works fine but delivery was slow.<b>Update:</b>,2023-11-10,False,NEUTRAL,0,SOURCE_G_REVIEWS,reviews_2023.csv,2023-11-10T03:49:32.928247240,BATCH-G-20231110
REV-00086690,SKU-0006169,user_9010581,Darrell Barker,5,Highly recommend this product.,2023-07-24,False,POSITIVE,1,SOURCE_G_REVIEWS,reviews_2023.csv,2023-07-25T00:34:02.838748557,BATCH-G-20230724
REV-00086699,SKU-0017677,user_9021964,Steven Barnes,3,   Decent  but  overpriced  a  bit.   ,2023-03-30,True,NEUTRAL,4,SOURCE_G_REVIEWS,reviews_2023.csv,2023-03-30T01:52:03.889985344,BATCH-G-20230330
REV-00086714,SKU-0017804,user_32165,Justin Smith,4,Better than I expected for the price.,2023-12-01,True,POSITIVE,1,SOURCE_G_REVIEWS,reviews_2023.csv,2023-12-02T00:36:57.697533984,BATCH-G-20231201
REV-00086715,SKU-0007815,user_9011810,Brian Foster,2,Arrived damaged and support was unhelpful.,2023-03-08,True,NEGATIVE,1,SOURCE_G_REVIEWS,reviews_2023.csv,2023-03-08T21:58:20.143291586,BATCH-G-20230308
REV-00086719,SKU-0010679,user_9025962,Kenneth,5,"Absolutely love it, works perfectly!",2023-07-23,True,POSITIVE,0,SOURCE_G_REVIEWS,reviews_2023.csv,2023-07-24T05:17:26.246869780,BATCH-G-20230723
REV-00086721,SKU-9956511,user_61738,Tara Zavala,4,Fast delivery and great quality.,2023-06-14,False,POSITIVE,5,SOURCE_G_REVIEWS,reviews_2023.csv,2023-06-15T04:58:36.915556981,BATCH-G-20230614
REV-00086728,SKU-0017035,,Anonymous,5,   Better  than  I  expected  for  the  price.   ,2023-10-07,True,POSITIVE,7,SOURCE_G_REVIEWS,reviews_2023.csv,2023-10-07T18:20:04.099875863,BATCH-G-20231007
REV-00086730,SKU-0000785,user_29074,Ethan,4,"Muy buen producto, lo recomiendo. Better than I expected for the price. ⭐",2023-01-10,True,POSITIVE,2,SOURCE_G_REVIEWS,reviews_2023.csv,2023-01-10T23:58:46.445722496,BATCH-G-20230110
REV-00086737,SKU-0007392,user_9008034,Michael Case,4,Great value for money.,2023-06-20,False,POSITIVE,3,SOURCE_G_REVIEWS,reviews_2023.csv,2023-06-20T13:12:00.582958734,BATCH-G-20230620
REV-00086741,SKU-0001511,,Anonymous,4,Better than I expected for the price.,2023-05-30,False,POSITIVE,1,SOURCE_G_REVIEWS,reviews_2023.csv,2023-05-30T02:46:18.649793727,BATCH-G-20230530
REV-00086748,SKU-0008084,user_53780,Angela Pruitt,4,"Exactly as described, very happy.",2023-07-01,False,POSITIVE,1,SOURCE_G_REVIEWS,reviews_2023.csv,2023-07-01T16:01:21.002588256,BATCH-G-20230701
REV-00086750,SKU-0008978,user_9005142,Kristin Brown,5,"Exactly as described, very happy.",2023-05-05,True,POSITIVE,2,SOURCE_G_REVIEWS,reviews_2023.csv,2023-05-05T11:14:37.890390989,BATCH-G-20230505
REV-00086763,SKU-0012561,user_49496,Derrick Walter,5,&nbsp;No cumplió mis expectativas. Exceeded my expectations.<i>edited</i>,2023-06-10,False,POSITIVE,1,SOURCE_G_REVIEWS,reviews_2023.csv,2023-06-11T00:57:07.118478652,BATCH-G-20230610
REV-00086779,SKU-0016673,,Anonymous,4,Fast delivery and great quality.,2023-12-10,False,POSITIVE,7,SOURCE_G_REVIEWS,reviews_2023.csv,2023-12-10T19:15:46.635544426,BATCH-G-20231210
REV-00086780,SKU-9931811,user_9007793,Nancy Lynch,4,Highly recommend this product.,2023-01-06,True,POSITIVE,1,SOURCE_G_REVIEWS,reviews_2023.csv,2023-01-06T13:30:06.338566107,BATCH-G-20230106
REV-00086781,SKU-0012254,user_23892,Tamara Berger,4,"Absolutely love it, works perfectly!",2023-07-04,True,POSITIVE,2,SOURCE_G_REVIEWS,reviews_2023.csv,2023-07-04T23:33:05.731839764,BATCH-G-20230704
REV-00086783,SKU-0000766,user_9022969,Laura Hernandez,3,"Not bad, not great either.",2023-01-23,True,NEUTRAL,0,SOURCE_G_REVIEWS,reviews_2023.csv,2023-01-23T21:50:27.670547987,BATCH-G-20230123
REV-00086788,SKU-0009438,user_47306,Monica Robinson,1,"Waste of money, do not buy.",2023-12-22,False,NEGATIVE,2,SOURCE_G_REVIEWS,reviews_2023.csv,2023-12-22T03:06:31.911831405,BATCH-G-20231222
REV-00086792,SKU-0006545,,Anonymous,4,Will definitely buy again.,2023-11-09,True,POSITIVE,1,SOURCE_G_REVIEWS,reviews_2023.csv,2023-11-09T14:56:50.558393972,BATCH-G-20231109
REV-00086795,SKU-0008651,,Anonymous,1,Not as described at all.,2023-11-03,True,NEGATIVE,8,SOURCE_G_REVIEWS,reviews_2023.csv,2023-11-03T07:53:12.316613338,BATCH-G-20231103
REV-00086813,SKU-0015286,user_9028970,Cynthia,NA,"Exactly as described, very happy.",2023-03-09,True,POSITIVE,0,SOURCE_G_REVIEWS,reviews_2023.csv,2023-03-09T16:56:57.779006673,BATCH-G-20230309
REV-00086826,SKU-0006375,user_9020983,Daniel,3,N/A,2023-10-28,True,NEUTRAL,4,SOURCE_G_REVIEWS,reviews_2023.csv,2023-10-29T01:52:25.470658487,BATCH-G-20231028
REV-00086841,SKU-0000511,user_9026299,Sherry,3,Decent but overpriced a bit.,2023-06-04,True,NEUTRAL,1,SOURCE_G_REVIEWS,reviews_2023.csv,2023-06-04T04:12:55.684344876,BATCH-G-20230604
REV-00086842,SKU-0003490,user_20221,Robert Osborne,3,"It's okay, does the job.",2023-07-22,False,NEUTRAL,4,SOURCE_G_REVIEWS,reviews_2023.csv,2023-07-23T00:24:32.993494153,BATCH-G-20230722
REV-00086852,SKU-0002420,user_1771,Autumn,4,"Solid build quality, no complaints.",2023-10-10,False,POSITIVE,2,SOURCE_G_REVIEWS,reviews_2023.csv,2023-10-11T04:26:15.059582618,BATCH-G-20231010
REV-00086854,SKU-0010221,,Anonymous,5,"Solid build quality, no complaints. 😀",2023-12-20,False,POSITIVE,0,SOURCE_G_REVIEWS,reviews_2023.csv,2023-12-20T14:26:19.037322055,BATCH-G-20231220
REV-00086863,SKU-0014765,user_36503,Erik Hernandez,5,Wrong item was shipped to me.,2023-09-19,True,NEGATIVE,7,SOURCE_G_REVIEWS,reviews_2023.csv,2023-09-19T17:01:04.687346650,BATCH-G-20230919
REV-00086865,SKU-9917720,user_9010445,Diana Castillo,5,Fast delivery and great quality. 💯,2023-12-30,False,POSITIVE,1,SOURCE_G_REVIEWS,reviews_2023.csv,2023-12-30T13:09:56.621429099,BATCH-G-20231230
REV-00086872,SKU-0012803,user_1779,Mathew,5,Will definitely buy again.,2023-04-03,True,POSITIVE,1,SOURCE_G_REVIEWS,reviews_2023.csv,2023-04-03T23:05:07.186281310,BATCH-G-20230403
REV-00086880,SKU-0001699,user_9004390,Chelsea Bennett,5,Exceeded my expectations.,2023-02-05,False,POSITIVE,6,SOURCE_G_REVIEWS,reviews_2023.csv,2023-02-05T14:32:57.157539449,BATCH-G-20230205
REV-00086886,SKU-0002060,user_200,Gregory Marsh,4,Great value for money.,2023-10-12,True,POSITIVE,3,SOURCE_G_REVIEWS,reviews_2023.csv,2023-10-13T01:29:33.976517617,BATCH-G-20231012
REV-00086897,SKU-0017954,user_52249,Kellie,4,"Absolutely love it, works perfectly!",2023-07-16,True,POSITIVE,1,SOURCE_G_REVIEWS,reviews_2023.csv,2023-07-16T04:28:16.223924896,BATCH-G-20230716
REV-00086912,SKU-9967408,user_9007782,Michael Harrison,5,   Better  than  I  expected  for  the  price.   ,2023-05-22,False,POSITIVE,8,SOURCE_G_REVIEWS,reviews_2023.csv,2023-05-22T15:44:04.946184873,BATCH-G-20230522
REV-00086919,SKU-0010776,user_17217,Julie Snyder,4,Fast delivery and great quality.,2023-03-24,True,POSITIVE,6,SOURCE_G_REVIEWS,reviews_2023.csv,2023-03-24T04:11:56.886853617,BATCH-G-20230324
REV-00086932,SKU-0015996,,Anonymous,5,Better than I expected for the price.,2023-11-16,True,POSITIVE,5,SOURCE_G_REVIEWS,reviews_2023.csv,2023-11-17T04:09:01.043682931,BATCH-G-20231116
REV-00086937,SKU-0009533,,Anonymous,5,Better than I expected for the price.,2023-12-25,True,POSITIVE,1,SOURCE_G_REVIEWS,reviews_2023.csv,2023-12-25T23:15:18.274879663,BATCH-G-20231225
REV-00086940,SKU-0011884,user_9029737,Derrick,2,"Poor packaging, item was defective.",2023-08-07,True,NEGATIVE,3,SOURCE_G_REVIEWS,reviews_2023.csv,2023-08-07T15:15:38.967142460,BATCH-G-20230807
REV-00086947,SKU-0017707,user_9020898,Ariel,5,Great value for money.,2023-07-08,True,POSITIVE,0,SOURCE_G_REVIEWS,reviews_2023.csv,2023-07-08T10:25:28.465013946,BATCH-G-20230708
REV-00086948,SKU-9907704,user_47866,Jason Ayala,4,   Better  than  I  expected  for  the  price.   ,2023-12-12,True,POSITIVE,3,SOURCE_G_REVIEWS,reviews_2023.csv,2023-12-12T21:44:45.871223780,BATCH-G-20231212
REV-00086953,SKU-0014339,user_9023705,Andrew Martinez,4,"गुणवत्ता ठीक नहीं थी। Absolutely love it, works perfectly!",2023-04-30,True,POSITIVE,1,SOURCE_G_REVIEWS,reviews_2023.csv,2023-04-30T21:47:43.451122766,BATCH-G-20230430
REV-00086954,SKU-9969045,user_9013661,Gregory Olson,4,"Muy buen producto, lo recomiendo.",2023-01-20,True,POSITIVE,2,SOURCE_G_REVIEWS,reviews_2023.csv,2023-01-20T18:05:05.190179010,BATCH-G-20230120
REV-00086957,SKU-0007589,user_9020645,Jessica Williams,4,Great value for money.,2023-06-07,False,POSITIVE,13,SOURCE_G_REVIEWS,reviews_2023.csv,2023-06-07T09:27:38.805651360,BATCH-G-20230607
REV-00086967,SKU-0016733,user_9028930,Emily Dunlap,4,Exceeded my expectations.,2023-02-07,True,POSITIVE,1,SOURCE_G_REVIEWS,reviews_2023.csv,2023-02-07T23:13:09.474709781,BATCH-G-20230207
REV-00086968,SKU-0015973,user_9024939,Anthony,4,"Exactly as described, very happy.",2023-05-02,True,POSITIVE,2,SOURCE_G_REVIEWS,reviews_2023.csv,2023-05-02T09:09:27.412161328,BATCH-G-20230502
REV-00086969,SKU-0008498,user_9008448,Jeffrey Roberts,5,Exceeded my expectations.,2023-03-07,True,POSITIVE,5,SOURCE_G_REVIEWS,reviews_2023.csv,2023-03-08T01:18:34.772803370,BATCH-G-20230307
REV-00086970,SKU-0004974,user_9013895,Melanie Moreno,4,"Absolutely love it, works perfectly!",2023-02-01,True,POSITIVE,3,SOURCE_G_REVIEWS,reviews_2023.csv,2023-02-01T02:27:43.195305388,BATCH-G-20230201
REV-00086976,SKU-0007846,user_9032553,Mr. Jose Jones MD,5,"Absolutely love it, works perfectly!",2023-01-28,True,POSITIVE,3,SOURCE_G_REVIEWS,reviews_2023.csv,2023-01-28T23:48:01.106566951,BATCH-G-20230128
REV-00086980,SKU-0006049,,Anonymous,4,<b>Update:</b>Highly recommend this product.<br>,2023-04-15,False,POSITIVE,7,SOURCE_G_REVIEWS,reviews_2023.csv,2023-04-16T02:15:00.085075820,BATCH-G-20230415
REV-00086991,SKU-0015562,user_3537,Carolyn Gibson,5,"Cheaply made, broke immediately.",2023-11-03,False,NEGATIVE,0,SOURCE_G_REVIEWS,reviews_2023.csv,2023-11-03T18:04:12.970828539,BATCH-G-20231103
REV-00086998,SKU-0002033,user_9003428,Laura Ward,5,Great value for money.,2023-10-17,False,POSITIVE,2,SOURCE_G_REVIEWS,reviews_2023.csv,2023-10-18T05:52:09.634587610,BATCH-G-20231017
REV-00087008,SKU-0018963,user_16379,Kevin Simpson,5,Great value for money.,2023-05-01,True,POSITIVE,2,SOURCE_G_REVIEWS,reviews_2023.csv,2023-05-01T19:26:16.008676652,BATCH-G-20230501
REV-00087023,SKU-0011622,user_2532,Amanda Mcdonald,1,"Waste of money, do not buy.",2023-02-24,True,NEGATIVE,4,SOURCE_G_REVIEWS,reviews_2023.csv,2023-02-24T11:05:17.090340206,BATCH-G-20230224
REV-00087041,SKU-0005774,user_6785,Jason,5,Great value for money.,2023-07-21,False,POSITIVE,0,SOURCE_G_REVIEWS,reviews_2023.csv,2023-07-21T06:42:13.095232147,BATCH-G-20230721
REV-00087043,SKU-0007092,,Anonymous,5,Will definitely buy again.,2023-12-20,False,POSITIVE,0,SOURCE_G_REVIEWS,reviews_2023.csv,2023-12-20T18:42:07.860075774,BATCH-G-20231220
REV-00087049,SKU-0000741,user_29816,Jerome Brown,1,"Poor packaging, item was defective.",2023-04-16,True,NEGATIVE,6,SOURCE_G_REVIEWS,reviews_2023.csv,2023-04-16T03:15:33.283297619,BATCH-G-20230416
REV-00087052,SKU-0004230,user_45463,Robert Brown,5,"Muy buen producto, lo recomiendo.",2023-01-08,False,POSITIVE,3,SOURCE_G_REVIEWS,reviews_2023.csv,2023-01-08T18:17:26.298605918,BATCH-G-20230108
REV-00087057,SKU-0012535,user_9027498,William,5,"Solid build quality, no complaints.",2023-04-18,False,POSITIVE,0,SOURCE_G_REVIEWS,reviews_2023.csv,2023-04-19T04:44:48.528013931,BATCH-G-20230418
REV-00087059,SKU-0001726,user_9028849,Lynn,1,Very disappointed with the quality.,2023-03-20,True,NEGATIVE,4,SOURCE_G_REVIEWS,reviews_2023.csv,2023-03-21T03:33:04.952489235,BATCH-G-20230320
REV-00087063,SKU-0001166,user_18484,Tiffany Mclean,5,"Livraison très lente, déçu.",2023-08-09,False,POSITIVE,1,SOURCE_G_REVIEWS,reviews_2023.csv,2023-08-10T05:53:54.999887266,BATCH-G-20230809
REV-00087065,SKU-0007350,,Anonymous,4,Will definitely buy again.,2023-06-08,True,POSITIVE,5,SOURCE_G_REVIEWS,reviews_2023.csv,2023-06-08T06:39:41.465755256,BATCH-G-20230608
REV-00087066,SKU-0011300,,Anonymous,5,"Exactly as described, very happy.",2023-05-13,False,POSITIVE,6,SOURCE_G_REVIEWS,reviews_2023.csv,2023-05-14T03:01:09.079846744,BATCH-G-20230513
REV-00087068,SKU-0019030,user_9030765,Troy,5,"Livraison très lente, déçu. Solid build quality, no complaints.",2023-09-08,True,POSITIVE,0,SOURCE_G_REVIEWS,reviews_2023.csv,2023-09-08T02:38:39.454563527,BATCH-G-20230908
REV-00087069,SKU-0007789,,Anonymous,5,Fast delivery and great quality.,2023-05-29,True,POSITIVE,0,SOURCE_G_REVIEWS,reviews_2023.csv,2023-05-29T14:39:40.320720059,BATCH-G-20230529
REV-00087071,SKU-0009893,user_9023032,Andrew,5,Great value for money.,2023-11-19,True,POSITIVE,4,SOURCE_G_REVIEWS,reviews_2023.csv,2023-11-19T12:15:46.139794560,BATCH-G-20231119
REV-00087079,SKU-0002232,user_9025274,Debbie,4,Will definitely buy again.,2023-12-14,True,POSITIVE,0,SOURCE_G_REVIEWS,reviews_2023.csv,2023-12-15T00:52:32.105195204,BATCH-G-20231214
REV-00087083,SKU-0004380,user_9013095,Vanessa,4,Highly recommend this product.,2023-01-20,False,POSITIVE,3,SOURCE_G_REVIEWS,reviews_2023.csv,2023-01-20T11:13:46.321859873,BATCH-G-20230120
REV-00087107,SKU-0017686,user_45552,Michael Sanchez,3,"It's okay, does the job.",2023-06-11,True,NEUTRAL,3,SOURCE_G_REVIEWS,reviews_2023.csv,2023-06-11T20:41:52.324119773,BATCH-G-20230611
REV-00087108,SKU-0013136,user_9024050,Christopher James,3,Works fine but delivery was slow.,2023-02-14,False,NEUTRAL,3,SOURCE_G_REVIEWS,reviews_2023.csv,2023-02-14T10:55:22.796592643,BATCH-G-20230214
REV-00087111,SKU-0016635,,Anonymous,4,Better than I expected for the price.,2023-11-24,False,POSITIVE,2,SOURCE_G_REVIEWS,reviews_2023.csv,2023-11-24T11:25:16.645441040,BATCH-G-20231124
REV-00087121,SKU-0009727,user_9024209,Thomas Herman,5,Highly recommend this product.,2023-06-11,False,POSITIVE,0,SOURCE_G_REVIEWS,reviews_2023.csv,2023-06-11T20:33:00.216329030,BATCH-G-20230611
REV-00087122,SKU-0018654,user_9034965,Jennifer Moore,4,"Exactly as described, very happy.",2023-05-12,True,POSITIVE,2,SOURCE_G_REVIEWS,reviews_2023.csv,2023-05-12T07:59:00.430282311,BATCH-G-20230512
REV-00087130,SKU-0004002,user_52299,Sarah Tran,4,Will definitely buy again.,2023-02-18,False,POSITIVE,4,SOURCE_G_REVIEWS,reviews_2023.csv,2023-02-18T09:55:30.951264778,BATCH-G-20230218
REV-00087131,SKU-0008061,user_41029,Abigail Hicks,4,Great value for money.,2023-06-03,False,POSITIVE,3,SOURCE_G_REVIEWS,reviews_2023.csv,2023-06-04T00:47:59.953606341,BATCH-G-20230603
REV-00087133,SKU-0002986,user_9940,James Alexander,4,गुणवत्ता ठीक नहीं थी।,2023-04-23,False,POSITIVE,6,SOURCE_G_REVIEWS,reviews_2023.csv,2023-04-23T14:02:33.268304247,BATCH-G-20230423
REV-00087137,SKU-0011719,user_9014199,Deanna Burton,1,"Cheaply made, broke immediately.",2023-03-19,False,NEGATIVE,3,SOURCE_G_REVIEWS,reviews_2023.csv,2023-03-19T10:35:44.873488419,BATCH-G-20230319
REV-00087138,SKU-0001644,user_25582,Eric,5,Better than I expected for the price.,2023-08-12,True,POSITIVE,0,SOURCE_G_REVIEWS,reviews_2023.csv,2023-08-12T14:50:39.516832993,BATCH-G-20230812
REV-00087156,SKU-0010409,user_9021583,Jim Miller,3,Works fine but delivery was slow.,2023-05-30,True,NEUTRAL,4,SOURCE_G_REVIEWS,reviews_2023.csv,2023-05-31T02:10:00.864993575,BATCH-G-20230530
REV-00087157,SKU-0018929,,Anonymous,1,Not as described at all.,2023-04-26,True,NEGATIVE,1,SOURCE_G_REVIEWS,reviews_2023.csv,2023-04-26T02:53:12.343055379,BATCH-G-20230426
REV-00087161,SKU-0014826,user_9027513,Bethany Reynolds,3,Decent but overpriced a bit.,2023-03-12,True,NEUTRAL,0,SOURCE_G_REVIEWS,reviews_2023.csv,2023-03-13T04:23:12.856870441,BATCH-G-20230312
REV-00087162,SKU-0001927,,Anonymous,5,"Perfect gift, they loved it!",2023-09-20,True,POSITIVE,2,SOURCE_G_REVIEWS,reviews_2023.csv,2023-09-20T08:16:59.329595495,BATCH-G-20230920
REV-00087169,SKU-0016208,user_11684,Leah Brown,4,"Livraison très lente, déçu.",2023-08-29,False,POSITIVE,4,SOURCE_G_REVIEWS,reviews_2023.csv,2023-08-30T02:37:53.893046322,BATCH-G-20230829
REV-00087185,SKU-0003891,user_9008018,Albert Stevens,1,Very disappointed with the quality.,2023-12-16,False,NEGATIVE,0,SOURCE_G_REVIEWS,reviews_2023.csv,2023-12-17T05:39:46.274817604,BATCH-G-20231216
REV-00087208,SKU-0016204,,Anonymous,4,"Exactly as described, very happy.",2023-12-28,False,POSITIVE,0,SOURCE_G_REVIEWS,reviews_2023.csv,2023-12-28T16:19:30.565172877,BATCH-G-20231228
REV-00087224,SKU-0014321,,Anonymous,4,"Absolutely love it, works perfectly!",2023-03-10,False,POSITIVE,1,SOURCE_G_REVIEWS,reviews_2023.csv,2023-03-10T04:02:16.955208118,BATCH-G-20230310
REV-00087224-BOT,SKU-0014321,user_9000370,Billy Dyer,4,"Absolutely love it, works perfectly!",2023-03-10,False,POSITIVE,0,SOURCE_G_REVIEWS,reviews_2023.csv,2023-03-10T04:02:16.955208118,BATCH-G-20230310
REV-00087243,SKU-0003819,user_9009448,Daniel,4,Exceeded my expectations.,2023-07-20,True,POSITIVE,4,SOURCE_G_REVIEWS,reviews_2023.csv,2023-07-20T20:39:53.082724107,BATCH-G-20230720
REV-00087255,SKU-0017280,user_61588,Jessica,2,   Arrived  damaged  and  support  was  unhelpful.   ,2023-01-08,False,NEGATIVE,1,SOURCE_G_REVIEWS,reviews_2023.csv,2023-01-09T00:10:49.804445203,BATCH-G-20230108
REV-00087277,SKU-9913525,user_218,Michelle Shaw,2,"Cheaply made, broke immediately.",2023-11-19,True,NEGATIVE,0,SOURCE_G_REVIEWS,reviews_2023.csv,2023-11-19T23:36:54.630028615,BATCH-G-20231119
REV-00087281,SKU-0015232,user_35713,Sean Ramirez,5,Highly recommend this product. 😡,2023-06-06,True,POSITIVE,0,SOURCE_G_REVIEWS,reviews_2023.csv,2023-06-06T11:55:11.332334244,BATCH-G-20230606
REV-00087283,SKU-0001475,user_9010074,Kenneth Brown,5,Works fine but delivery was slow.,2023-06-08,True,NEUTRAL,1,SOURCE_G_REVIEWS,reviews_2023.csv,2023-06-08T21:39:46.972475156,BATCH-G-20230608
REV-00087288,SKU-0017182,,Anonymous,1,Works fine but delivery was slow.,2023-02-05,True,NEUTRAL,5,SOURCE_G_REVIEWS,reviews_2023.csv,2023-02-05T01:16:24.998680287,BATCH-G-20230205
REV-00087292,SKU-0003502,user_4153,Brittany Cowan,5,Great value for money.,2023-12-24,True,POSITIVE,0,SOURCE_G_REVIEWS,reviews_2023.csv,2023-12-24T00:40:37.167426555,BATCH-G-20231224
REV-00087297,SKU-0018355,user_9023770,Gina Chavez,3,"Matches the description, no issues.",2023-01-30,True,NEUTRAL,10,SOURCE_G_REVIEWS,reviews_2023.csv,2023-01-30T19:51:49.354795773,BATCH-G-20230130
REV-00087300,SKU-0002515,user_9005992,David,3,"Not bad, not great either.",2023-01-20,True,NEUTRAL,3,SOURCE_G_REVIEWS,reviews_2023.csv,2023-01-20T02:36:14.903219722,BATCH-G-20230120
REV-00087302,SKU-0013828,user_9029570,Elizabeth Miller,2,Very disappointed with the quality.,2023-02-19,False,NEGATIVE,0,SOURCE_G_REVIEWS,reviews_2023.csv,2023-02-20T02:15:49.770144469,BATCH-G-20230219
REV-00087303,SKU-0019636,user_9001920,Nicole Norman,3,"Average quality, nothing special.",2023-04-28,True,NEUTRAL,2,SOURCE_G_REVIEWS,reviews_2023.csv,2023-04-28T05:56:25.592087887,BATCH-G-20230428
REV-00087313,SKU-0008086,user_29443,Taylor Nelson,5,"Perfect gift, they loved it!",2023-07-01,False,POSITIVE,6,SOURCE_G_REVIEWS,reviews_2023.csv,2023-07-01T06:05:36.192912626,BATCH-G-20230701
REV-00087326,SKU-0008517,user_9030318,Cody,5,"Solid build quality, no complaints.",2023-10-08,False,POSITIVE,1,SOURCE_G_REVIEWS,reviews_2023.csv,2023-10-08T09:18:14.681988646,BATCH-G-20231008
REV-00087358,SKU-0005051,user_5355,Cynthia Romero,4,Highly recommend this product.,2023-04-20,True,POSITIVE,0,SOURCE_G_REVIEWS,reviews_2023.csv,2023-04-20T18:31:44.365960354,BATCH-G-20230420
REV-00087359,SKU-0011415,user_46958,Melissa Price,2,N/A,2023-05-31,True,NEGATIVE,4,SOURCE_G_REVIEWS,reviews_2023.csv,2023-05-31T04:55:50.356446124,BATCH-G-20230531
REV-00087361,SKU-0001942,user_67448,Danny,1,"बहुत अच्छा उत्पाद है, पैसा वसूल!",2023-11-25,True,NEGATIVE,2,SOURCE_G_REVIEWS,reviews_2023.csv,2023-11-25T17:41:59.844216986,BATCH-G-20231125
REV-00087364,SKU-0004246,user_9015685,April Castaneda,4,Exceeded my expectations.,2023-09-30,True,POSITIVE,1,SOURCE_G_REVIEWS,reviews_2023.csv,2023-09-30T20:51:54.733678496,BATCH-G-20230930
REV-00087371,SKU-0005194,user_9021633,Andrew Kerr,3,"Matches the description, no issues.",2023-08-25,False,NEUTRAL,1,SOURCE_G_REVIEWS,reviews_2023.csv,2023-08-25T15:17:08.706190515,BATCH-G-20230825
REV-00087378,SKU-0006845,user_9008388,Cindy Harvey,2,Not as described at all.,2023-03-09,True,NEGATIVE,4,SOURCE_G_REVIEWS,reviews_2023.csv,2023-03-09T14:41:14.866916042,BATCH-G-20230309
REV-00087380,SKU-0004547,user_40726,Aaron Kelley,4,Great value for money.,2023-11-19,True,POSITIVE,0,SOURCE_G_REVIEWS,reviews_2023.csv,2023-11-19T14:53:11.546257144,BATCH-G-20231119
REV-00087381,SKU-0013098,user_9011005,John Sullivan,5,Better than I expected for the price.,2023-12-10,True,POSITIVE,2,SOURCE_G_REVIEWS,reviews_2023.csv,2023-12-10T02:19:51.556946240,BATCH-G-20231210
REV-00087405,SKU-9968304,user_46478,Shannon Flores,4,Exceeded my expectations.,2023-06-26,False,POSITIVE,0,SOURCE_G_REVIEWS,reviews_2023.csv,2023-06-26T00:46:42.514502326,BATCH-G-20230626
REV-00087412,SKU-0004935,user_9010666,Christopher Burgess,5,"Solid build quality, no complaints. ⭐",2023-11-19,True,POSITIVE,3,SOURCE_G_REVIEWS,reviews_2023.csv,2023-11-20T00:33:01.588270035,BATCH-G-20231119
REV-00087415,SKU-0015405,user_49496,Derrick Walter,4,"Livraison très lente, déçu.",2023-07-19,False,POSITIVE,0,SOURCE_G_REVIEWS,reviews_2023.csv,2023-07-19T12:02:52.543772474,BATCH-G-20230719
REV-00087417,SKU-0015773,user_52642,Richard Flores III,2,"Waste of money, do not buy.",2023-06-17,True,NEGATIVE,2,SOURCE_G_REVIEWS,reviews_2023.csv,2023-06-18T04:24:36.882909877,BATCH-G-20230617
REV-00087426,SKU-0015169,user_39555,William Flores,4,Highly recommend this product.,2023-12-10,True,POSITIVE,7,SOURCE_G_REVIEWS,reviews_2023.csv,2023-12-10T08:13:55.314380233,BATCH-G-20231210
REV-00087437,SKU-0008987,user_15843,Charles,4,Great value for money.,2023-01-27,False,POSITIVE,3,SOURCE_G_REVIEWS,reviews_2023.csv,2023-01-28T01:21:02.982440004,BATCH-G-20230127
REV-00087455,SKU-0013947,user_65408,Glenn Gates,3,"Not bad, not great either.",2023-02-02,True,NEUTRAL,1,SOURCE_G_REVIEWS,reviews_2023.csv,2023-02-02T02:39:38.427989969,BATCH-G-20230202
REV-00087458,SKU-9932615,user_9007049,Leslie,unknown,Will definitely buy again.,2023-06-25,True,POSITIVE,2,SOURCE_G_REVIEWS,reviews_2023.csv,2023-06-25T17:14:25.988144245,BATCH-G-20230625
REV-00087459,SKU-0002407,,Anonymous,3,"Matches the description, no issues.",2023-05-10,True,NEUTRAL,0,SOURCE_G_REVIEWS,reviews_2023.csv,2023-05-10T10:15:55.241471548,BATCH-G-20230510
REV-00087463,SKU-0013704,user_9019081,Eric Miller,3,"Matches the description, no issues. 🔥",2023-07-10,False,NEUTRAL,5,SOURCE_G_REVIEWS,reviews_2023.csv,2023-07-10T02:20:42.548408129,BATCH-G-20230710
REV-00087465,SKU-0017794,user_9015810,Barbara,4,Exceeded my expectations. ⭐,2023-04-09,True,POSITIVE,0,SOURCE_G_REVIEWS,reviews_2023.csv,2023-04-09T22:56:52.147574363,BATCH-G-20230409
REV-00087485,SKU-0018710,,Anonymous,?,"Absolutely love it, works perfectly!",2023-08-09,True,POSITIVE,0,SOURCE_G_REVIEWS,reviews_2023.csv,2023-08-09T04:58:44.347742410,BATCH-G-20230809
REV-00087488,SKU-0011587,user_62943,Hector,5,"Muy buen producto, lo recomiendo.",2023-08-12,False,POSITIVE,4,SOURCE_G_REVIEWS,reviews_2023.csv,2023-08-13T03:15:51.432087670,BATCH-G-20230812
REV-00087502,SKU-0007181,user_23439,Tricia Stein,2,Stopped working after a week.,2023-06-30,False,NEGATIVE,0,SOURCE_G_REVIEWS,reviews_2023.csv,2023-06-30T23:24:53.672524174,BATCH-G-20230630
REV-00087514,SKU-9987454,user_30965,Yolanda Moore,4,<i>edited</i>Exceeded my expectations.<br>,2023-12-12,False,POSITIVE,1,SOURCE_G_REVIEWS,reviews_2023.csv,2023-12-12T06:00:22.057064384,BATCH-G-20231212
REV-00087521,SKU-0003096,user_23740,Robert,5,Exceeded my expectations.,2023-07-24,True,POSITIVE,0,SOURCE_G_REVIEWS,reviews_2023.csv,2023-07-24T05:36:26.613851174,BATCH-G-20230724
REV-00087530,SKU-0018396,user_9016351,Jasmine,3,Decent but overpriced a bit.,2023-09-20,True,NEUTRAL,5,SOURCE_G_REVIEWS,reviews_2023.csv,2023-09-20T03:39:19.450449850,BATCH-G-20230920
REV-00087540,SKU-0014249,,Anonymous,3,"Matches the description, no issues.",2023-02-06,True,NEUTRAL,2,SOURCE_G_REVIEWS,reviews_2023.csv,2023-02-06T21:26:20.547946344,BATCH-G-20230206
REV-00087566,SKU-0013299,user_58572,Barbara Hall,4,Better than I expected for the price.,2023-06-12,False,POSITIVE,0,SOURCE_G_REVIEWS,reviews_2023.csv,2023-06-13T00:45:34.840121056,BATCH-G-20230612
REV-00087574,SKU-0011018,user_9012552,Angel Leonard,1,<b>Update:</b>Wrong item was shipped to me.</p>,2023-09-21,False,NEGATIVE,0,SOURCE_G_REVIEWS,reviews_2023.csv,2023-09-22T05:03:44.563923786,BATCH-G-20230921
REV-00087589,SKU-0017114,user_4824,Susan,5,Exceeded my expectations.,2023-01-03,True,POSITIVE,9,SOURCE_G_REVIEWS,reviews_2023.csv,2023-01-03T22:22:36.952230942,BATCH-G-20230103
REV-00087607,SKU-0002267,user_20430,Heather Callahan,2,Very disappointed with the quality.,2023-02-05,True,NEGATIVE,1,SOURCE_G_REVIEWS,reviews_2023.csv,2023-02-05T01:16:53.538288457,BATCH-G-20230205
REV-00087617,SKU-0004551,user_9025688,Anthony Wright,5,"Exactly as described, very happy.",2023-12-14,True,POSITIVE,0,SOURCE_G_REVIEWS,reviews_2023.csv,2023-12-14T15:36:26.422877982,BATCH-G-20231214
REV-00087622,SKU-0000406,user_28495,Richard Cantu,4,Great value for money.,2023-03-07,True,POSITIVE,0,SOURCE_G_REVIEWS,reviews_2023.csv,2023-03-08T00:17:18.126478847,BATCH-G-20230307
REV-00087629,SKU-0019703,user_9026074,Yvette,5,"Solid build quality, no complaints.",2023-11-07,True,POSITIVE,10,SOURCE_G_REVIEWS,reviews_2023.csv,2023-11-07T19:13:54.761942681,BATCH-G-20231107
REV-00087636,SKU-0013941,user_65079,Sarah Brady,1,</p>Wrong item was shipped to me.<br>,2023-09-20,True,NEGATIVE,2,SOURCE_G_REVIEWS,reviews_2023.csv,2023-09-21T00:39:43.222728708,BATCH-G-20230920
REV-00087643,SKU-0002845,user_9021149,Roy Roman,3,"Matches the description, no issues.",2023-09-16,True,NEUTRAL,4,SOURCE_G_REVIEWS,reviews_2023.csv,2023-09-16T02:30:34.625542272,BATCH-G-20230916
REV-00087650,SKU-0005803,,Anonymous,3,"Not bad, not great either.",2023-06-24,True,NEUTRAL,7,SOURCE_G_REVIEWS,reviews_2023.csv,2023-06-25T02:22:44.727944240,BATCH-G-20230624
REV-00087656,SKU-9984850,,Anonymous,4,"Muy buen producto, lo recomiendo.",2023-02-10,True,POSITIVE,12,SOURCE_G_REVIEWS,reviews_2023.csv,2023-02-22T08:00:00,BATCH-G-20230210
REV-00087662,SKU-0003084,user_22214,David,4,"Absolutely love it, works perfectly!",2023-04-09,True,POSITIVE,3,SOURCE_G_REVIEWS,reviews_2023.csv,2023-04-09T08:00:38.693948418,BATCH-G-20230409
REV-00087677,SKU-0019837,user_9024895,Ana Fisher,3,"Muy buen producto, lo recomiendo.",2023-08-11,True,NEUTRAL,1,SOURCE_G_REVIEWS,reviews_2023.csv,2023-08-11T11:10:23.650699193,BATCH-G-20230811
REV-00087684,SKU-0010863,user_65664,Nathan Good,4,"<p>Absolutely love it, works perfectly!<p>",2023-05-22,False,POSITIVE,7,SOURCE_G_REVIEWS,reviews_2023.csv,2023-05-22T05:24:33.826759439,BATCH-G-20230522
REV-00087701,SKU-0002355,user_9031602,Carol,4,Exceeded my expectations.,2023-11-14,False,POSITIVE,1,SOURCE_G_REVIEWS,reviews_2023.csv,2023-11-14T19:13:48.586790435,BATCH-G-20231114
REV-00087702,SKU-0011856,user_61048,Kevin Rodriguez,5,Better than I expected for the price.,2023-08-24,False,POSITIVE,9,SOURCE_G_REVIEWS,reviews_2023.csv,2023-08-25T04:22:53.924569148,BATCH-G-20230824
REV-00087707,SKU-0000826,user_56151,Kelsey Snyder,1,   Very  disappointed  with  the  quality.   ,2023-01-06,True,NEGATIVE,0,SOURCE_G_REVIEWS,reviews_2023.csv,2023-01-07T02:57:24.447935298,BATCH-G-20230106
REV-00087718,SKU-9986209,user_8213,Samuel Carter,5,Excellent rapport qualité-prix.,2023-11-05,True,POSITIVE,6,SOURCE_G_REVIEWS,reviews_2023.csv,2023-11-05T00:36:38.447041311,BATCH-G-20231105
REV-00087722,SKU-0011661,user_9025188,Ricky Gallegos,3,"Average quality, nothing special.",2023-02-06,True,NEUTRAL,6,SOURCE_G_REVIEWS,reviews_2023.csv,2023-02-06T12:03:36.103008023,BATCH-G-20230206
REV-00087728,SKU-0007537,user_9001519,Richard Brown,3,,2023-10-07,False,NEUTRAL,5,SOURCE_G_REVIEWS,reviews_2023.csv,2023-10-07T21:15:54.350739011,BATCH-G-20231007
REV-00087733,SKU-0001626,user_19090,Raymond Mccoy,2,"Waste of money, do not buy.",2023-10-31,False,NEGATIVE,0,SOURCE_G_REVIEWS,reviews_2023.csv,2023-10-31T03:45:27.812109258,BATCH-G-20231031
REV-00087734,SKU-0000367,,Anonymous,5,Highly recommend this product.,2023-12-03,False,POSITIVE,16,SOURCE_G_REVIEWS,reviews_2023.csv,2023-12-03T11:13:06.285933160,BATCH-G-20231203
REV-00087741,SKU-0000025,,Anonymous,5,<i>edited</i>Fast delivery and great quality.<i>edited</i>,2023-02-03,True,POSITIVE,7,SOURCE_G_REVIEWS,reviews_2023.csv,2023-02-03T16:57:53.686043797,BATCH-G-20230203
REV-00087758,SKU-0019137,user_52996,Renee,5,Great value for money.,2023-02-08,True,POSITIVE,4,SOURCE_G_REVIEWS,reviews_2023.csv,2023-02-08T15:52:11.448935562,BATCH-G-20230208
REV-00087761,SKU-0004010,user_9028834,Melissa,5,Exceeded my expectations.,2023-12-10,False,POSITIVE,1,SOURCE_G_REVIEWS,reviews_2023.csv,2023-12-10T01:57:46.567486422,BATCH-G-20231210
REV-00087764,SKU-0012285,user_9015992,Christina Jordan,5,Exceeded my expectations.,2023-02-05,False,POSITIVE,0,SOURCE_G_REVIEWS,reviews_2023.csv,2023-02-06T02:23:55.980758291,BATCH-G-20230205
REV-00087767,SKU-0001116,user_9020768,Jennifer Everett,5,<b>Update:</b>Highly recommend this product. 🙏<i>edited</i>,2023-11-03,True,POSITIVE,8,SOURCE_G_REVIEWS,reviews_2023.csv,2023-11-04T04:20:07.190741321,BATCH-G-20231103
REV-00087781,SKU-0016040,user_9022690,Richard Foster,3,"बहुत अच्छा उत्पाद है, पैसा वसूल! Not bad, not great either.",2023-03-10,False,NEUTRAL,1,SOURCE_G_REVIEWS,reviews_2023.csv,2023-03-10T23:06:17.544472024,BATCH-G-20230310
REV-00087796,SKU-0001780,user_9031559,Luis Herrera,2,Exceeded my expectations.,2023-07-29,True,POSITIVE,12,SOURCE_G_REVIEWS,reviews_2023.csv,2023-07-30T02:39:11.204183962,BATCH-G-20230729
REV-00087796-DUP,SKU-0001780,user_9031559,Luis Herrera,2,Exceeded my expectations.,2023-07-29,True,POSITIVE,12,SOURCE_G_REVIEWS,reviews_2023.csv,2023-07-30T03:04:11.204183962,BATCH-G-20230729
REV-00087797,SKU-0013412,user_9001863,Luis,5,Exceeded my expectations.,2023-10-16,True,POSITIVE,1,SOURCE_G_REVIEWS,reviews_2023.csv,2023-10-16T00:45:15.687896017,BATCH-G-20231016
REV-00087799,SKU-0012282,user_9021622,Sabrina Santos,4,Will definitely buy again.,2023-02-04,True,POSITIVE,4,SOURCE_G_REVIEWS,reviews_2023.csv,2023-02-04T19:13:43.874695996,BATCH-G-20230204
REV-00087800,SKU-0018565,user_9032139,Lisa Dennis,5,"Exactly as described, very happy.",2023-06-07,False,POSITIVE,1,SOURCE_G_REVIEWS,reviews_2023.csv,2023-06-07T09:17:19.962884238,BATCH-G-20230607
REV-00087801,SKU-0001437,user_15468,David,4,"Perfect gift, they loved it!",2023-07-06,False,POSITIVE,7,SOURCE_G_REVIEWS,reviews_2023.csv,2023-07-06T11:43:34.872117126,BATCH-G-20230706
REV-00087813,SKU-0017580,user_59713,John Stuart,4,Great value for money.,2023-06-18,False,POSITIVE,0,SOURCE_G_REVIEWS,reviews_2023.csv,2023-06-18T12:52:28.091399616,BATCH-G-20230618
REV-00087814,SKU-0017663,user_42542,Alexis Thompson,2,Not as described at all.,2023-03-12,True,NEGATIVE,1,SOURCE_G_REVIEWS,reviews_2023.csv,2023-03-12T03:33:39.694105558,BATCH-G-20230312
REV-00087819,SKU-0008404,,Anonymous,5,"Exactly as described, very happy.",2023-12-13,True,POSITIVE,5,SOURCE_G_REVIEWS,reviews_2023.csv,2023-12-14T02:46:07.499648148,BATCH-G-20231213
REV-00087826,SKU-0017797,user_38165,Jillian Rivera,4,"Perfect gift, they loved it!",2023-03-29,False,POSITIVE,1,SOURCE_G_REVIEWS,reviews_2023.csv,2023-03-29T22:02:55.940537145,BATCH-G-20230329
REV-00087835,SKU-0011491,user_14164,Margaret Miller,2,Not as described at all.,2023-07-06,True,NEGATIVE,2,SOURCE_G_REVIEWS,reviews_2023.csv,2023-07-06T12:22:24.866119510,BATCH-G-20230706
REV-00087845,SKU-0020048,,Anonymous,2,"Waste of money, do not buy.",2023-08-20,False,NEGATIVE,1,SOURCE_G_REVIEWS,reviews_2023.csv,2023-08-20T03:38:58.235559186,BATCH-G-20230820
REV-00087864,SKU-0002358,user_20204,Robert,5,Works fine but delivery was slow.,2023-05-21,True,NEUTRAL,12,SOURCE_G_REVIEWS,reviews_2023.csv,2023-05-22T01:17:51.633248304,BATCH-G-20230521
REV-00087869,SKU-0011602,,Anonymous,5,Fast delivery and great quality.,2023-02-26,True,POSITIVE,5,SOURCE_G_REVIEWS,reviews_2023.csv,2023-02-26T12:34:47.248915577,BATCH-G-20230226
REV-00087872,SKU-0018628,user_56295,Shawn Chapman,5,Will definitely buy again.,2023-04-13,True,POSITIVE,0,SOURCE_G_REVIEWS,reviews_2023.csv,2023-04-14T02:46:28.266420777,BATCH-G-20230413
REV-00087875,SKU-0010138,user_9000769,Bridget Booker MD,2,"Poor packaging, item was defective.",2023-07-26,False,NEGATIVE,13,SOURCE_G_REVIEWS,reviews_2023.csv,2023-07-27T02:19:08.507421682,BATCH-G-20230726
REV-00087876,SKU-0011913,user_9033596,Richard Sparks,3,"Average quality, nothing special.",2023-01-31,True,NEUTRAL,2,SOURCE_G_REVIEWS,reviews_2023.csv,2023-01-31T13:35:09.458788366,BATCH-G-20230131
REV-00087879,SKU-0005365,user_34262,David Scott,2,Very disappointed with the quality. 👍🔥,2023-10-23,False,NEGATIVE,5,SOURCE_G_REVIEWS,reviews_2023.csv,2023-10-23T01:51:09.568152302,BATCH-G-20231023
REV-00087893,SKU-0000662,,Anonymous,2,Better than I expected for the price.,2023-11-30,True,POSITIVE,2,SOURCE_G_REVIEWS,reviews_2023.csv,2023-11-30T03:53:15.344787468,BATCH-G-20231130
REV-00087901,SKU-0018474,user_9014303,Justin Thompson,2,Wrong item was shipped to me.,2023-09-22,True,NEGATIVE,5,SOURCE_G_REVIEWS,reviews_2023.csv,2023-09-23T02:33:54.052176541,BATCH-G-20230922
REV-00087902,SKU-0015828,user_46378,Amber Dudley,5,"Absolutely love it, works perfectly!",2023-12-27,True,POSITIVE,0,SOURCE_G_REVIEWS,reviews_2023.csv,2023-12-27T19:00:52.180744515,BATCH-G-20231227
REV-00087912,SKU-9938465,user_65310,Jonathon Roth,4,Highly recommend this product.,2023-07-01,False,POSITIVE,1,SOURCE_G_REVIEWS,reviews_2023.csv,2023-07-01T22:24:28.001546999,BATCH-G-20230701
REV-00087916,SKU-0012880,user_61484,Logan Frederick MD,4,   Highly  recommend  this  product.   ,2023-11-05,False,POSITIVE,1,SOURCE_G_REVIEWS,reviews_2023.csv,2023-11-06T04:05:56.603542121,BATCH-G-20231105
REV-00087928,SKU-0018582,user_27019,Dakota Jackson,2,"Poor packaging, item was defective.",2023-10-31,True,NEGATIVE,0,SOURCE_G_REVIEWS,reviews_2023.csv,2023-10-31T05:14:19.551389702,BATCH-G-20231031
REV-00087956,SKU-0016097,user_38302,Amy Holt,5,Great value for money.,2023-12-31,False,POSITIVE,1,SOURCE_G_REVIEWS,reviews_2023.csv,2023-12-31T04:16:03.478696163,BATCH-G-20231231
REV-00087976,SKU-0006172,user_9014734,Anthony Malone,4,"Absolutely love it, works perfectly!",2023-06-14,True,POSITIVE,0,SOURCE_G_REVIEWS,reviews_2023.csv,2023-06-14T18:35:05.758304392,BATCH-G-20230614
REV-00087993,SKU-0007214,user_14351,Carly Yates,Unknown,"Perfect gift, they loved it!",2023-07-29,False,POSITIVE,0,SOURCE_G_REVIEWS,reviews_2023.csv,2023-07-30T05:09:13.627595796,BATCH-G-20230729
REV-00088000,SKU-0006064,user_48944,Beth,4,Exceeded my expectations.,2023-09-30,True,POSITIVE,1,SOURCE_G_REVIEWS,reviews_2023.csv,2023-10-01T04:32:15.063039220,BATCH-G-20230930
REV-00088004,SKU-0001184,user_9016901,Kathryn Miller,1,   Stopped  working  after  a  week.   ,2023-11-29,False,NEGATIVE,10,SOURCE_G_REVIEWS,reviews_2023.csv,2023-11-29T12:37:00.870243186,BATCH-G-20231129
REV-00088026,SKU-0000542,,Anonymous,5,<i>edited</i>Highly recommend this product.<i>edited</i>,2023-08-24,True,POSITIVE,7,SOURCE_G_REVIEWS,reviews_2023.csv,2023-08-24T15:22:32.607567031,BATCH-G-20230824
REV-00088034,SKU-0017186,user_9034961,Tammy Kim,5,"It's okay, does the job.",2023-12-25,True,NEUTRAL,4,SOURCE_G_REVIEWS,reviews_2023.csv,2023-12-25T13:01:45.275851952,BATCH-G-20231225
REV-00088044,SKU-0019061,user_57010,Jasmine,3,"Average quality, nothing special.",2023-08-20,False,NEUTRAL,1,SOURCE_G_REVIEWS,reviews_2023.csv,2023-08-21T00:36:20.724394119,BATCH-G-20230820
REV-00088058,SKU-0012018,user_22641,Lawrence Patel,4,गुणवत्ता ठीक नहीं थी।,2023-08-03,False,POSITIVE,3,SOURCE_G_REVIEWS,reviews_2023.csv,2023-08-03T18:48:25.590997098,BATCH-G-20230803
REV-00088075,SKU-0014804,user_9026268,Elijah Gonzalez,1,Not as described at all.,2023-08-02,True,NEGATIVE,4,SOURCE_G_REVIEWS,reviews_2023.csv,2023-08-02T18:52:36.186040640,BATCH-G-20230802
REV-00088081,SKU-0012752,user_43202,Kristi,3,Works fine but delivery was slow.,2023-03-18,True,NEUTRAL,0,SOURCE_G_REVIEWS,reviews_2023.csv,2023-03-18T09:48:14.805120084,BATCH-G-20230318
REV-00088093,SKU-0011173,user_29839,Sherry Mendoza,4,<i>edited</i>Fast delivery and great quality.<b>Update:</b>,2023-12-26,True,POSITIVE,0,SOURCE_G_REVIEWS,reviews_2023.csv,2023-12-26T12:05:56.397796430,BATCH-G-20231226
REV-00088099,SKU-0012161,user_28793,Daniel Estrada,5,Highly recommend this product.,2023-08-12,True,POSITIVE,1,SOURCE_G_REVIEWS,reviews_2023.csv,2023-08-13T03:42:32.916625803,BATCH-G-20230812
REV-00088100,SKU-0019634,user_9455,William,5,"Perfect gift, they loved it!",2023-11-22,False,POSITIVE,0,SOURCE_G_REVIEWS,reviews_2023.csv,2023-11-23T05:07:41.765034735,BATCH-G-20231122
REV-00088113,SKU-0008240,user_9013991,Shelly,5,"Perfect gift, they loved it!",2023-06-28,True,POSITIVE,0,SOURCE_G_REVIEWS,reviews_2023.csv,2023-06-29T00:01:02.876589824,BATCH-G-20230628
REV-00088114,SKU-0019741,,Anonymous,5,"Exactly as described, very happy.",2023-03-14,False,POSITIVE,2,SOURCE_G_REVIEWS,reviews_2023.csv,2023-03-14T01:21:19.357944474,BATCH-G-20230314
REV-00088116,SKU-0011392,user_9009073,Yolanda Roth,3,"Not bad, not great either.",2023-10-13,False,NEUTRAL,0,SOURCE_G_REVIEWS,reviews_2023.csv,2023-10-13T04:04:25.936714145,BATCH-G-20231013
REV-00088125,SKU-0016918,,Anonymous,1,Stopped working after a week.,2023-01-02,True,NEGATIVE,0,SOURCE_G_REVIEWS,reviews_2023.csv,2023-01-02T09:51:22.721565606,BATCH-G-20230102
REV-00088143,SKU-0000186,,Anonymous,-1,"Absolutely love it, works perfectly!",2023-05-03,False,POSITIVE,2,SOURCE_G_REVIEWS,reviews_2023.csv,2023-05-04T03:34:20.939310466,BATCH-G-20230503
REV-00088150,SKU-0009577,user_9002157,Christopher Cox, ,Not as described at all. 👍,2023-02-05,False,NEGATIVE,1,SOURCE_G_REVIEWS,reviews_2023.csv,2023-02-05T10:29:30.350518259,BATCH-G-20230205
REV-00088162,SKU-0016485,,Anonymous,5,"Perfect gift, they loved it!",2023-05-20,True,POSITIVE,1,SOURCE_G_REVIEWS,reviews_2023.csv,2023-05-20T07:10:37.632683028,BATCH-G-20230520
REV-00088164,SKU-0006607,user_12968,Isaac Roy,2,"Waste of money, do not buy.",2023-01-18,True,NEGATIVE,14,SOURCE_G_REVIEWS,reviews_2023.csv,2023-01-19T05:16:16.761529542,BATCH-G-20230118
REV-00088172,SKU-0009048,,Anonymous,5,Exceeded my expectations.,2023-07-23,True,POSITIVE,3,SOURCE_G_REVIEWS,reviews_2023.csv,2023-07-23T17:43:09.089652062,BATCH-G-20230723
REV-00088187,SKU-0002815,user_56077,Brian Giles,4,Better than I expected for the price.,2023-12-09,False,POSITIVE,0,SOURCE_G_REVIEWS,reviews_2023.csv,2023-12-09T18:08:32.870691111,BATCH-G-20231209
REV-00088212,SKU-0018749,user_48332,Alexander,4,Will definitely buy again.,2023-12-10,False,POSITIVE,1,SOURCE_G_REVIEWS,reviews_2023.csv,2023-12-10T03:39:24.386995245,BATCH-G-20231210
REV-00088215,SKU-0000071,user_9002640,Dennis Mcdaniel,5,Fast delivery and great quality.,2023-02-21,True,POSITIVE,0,SOURCE_G_REVIEWS,reviews_2023.csv,2023-02-22T02:37:25.756507096,BATCH-G-20230221
REV-00088220,SKU-0012749,user_2708,John Anderson,4,Exceeded my expectations. 👍,2023-10-27,False,POSITIVE,2,SOURCE_G_REVIEWS,reviews_2023.csv,2023-10-28T05:23:08.301237019,BATCH-G-20231027
REV-00088222,SKU-0015317,user_9023997,Steven Garcia,5,"Absolutely love it, works perfectly!",2023-11-27,False,POSITIVE,2,SOURCE_G_REVIEWS,reviews_2023.csv,2023-11-28T03:37:32.799489909,BATCH-G-20231127
REV-00088235,SKU-0003788,user_68450,Andrea Gonzalez,4,गुणवत्ता ठीक नहीं थी।,2023-12-14,False,POSITIVE,2,SOURCE_G_REVIEWS,reviews_2023.csv,2023-12-14T08:01:05.217421247,BATCH-G-20231214
REV-00088238,SKU-0006346,,Anonymous,3,"Average quality, nothing special.",2023-06-13,True,NEUTRAL,5,SOURCE_G_REVIEWS,reviews_2023.csv,2023-06-14T01:25:34.291642600,BATCH-G-20230613
REV-00088262,SKU-0016797,user_9025934,Joanne Jones,4,Will definitely buy again.,2023-11-03,False,POSITIVE,-5,SOURCE_G_REVIEWS,reviews_2023.csv,2023-11-03T16:55:28.245652790,BATCH-G-20231103
REV-00088275,SKU-0016762,user_9014895,Ronald Norton,4,"   Absolutely  love  it,  works  perfectly!   ",2023-03-11,True,POSITIVE,0,SOURCE_G_REVIEWS,reviews_2023.csv,2023-03-11T09:49:07.267701481,BATCH-G-20230311
REV-00088294,SKU-0014286,user_9023143,Jordan Obrien,5,"Exactly as described, very happy.",2023-02-01,False,POSITIVE,0,SOURCE_G_REVIEWS,reviews_2023.csv,2023-02-01T14:56:43.260335019,BATCH-G-20230201
REV-00088316,SKU-0000191,user_9011723,Jeffrey,5,<p>Great value for money.<i>edited</i>,2023-01-11,False,POSITIVE,2,SOURCE_G_REVIEWS,reviews_2023.csv,2023-01-11T04:09:10.854490867,BATCH-G-20230111
REV-00088327,SKU-0014910,user_37043,Samuel Barnes,1,Arrived damaged and support was unhelpful. 🙏,2023-12-30,True,NEGATIVE,4,SOURCE_G_REVIEWS,reviews_2023.csv,2023-12-31T01:23:01.622575781,BATCH-G-20231230
REV-00088328,SKU-0005081,user_69402,Timothy Charles,5,"Perfect gift, they loved it!",2023-06-16,True,POSITIVE,5,SOURCE_G_REVIEWS,reviews_2023.csv,2023-06-16T23:57:47.381440416,BATCH-G-20230616
REV-00088329,SKU-0007232,user_32181,Francisco Haynes,5,"Solid build quality, no complaints. 😀",2023-12-31,False,POSITIVE,0,SOURCE_G_REVIEWS,reviews_2023.csv,2023-12-31T00:34:54.309436210,BATCH-G-20231231
REV-00088338,SKU-0011641,user_38904,Gregory Cantrell,5,Will definitely buy again.,2023-05-14,False,POSITIVE,0,SOURCE_G_REVIEWS,reviews_2023.csv,2023-05-14T21:44:29.728897350,BATCH-G-20230514
REV-00088338-DUP,SKU-0011641,user_38904,Gregory Cantrell,5,Will definitely buy again.,2023-05-14,False,POSITIVE,0,SOURCE_G_REVIEWS,reviews_2023.csv,2023-05-14T22:27:29.728897350,BATCH-G-20230514
REV-00088344,SKU-0016105,user_17785,Samuel,3,"Not bad, not great either.",2023-10-10,False,NEUTRAL,2,SOURCE_G_REVIEWS,reviews_2023.csv,2023-10-10T06:02:18.502977675,BATCH-G-20231010
REV-00088349,SKU-0003254,user_9021440,Nancy Green,4,Highly recommend this product.,2023-01-13,True,POSITIVE,0,SOURCE_G_REVIEWS,reviews_2023.csv,2023-01-13T12:13:21.039017123,BATCH-G-20230113
REV-00088350,SKU-0006895,user_9004074,Paul,3,"It's okay, does the job. 👍",2023-09-01,True,NEUTRAL,0,SOURCE_G_REVIEWS,reviews_2023.csv,2023-09-01T06:50:35.959173702,BATCH-G-20230901
REV-00088374,SKU-0008539,user_9008784,Brian Schroeder,4,"Solid build quality, no complaints. 😍",2023-01-01,False,POSITIVE,4,SOURCE_G_REVIEWS,reviews_2023.csv,2023-01-02T02:24:24.212746718,BATCH-G-20230101
REV-00088407,SKU-0015603,,Anonymous,6,"Solid build quality, no complaints.",2023-12-24,True,POSITIVE,5,SOURCE_G_REVIEWS,reviews_2023.csv,2023-12-24T09:39:05.433371348,BATCH-G-20231224
REV-00088413,SKU-0009651,user_36689,Jennifer Bell,1,"Average quality, nothing special.",2023-12-21,False,NEUTRAL,13,SOURCE_G_REVIEWS,reviews_2023.csv,2023-12-21T05:54:29.171196855,BATCH-G-20231221
REV-00088417,SKU-0018980,user_9030098,Brenda Campbell,3,"Muy buen producto, lo recomiendo.",2023-08-03,True,NEUTRAL,1,SOURCE_G_REVIEWS,reviews_2023.csv,2023-08-04T00:09:09.811287550,BATCH-G-20230803
REV-00088427,SKU-0009893,user_9011686,Benjamin Calderon,5,Wrong item was shipped to me.,2023-11-27,True,NEGATIVE,5,SOURCE_G_REVIEWS,reviews_2023.csv,2023-11-28T00:11:27.346835714,BATCH-G-20231127
REV-00088431,SKU-0011381,user_9009232,Julie Wood,4,"Exactly as described, very happy.",2023-11-20,False,POSITIVE,1,SOURCE_G_REVIEWS,reviews_2023.csv,2023-11-20T12:45:25.093497164,BATCH-G-20231120
REV-00088432,SKU-0017138,user_9030276,Taylor,4,"Solid build quality, no complaints. ⭐🙏",2023-02-24,True,POSITIVE,0,SOURCE_G_REVIEWS,reviews_2023.csv,2023-02-24T18:33:09.965465082,BATCH-G-20230224
REV-00088435,SKU-0017556,user_9006184,Brian York,5,Highly recommend this product.,2023-08-31,True,POSITIVE,3,SOURCE_G_REVIEWS,reviews_2023.csv,2023-08-31T15:21:38.169292432,BATCH-G-20230831
REV-00088440,SKU-0018813,user_10628,Tiffany Perez,3,"Not bad, not great either.",2023-10-18,True,NEUTRAL,3,SOURCE_G_REVIEWS,reviews_2023.csv,2023-10-18T22:53:21.553792707,BATCH-G-20231018
REV-00088441,SKU-0015108,user_18492,Tonya Petersen,5,Better than I expected for the price.,2023-06-27,True,POSITIVE,0,SOURCE_G_REVIEWS,reviews_2023.csv,2023-06-27T17:14:25.660184218,BATCH-G-20230627
REV-00088460,SKU-0005159,user_13910,Kelsey,5,"Absolutely love it, works perfectly!",2023-02-26,True,POSITIVE,8,SOURCE_G_REVIEWS,reviews_2023.csv,2023-02-27T03:52:40.523603270,BATCH-G-20230226
REV-00088470,SKU-0018848,user_14663,Jerry Lewis,5,"बहुत अच्छा उत्पाद है, पैसा वसूल!",2023-11-11,True,POSITIVE,3,SOURCE_G_REVIEWS,reviews_2023.csv,2023-11-11T11:20:22.939082331,BATCH-G-20231111
REV-00088501,SKU-0001435,user_47934,Sarah Ross,5,Excellent rapport qualité-prix. 🙏,2023-08-27,True,POSITIVE,3,SOURCE_G_REVIEWS,reviews_2023.csv,2023-08-27T14:46:49.238060358,BATCH-G-20230827
REV-00088512,SKU-0006251,user_56083,Stephanie Hunter,1,Arrived damaged and support was unhelpful.,2023-04-25,False,NEGATIVE,3,SOURCE_G_REVIEWS,reviews_2023.csv,2023-04-25T03:29:36.837911101,BATCH-G-20230425
REV-00088515,SKU-0015496,user_9391,Mrs.,4,"Perfect gift, they loved it!",2023-10-29,True,POSITIVE,0,SOURCE_G_REVIEWS,reviews_2023.csv,2023-10-29T15:26:40.237804302,BATCH-G-20231029
REV-00088524,SKU-0002465,,Anonymous,4,"Solid build quality, no complaints.",2023-01-05,False,POSITIVE,0,SOURCE_G_REVIEWS,reviews_2023.csv,2023-01-05T17:24:20.686751456,BATCH-G-20230105
REV-00088525,SKU-9977999,user_52169,Aaron Ramirez,4,Highly recommend this product.,2023-09-09,False,POSITIVE,2,SOURCE_G_REVIEWS,reviews_2023.csv,2023-09-09T09:35:24.569840970,BATCH-G-20230909
REV-00088530,SKU-0019635,user_9025376,Claire,5,Excellent rapport qualité-prix. Will definitely buy again.,2023-06-16,True,POSITIVE,2,SOURCE_G_REVIEWS,reviews_2023.csv,2023-06-17T05:22:15.639491955,BATCH-G-20230616
REV-00088543,SKU-0000949,,Anonymous,3,"Not bad, not great either.",2023-12-25,True,NEUTRAL,4,SOURCE_G_REVIEWS,reviews_2023.csv,2023-12-25T10:43:40.806386092,BATCH-G-20231225
REV-00088552,SKU-0012496,user_9031621,Joseph,5,Better than I expected for the price.,2023-07-02,True,POSITIVE,5,SOURCE_G_REVIEWS,reviews_2023.csv,2023-07-02T10:21:00.064327906,BATCH-G-20230702
REV-00088571,SKU-0004844,user_19570,Stephanie,4,Exceeded my expectations.,2023-12-18,True,POSITIVE,6,SOURCE_G_REVIEWS,reviews_2023.csv,2023-12-18T06:43:30.080171640,BATCH-G-20231218
REV-00088590,SKU-0013680,,Anonymous,3,Works fine but delivery was slow.,2023-09-18,False,NEUTRAL,1,SOURCE_G_REVIEWS,reviews_2023.csv,2023-09-18T20:21:09.286505715,BATCH-G-20230918
REV-00088591,SKU-0019328,user_56927,Amanda,5,Very disappointed with the quality.,2023-05-18,True,NEGATIVE,1,SOURCE_G_REVIEWS,reviews_2023.csv,2023-05-19T05:24:09.752092069,BATCH-G-20230518
REV-00088607,SKU-0014810,user_52781,Matthew,4,"It's okay, does the job.",2023-05-30,False,NEUTRAL,1,SOURCE_G_REVIEWS,reviews_2023.csv,2023-05-30T10:27:54.443051165,BATCH-G-20230530
REV-00088609,SKU-0000703,,Anonymous,4,Great value for money.,2023-09-16,False,POSITIVE,0,SOURCE_G_REVIEWS,reviews_2023.csv,2023-09-16T14:30:25.404238371,BATCH-G-20230916
REV-00088635,SKU-0015988,user_57885,Mr. Jeremy Bailey,5,"Absolutely love it, works perfectly!",2023-01-10,True,POSITIVE,1,SOURCE_G_REVIEWS,reviews_2023.csv,2023-01-11T05:53:31.148669158,BATCH-G-20230110
REV-00088643,SKU-9975478,user_9027413,Linda Bartlett,3,"Exactly as described, very happy.",2023-03-25,True,POSITIVE,2,SOURCE_G_REVIEWS,reviews_2023.csv,2023-03-26T00:56:57.300094162,BATCH-G-20230325
REV-00088644,SKU-9984858,user_9032126,Cheryl Acevedo,,"Average quality, nothing special.",2023-12-28,True,NEUTRAL,4,SOURCE_G_REVIEWS,reviews_2023.csv,2023-12-28T23:52:29.830554159,BATCH-G-20231228
REV-00088658,SKU-0014494,user_9022053,James Bond,4,Highly recommend this product.,2023-12-24,False,POSITIVE,0,SOURCE_G_REVIEWS,reviews_2023.csv,2023-12-25T02:54:17.913781381,BATCH-G-20231224
REV-00088662,SKU-9965499,,Anonymous,5,Great value for money.,2023-10-07,True,POSITIVE,0,SOURCE_G_REVIEWS,reviews_2023.csv,2023-10-07T14:14:14.588386304,BATCH-G-20231007
REV-00088664,SKU-0006668,,Anonymous,3,"Matches the description, no issues.",2023-11-27,False,NEUTRAL,0,SOURCE_G_REVIEWS,reviews_2023.csv,2023-11-27T14:48:54.671528212,BATCH-G-20231127
REV-00088675,SKU-0005614,user_9002257,James Ellis,5,"Solid build quality, no complaints.",2023-11-23,True,POSITIVE,2,SOURCE_G_REVIEWS,reviews_2023.csv,2023-11-23T14:55:28.070408414,BATCH-G-20231123
REV-00088676,SKU-0006115,user_47915,Kevin Anderson,2,Wrong item was shipped to me.,2023-02-02,False,NEGATIVE,4,SOURCE_G_REVIEWS,reviews_2023.csv,2023-02-02T21:12:03.694675604,BATCH-G-20230202
REV-00088687,SKU-0001306,,Anonymous,5,Fast delivery and great quality.,2023-04-29,True,POSITIVE,0,SOURCE_G_REVIEWS,reviews_2023.csv,2023-04-29T06:12:09.728064733,BATCH-G-20230429
REV-00088710,SKU-0000740,,Anonymous,4,Fast delivery and great quality.,2023-10-03,True,POSITIVE,1,SOURCE_G_REVIEWS,reviews_2023.csv,2023-10-04T03:46:39.859198467,BATCH-G-20231003
REV-00088738,SKU-0005479,user_66732,Anna,3,"बहुत अच्छा उत्पाद है, पैसा वसूल!",2023-07-04,False,POSITIVE,0,SOURCE_G_REVIEWS,reviews_2023.csv,2023-07-04T05:56:29.688042653,BATCH-G-20230704
REV-00088739,SKU-0001982,user_48461,Donald Erickson,1,<p>Very disappointed with the quality.<p>,2023-10-02,True,NEGATIVE,4,SOURCE_G_REVIEWS,reviews_2023.csv,2023-10-02T19:36:26.903293438,BATCH-G-20231002
REV-00088744,SKU-0016030,user_9030185,Tiffany Hicks,4,"Solid build quality, no complaints.",2023-07-18,True,POSITIVE,5,SOURCE_G_REVIEWS,reviews_2023.csv,2023-07-18T02:11:16.663553700,BATCH-G-20230718
REV-00088759,SKU-0013216,user_31650,Heather Burns,5,"Exactly as described, very happy.",2023-03-09,True,POSITIVE,0,SOURCE_G_REVIEWS,reviews_2023.csv,2023-03-09T12:30:51.425914647,BATCH-G-20230309
REV-00088767,SKU-0000806,user_24353,Stacey,5,Fast delivery and great quality.,2023-05-29,True,POSITIVE,0,SOURCE_G_REVIEWS,reviews_2023.csv,2023-06-14T20:00:00,BATCH-G-20230529
REV-00088778,SKU-0018166,user_53530,Keith Lucero,5,Will definitely buy again.,2023-11-11,False,POSITIVE,1,SOURCE_G_REVIEWS,reviews_2023.csv,2023-11-11T22:45:00.205980524,BATCH-G-20231111
REV-00088779,SKU-0002269,,Anonymous,3,Works fine but delivery was slow.,2023-04-13,False,NEUTRAL,2,SOURCE_G_REVIEWS,reviews_2023.csv,2023-04-13T00:32:36.134601170,BATCH-G-20230413
REV-00088786,SKU-0007010,user_9022866,Ryan Gallegos,3,"It's okay, does the job.",2023-12-16,True,NEUTRAL,1,SOURCE_G_REVIEWS,reviews_2023.csv,2023-12-16T15:57:40.663809259,BATCH-G-20231216
REV-00088788,SKU-0009489,user_58417,Wendy,4,Will definitely buy again.,2023-10-25,False,POSITIVE,0,SOURCE_G_REVIEWS,reviews_2023.csv,2023-10-26T00:54:46.269856461,BATCH-G-20231025
REV-00088824,SKU-0014512,user_9013569,Laurie Adkins,5,"Solid build quality, no complaints.",2023-10-30,True,POSITIVE,1,SOURCE_G_REVIEWS,reviews_2023.csv,2023-10-30T09:50:13.089845992,BATCH-G-20231030
REV-00088827,SKU-0005889,user_65851,Gary Mullins,5,Better than I expected for the price.,2023-12-18,False,POSITIVE,2,SOURCE_G_REVIEWS,reviews_2023.csv,2023-12-18T07:07:00.903121800,BATCH-G-20231218
REV-00088833,SKU-0013844,,Anonymous,2,Very disappointed with the quality. 😀,2023-12-15,True,NEGATIVE,2,SOURCE_G_REVIEWS,reviews_2023.csv,2023-12-15T06:06:13.596696475,BATCH-G-20231215
REV-00088848,SKU-0019097,user_9020750,Cynthia Garza,4,Will definitely buy again.,2023-11-28,True,POSITIVE,0,SOURCE_G_REVIEWS,reviews_2023.csv,2023-11-28T03:34:45.674676222,BATCH-G-20231128
REV-00088853,SKU-0015763,user_31774,Cynthia Nelson,5,Highly recommend this product.,2023-03-25,True,POSITIVE,3,SOURCE_G_REVIEWS,reviews_2023.csv,2023-03-25T09:13:55.450142754,BATCH-G-20230325
REV-00088855,SKU-0001566,user_30626,Dr.,5,"Absolutely love it, works perfectly!",2023-07-13,False,POSITIVE,11,SOURCE_G_REVIEWS,reviews_2023.csv,2023-07-14T00:34:26.888557891,BATCH-G-20230713
REV-00088857,SKU-0007925,user_29443,Taylor Nelson,6,Great value for money.,2023-07-28,False,POSITIVE,1,SOURCE_G_REVIEWS,reviews_2023.csv,2023-07-29T01:58:14.521261512,BATCH-G-20230728
REV-00088860,SKU-0011649,user_59464,Kimberly Grant,5,Will definitely buy again.,2023-07-23,True,POSITIVE,3,SOURCE_G_REVIEWS,reviews_2023.csv,2023-07-23T20:50:12.861979062,BATCH-G-20230723
REV-00088865,SKU-0009436,user_61048,Kevin Rodriguez,5,"Waste of money, do not buy.",2023-04-20,True,NEGATIVE,2,SOURCE_G_REVIEWS,reviews_2023.csv,2023-04-20T03:33:11.400123632,BATCH-G-20230420
REV-00088869,SKU-0003862,user_9011795,Jordan Woodard,1,Arrived damaged and support was unhelpful.,2023-09-26,False,NEGATIVE,1,SOURCE_G_REVIEWS,reviews_2023.csv,2023-09-26T05:46:40.416051972,BATCH-G-20230926
REV-00088872,SKU-0007360,user_9001099,David Nelson,4,Better than I expected for the price.,2023-11-27,True,POSITIVE,3,SOURCE_G_REVIEWS,reviews_2023.csv,2023-11-27T17:00:11.662697596,BATCH-G-20231127
REV-00088884,SKU-0005472,user_9019732,Sarah Mccullough,3,"</p>Average quality, nothing special.<br>",2023-12-12,True,NEUTRAL,0,SOURCE_G_REVIEWS,reviews_2023.csv,2023-12-12T06:12:36.814479422,BATCH-G-20231212
REV-00088892,SKU-0019160,,Anonymous,5,<p>Highly recommend this product.</p>,2023-10-06,True,POSITIVE,0,SOURCE_G_REVIEWS,reviews_2023.csv,2023-10-05T01:00:00,BATCH-G-20231006
REV-00088893,SKU-0019618,,Anonymous,1,   Arrived  damaged  and  support  was  unhelpful.   ,2023-04-23,False,NEGATIVE,1,SOURCE_G_REVIEWS,reviews_2023.csv,2023-04-23T15:46:19.263925549,BATCH-G-20230423
REV-00088900,SKU-0015197,user_9746,Rebecca,1,Very disappointed with the quality.,2023-01-02,True,NEGATIVE,5,SOURCE_G_REVIEWS,reviews_2023.csv,2023-01-02T11:26:06.581315929,BATCH-G-20230102
REV-00088906,SKU-0008040,user_29501,Sarah,3,"Not bad, not great either.",2023-01-31,True,NEUTRAL,3,SOURCE_G_REVIEWS,reviews_2023.csv,2023-01-31T08:57:11.914077195,BATCH-G-20230131
REV-00088908,SKU-0011360,user_9003980,Patrick Mcdonald,4,Highly recommend this product.,2023-09-15,False,POSITIVE,4,SOURCE_G_REVIEWS,reviews_2023.csv,2023-09-16T01:55:34.538948002,BATCH-G-20230915
REV-00088916,SKU-0017772,user_9022057,Timothy Brown,5,"Muy buen producto, lo recomiendo.",2023-01-11,False,POSITIVE,0,SOURCE_G_REVIEWS,reviews_2023.csv,2023-01-11T13:58:17.014416101,BATCH-G-20230111
REV-00088918,SKU-0016582,,Anonymous,5,"Absolutely love it, works perfectly!",2023-11-13,True,POSITIVE,5,SOURCE_G_REVIEWS,reviews_2023.csv,2023-11-13T12:36:48.685129021,BATCH-G-20231113
REV-00088919,SKU-0014504,user_5766,Dana Wong,7,Highly recommend this product.,2023-11-15,False,POSITIVE,1,SOURCE_G_REVIEWS,reviews_2023.csv,2023-11-15T16:11:48.814250699,BATCH-G-20231115
REV-00088948,SKU-0008574,,Anonymous,5,   No  cumplió  mis  expectativas.   ,2023-12-08,True,POSITIVE,2,SOURCE_G_REVIEWS,reviews_2023.csv,2023-12-19T02:00:00,BATCH-G-20231208
REV-00088955,SKU-9904039,user_32198,Timothy,-1,Great value for money.,2023-11-15,True,POSITIVE,4,SOURCE_G_REVIEWS,reviews_2023.csv,2023-11-15T02:25:55.277126215,BATCH-G-20231115
REV-00088964,SKU-9923622,user_9003029,Judy,4,"Perfect gift, they loved it!",2023-01-29,False,POSITIVE,0,SOURCE_G_REVIEWS,reviews_2023.csv,2023-01-29T22:36:02.143273059,BATCH-G-20230129
REV-00088971,SKU-0000125,user_9013120,Brandon Gill,4,&nbsp;Exceeded my expectations.<p>,2023-08-13,True,POSITIVE,0,SOURCE_G_REVIEWS,reviews_2023.csv,2023-08-14T01:08:38.692966923,BATCH-G-20230813
REV-00088974,SKU-0012020,user_9030408,Valerie Bowen,5,Better than I expected for the price.,2023-10-04,True,POSITIVE,0,SOURCE_G_REVIEWS,reviews_2023.csv,2023-10-04T21:28:22.864912588,BATCH-G-20231004
REV-00088977,SKU-0013726,user_9031637,Karla Cohen,1,Stopped working after a week.,2023-03-29,False,NEGATIVE,10,SOURCE_G_REVIEWS,reviews_2023.csv,2023-03-29T16:35:50.525061881,BATCH-G-20230329
REV-00088979,SKU-0016397,user_67589,Nicholas,5,Great value for money.,2023-03-15,True,POSITIVE,1,SOURCE_G_REVIEWS,reviews_2023.csv,2023-03-15T06:01:29.500246017,BATCH-G-20230315
REV-00088982,SKU-9916629,user_9415,Brian,4,Very disappointed with the quality. 😐,2023-12-23,True,NEGATIVE,4,SOURCE_G_REVIEWS,reviews_2023.csv,2023-12-24T02:51:05.282580199,BATCH-G-20231223
REV-00088984,SKU-0009388,user_42747,Scott Armstrong,5,"Solid build quality, no complaints.",2023-03-20,True,POSITIVE,13,SOURCE_G_REVIEWS,reviews_2023.csv,2023-03-21T04:41:58.268360427,BATCH-G-20230320
REV-00088991,SKU-0005735,user_48098,Steven Chen,4,Will definitely buy again.,2023-06-26,True,POSITIVE,6,SOURCE_G_REVIEWS,reviews_2023.csv,2023-06-26T00:37:11.028248052,BATCH-G-20230626
REV-00088993,SKU-0015260,,Anonymous,5,Fast delivery and great quality.,2023-10-26,True,POSITIVE,3,SOURCE_G_REVIEWS,reviews_2023.csv,2023-10-27T03:30:59.491848519,BATCH-G-20231026
REV-00088998,SKU-0003494,user_9026552,Kristie Barber,2,No cumplió mis expectativas. 💯,2023-06-14,False,NEGATIVE,1,SOURCE_G_REVIEWS,reviews_2023.csv,2023-06-14T05:14:57.213711260,BATCH-G-20230614
REV-00089006,SKU-0006566,user_15579,Shane Hall,5,Exceeded my expectations.,2023-03-07,True,POSITIVE,10,SOURCE_G_REVIEWS,reviews_2023.csv,2023-03-07T01:47:51.905343282,BATCH-G-20230307
REV-00089015,SKU-0004330,user_9027957,Darlene Smith,5,Fast delivery and great quality.,2023-06-19,False,POSITIVE,6,SOURCE_G_REVIEWS,reviews_2023.csv,2023-06-19T23:00:29.312267940,BATCH-G-20230619
REV-00089018,SKU-0010887,user_9018225,Belinda Lane,,Arrived damaged and support was unhelpful.,2023-01-14,False,NEGATIVE,0,SOURCE_G_REVIEWS,reviews_2023.csv,2023-01-14T04:30:03.095477810,BATCH-G-20230114
REV-00089032,SKU-0014383,user_9019205,Rebecca,2,"Poor packaging, item was defective.",2023-02-20,True,NEGATIVE,1,SOURCE_G_REVIEWS,reviews_2023.csv,2023-02-20T22:42:57.617108047,BATCH-G-20230220
REV-00089037,SKU-0007209,user_54860,Brittany Fisher,5,Better than I expected for the price.,2023-07-07,False,POSITIVE,2,SOURCE_G_REVIEWS,reviews_2023.csv,2023-07-07T10:46:50.674761614,BATCH-G-20230707
REV-00089047,SKU-0013993,user_63686,Anthony,4,Fast delivery and great quality.,2023-12-15,False,POSITIVE,3,SOURCE_G_REVIEWS,reviews_2023.csv,2023-12-15T10:41:29.573567686,BATCH-G-20231215
REV-00089051,SKU-0014781,,Anonymous,5,"Solid build quality, no complaints.",2023-03-08,False,POSITIVE,1,SOURCE_G_REVIEWS,reviews_2023.csv,2023-03-08T05:37:43.114581941,BATCH-G-20230308
REV-00089052,SKU-0001320,user_31839,Mary Allen,4,Will definitely buy again.,2023-06-23,True,POSITIVE,1,SOURCE_G_REVIEWS,reviews_2023.csv,2023-06-24T01:06:49.617324143,BATCH-G-20230623
REV-00089054,SKU-0018885,,Anonymous,?,"Perfect gift, they loved it!",2023-12-23,False,POSITIVE,1,SOURCE_G_REVIEWS,reviews_2023.csv,2023-12-23T01:22:40.392610674,BATCH-G-20231223
REV-00089058,SKU-0000688,user_9024470,Cody Boyd,4,Better than I expected for the price.,2023-08-15,False,POSITIVE,1,SOURCE_G_REVIEWS,reviews_2023.csv,2023-08-15T20:08:04.116366422,BATCH-G-20230815
REV-00089062,SKU-0006341,user_5689,Andre Rogers,3,"Not bad, not great either.",2023-06-15,False,NEUTRAL,5,SOURCE_G_REVIEWS,reviews_2023.csv,2023-06-15T10:10:44.146135118,BATCH-G-20230615
REV-00089073,SKU-0018923,,Anonymous,5,"Perfect gift, they loved it!",2023-12-17,False,POSITIVE,3,SOURCE_G_REVIEWS,reviews_2023.csv,2023-12-17T14:12:30.888900644,BATCH-G-20231217
REV-00089075,SKU-0015760,,Anonymous,5,   Exceeded  my  expectations.   ,2023-03-28,False,POSITIVE,0,SOURCE_G_REVIEWS,reviews_2023.csv,2023-03-28T20:22:25.944580097,BATCH-G-20230328
REV-00089076,SKU-0007418,user_58791,Patricia Matthews,2,Arrived damaged and support was unhelpful. 💯⭐,2023-11-29,True,NEGATIVE,0,SOURCE_G_REVIEWS,reviews_2023.csv,2023-11-30T05:50:18.314673115,BATCH-G-20231129
REV-00089079,SKU-0016290,,Anonymous,4,Better than I expected for the price.,2023-05-05,True,POSITIVE,1,SOURCE_G_REVIEWS,reviews_2023.csv,2023-05-06T04:13:56.764240539,BATCH-G-20230505
REV-00089090,SKU-9969045,,Anonymous,null,<p>Great value for money.</p>,2023-01-24,True,POSITIVE,4,SOURCE_G_REVIEWS,reviews_2023.csv,2023-01-24T09:33:39.940422982,BATCH-G-20230124
REV-00089091,SKU-0005969,user_9001183,Sarah Thompson,5,Better than I expected for the price.,2023-03-16,False,POSITIVE,1,SOURCE_G_REVIEWS,reviews_2023.csv,2023-03-16T05:16:44.205606989,BATCH-G-20230316
REV-00089093,SKU-0011892,,Anonymous,1,"Poor packaging, item was defective.",2023-03-12,True,NEGATIVE,4,SOURCE_G_REVIEWS,reviews_2023.csv,2023-03-12T16:26:25.287872074,BATCH-G-20230312
REV-00089102,SKU-9907897,user_9005321,Bridget Wilson,3,Works fine but delivery was slow. 🔥😍,2023-10-29,False,NEUTRAL,1,SOURCE_G_REVIEWS,reviews_2023.csv,2023-10-29T21:02:43.740880481,BATCH-G-20231029
REV-00089120,SKU-0018639,user_16983,Monica Hudson,4,"Solid build quality, no complaints.",2023-05-27,True,POSITIVE,2,SOURCE_G_REVIEWS,reviews_2023.csv,2023-05-27T20:24:02.407085829,BATCH-G-20230527
REV-00089126,SKU-0010030,user_9022020,David,5,"Exactly as described, very happy.",2023-12-14,True,POSITIVE,0,SOURCE_G_REVIEWS,reviews_2023.csv,2023-12-14T20:42:29.817704736,BATCH-G-20231214
REV-00089145,SKU-0014663,,Anonymous,5,Fast delivery and great quality.,2023-11-13,False,POSITIVE,8,SOURCE_G_REVIEWS,reviews_2023.csv,2023-11-13T21:35:58.452254356,BATCH-G-20231113
REV-00089146,SKU-0008696,user_63432,Teresa Michael,4,Great value for money.,2023-10-26,True,POSITIVE,1,SOURCE_G_REVIEWS,reviews_2023.csv,2023-10-27T05:31:35.409348522,BATCH-G-20231026
REV-00089147,SKU-0005489,user_40884,Michael Black,3,गुणवत्ता ठीक नहीं थी। ⭐,2023-10-14,False,NEUTRAL,0,SOURCE_G_REVIEWS,reviews_2023.csv,2023-10-14T05:02:04.492884966,BATCH-G-20231014
REV-00089153,SKU-0009019,user_9029314,Holly Pope,5,Fast delivery and great quality.,2023-12-06,False,POSITIVE,1,SOURCE_G_REVIEWS,reviews_2023.csv,2023-12-06T22:35:06.114890636,BATCH-G-20231206
REV-00089159,SKU-0009737,user_9016873,Tina,4,No cumplió mis expectativas.,2023-09-14,False,POSITIVE,2,SOURCE_G_REVIEWS,reviews_2023.csv,2023-09-15T03:19:05.349683036,BATCH-G-20230914
REV-00089176,SKU-0004136,user_9015669,James Callahan,4,NULL,2023-11-08,True,POSITIVE,0,SOURCE_G_REVIEWS,reviews_2023.csv,2023-11-09T00:30:43.279922065,BATCH-G-20231108
REV-00089183,SKU-0007318,user_9011956,Matthew,4,Better than I expected for the price.,2023-07-04,True,POSITIVE,9,SOURCE_G_REVIEWS,reviews_2023.csv,2023-07-05T01:51:45.552739130,BATCH-G-20230704
REV-00089193,SKU-9947908,user_9013338,Andrea Davenport,4,Fast delivery and great quality.,2023-03-24,False,POSITIVE,0,SOURCE_G_REVIEWS,reviews_2023.csv,2023-03-24T09:17:51.131617373,BATCH-G-20230324
REV-00089196,SKU-0009151,,Anonymous,null,"Livraison très lente, déçu.",2023-08-18,True,POSITIVE,5,SOURCE_G_REVIEWS,reviews_2023.csv,2023-08-18T06:14:49.768346043,BATCH-G-20230818
REV-00089201,SKU-9905136,user_9007625,Elizabeth Wu,3,Stopped working after a week.,2023-10-27,False,NEGATIVE,2,SOURCE_G_REVIEWS,reviews_2023.csv,2023-10-27T00:45:33.820510315,BATCH-G-20231027
REV-00089207,SKU-0006921,,Anonymous,4,Exceeded my expectations. 😡,2023-12-28,True,POSITIVE,4,SOURCE_G_REVIEWS,reviews_2023.csv,2023-12-28T18:36:28.970729780,BATCH-G-20231228
REV-00089210,SKU-0017361,user_42136,Alexis Young,4,"Exactly as described, very happy.",2023-10-04,True,POSITIVE,1,SOURCE_G_REVIEWS,reviews_2023.csv,2023-10-05T00:57:43.837266867,BATCH-G-20231004
REV-00089213,SKU-0011441,user_9024670,Kerri,5,   Fast  delivery  and  great  quality.   ,2023-12-09,True,POSITIVE,7,SOURCE_G_REVIEWS,reviews_2023.csv,2023-12-09T14:28:51.907468267,BATCH-G-20231209
REV-00089217,SKU-0006818,,Anonymous,5,Exceeded my expectations.,2023-10-04,False,POSITIVE,5,SOURCE_G_REVIEWS,reviews_2023.csv,2023-10-04T09:30:19.020384739,BATCH-G-20231004
REV-00089219,SKU-0011602,,Anonymous,5,Will definitely buy again.,2023-02-08,False,POSITIVE,2,SOURCE_G_REVIEWS,reviews_2023.csv,2023-02-09T01:32:57.077104271,BATCH-G-20230208
REV-00089222,SKU-0006310,user_9001432,William Allen,3,"It's okay, does the job.",2023-09-15,True,NEUTRAL,0,SOURCE_G_REVIEWS,reviews_2023.csv,2023-09-15T17:23:08.407394144,BATCH-G-20230915
REV-00089258,SKU-0010612,user_9026687,Pamela,5,Great value for money.,2023-04-29,True,POSITIVE,15,SOURCE_G_REVIEWS,reviews_2023.csv,2023-04-29T13:13:08.069379543,BATCH-G-20230429
REV-00089261,SKU-0005705,user_11908,Samantha,4,"Absolutely love it, works perfectly!",2023-08-06,False,POSITIVE,0,SOURCE_G_REVIEWS,reviews_2023.csv,2023-08-07T00:38:44.618132479,BATCH-G-20230806
REV-00089266,SKU-0018173,user_9013167,Lauren,4,Decent but overpriced a bit.,2023-01-14,False,NEUTRAL,0,SOURCE_G_REVIEWS,reviews_2023.csv,2023-01-14T23:55:19.083938068,BATCH-G-20230114
REV-00089271,SKU-0003574,,Anonymous,5,Better than I expected for the price.,2023-07-30,True,POSITIVE,10,SOURCE_G_REVIEWS,reviews_2023.csv,2023-07-30T06:47:21.470977289,BATCH-G-20230730
REV-00089277,SKU-9901497,user_9017700,Michelle Wilcox,3,Works fine but delivery was slow.,2023-10-31,False,NEUTRAL,3,SOURCE_G_REVIEWS,reviews_2023.csv,2023-10-31T04:25:58.875554065,BATCH-G-20231031
REV-00089282,SKU-0009873,user_9033548,Tracy,5,"Exactly as described, very happy.",2023-07-16,True,POSITIVE,3,SOURCE_G_REVIEWS,reviews_2023.csv,2023-07-16T02:27:13.830135698,BATCH-G-20230716
REV-00089286,SKU-0006770,user_31690,Travis Moore,3,"It's okay, does the job.",2023-02-08,True,NEUTRAL,3,SOURCE_G_REVIEWS,reviews_2023.csv,2023-02-08T22:21:11.910872478,BATCH-G-20230208
REV-00089294,SKU-0012980,user_9021862,Elizabeth Parker,5,"Solid build quality, no complaints.",2023-03-19,True,POSITIVE,4,SOURCE_G_REVIEWS,reviews_2023.csv,2023-03-19T07:10:08.842072721,BATCH-G-20230319
REV-00089301,SKU-0002034,user_9011092,Megan,5,"Absolutely love it, works perfectly!",2023-06-28,True,POSITIVE,3,SOURCE_G_REVIEWS,reviews_2023.csv,2023-06-28T22:23:50.878262458,BATCH-G-20230628
REV-00089317,SKU-0015374,user_24090,Peter Crosby,5,   Great  value  for  money.   ,2023-03-27,False,POSITIVE,1,SOURCE_G_REVIEWS,reviews_2023.csv,2023-03-27T03:08:32.112689166,BATCH-G-20230327
REV-00089351,SKU-0010042,user_16548,Jacob Griffin,5,"Perfect gift, they loved it!",2023-03-19,False,POSITIVE,3,SOURCE_G_REVIEWS,reviews_2023.csv,2023-03-19T08:20:08.249088489,BATCH-G-20230319
REV-00089354,SKU-0017812,user_9026343,Audrey Hart,3,Works fine but delivery was slow.,2023-02-19,True,NEUTRAL,2,SOURCE_G_REVIEWS,reviews_2023.csv,2023-02-19T09:42:32.863261921,BATCH-G-20230219
REV-00089359,SKU-0011330,user_9007608,Lynn Stanley,4,"Solid build quality, no complaints.",2023-06-15,True,POSITIVE,1,SOURCE_G_REVIEWS,reviews_2023.csv,2023-06-15T00:31:31.748715188,BATCH-G-20230615
REV-00089369,SKU-0016403,user_48035,Sandra,5,Fast delivery and great quality.,2023-12-14,True,POSITIVE,1,SOURCE_G_REVIEWS,reviews_2023.csv,2023-12-14T05:29:10.967772742,BATCH-G-20231214
REV-00089391,SKU-0011096,user_57929,Derrick Pena,4,"Perfect gift, they loved it!",2023-09-14,False,POSITIVE,0,SOURCE_G_REVIEWS,reviews_2023.csv,2023-09-14T18:47:52.863628973,BATCH-G-20230914
REV-00089392,SKU-0008809,user_9024251,Marc Harrison,2,"Cheaply made, broke immediately.",2023-07-09,False,NEGATIVE,3,SOURCE_G_REVIEWS,reviews_2023.csv,2023-07-09T02:49:35.067239254,BATCH-G-20230709
REV-00089405,SKU-0010767,user_46625,Shaun Carter,5,Fast delivery and great quality. 👍🔥,2023-02-18,False,POSITIVE,0,SOURCE_G_REVIEWS,reviews_2023.csv,2023-02-19T04:21:09.548704076,BATCH-G-20230218
REV-00089416,SKU-0017886,user_34375,William Robinson,3,   Decent  but  overpriced  a  bit.   ,2023-12-05,False,NEUTRAL,9,SOURCE_G_REVIEWS,reviews_2023.csv,2023-12-06T01:10:12.786169495,BATCH-G-20231205
REV-00089436,SKU-9914713,user_9002365,Teresa Wright,2,Stopped working after a week.,2023-08-02,True,NEGATIVE,2,SOURCE_G_REVIEWS,reviews_2023.csv,2023-08-03T03:47:56.057112643,BATCH-G-20230802
REV-00089445,SKU-0016857,user_43479,Noah Miller,5,Better than I expected for the price.,2023-08-19,True,POSITIVE,7,SOURCE_G_REVIEWS,reviews_2023.csv,2023-08-19T10:57:22.386545685,BATCH-G-20230819
REV-00089452,SKU-0019691,user_9032382,Joan Mendoza,1,Not as described at all.,2023-07-23,False,NEGATIVE,2,SOURCE_G_REVIEWS,reviews_2023.csv,2023-07-23T17:23:30.067556158,BATCH-G-20230723
REV-00089461,SKU-0019179,user_9013896,Lisa Brown,5,"Exactly as described, very happy.",2023-11-25,False,POSITIVE,0,SOURCE_G_REVIEWS,reviews_2023.csv,2023-11-25T16:18:06.296405396,BATCH-G-20231125
REV-00089470,SKU-0008527,user_9027688,Jasmine Ray,4,"Absolutely love it, works perfectly!",2023-03-11,True,POSITIVE,9,SOURCE_G_REVIEWS,reviews_2023.csv,2023-03-11T21:09:03.475071179,BATCH-G-20230311
REV-00089478,SKU-0004878,user_9029612,Jared Barnes,5,Exceeded my expectations.,2023-04-13,False,POSITIVE,0,SOURCE_G_REVIEWS,reviews_2023.csv,2023-04-13T06:10:15.453543274,BATCH-G-20230413
REV-00089479,SKU-0007697,user_18241,Christine Hodge,5,Will definitely buy again.,2023-01-30,True,POSITIVE,4,SOURCE_G_REVIEWS,reviews_2023.csv,2023-01-30T13:06:31.971392615,BATCH-G-20230130
REV-00089486,SKU-0013600,user_7648,Michelle Long,5,"Absolutely love it, works perfectly!",2023-12-09,False,POSITIVE,3,SOURCE_G_REVIEWS,reviews_2023.csv,2023-12-09T17:51:25.758340346,BATCH-G-20231209
REV-00089501,SKU-0017044,user_32627,Melissa Lee,4,"Solid build quality, no complaints.",2023-02-03,False,POSITIVE,8,SOURCE_G_REVIEWS,reviews_2023.csv,2023-02-04T05:07:38.053903104,BATCH-G-20230203
REV-00089508,SKU-0014343,user_4484,Jeffrey Thornton,4,"Exactly as described, very happy.",2023-11-09,False,POSITIVE,0,SOURCE_G_REVIEWS,reviews_2023.csv,2023-11-09T21:58:54.560344280,BATCH-G-20231109
REV-00089510,SKU-0016986,user_9003435,Christina,5,"Exactly as described, very happy.",2023-04-11,False,POSITIVE,2,SOURCE_G_REVIEWS,reviews_2023.csv,2023-04-11T05:06:02.245407117,BATCH-G-20230411
REV-00089516,SKU-0009940,,Anonymous,4,"<br>Perfect gift, they loved it!<br>",2023-09-19,False,POSITIVE,2,SOURCE_G_REVIEWS,reviews_2023.csv,2023-09-19T13:27:28.749560468,BATCH-G-20230919
REV-00089525,SKU-0008874,user_44451,Scott Juarez,3,"Matches the description, no issues.",2023-04-19,True,NEUTRAL,5,SOURCE_G_REVIEWS,reviews_2023.csv,2023-04-19T22:09:15.199399807,BATCH-G-20230419
REV-00089541,SKU-0010987,,Anonymous,5,Better than I expected for the price.,2023-05-09,True,POSITIVE,3,SOURCE_G_REVIEWS,reviews_2023.csv,2023-05-09T19:33:02.185704191,BATCH-G-20230509
REV-00089557,SKU-0002488,,Anonymous,4,Exceeded my expectations.,2023-12-11,True,POSITIVE,3,SOURCE_G_REVIEWS,reviews_2023.csv,2023-12-11T12:10:48.691531888,BATCH-G-20231211
REV-00089562,SKU-0015952,user_13161,Matthew Strong,5,Will definitely buy again.,2023-12-07,True,POSITIVE,7,SOURCE_G_REVIEWS,reviews_2023.csv,2023-12-07T19:04:58.423601536,BATCH-G-20231207
REV-00089566,SKU-0000725,user_9033868,Jake Williams,4,"Absolutely love it, works perfectly!",2023-02-10,True,POSITIVE,0,SOURCE_G_REVIEWS,reviews_2023.csv,2023-02-10T05:17:15.811770418,BATCH-G-20230210
REV-00089568,SKU-0014710,user_9008318,Gary Morrison,3,"Matches the description, no issues.",2023-08-21,False,NEUTRAL,2,SOURCE_G_REVIEWS,reviews_2023.csv,2023-08-21T22:18:51.372544371,BATCH-G-20230821
REV-00089572,SKU-0002629,user_38433,Elizabeth Anderson,2,Stopped working after a week.,2023-02-25,False,NEGATIVE,8,SOURCE_G_REVIEWS,reviews_2023.csv,2023-02-25T10:15:16.536147086,BATCH-G-20230225
REV-00089573,SKU-0000090,,Anonymous,5,"Solid build quality, no complaints.",2023-07-09,True,POSITIVE,1,SOURCE_G_REVIEWS,reviews_2023.csv,2023-07-09T22:39:48.772799032,BATCH-G-20230709
REV-00089592,SKU-0012437,user_22862,Traci,5,Exceeded my expectations.,2023-11-25,True,POSITIVE,2,SOURCE_G_REVIEWS,reviews_2023.csv,2023-11-25T10:27:49.088181118,BATCH-G-20231125
REV-00089595,SKU-0003241,user_9018769,Jennifer Richardson,4,"Solid build quality, no complaints.",2023-02-03,False,POSITIVE,1,SOURCE_G_REVIEWS,reviews_2023.csv,2023-02-03T18:13:13.223780539,BATCH-G-20230203
REV-00089602,SKU-0019966,,Anonymous,5,"Perfect gift, they loved it!",2023-04-22,False,POSITIVE,1,SOURCE_G_REVIEWS,reviews_2023.csv,2023-04-22T11:57:01.193036964,BATCH-G-20230422
REV-00089632,SKU-0016406,user_9032519,Nicole Banks,4,"Absolutely love it, works perfectly!",2023-10-22,True,POSITIVE,4,SOURCE_G_REVIEWS,reviews_2023.csv,2023-10-22T01:37:59.136661971,BATCH-G-20231022
REV-00089644,SKU-0006947,user_17343,Sarah,3,"Not bad, not great either.",2023-02-02,True,NEUTRAL,11,SOURCE_G_REVIEWS,reviews_2023.csv,2023-02-03T02:18:31.016215124,BATCH-G-20230202
REV-00089656,SKU-0007182,user_11777,Jake,3,"It's okay, does the job.",2023-02-21,False,NEUTRAL,6,SOURCE_G_REVIEWS,reviews_2023.csv,2023-02-22T04:07:17.649788362,BATCH-G-20230221
REV-00089661,SKU-0012563,user_9001061,James James,5,Great value for money.,2023-12-22,True,POSITIVE,0,SOURCE_G_REVIEWS,reviews_2023.csv,2023-12-22T14:31:39.352949259,BATCH-G-20231222
REV-00089666,SKU-0000140,user_9027713,Katherine Rodriguez,5,Better than I expected for the price. ⭐😍,2023-12-20,True,POSITIVE,11,SOURCE_G_REVIEWS,reviews_2023.csv,2023-12-20T22:33:50.859676334,BATCH-G-20231220
REV-00089681,SKU-0004543,user_9032434,Robert Miller,5,"Solid build quality, no complaints.",2023-12-06,True,POSITIVE,0,SOURCE_G_REVIEWS,reviews_2023.csv,2023-12-07T04:55:57.254794969,BATCH-G-20231206
REV-00089692,SKU-0012603,user_45880,Eugene Reyes,4,"Solid build quality, no complaints.",2023-12-11,True,POSITIVE,7,SOURCE_G_REVIEWS,reviews_2023.csv,2023-12-12T02:13:30.939520069,BATCH-G-20231211
REV-00089699,SKU-0002186,,Anonymous,-,"Absolutely love it, works perfectly!",2023-03-05,True,POSITIVE,1,SOURCE_G_REVIEWS,reviews_2023.csv,2023-03-05T08:34:21.477389513,BATCH-G-20230305
REV-00089700,SKU-9960359,user_9022166,Marissa Suarez,4,Great value for money.,2023-03-24,False,POSITIVE,0,SOURCE_G_REVIEWS,reviews_2023.csv,2023-03-24T05:37:40.560693785,BATCH-G-20230324
REV-00089704,SKU-0014917,user_9028388,Bradley Holmes,5,Will definitely buy again.,2023-11-06,True,POSITIVE,1,SOURCE_G_REVIEWS,reviews_2023.csv,2023-11-06T21:01:13.288352365,BATCH-G-20231106
REV-00089723,SKU-0018374,,Anonymous,4,Will definitely buy again.,2023-05-13,True,POSITIVE,4,SOURCE_G_REVIEWS,reviews_2023.csv,2023-05-13T23:09:33.683509669,BATCH-G-20230513
REV-00089726,SKU-0004839,,Anonymous,3,Decent but overpriced a bit. 😢,2023-08-15,True,NEUTRAL,3,SOURCE_G_REVIEWS,reviews_2023.csv,2023-08-15T16:38:21.012963606,BATCH-G-20230815
REV-00089732,SKU-0011542,user_9032155,Christopher,3,"Average quality, nothing special.",2023-12-09,True,NEUTRAL,6,SOURCE_G_REVIEWS,reviews_2023.csv,2023-12-09T10:59:37.872026901,BATCH-G-20231209
REV-00089748,SKU-0016720,user_9031276,Pamela,5,"Absolutely love it, works perfectly!",2023-05-26,True,POSITIVE,8,SOURCE_G_REVIEWS,reviews_2023.csv,2023-05-26T04:41:37.422153511,BATCH-G-20230526
REV-00089755,SKU-0019853,,Anonymous,5,"Exactly as described, very happy.",2023-12-30,True,POSITIVE,0,SOURCE_G_REVIEWS,reviews_2023.csv,2023-12-31T01:42:56.137012401,BATCH-G-20231230
REV-00089758,SKU-0016840,user_34718,Christy,5,"Perfect gift, they loved it!",2023-02-17,False,POSITIVE,3,SOURCE_G_REVIEWS,reviews_2023.csv,2023-02-17T10:33:40.975090612,BATCH-G-20230217
REV-00089767,SKU-0012955,user_9034247,Micheal Jacobs,5,Great value for money.,2023-09-17,True,POSITIVE,1,SOURCE_G_REVIEWS,reviews_2023.csv,2023-09-17T01:57:37.202891204,BATCH-G-20230917
REV-00089776,SKU-0012194,,Anonymous,5,Great value for money.,2023-09-16,False,POSITIVE,1,SOURCE_G_REVIEWS,reviews_2023.csv,2023-09-17T01:41:41.846149267,BATCH-G-20230916
REV-00089785,SKU-0019284,user_9022076,Monique Shelton,5,"Exactly as described, very happy.",2023-06-22,True,POSITIVE,1,SOURCE_G_REVIEWS,reviews_2023.csv,2023-06-22T10:26:04.319139543,BATCH-G-20230622
REV-00089801,SKU-0000688,user_57542,Alexandra Smith,5,Will definitely buy again.,2023-02-24,False,POSITIVE,0,SOURCE_G_REVIEWS,reviews_2023.csv,2023-02-24T06:59:16.825152071,BATCH-G-20230224
REV-00089807,SKU-0010485,user_42387,Amber Edwards,4,"Absolutely love it, works perfectly!",2023-09-15,True,POSITIVE,2,SOURCE_G_REVIEWS,reviews_2023.csv,2023-09-15T07:55:56.051178648,BATCH-G-20230915
REV-00089809,SKU-9980495,user_9034833,Brittany Johnson,3,Works fine but delivery was slow.,2023-01-14,True,NEUTRAL,6,SOURCE_G_REVIEWS,reviews_2023.csv,2023-01-14T01:59:03.292299886,BATCH-G-20230114
REV-00089810,SKU-0006410,user_9004159,Ronald Stanley,5,"Muy buen producto, lo recomiendo.",2023-05-04,True,POSITIVE,1,SOURCE_G_REVIEWS,reviews_2023.csv,2023-05-04T17:40:50.626544421,BATCH-G-20230504
REV-00089819,SKU-0011651,user_9024783,Miss,2,"Poor packaging, item was defective.",2023-10-22,True,NEGATIVE,13,SOURCE_G_REVIEWS,reviews_2023.csv,2023-10-22T20:34:37.271773400,BATCH-G-20231022
REV-00089821,SKU-0017659,,Anonymous,3,"Matches the description, no issues.",2023-04-19,True,NEUTRAL,0,SOURCE_G_REVIEWS,reviews_2023.csv,2023-04-19T02:18:39.263371496,BATCH-G-20230419
REV-00089844,SKU-0011875,user_9020601,Brian,4,Great value for money.,2023-07-25,True,POSITIVE,0,SOURCE_G_REVIEWS,reviews_2023.csv,2023-07-25T04:29:52.254212063,BATCH-G-20230725
REV-00089874,SKU-0004030,user_9034342,Chad Williams,3,"Not bad, not great either.",2023-10-20,True,NEUTRAL,3,SOURCE_G_REVIEWS,reviews_2023.csv,2023-10-21T03:42:29.840224322,BATCH-G-20231020
REV-00089885,SKU-0008322,,Anonymous,4,Fast delivery and great quality.,2023-07-27,False,POSITIVE,5,SOURCE_G_REVIEWS,reviews_2023.csv,2023-07-27T14:57:24.846684313,BATCH-G-20230727
REV-00089890,SKU-0001276,user_9001540,Leonard Fuller,0,Fast delivery and great quality.,2023-02-13,True,POSITIVE,2,SOURCE_G_REVIEWS,reviews_2023.csv,2023-02-14T02:56:26.842119700,BATCH-G-20230213
REV-00089912,SKU-0001432,user_7243,Susan,4,"Absolutely love it, works perfectly!",2023-01-09,False,POSITIVE,1,SOURCE_G_REVIEWS,reviews_2023.csv,2023-01-09T03:11:16.319310474,BATCH-G-20230109
REV-00089916,SKU-0001965,,Anonymous,4,Fast delivery and great quality.,2023-07-13,False,POSITIVE,1,SOURCE_G_REVIEWS,reviews_2023.csv,2023-07-13T11:07:29.050993790,BATCH-G-20230713
REV-00089917,SKU-0010477,user_16134,Katherine Jackson,5,Exceeded my expectations.,2023-10-31,True,POSITIVE,0,SOURCE_G_REVIEWS,reviews_2023.csv,2023-10-31T11:02:11.934436444,BATCH-G-20231031
REV-00089936,SKU-0015191,user_21635,Zachary Coffey,3,गुणवत्ता ठीक नहीं थी।,2023-07-23,True,NEUTRAL,1,SOURCE_G_REVIEWS,reviews_2023.csv,2023-07-23T05:38:06.528930805,BATCH-G-20230723
REV-00089936-DUP,SKU-0015191,user_21635,Zachary Coffey,3,गुणवत्ता ठीक नहीं थी।,2023-07-23,True,NEUTRAL,1,SOURCE_G_REVIEWS,reviews_2023.csv,2023-07-23T05:59:06.528930805,BATCH-G-20230723
REV-00089938,SKU-0001551,user_42098,Maureen,5,"Solid build quality, no complaints.",2023-10-10,False,POSITIVE,0,SOURCE_G_REVIEWS,reviews_2023.csv,2023-10-10T03:49:58.792526747,BATCH-G-20231010
REV-00089940,SKU-0006201,user_9008728,Michael,5,Better than I expected for the price.,2023-11-10,False,POSITIVE,0,SOURCE_G_REVIEWS,reviews_2023.csv,2023-11-10T19:04:25.903212869,BATCH-G-20231110
REV-00089945,SKU-0007102,user_12231,Jacob,3,"Not bad, not great either.",2023-05-15,False,NEUTRAL,1,SOURCE_G_REVIEWS,reviews_2023.csv,2023-05-15T11:17:36.816115983,BATCH-G-20230515
REV-00089950,SKU-0000876,user_48288,Gregory,5,Arrived damaged and support was unhelpful.,2023-12-24,True,NEGATIVE,0,SOURCE_G_REVIEWS,reviews_2023.csv,2023-12-24T13:42:38.632938845,BATCH-G-20231224
REV-00089967,SKU-0008259,user_9029887,Cheryl Day,5,Arrived damaged and support was unhelpful.,2023-10-10,False,NEGATIVE,4,SOURCE_G_REVIEWS,reviews_2023.csv,2023-10-10T12:10:50.762887343,BATCH-G-20231010
REV-00089970,SKU-0012572,,Anonymous,4,"   Perfect  gift,  they  loved  it!   ",2023-12-02,False,POSITIVE,1,SOURCE_G_REVIEWS,reviews_2023.csv,2023-12-02T21:20:20.448149960,BATCH-G-20231202
REV-00089970-DUP,SKU-0012572,,Anonymous,4,"   Perfect  gift,  they  loved  it!   ",2023-12-02,False,POSITIVE,1,SOURCE_G_REVIEWS,reviews_2023.csv,2023-12-02T21:23:20.448149960,BATCH-G-20231202
REV-00089985,SKU-0007654,,Anonymous,5,Will definitely buy again.,2023-05-26,True,POSITIVE,2,SOURCE_G_REVIEWS,reviews_2023.csv,2023-05-26T22:32:00.512938262,BATCH-G-20230526
REV-00089988,SKU-0006538,user_9019175,Regina,4,"Exactly as described, very happy.",2023-11-14,False,POSITIVE,5,SOURCE_G_REVIEWS,reviews_2023.csv,2023-11-14T18:48:33.675704660,BATCH-G-20231114
REV-00089988-DUP,SKU-0006538,user_9019175,Regina,4,"Exactly as described, very happy.",2023-11-14,False,POSITIVE,5,SOURCE_G_REVIEWS,reviews_2023.csv,2023-11-14T19:06:33.675704660,BATCH-G-20231114
REV-00089990,SKU-0019130,user_52845,Jeffrey Marquez,5,Very disappointed with the quality.,2023-02-19,True,NEGATIVE,4,SOURCE_G_REVIEWS,reviews_2023.csv,2023-02-19T11:05:56.343395555,BATCH-G-20230219
REV-00089991,SKU-0016367,user_9001741,Andrew,4,   Fast  delivery  and  great  quality.   ,2023-04-10,True,POSITIVE,0,SOURCE_G_REVIEWS,reviews_2023.csv,2023-04-10T12:47:33.180907882,BATCH-G-20230410
REV-00090013,SKU-0007758,user_9025049,Joshua Woods,5,Exceeded my expectations.,2023-05-27,True,POSITIVE,8,SOURCE_G_REVIEWS,reviews_2023.csv,2023-05-27T05:18:59.094786606,BATCH-G-20230527
REV-00090014,SKU-0003034,user_9032779,Michael Mcdowell,4,"Exactly as described, very happy.",2023-10-08,False,POSITIVE,0,SOURCE_G_REVIEWS,reviews_2023.csv,2023-10-09T03:27:30.142433624,BATCH-G-20231008
REV-00090018,SKU-0018678,user_9007232,Jonathan Taylor,5,<b>Update:</b>Fast delivery and great quality.</p>,2023-05-08,True,POSITIVE,7,SOURCE_G_REVIEWS,reviews_2023.csv,2023-05-08T16:54:16.040169735,BATCH-G-20230508
REV-00090021,SKU-0010495,user_39349,Theresa,7,Great value for money.,2023-05-30,True,POSITIVE,5,SOURCE_G_REVIEWS,reviews_2023.csv,2023-05-30T06:13:50.570050477,BATCH-G-20230530
REV-00090033,SKU-0003227,,Anonymous,6,Highly recommend this product. 🙏,2023-08-08,False,POSITIVE,5,SOURCE_G_REVIEWS,reviews_2023.csv,2023-08-08T09:47:35.995739269,BATCH-G-20230808
REV-00090035,SKU-0012864,user_3003,Derrick,5,"Absolutely love it, works perfectly!",2023-11-17,False,POSITIVE,8,SOURCE_G_REVIEWS,reviews_2023.csv,2023-11-17T00:56:52.721737424,BATCH-G-20231117
REV-00090038,SKU-0006043,user_9024314,Larry Guerrero,4,"Solid build quality, no complaints.",2023-10-01,False,POSITIVE,6,SOURCE_G_REVIEWS,reviews_2023.csv,2023-10-01T13:28:27.622114638,BATCH-G-20231001
REV-00090048,SKU-0000551,user_9012736,Sean Myers,4,Will definitely buy again.,2023-08-06,True,POSITIVE,0,SOURCE_G_REVIEWS,reviews_2023.csv,2023-08-06T20:08:09.359289301,BATCH-G-20230806
REV-00090055,SKU-0019126,,Anonymous,4,"Muy buen producto, lo recomiendo.",2023-03-31,True,POSITIVE,0,SOURCE_G_REVIEWS,reviews_2023.csv,2023-03-31T11:08:47.997756326,BATCH-G-20230331
REV-00090063,SKU-0018662,user_9032211,Heather Jackson,5,Better than I expected for the price.,2023-10-28,False,POSITIVE,5,SOURCE_G_REVIEWS,reviews_2023.csv,2023-10-28T08:30:00.983463623,BATCH-G-20231028
REV-00090078,SKU-0002437,user_9032926,Catherine Brown,4,Better than I expected for the price.,2023-09-04,False,POSITIVE,5,SOURCE_G_REVIEWS,reviews_2023.csv,2023-09-04T09:38:30.727491829,BATCH-G-20230904
REV-00090080,SKU-0017905,user_11769,Natasha Sanders,2,No cumplió mis expectativas.,2023-02-08,True,NEGATIVE,0,SOURCE_G_REVIEWS,reviews_2023.csv,2023-02-08T06:50:36.086236539,BATCH-G-20230208
REV-00090095,SKU-0015886,user_24439,Tracy,3,"Muy buen producto, lo recomiendo.",2023-01-18,True,NEUTRAL,1,SOURCE_G_REVIEWS,reviews_2023.csv,2023-01-18T22:45:43.409474657,BATCH-G-20230118
REV-00090113,SKU-0012514,user_9011529,Theresa Stewart,4,Will definitely buy again.,2023-07-09,True,POSITIVE,2,SOURCE_G_REVIEWS,reviews_2023.csv,2023-07-09T05:41:30.226523658,BATCH-G-20230709
REV-00090118,SKU-0008063,user_9021635,Carolyn Ball,4,"Matches the description, no issues.",2023-09-22,True,NEUTRAL,7,SOURCE_G_REVIEWS,reviews_2023.csv,2023-09-22T18:16:35.138452895,BATCH-G-20230922
REV-00090124,SKU-0017090,user_65964,Rachel Jackson,4,"Waste of money, do not buy.",2023-02-14,True,NEGATIVE,6,SOURCE_G_REVIEWS,reviews_2023.csv,2023-02-14T15:42:08.270439560,BATCH-G-20230214
REV-00090126,SKU-0001697,user_31369,Donald Odom,4,गुणवत्ता ठीक नहीं थी।,2023-08-23,True,NEGATIVE,3,SOURCE_G_REVIEWS,reviews_2023.csv,2023-09-09T23:00:00,BATCH-G-20230823
REV-00090129,SKU-0011121,user_13695,Shane Peck,1,Wrong item was shipped to me.,2023-04-25,False,NEGATIVE,0,SOURCE_G_REVIEWS,reviews_2023.csv,2023-04-26T02:03:01.768318913,BATCH-G-20230425
REV-00090132,SKU-0012177,user_9009849,Krista Jones,4,Will definitely buy again.,2023-12-19,True,POSITIVE,0,SOURCE_G_REVIEWS,reviews_2023.csv,2023-12-19T23:38:36.929854797,BATCH-G-20231219
REV-00090133,SKU-0017865,user_9008100,Ryan Anthony,4,"Solid build quality, no complaints.",2023-01-07,True,POSITIVE,6,SOURCE_G_REVIEWS,reviews_2023.csv,2023-01-07T13:13:10.958072124,BATCH-G-20230107
REV-00090135,SKU-0004240,user_9033143,Ashley,5,Exceeded my expectations.,2023-11-21,True,POSITIVE,7,SOURCE_G_REVIEWS,reviews_2023.csv,2023-11-21T07:23:44.570021588,BATCH-G-20231121
REV-00090138,SKU-0014545,user_9005885,Christopher Cook,1,"</p>Poor packaging, item was defective.<b>Update:</b>",2023-12-12,True,NEGATIVE,9,SOURCE_G_REVIEWS,reviews_2023.csv,2023-12-12T05:07:44.291800755,BATCH-G-20231212
REV-00090156,SKU-0005607,user_9027482,Angela,4,No cumplió mis expectativas.,2023-04-30,True,POSITIVE,10,SOURCE_G_REVIEWS,reviews_2023.csv,2023-04-30T07:12:00.231266822,BATCH-G-20230430
REV-00090169,SKU-9956511,,Anonymous,4,"Absolutely love it, works perfectly!",2023-08-17,True,POSITIVE,3,SOURCE_G_REVIEWS,reviews_2023.csv,2023-08-17T06:16:33.213830392,BATCH-G-20230817
REV-00090177,SKU-0014618,user_810,Bridget Perkins,5,"Absolutely love it, works perfectly!",2023-02-12,True,POSITIVE,5,SOURCE_G_REVIEWS,reviews_2023.csv,2023-02-12T18:25:03.342023915,BATCH-G-20230212
REV-00090180,SKU-0006077,user_63776,Tiffany,3,Decent but overpriced a bit.,2023-08-25,True,NEUTRAL,1,SOURCE_G_REVIEWS,reviews_2023.csv,2023-08-25T09:01:17.249417593,BATCH-G-20230825
REV-00090185,SKU-0009743,user_40632,Amanda Weber,4,"Perfect gift, they loved it!",2023-10-06,False,POSITIVE,6,SOURCE_G_REVIEWS,reviews_2023.csv,2023-10-06T06:36:08.728186638,BATCH-G-20231006
REV-00090187,SKU-0018906,,Anonymous,5,Fast delivery and great quality.,2023-06-05,True,POSITIVE,0,SOURCE_G_REVIEWS,reviews_2023.csv,2023-06-05T03:44:10.148731292,BATCH-G-20230605
REV-00090188,SKU-0018810,user_9014326,Crystal,5,Better than I expected for the price.,2023-08-11,False,POSITIVE,1,SOURCE_G_REVIEWS,reviews_2023.csv,2023-08-11T08:36:08.027177934,BATCH-G-20230811
REV-00090189,SKU-0005573,user_9007203,Amanda,4,"Exactly as described, very happy.",2023-10-03,True,POSITIVE,0,SOURCE_G_REVIEWS,reviews_2023.csv,2023-10-03T23:42:33.695253818,BATCH-G-20231003
REV-00090202,SKU-0007004,user_456,Danielle Harrington,5,"Solid build quality, no complaints.",2023-10-06,True,POSITIVE,5,SOURCE_G_REVIEWS,reviews_2023.csv,2023-10-06T18:08:30.049485336,BATCH-G-20231006
REV-00090216,SKU-0009754,user_2532,Amanda Mcdonald,4,"Solid build quality, no complaints.",2023-12-12,True,POSITIVE,2,SOURCE_G_REVIEWS,reviews_2023.csv,2023-12-12T21:07:03.463277502,BATCH-G-20231212
REV-00090219,SKU-0012875,user_9028645,Jimmy Smith,5,Exceeded my expectations. 😐,2023-06-11,False,POSITIVE,3,SOURCE_G_REVIEWS,reviews_2023.csv,2023-06-11T18:44:22.550676774,BATCH-G-20230611
REV-00090227,SKU-9948604,,Anonymous,5,"Absolutely love it, works perfectly!",2023-12-21,True,POSITIVE,0,SOURCE_G_REVIEWS,reviews_2023.csv,2023-12-21T06:00:11.950662820,BATCH-G-20231221
REV-00090235,SKU-0017766,,Anonymous,4,"Perfect gift, they loved it!",2023-10-03,True,POSITIVE,7,SOURCE_G_REVIEWS,reviews_2023.csv,2023-10-04T00:15:18.226364995,BATCH-G-20231003
REV-00090240,SKU-0003655,user_45961,Robert,4,"Solid build quality, no complaints.",2023-12-03,True,POSITIVE,0,SOURCE_G_REVIEWS,reviews_2023.csv,2023-12-04T05:07:24.478189694,BATCH-G-20231203
REV-00090255,SKU-0000496,user_9012463,Robert,5,Highly recommend this product.,2023-08-02,True,POSITIVE,0,SOURCE_G_REVIEWS,reviews_2023.csv,2023-08-02T09:37:12.853227694,BATCH-G-20230802
REV-00090256,SKU-0009290,user_9002375,Marcus Vazquez,3,Decent but overpriced a bit.,2023-04-17,True,NEUTRAL,3,SOURCE_G_REVIEWS,reviews_2023.csv,2023-04-17T23:07:27.462711662,BATCH-G-20230417
REV-00090262,SKU-0012338,user_1032,Valerie,2,Arrived damaged and support was unhelpful.,2023-08-17,True,NEGATIVE,5,SOURCE_G_REVIEWS,reviews_2023.csv,2023-08-17T10:59:14.858606490,BATCH-G-20230817
REV-00090271,SKU-0009384,,Anonymous,5,"Cheaply made, broke immediately.",2023-04-12,True,NEGATIVE,7,SOURCE_G_REVIEWS,reviews_2023.csv,2023-04-13T04:15:19.612115947,BATCH-G-20230412
REV-00090276,SKU-0014745,user_54555,Brooke Thompson,4,Great value for money.,2023-02-08,True,POSITIVE,1,SOURCE_G_REVIEWS,reviews_2023.csv,2023-02-09T01:20:22.409908344,BATCH-G-20230208
REV-00090287,SKU-0016818,user_9017765,Wendy Jackson,4,Will definitely buy again.,2023-01-14,False,POSITIVE,7,SOURCE_G_REVIEWS,reviews_2023.csv,2023-01-14T16:53:52.915639563,BATCH-G-20230114
REV-00090292,SKU-0008830,user_38683,John Sanchez,4,Exceeded my expectations.,2023-09-13,True,POSITIVE,2,SOURCE_G_REVIEWS,reviews_2023.csv,2023-09-13T11:29:56.422954779,BATCH-G-20230913
REV-00090299,SKU-0018139,user_63631,Alexis Johnson,5,Highly recommend this product.,2023-10-29,True,POSITIVE,6,SOURCE_G_REVIEWS,reviews_2023.csv,2023-10-29T08:06:56.080542337,BATCH-G-20231029
REV-00090303,SKU-0006568,user_28583,Jacqueline Turner,5,Better than I expected for the price.,2023-01-15,True,POSITIVE,-3,SOURCE_G_REVIEWS,reviews_2023.csv,2023-01-15T09:12:34.408121648,BATCH-G-20230115
REV-00090308,SKU-0019664,user_26299,Jon Washington,4,Will definitely buy again.,2023-03-22,True,POSITIVE,1,SOURCE_G_REVIEWS,reviews_2023.csv,2023-03-23T03:55:51.333120765,BATCH-G-20230322
REV-00090312,SKU-0005569,user_9004630,Brian,4,Fast delivery and great quality.,2023-11-11,True,POSITIVE,0,SOURCE_G_REVIEWS,reviews_2023.csv,2023-11-11T19:13:55.665415917,BATCH-G-20231111
REV-00090316,SKU-0003373,user_9027741,Daniel Krueger,2,   Stopped  working  after  a  week.   ,2023-07-22,True,NEGATIVE,3,SOURCE_G_REVIEWS,reviews_2023.csv,2023-07-22T15:38:09.100760217,BATCH-G-20230722
REV-00090323,SKU-0000454,,Anonymous,1,"Waste of money, do not buy.",2023-04-29,False,NEGATIVE,3,SOURCE_G_REVIEWS,reviews_2023.csv,2023-04-29T23:03:02.533759313,BATCH-G-20230429
REV-00090332,SKU-0007616,user_9015136,Dr. Christopher Warren PhD,3,Decent but overpriced a bit.,2023-10-24,False,NEUTRAL,-3,SOURCE_G_REVIEWS,reviews_2023.csv,2023-10-24T18:07:07.559326588,BATCH-G-20231024
REV-00090334,SKU-0006014,user_9027097,Mark Burns,2,"<b>Update:</b>Waste of money, do not buy.&nbsp;",2023-01-12,True,NEGATIVE,0,SOURCE_G_REVIEWS,reviews_2023.csv,2023-01-12T03:50:57.699898825,BATCH-G-20230112
REV-00090343,SKU-0011974,user_10399,Nichole Horne,3,"It's okay, does the job.",2023-04-18,True,NEUTRAL,2,SOURCE_G_REVIEWS,reviews_2023.csv,2023-04-18T05:45:53.469608347,BATCH-G-20230418
REV-00090344,SKU-0004126,,Anonymous,5,</p>Will definitely buy again.<br>,2023-09-19,True,POSITIVE,1,SOURCE_G_REVIEWS,reviews_2023.csv,2023-09-19T23:31:44.542675432,BATCH-G-20230919
REV-00090347,SKU-9979990,,Anonymous,7,"Perfect gift, they loved it!",2023-07-14,False,POSITIVE,1,SOURCE_G_REVIEWS,reviews_2023.csv,2023-07-14T15:40:29.385115768,BATCH-G-20230714
REV-00090362,SKU-0012242,user_9023981,Mr. Albert Hill,4,"<i>edited</i>Exactly as described, very happy.<i>edited</i>",2023-05-04,True,POSITIVE,1,SOURCE_G_REVIEWS,reviews_2023.csv,2023-05-04T15:23:36.870709192,BATCH-G-20230504
REV-00090373,SKU-0005246,,Anonymous,4,"Muy buen producto, lo recomiendo.",2023-01-04,True,NEUTRAL,0,SOURCE_G_REVIEWS,reviews_2023.csv,2023-01-04T19:01:07.682398372,BATCH-G-20230104
REV-00090383,SKU-0014149,user_13008,James Simmons,5,"Exactly as described, very happy.",2023-07-12,False,POSITIVE,1,SOURCE_G_REVIEWS,reviews_2023.csv,2023-07-12T11:56:29.145582800,BATCH-G-20230712
REV-00090383-DUP,SKU-0014149,user_13008,James Simmons,5,"Exactly as described, very happy.",2023-07-12,False,POSITIVE,1,SOURCE_G_REVIEWS,reviews_2023.csv,2023-07-12T12:53:29.145582800,BATCH-G-20230712
REV-00090386,SKU-0004935,,Anonymous,1,"Poor packaging, item was defective.",2023-08-29,False,NEGATIVE,3,SOURCE_G_REVIEWS,reviews_2023.csv,2023-08-29T14:26:44.588662090,BATCH-G-20230829
REV-00090398,SKU-0018543,user_9016374,Lauren Mendez,4,"Solid build quality, no complaints.",2023-10-06,True,POSITIVE,1,SOURCE_G_REVIEWS,reviews_2023.csv,2023-10-06T20:54:05.448354601,BATCH-G-20231006
REV-00090400,SKU-0005869,user_10812,Michele Jordan,5,"Absolutely love it, works perfectly!",2023-11-29,True,POSITIVE,4,SOURCE_G_REVIEWS,reviews_2023.csv,2023-11-29T03:47:12.548974053,BATCH-G-20231129
REV-00090403,SKU-0008985,user_9002737,Allison Little,2,"Cheaply made, broke immediately.",2023-03-23,False,NEGATIVE,5,SOURCE_G_REVIEWS,reviews_2023.csv,2023-03-24T05:42:51.366933679,BATCH-G-20230323
REV-00090404,SKU-0006436,user_48343,Denise Cisneros,4,"Exactly as described, very happy.",2023-10-10,True,POSITIVE,0,SOURCE_G_REVIEWS,reviews_2023.csv,2023-10-10T19:02:09.405352923,BATCH-G-20231010
REV-00090407,SKU-0011086,user_9005380,Bonnie Ali,4,"Absolutely love it, works perfectly!",2023-08-17,True,POSITIVE,2,SOURCE_G_REVIEWS,reviews_2023.csv,2023-08-17T13:20:27.062937528,BATCH-G-20230817
REV-00090409,SKU-0014997,user_9013485,Kimberly Smith,5,Great value for money.,2023-03-05,True,POSITIVE,3,SOURCE_G_REVIEWS,reviews_2023.csv,2023-03-05T12:23:44.038567031,BATCH-G-20230305
REV-00090413,SKU-0008291,user_19233,Kelly,3,"<p>It's okay, does the job.<i>edited</i>",2023-02-25,False,NEUTRAL,3,SOURCE_G_REVIEWS,reviews_2023.csv,2023-02-26T01:01:04.905902965,BATCH-G-20230225
REV-00090416,SKU-0012107,user_7069,Andrea Wiggins,5,Excellent rapport qualité-prix.,2023-07-20,True,POSITIVE,4,SOURCE_G_REVIEWS,reviews_2023.csv,2023-07-20T22:34:23.330095831,BATCH-G-20230720
REV-00090430,SKU-0016353,user_9026178,Keith Hammond,4,Better than I expected for the price.,2023-03-08,True,POSITIVE,2,SOURCE_G_REVIEWS,reviews_2023.csv,2023-03-08T03:45:54.596435019,BATCH-G-20230308
REV-00090434,SKU-0017683,user_9027678,Anna Thompson,5,Great value for money.,2023-06-10,True,POSITIVE,8,SOURCE_G_REVIEWS,reviews_2023.csv,2023-06-10T19:16:20.606573215,BATCH-G-20230610
REV-00090437,SKU-0001393,user_9011459,Denise Johnson,5,Better than I expected for the price.,2023-03-15,True,POSITIVE,9,SOURCE_G_REVIEWS,reviews_2023.csv,2023-03-15T00:45:11.476229160,BATCH-G-20230315
REV-00090438,SKU-0019799,user_31995,Gregory Morales,4,"Absolutely love it, works perfectly!",2023-07-27,True,POSITIVE,2,SOURCE_G_REVIEWS,reviews_2023.csv,2023-07-27T02:37:47.690395449,BATCH-G-20230727
REV-00090440,SKU-0015278,,Anonymous,1,"Cheaply made, broke immediately.",2023-11-08,False,NEGATIVE,2,SOURCE_G_REVIEWS,reviews_2023.csv,2023-11-08T22:46:27.746787230,BATCH-G-20231108
REV-00090447,SKU-0016064,user_24089,Dana Salinas,3,"Matches the description, no issues.",2023-07-10,True,NEUTRAL,8,SOURCE_G_REVIEWS,reviews_2023.csv,2023-07-10T02:16:44.344473677,BATCH-G-20230710
REV-00090461,SKU-0009189,,Anonymous,5,"Absolutely love it, works perfectly!",2023-11-16,False,POSITIVE,1,SOURCE_G_REVIEWS,reviews_2023.csv,2023-11-16T18:25:58.325611283,BATCH-G-20231116
REV-00090463,SKU-0013985,user_37219,Justin Wade,2,"Waste of money, do not buy.",2023-06-06,False,NEGATIVE,2,SOURCE_G_REVIEWS,reviews_2023.csv,2023-06-06T01:35:38.663771243,BATCH-G-20230606
REV-00090470,SKU-0001956,user_22633,Theresa Fox,4,Exceeded my expectations.,2023-09-11,False,POSITIVE,1,SOURCE_G_REVIEWS,reviews_2023.csv,2023-09-11T04:28:52.169673707,BATCH-G-20230911
REV-00090482,SKU-0005703,user_18959,Frank Melendez,5,"Absolutely love it, works perfectly! 💯",2023-12-29,True,POSITIVE,0,SOURCE_G_REVIEWS,reviews_2023.csv,2023-12-29T10:28:47.370327837,BATCH-G-20231229
REV-00090483,SKU-0001071,user_9021813,Jessica Martin MD,4,Exceeded my expectations.,2023-09-25,True,POSITIVE,8,SOURCE_G_REVIEWS,reviews_2023.csv,2023-09-25T08:25:04.228850573,BATCH-G-20230925
REV-00090487,SKU-0016591,user_9016384,Sandra Gonzalez,2,Stopped working after a week.,2023-03-22,True,NEGATIVE,2,SOURCE_G_REVIEWS,reviews_2023.csv,2023-03-22T12:44:08.391465593,BATCH-G-20230322
REV-00090488,SKU-0010755,user_9016852,Crystal,3,"Average quality, nothing special.",2023-02-19,True,NEUTRAL,0,SOURCE_G_REVIEWS,reviews_2023.csv,2023-02-19T10:44:02.767953523,BATCH-G-20230219
REV-00090488-DUP,SKU-0010755,user_9016852,Crystal,3,"Average quality, nothing special.",2023-02-19,True,NEUTRAL,0,SOURCE_G_REVIEWS,reviews_2023.csv,2023-02-19T11:43:02.767953523,BATCH-G-20230219
REV-00090492,SKU-0012308,user_9021652,Amber,4,Fast delivery and great quality. 👍😀,2023-08-01,True,POSITIVE,4,SOURCE_G_REVIEWS,reviews_2023.csv,2023-08-02T05:17:50.274656691,BATCH-G-20230801
REV-00090511,SKU-0007822,user_30361,David Booth,5,Will definitely buy again.,2023-05-14,True,POSITIVE,0,SOURCE_G_REVIEWS,reviews_2023.csv,2023-05-14T09:06:00.242050168,BATCH-G-20230514
REV-00090513,SKU-0007216,user_49963,Elizabeth Wilkins,4,"Perfect gift, they loved it!",2023-06-25,True,POSITIVE,1,SOURCE_G_REVIEWS,reviews_2023.csv,2023-06-25T22:23:25.425090171,BATCH-G-20230625
REV-00090520,SKU-0000011,user_24221,Kelly,4,"   Livraison  très  lente,  déçu.   ",2023-02-01,True,POSITIVE,1,SOURCE_G_REVIEWS,reviews_2023.csv,2023-02-01T01:08:23.142766019,BATCH-G-20230201
REV-00090527,SKU-0017238,,Anonymous,5,Better than I expected for the price.,2023-04-24,False,POSITIVE,3,SOURCE_G_REVIEWS,reviews_2023.csv,2023-04-24T16:55:32.324427229,BATCH-G-20230424
REV-00090530,SKU-0014648,user_9015251,Scott Henderson,4,Fast delivery and great quality.,2023-11-22,True,POSITIVE,0,SOURCE_G_REVIEWS,reviews_2023.csv,2023-11-22T08:31:48.344412030,BATCH-G-20231122
REV-00090539,SKU-0013357,user_29416,Lindsey Kennedy,4,Better than I expected for the price. 😀😍,2023-12-01,True,POSITIVE,0,SOURCE_G_REVIEWS,reviews_2023.csv,2023-12-01T19:47:01.309983904,BATCH-G-20231201
REV-00090541,SKU-0013351,user_43072,Dennis,5,"बहुत अच्छा उत्पाद है, पैसा वसूल! Will definitely buy again.",2023-09-06,False,POSITIVE,0,SOURCE_G_REVIEWS,reviews_2023.csv,2023-09-20T21:00:00,BATCH-G-20230906
REV-00090547,SKU-0010743,user_9028887,Christina Black,4,Fast delivery and great quality.,2023-08-11,True,POSITIVE,4,SOURCE_G_REVIEWS,reviews_2023.csv,2023-08-11T05:41:42.035799053,BATCH-G-20230811
REV-00090548,SKU-0016217,,Anonymous,2,"Cheaply made, broke immediately.",2023-12-15,True,NEGATIVE,2,SOURCE_G_REVIEWS,reviews_2023.csv,2023-12-15T05:21:48.338875469,BATCH-G-20231215
REV-00090561,SKU-0016773,user_9031371,Mary,6,"Absolutely love it, works perfectly!",2023-07-22,False,POSITIVE,1,SOURCE_G_REVIEWS,reviews_2023.csv,2023-07-23T00:03:16.158711494,BATCH-G-20230722
REV-00090570,SKU-0000354,,Anonymous,5,Better than I expected for the price.,2023-04-24,False,POSITIVE,0,SOURCE_G_REVIEWS,reviews_2023.csv,2023-04-24T08:36:39.891852803,BATCH-G-20230424
REV-00090578,SKU-9934047,user_14641,Rodney Clark,5,"Exactly as described, very happy.",2023-10-07,True,POSITIVE,0,SOURCE_G_REVIEWS,reviews_2023.csv,2023-10-07T18:28:43.797250420,BATCH-G-20231007
REV-00090584,SKU-0002010,user_9007925,Raymond Wilson,2,"Poor packaging, item was defective.",2023-08-16,True,NEGATIVE,4,SOURCE_G_REVIEWS,reviews_2023.csv,2023-08-17T03:46:46.268092511,BATCH-G-20230816
REV-00090585,SKU-0005874,user_9022586,Joshua,5,   Will  definitely  buy  again.   ,2023-04-17,True,POSITIVE,5,SOURCE_G_REVIEWS,reviews_2023.csv,2023-04-17T22:01:51.427832592,BATCH-G-20230417
REV-00090586,SKU-0019887,user_16134,Katherine Jackson,5,Fast delivery and great quality.,2023-09-01,True,POSITIVE,2,SOURCE_G_REVIEWS,reviews_2023.csv,2023-09-01T13:46:47.242024291,BATCH-G-20230901
REV-00090615,SKU-9978998,user_46391,Amber Watts,2,"Waste of money, do not buy.",2023-02-01,True,NEGATIVE,0,SOURCE_G_REVIEWS,reviews_2023.csv,2023-02-02T03:40:42.323465137,BATCH-G-20230201
REV-00090620,SKU-0008218,user_9028800,Jason Smith,5,Fast delivery and great quality.,2023-09-01,False,POSITIVE,9,SOURCE_G_REVIEWS,reviews_2023.csv,2023-09-01T05:22:54.317184072,BATCH-G-20230901
REV-00090633,SKU-0019583,user_9011024,Victoria White,4,Fast delivery and great quality.,2023-04-29,True,POSITIVE,0,SOURCE_G_REVIEWS,reviews_2023.csv,2023-04-29T16:38:42.058007401,BATCH-G-20230429
REV-00090634,SKU-0015973,user_9027390,Timothy Miranda,3,"Average quality, nothing special.",2023-01-17,True,NEUTRAL,0,SOURCE_G_REVIEWS,reviews_2023.csv,2023-01-17T01:29:09.342869457,BATCH-G-20230117
REV-00090636,SKU-0008914,user_33769,Chad Winters,0,Stopped working after a week.,2023-05-19,True,NEGATIVE,4,SOURCE_G_REVIEWS,reviews_2023.csv,2023-05-19T19:25:20.163243203,BATCH-G-20230519
REV-00090642,SKU-9954271,user_11453,Mark Gentry,5,"   Exactly  as  described,  very  happy.   ",2023-12-05,False,POSITIVE,0,SOURCE_G_REVIEWS,reviews_2023.csv,2023-12-05T23:40:12.631668026,BATCH-G-20231205
REV-00090643,SKU-0017634,user_9011960,Kevin Murphy,2,Wrong item was shipped to me.,2023-04-10,False,NEGATIVE,0,SOURCE_G_REVIEWS,reviews_2023.csv,2023-04-10T02:46:32.836827702,BATCH-G-20230410
REV-00090645,SKU-0006022,user_57868,Richard Sawyer,5,Highly recommend this product.,2023-11-24,False,POSITIVE,0,SOURCE_G_REVIEWS,reviews_2023.csv,2023-11-25T00:02:20.344092815,BATCH-G-20231124
REV-00090649,SKU-0004566,user_28090,John George,3,"<i>edited</i>Not bad, not great either. ⭐<i>edited</i>",2023-07-25,True,NEUTRAL,0,SOURCE_G_REVIEWS,reviews_2023.csv,2023-07-25T11:00:21.154024213,BATCH-G-20230725
REV-00090679,SKU-0001274,user_57598,Amy Bass,5,Fast delivery and great quality.,2023-03-20,True,POSITIVE,0,SOURCE_G_REVIEWS,reviews_2023.csv,2023-03-21T05:48:51.572626792,BATCH-G-20230320
REV-00090680,SKU-0008710,user_31158,Eric,4,"Solid build quality, no complaints.",2023-05-19,False,POSITIVE,0,SOURCE_G_REVIEWS,reviews_2023.csv,2023-05-19T23:31:08.342726358,BATCH-G-20230519
REV-00090688,SKU-9974604,user_9028853,Brandy Marshall,,"Exactly as described, very happy.",2023-09-18,True,POSITIVE,6,SOURCE_G_REVIEWS,reviews_2023.csv,2023-09-18T04:09:00.478436316,BATCH-G-20230918
REV-00090691,SKU-0017068,user_54052,Michelle Jones,2,Not as described at all.,2023-02-03,True,NEGATIVE,2,SOURCE_G_REVIEWS,reviews_2023.csv,2023-02-03T15:32:57.657823831,BATCH-G-20230203
REV-00090709,SKU-0016296,user_9021135,Timothy Brown,3,Works fine but delivery was slow.,2023-02-21,False,NEUTRAL,1,SOURCE_G_REVIEWS,reviews_2023.csv,2023-02-21T07:15:38.706410647,BATCH-G-20230221
REV-00090718,SKU-0013952,user_43987,Benjamin Morgan,7,Will definitely buy again.,2023-03-13,True,POSITIVE,0,SOURCE_G_REVIEWS,reviews_2023.csv,2023-03-13T23:25:59.541818198,BATCH-G-20230313
REV-00090720,SKU-0000541,user_9021830,Michelle Smith,5,"Absolutely love it, works perfectly!",2023-12-01,True,POSITIVE,5,SOURCE_G_REVIEWS,reviews_2023.csv,2023-12-16T03:00:00,BATCH-G-20231201
REV-00090721,SKU-0015503,,Anonymous,5,"Exactly as described, very happy.",2023-01-26,True,POSITIVE,0,SOURCE_G_REVIEWS,reviews_2023.csv,2023-01-26T09:19:40.510260571,BATCH-G-20230126
REV-00090731,SKU-0015678,user_66753,Jeffrey,2,Wrong item was shipped to me.,2023-06-28,False,NEGATIVE,2,SOURCE_G_REVIEWS,reviews_2023.csv,2023-06-29T04:29:41.007496529,BATCH-G-20230628
REV-00090734,SKU-0016918,,Anonymous,4,"Perfect gift, they loved it!",2023-07-20,True,POSITIVE,13,SOURCE_G_REVIEWS,reviews_2023.csv,2023-07-20T13:34:23.661874467,BATCH-G-20230720
REV-00090745,SKU-0008414,user_9010679,Jamie Shields,2,"Waste of money, do not buy.",2023-09-17,False,NEGATIVE,0,SOURCE_G_REVIEWS,reviews_2023.csv,2023-09-17T07:36:55.264775399,BATCH-G-20230917
REV-00090748,SKU-0009886,,Anonymous,5,Fast delivery and great quality.,2023-01-23,False,POSITIVE,6,SOURCE_G_REVIEWS,reviews_2023.csv,2023-01-23T11:36:01.567648496,BATCH-G-20230123
REV-00090751,SKU-0004717,,Anonymous,5,Wrong item was shipped to me.,2023-01-28,True,NEGATIVE,2,SOURCE_G_REVIEWS,reviews_2023.csv,2023-01-28T20:13:23.249102910,BATCH-G-20230128
REV-00090752,SKU-9965490,user_9023520,Raymond Smith,5,Great value for money.,2023-01-30,True,POSITIVE,5,SOURCE_G_REVIEWS,reviews_2023.csv,2023-01-30T09:17:14.305211338,BATCH-G-20230130
REV-00090753,SKU-0006972,user_67469,Sarah,5,"Absolutely love it, works perfectly!",2023-06-03,True,POSITIVE,2,SOURCE_G_REVIEWS,reviews_2023.csv,2023-06-04T05:11:34.412192783,BATCH-G-20230603
REV-00090755,SKU-0011518,user_9016162,Heather Gilbert,5,Better than I expected for the price.,2023-05-15,False,POSITIVE,0,SOURCE_G_REVIEWS,reviews_2023.csv,2023-05-16T01:19:27.449442804,BATCH-G-20230515
REV-00090785,SKU-0005584,user_9018204,Erika,2,Stopped working after a week.,2023-06-13,True,NEGATIVE,2,SOURCE_G_REVIEWS,reviews_2023.csv,2023-06-13T16:28:21.790393847,BATCH-G-20230613
REV-00090799,SKU-0018546,user_65700,Antonio Coleman,5,"Perfect gift, they loved it!",2023-01-14,True,POSITIVE,0,SOURCE_G_REVIEWS,reviews_2023.csv,2023-01-14T22:11:41.033350878,BATCH-G-20230114
REV-00090809,SKU-0009194,user_38666,Zachary,5,Will definitely buy again.,2023-03-01,False,POSITIVE,0,SOURCE_G_REVIEWS,reviews_2023.csv,2023-03-01T09:26:10.981956269,BATCH-G-20230301
REV-00090810,SKU-0005166,user_9015254,Nicole,5,Will definitely buy again.,2023-12-08,True,POSITIVE,4,SOURCE_G_REVIEWS,reviews_2023.csv,2023-12-08T09:58:45.915849118,BATCH-G-20231208
REV-00090817,SKU-0006929,user_9033510,Andrea Hancock,1,Not as described at all.,2023-08-08,True,NEGATIVE,0,SOURCE_G_REVIEWS,reviews_2023.csv,2023-08-08T22:22:18.723522504,BATCH-G-20230808
REV-00090820,SKU-0001681,user_27576,Jennifer Werner,5,"Livraison très lente, déçu. Better than I expected for the price.",2023-11-28,True,POSITIVE,11,SOURCE_G_REVIEWS,reviews_2023.csv,2023-11-28T10:43:36.625133584,BATCH-G-20231128
REV-00090826,SKU-0019012,,Anonymous,1,Stopped working after a week.,2023-11-10,False,NEGATIVE,1,SOURCE_G_REVIEWS,reviews_2023.csv,2023-11-10T18:35:10.670677922,BATCH-G-20231110
REV-00090830,SKU-0017328,user_9021310,Kelsey Scott,3,Decent but overpriced a bit.,2023-03-24,True,NEUTRAL,1,SOURCE_G_REVIEWS,reviews_2023.csv,2023-03-24T12:46:29.784036473,BATCH-G-20230324
REV-00090831,SKU-0014777,user_33305,Deborah,4,Fast delivery and great quality.,2023-02-08,True,POSITIVE,2,SOURCE_G_REVIEWS,reviews_2023.csv,2023-02-09T00:53:26.920111685,BATCH-G-20230208
REV-00090844,SKU-0000136,user_9026956,Melissa,6,Excellent rapport qualité-prix.,2023-11-15,False,POSITIVE,1,SOURCE_G_REVIEWS,reviews_2023.csv,2023-11-16T04:03:20.534561313,BATCH-G-20231115
REV-00090851,SKU-0012300,user_16246,Jason,5,   Fast  delivery  and  great  quality.  💯😀   ,2023-12-07,True,POSITIVE,2,SOURCE_G_REVIEWS,reviews_2023.csv,2023-12-07T14:20:18.463868155,BATCH-G-20231207
REV-00090863,SKU-0005365,user_9023828,Charles Rhodes,5,"Absolutely love it, works perfectly!",2023-11-26,True,POSITIVE,10,SOURCE_G_REVIEWS,reviews_2023.csv,2023-11-26T12:08:33.187554908,BATCH-G-20231126
REV-00090869,SKU-0019212,,Anonymous,2,Stopped working after a week.,2023-11-10,False,NEGATIVE,0,SOURCE_G_REVIEWS,reviews_2023.csv,2023-11-10T17:58:50.158096149,BATCH-G-20231110
REV-00090876,SKU-0007026,user_9010353,Anna Davis,4,"Absolutely love it, works perfectly!",2023-10-26,True,POSITIVE,1,SOURCE_G_REVIEWS,reviews_2023.csv,2023-10-26T12:55:33.299869168,BATCH-G-20231026
REV-00090879,SKU-0019110,,Anonymous,2,Stopped working after a week.,2023-05-03,False,NEGATIVE,2,SOURCE_G_REVIEWS,reviews_2023.csv,2023-05-03T18:03:31.449667144,BATCH-G-20230503
REV-00090885,SKU-0016468,user_9009617,Cody Farrell,5,Highly recommend this product.,2023-03-26,False,POSITIVE,1,SOURCE_G_REVIEWS,reviews_2023.csv,2023-03-27T05:01:02.644473048,BATCH-G-20230326
REV-00090886,SKU-0004501,user_46214,Misty Obrien,5,"Solid build quality, no complaints. 😀",2023-04-07,True,POSITIVE,1,SOURCE_G_REVIEWS,reviews_2023.csv,2023-04-07T08:18:25.827147074,BATCH-G-20230407
REV-00090888,SKU-0001492,user_41270,Ricky Collins,2,Not as described at all.,2023-02-04,True,NEGATIVE,9,SOURCE_G_REVIEWS,reviews_2023.csv,2023-02-05T01:19:31.388808374,BATCH-G-20230204
REV-00090898,SKU-0009384,user_9004770,Kathleen,5,Great value for money.,2023-11-09,True,POSITIVE,2,SOURCE_G_REVIEWS,reviews_2023.csv,2023-11-09T16:20:51.648710625,BATCH-G-20231109
REV-00090899,SKU-9972028,,Anonymous,5,"Absolutely love it, works perfectly!",2023-03-10,True,POSITIVE,4,SOURCE_G_REVIEWS,reviews_2023.csv,2023-03-10T08:54:00.395386931,BATCH-G-20230310
REV-00090906,SKU-0018605,,Anonymous,5,Better than I expected for the price.,2023-04-24,False,POSITIVE,0,SOURCE_G_REVIEWS,reviews_2023.csv,2023-04-24T06:47:04.540148926,BATCH-G-20230424
REV-00090921,SKU-0011845,user_11037,Sharon Valdez,5,Fast delivery and great quality.,2023-08-17,False,POSITIVE,5,SOURCE_G_REVIEWS,reviews_2023.csv,2023-08-17T16:59:36.109476569,BATCH-G-20230817
REV-00090937,SKU-0005997,,Anonymous,3,Decent but overpriced a bit.,2023-01-11,False,NEUTRAL,3,SOURCE_G_REVIEWS,reviews_2023.csv,2023-01-11T19:14:09.113947952,BATCH-G-20230111
REV-00090940,SKU-0010564,,Anonymous,5,Better than I expected for the price.,2023-05-28,False,POSITIVE,0,SOURCE_G_REVIEWS,reviews_2023.csv,2023-05-28T19:55:58.671778215,BATCH-G-20230528
REV-00090948,SKU-0010316,user_35780,Mr. Miguel Thomas PhD,4,&nbsp;Fast delivery and great quality.<i>edited</i>,2023-01-17,True,POSITIVE,1,SOURCE_G_REVIEWS,reviews_2023.csv,2023-01-17T06:07:06.461092655,BATCH-G-20230117
REV-00090953,SKU-0012883,user_50208,Zachary,4,Highly recommend this product.,2023-12-22,True,POSITIVE,3,SOURCE_G_REVIEWS,reviews_2023.csv,2023-12-22T21:55:41.540847963,BATCH-G-20231222
REV-00090956,SKU-0005982,user_9007897,Diana Merritt,5,"   बहुत  अच्छा  उत्पाद  है,  पैसा  वसूल!   ",2023-01-26,True,POSITIVE,7,SOURCE_G_REVIEWS,reviews_2023.csv,2023-01-27T05:49:58.011804925,BATCH-G-20230126
REV-00090958,SKU-0011593,user_9019600,David Lopez,5,"Exactly as described, very happy. 😢",2023-06-03,True,POSITIVE,0,SOURCE_G_REVIEWS,reviews_2023.csv,2023-06-04T05:58:51.538915986,BATCH-G-20230603
REV-00090960,SKU-0008963,user_39897,Bryan Mcguire, ,"Waste of money, do not buy.",2023-05-07,True,NEGATIVE,3,SOURCE_G_REVIEWS,reviews_2023.csv,2023-05-08T04:23:04.731035937,BATCH-G-20230507
REV-00090976,SKU-0004015,user_9018771,Tracie Skinner,4,Exceeded my expectations.,2023-11-24,False,POSITIVE,3,SOURCE_G_REVIEWS,reviews_2023.csv,2023-11-24T04:46:54.880734705,BATCH-G-20231124
REV-00090980,SKU-0003455,user_9030258,Alison Sanders,5,गुणवत्ता ठीक नहीं थी।,2023-07-22,True,POSITIVE,0,SOURCE_G_REVIEWS,reviews_2023.csv,2023-07-22T07:10:56.760977166,BATCH-G-20230722
REV-00090985,SKU-0009922,user_23366,Aaron Smith,5,Highly recommend this product.,2023-06-29,True,POSITIVE,1,SOURCE_G_REVIEWS,reviews_2023.csv,2023-06-30T03:04:35.045095304,BATCH-G-20230629
REV-00090986,SKU-0010623,,Anonymous,5,"Absolutely love it, works perfectly!",2023-03-29,True,POSITIVE,2,SOURCE_G_REVIEWS,reviews_2023.csv,2023-03-29T14:40:29.111951129,BATCH-G-20230329
REV-00090994,SKU-0008465,,Anonymous,5,null,2023-11-08,False,POSITIVE,13,SOURCE_G_REVIEWS,reviews_2023.csv,2023-11-08T12:39:07.121456643,BATCH-G-20231108
REV-00090998,SKU-0008555,user_9012504,Sara Hensley,3,"Not bad, not great either.",2023-07-29,False,NEUTRAL,0,SOURCE_G_REVIEWS,reviews_2023.csv,2023-07-29T16:16:23.118058448,BATCH-G-20230729
REV-00090999,SKU-0018378,,Anonymous,3,"Matches the description, no issues.",2023-11-15,False,NEUTRAL,0,SOURCE_G_REVIEWS,reviews_2023.csv,2023-11-15T20:00:00.076273597,BATCH-G-20231115
REV-00091000,SKU-0008466,user_67675,Robert Garner,5,"Absolutely love it, works perfectly!",2023-11-05,True,POSITIVE,0,SOURCE_G_REVIEWS,reviews_2023.csv,2023-11-05T18:26:38.028071939,BATCH-G-20231105
REV-00091006,SKU-0018088,user_19602,Carrie Cooper,1,"Poor packaging, item was defective.",2023-01-21,False,NEGATIVE,1,SOURCE_G_REVIEWS,reviews_2023.csv,2023-01-21T03:55:53.290474090,BATCH-G-20230121
REV-00091009,SKU-0012040,user_11297,Emily,2,Decent but overpriced a bit.,2023-02-07,False,NEUTRAL,7,SOURCE_G_REVIEWS,reviews_2023.csv,2023-02-07T14:51:14.538419120,BATCH-G-20230207
REV-00091010,SKU-0008986,,Anonymous,3,"It's okay, does the job.",2023-07-14,False,NEUTRAL,2,SOURCE_G_REVIEWS,reviews_2023.csv,2023-07-15T02:41:15.330606798,BATCH-G-20230714
REV-00091020,SKU-0004868,user_55603,Spencer,3,Works fine but delivery was slow.,2023-10-09,False,NEUTRAL,0,SOURCE_G_REVIEWS,reviews_2023.csv,2023-10-09T21:58:46.851096520,BATCH-G-20231009
REV-00091032,SKU-0018926,user_9020829,Laurie Johnson,1,"Poor packaging, item was defective.",2023-12-29,True,NEGATIVE,7,SOURCE_G_REVIEWS,reviews_2023.csv,2023-12-30T02:52:12.351644899,BATCH-G-20231229
REV-00091037,SKU-0006571,user_9031744,Jesse,4,Fast delivery and great quality.,2023-01-17,False,POSITIVE,4,SOURCE_G_REVIEWS,reviews_2023.csv,2023-01-18T00:37:54.912311614,BATCH-G-20230117
REV-00091041,SKU-0006402,user_9016439,Jennifer Arias,4,Exceeded my expectations.,2023-11-19,False,POSITIVE,6,SOURCE_G_REVIEWS,reviews_2023.csv,2023-11-19T05:29:24.228205032,BATCH-G-20231119
REV-00091043,SKU-0002429,user_38809,Crystal Rivas,5,"Matches the description, no issues.",2023-01-14,False,NEUTRAL,3,SOURCE_G_REVIEWS,reviews_2023.csv,2023-01-15T03:48:57.337774952,BATCH-G-20230114
REV-00091048,SKU-0017308,user_65113,Linda,5,Great value for money.,2023-02-05,True,POSITIVE,1,SOURCE_G_REVIEWS,reviews_2023.csv,2023-02-05T02:31:25.594839916,BATCH-G-20230205
REV-00091053,SKU-0016958,user_61887,Mark Jackson,5,"Perfect gift, they loved it!",2023-10-27,False,POSITIVE,5,SOURCE_G_REVIEWS,reviews_2023.csv,2023-10-28T04:57:25.198718198,BATCH-G-20231027
REV-00091053-DUP,SKU-0016958,user_61887,Mark Jackson,5,"Perfect gift, they loved it!",2023-10-27,False,POSITIVE,5,SOURCE_G_REVIEWS,reviews_2023.csv,2023-10-28T05:54:25.198718198,BATCH-G-20231027
REV-00091056,SKU-0018418,user_9031213,Steven Smith,5,Great value for money.,2023-11-11,False,POSITIVE,4,SOURCE_G_REVIEWS,reviews_2023.csv,2023-11-11T19:26:18.095777668,BATCH-G-20231111
REV-00091057,SKU-0010897,user_9009098,Stephanie Allen,5,"Perfect gift, they loved it!",2023-03-17,True,POSITIVE,2,SOURCE_G_REVIEWS,reviews_2023.csv,2023-03-17T05:01:19.824603142,BATCH-G-20230317
REV-00091057-DUP,SKU-0010897,user_9009098,Stephanie Allen,5,"Perfect gift, they loved it!",2023-03-17,True,POSITIVE,2,SOURCE_G_REVIEWS,reviews_2023.csv,2023-03-17T06:00:19.824603142,BATCH-G-20230317
REV-00091065,SKU-0017108,user_9017707,Alyssa Rivera,1,Stopped working after a week.,2023-03-23,True,NEGATIVE,0,SOURCE_G_REVIEWS,reviews_2023.csv,2023-03-23T08:33:52.428411194,BATCH-G-20230323
REV-00091068,SKU-0019126,user_39280,Kristine Burns,5,Exceeded my expectations.,2023-06-27,False,POSITIVE,0,SOURCE_G_REVIEWS,reviews_2023.csv,2023-06-28T03:29:29.942369352,BATCH-G-20230627
REV-00091073,SKU-0009066,user_9031402,Mary Hernandez,5,Fast delivery and great quality.,2023-01-08,True,POSITIVE,1,SOURCE_G_REVIEWS,reviews_2023.csv,2023-01-08T19:52:47.459814755,BATCH-G-20230108
REV-00091077,SKU-0013109,,Anonymous,5,"Matches the description, no issues. 😢",2023-12-30,True,NEUTRAL,2,SOURCE_G_REVIEWS,reviews_2023.csv,2023-12-30T13:22:13.162156123,BATCH-G-20231230
REV-00091078,SKU-0010811,user_45433,Kevin,5,Will definitely buy again.,2023-08-30,True,POSITIVE,4,SOURCE_G_REVIEWS,reviews_2023.csv,2023-08-31T00:38:28.898259794,BATCH-G-20230830
REV-00091079,SKU-0015331,user_9009244,Maria Blanchard,4,"Solid build quality, no complaints.",2023-10-09,True,POSITIVE,0,SOURCE_G_REVIEWS,reviews_2023.csv,2023-10-09T10:42:29.120896728,BATCH-G-20231009
REV-00091086,SKU-0003721,,Anonymous,5,Fast delivery and great quality.,2023-09-22,False,POSITIVE,2,SOURCE_G_REVIEWS,reviews_2023.csv,2023-09-22T22:25:37.614504315,BATCH-G-20230922
REV-00091095,SKU-0015327,user_24173,Perry Clayton,5,"Perfect gift, they loved it! 😢",2023-01-15,False,POSITIVE,12,SOURCE_G_REVIEWS,reviews_2023.csv,2023-01-16T03:28:25.405498845,BATCH-G-20230115
REV-00091098,SKU-0014511,user_9013163,Lisa Clark,3,"It's okay, does the job.",2023-02-17,False,NEUTRAL,0,SOURCE_G_REVIEWS,reviews_2023.csv,2023-02-17T00:45:06.165758392,BATCH-G-20230217
REV-00091099,SKU-0012968,user_9013928,Tamara Kane,5,Fast delivery and great quality.,2023-03-11,True,POSITIVE,1,SOURCE_G_REVIEWS,reviews_2023.csv,2023-03-12T03:23:43.783145267,BATCH-G-20230311
REV-00091104,SKU-0006965,user_10698,Sharon Hurley,1,"Poor packaging, item was defective.",2023-11-20,True,NEGATIVE,0,SOURCE_G_REVIEWS,reviews_2023.csv,2023-11-21T00:52:23.346697193,BATCH-G-20231120
REV-00091105,SKU-0014987,user_9028245,Susan Smith,4,Highly recommend this product.,2023-06-06,False,POSITIVE,1,SOURCE_G_REVIEWS,reviews_2023.csv,2023-06-06T21:51:13.645016745,BATCH-G-20230606
REV-00091106,SKU-0016778,user_9024790,Dr.,4,Better than I expected for the price.,2023-07-06,True,POSITIVE,3,SOURCE_G_REVIEWS,reviews_2023.csv,2023-07-06T14:26:55.318810623,BATCH-G-20230706
REV-00091139,SKU-0009504,user_9008083,Richard,4,"Exactly as described, very happy.",2023-06-03,False,POSITIVE,4,SOURCE_G_REVIEWS,reviews_2023.csv,2023-06-04T03:20:34.542727233,BATCH-G-20230603
REV-00091143,SKU-0015875,user_9026863,Matthew,5,Great value for money.,2023-10-14,False,POSITIVE,0,SOURCE_G_REVIEWS,reviews_2023.csv,2023-10-14T10:50:43.938770966,BATCH-G-20231014
REV-00091150,SKU-0008031,user_12548,Brian Harris,5,Exceeded my expectations.,2023-08-29,True,POSITIVE,5,SOURCE_G_REVIEWS,reviews_2023.csv,2023-08-29T18:56:04.721863064,BATCH-G-20230829
REV-00091151,SKU-0009095,user_23265,Virginia Jackson,2,Not as described at all.,2023-12-27,True,NEGATIVE,3,SOURCE_G_REVIEWS,reviews_2023.csv,2023-12-27T23:13:05.476869914,BATCH-G-20231227
REV-00091161,SKU-0017632,,Anonymous,2,"It's okay, does the job.",2023-03-18,True,NEUTRAL,8,SOURCE_G_REVIEWS,reviews_2023.csv,2023-03-18T20:00:00.247103253,BATCH-G-20230318
REV-00091165,SKU-0002934,user_9031561,Alexis,1,Very disappointed with the quality.,2023-04-01,False,NEGATIVE,1,SOURCE_G_REVIEWS,reviews_2023.csv,2023-04-02T04:05:59.728588087,BATCH-G-20230401
REV-00091169,SKU-0007687,,Anonymous,5,"Solid build quality, no complaints. 🙏🔥",2023-09-29,True,POSITIVE,1,SOURCE_G_REVIEWS,reviews_2023.csv,2023-09-29T19:04:18.710320873,BATCH-G-20230929
REV-00091170,SKU-0017348,user_64882,Seth Choi,5,Excellent rapport qualité-prix. Exceeded my expectations.,2023-09-05,True,POSITIVE,0,SOURCE_G_REVIEWS,reviews_2023.csv,2023-09-05T20:03:52.765993713,BATCH-G-20230905
REV-00091173,SKU-0014988,user_9008692,Ashley,1,   Not  as  described  at  all.  😐   ,2023-12-21,True,NEGATIVE,0,SOURCE_G_REVIEWS,reviews_2023.csv,2023-12-21T17:44:55.762002505,BATCH-G-20231221
REV-00091174,SKU-0012419,user_9023361,Robert,4,"Exactly as described, very happy.",2023-09-05,False,POSITIVE,3,SOURCE_G_REVIEWS,reviews_2023.csv,2023-09-05T04:35:01.251719835,BATCH-G-20230905
REV-00091182,SKU-0000597,user_9018859,Andrea Colon,5,"Exactly as described, very happy.",2023-12-07,True,POSITIVE,0,SOURCE_G_REVIEWS,reviews_2023.csv,2023-12-07T15:07:33.084148566,BATCH-G-20231207
REV-00091201,SKU-0013223,user_45685,Joseph,4,"गुणवत्ता ठीक नहीं थी। Exactly as described, very happy.",2023-05-07,True,POSITIVE,1,SOURCE_G_REVIEWS,reviews_2023.csv,2023-05-07T14:56:02.953672192,BATCH-G-20230507
REV-00091205,SKU-0014738,user_6696,Zachary Evans,3,"Not bad, not great either.",2023-02-01,True,NEUTRAL,2,SOURCE_G_REVIEWS,reviews_2023.csv,2023-02-01T05:07:20.085335643,BATCH-G-20230201
REV-00091219,SKU-0005632,user_24503,Amanda,5,Will definitely buy again.,2023-09-28,False,POSITIVE,3,SOURCE_G_REVIEWS,reviews_2023.csv,2023-09-28T10:27:56.276560468,BATCH-G-20230928
REV-00091231,SKU-0011734,,Anonymous,1,Not as described at all.,2023-02-02,True,NEGATIVE,0,SOURCE_G_REVIEWS,reviews_2023.csv,2023-02-07T17:00:00,BATCH-G-20230202
REV-00091231-DUP,SKU-0011734,,Anonymous,1,Not as described at all.,2023-02-02,True,NEGATIVE,0,SOURCE_G_REVIEWS,reviews_2023.csv,2023-02-07T17:34:00,BATCH-G-20230202
REV-00091237,SKU-0017200,,Anonymous,4,Arrived damaged and support was unhelpful.,2023-11-15,False,NEGATIVE,0,SOURCE_G_REVIEWS,reviews_2023.csv,2023-11-15T17:47:07.926269959,BATCH-G-20231115
REV-00091245,SKU-9929350,user_9014565,Sarah Barnett,1,Stopped working after a week.,2023-05-02,False,NEGATIVE,1,SOURCE_G_REVIEWS,reviews_2023.csv,2023-05-02T13:01:12.350713149,BATCH-G-20230502
REV-00091264,SKU-0004597,user_46754,Julia Ruiz,5,Great value for money.,2023-09-21,True,POSITIVE,0,SOURCE_G_REVIEWS,reviews_2023.csv,2023-09-21T03:27:48.223935358,BATCH-G-20230921
REV-00091293,SKU-0013272,,Anonymous,3,Decent but overpriced a bit.,2023-01-14,True,NEUTRAL,0,SOURCE_G_REVIEWS,reviews_2023.csv,2023-01-15T03:53:16.643989365,BATCH-G-20230114
REV-00091319,SKU-0007386,user_30469,Shane Thomas,5,Fast delivery and great quality.,2023-03-18,True,POSITIVE,1,SOURCE_G_REVIEWS,reviews_2023.csv,2023-03-18T12:17:45.257789739,BATCH-G-20230318
REV-00091323,SKU-0001919,user_24361,Krista,2,Arrived damaged and support was unhelpful.,2023-07-22,False,NEGATIVE,11,SOURCE_G_REVIEWS,reviews_2023.csv,2023-07-23T05:27:03.531767044,BATCH-G-20230722
REV-00091325,SKU-0020146,user_58313,Marcus King,4,Exceeded my expectations.,2023-02-03,True,POSITIVE,1,SOURCE_G_REVIEWS,reviews_2023.csv,2023-02-04T05:27:58.644431977,BATCH-G-20230203
REV-00091338,SKU-0003283,user_68656,Peter Harris,3,Excellent rapport qualité-prix.,2023-03-15,True,NEUTRAL,0,SOURCE_G_REVIEWS,reviews_2023.csv,2023-03-15T14:16:45.963742599,BATCH-G-20230315
REV-00091342,SKU-0007501,,Anonymous,3,"It's okay, does the job.",2023-11-11,False,NEUTRAL,4,SOURCE_G_REVIEWS,reviews_2023.csv,2023-11-12T01:16:50.244536763,BATCH-G-20231111
REV-00091355,SKU-0013964,user_21669,Heather Dougherty,5,Great value for money.,2023-07-06,False,POSITIVE,3,SOURCE_G_REVIEWS,reviews_2023.csv,2023-07-07T00:31:08.012869625,BATCH-G-20230706
REV-00091364,SKU-9933576,user_39140,Andrew Shepard,5,   <b>Update:</b>Will  definitely  buy  again.<br>   ,2023-07-27,False,POSITIVE,0,SOURCE_G_REVIEWS,reviews_2023.csv,2023-07-27T06:15:50.064058770,BATCH-G-20230727
REV-00091367,SKU-0006722,user_7278,Jasmine Griffith,2,Wrong item was shipped to me.,2023-10-29,False,NEGATIVE,3,SOURCE_G_REVIEWS,reviews_2023.csv,2023-10-29T02:07:57.331875954,BATCH-G-20231029
REV-00091373,SKU-0019776,user_60473,Ronald Miller DDS,3,"Matches the description, no issues.",2023-10-03,True,NEUTRAL,1,SOURCE_G_REVIEWS,reviews_2023.csv,2023-10-03T13:19:52.082387566,BATCH-G-20231003
REV-00091376,SKU-9929774,,Anonymous,5,Better than I expected for the price.,2023-02-12,True,POSITIVE,1,SOURCE_G_REVIEWS,reviews_2023.csv,2023-02-12T10:21:47.166514881,BATCH-G-20230212
REV-00091379,SKU-0012538,user_36929,Curtis Sosa,4,"Perfect gift, they loved it! 😐",2023-12-18,False,POSITIVE,1,SOURCE_G_REVIEWS,reviews_2023.csv,2023-12-19T03:02:00.538073797,BATCH-G-20231218
REV-00091380,SKU-0006696,user_43619,Adrian Martinez,5,Highly recommend this product.,2023-05-30,False,POSITIVE,7,SOURCE_G_REVIEWS,reviews_2023.csv,2023-05-31T02:33:08.330151089,BATCH-G-20230530
REV-00091387,SKU-0002017,user_9014639,Ryan Gardner,2,"Cheaply made, broke immediately.",2023-10-11,False,NEGATIVE,1,SOURCE_G_REVIEWS,reviews_2023.csv,2023-10-12T02:18:30.583168452,BATCH-G-20231011
REV-00091388,SKU-0011658,user_5957,Jo Pennington,4,No cumplió mis expectativas.,2023-05-11,True,POSITIVE,1,SOURCE_G_REVIEWS,reviews_2023.csv,2023-05-11T04:29:58.598146383,BATCH-G-20230511
REV-00091392,SKU-0019320,user_9029856,Jennifer Hernandez,4,Will definitely buy again.,2023-08-30,False,POSITIVE,0,SOURCE_G_REVIEWS,reviews_2023.csv,2023-08-30T13:37:11.773702196,BATCH-G-20230830
REV-00091415,SKU-0019303,user_9032670,Erin,5,Highly recommend this product. 😢😍,2023-03-19,True,POSITIVE,11,SOURCE_G_REVIEWS,reviews_2023.csv,2023-03-20T05:26:05.845276566,BATCH-G-20230319
REV-00091420,SKU-0012537,user_9029786,Daniel,4,Great value for money. 😀,2023-01-17,False,POSITIVE,3,SOURCE_G_REVIEWS,reviews_2023.csv,2023-01-23T04:00:00,BATCH-G-20230117
REV-00091421,SKU-0019734,user_25743,Dwayne,4,Highly recommend this product.,2023-11-06,True,POSITIVE,0,SOURCE_G_REVIEWS,reviews_2023.csv,2023-11-06T18:03:23.102169736,BATCH-G-20231106
REV-00091433,SKU-0009736,user_27469,Lindsay Hall, ,Wrong item was shipped to me.,2023-11-27,False,NEGATIVE,1,SOURCE_G_REVIEWS,reviews_2023.csv,2023-11-27T12:23:57.761798867,BATCH-G-20231127
REV-00091444,SKU-0018697,user_60175,Terry Rice,4,"Solid build quality, no complaints.",2023-01-23,True,POSITIVE,0,SOURCE_G_REVIEWS,reviews_2023.csv,2023-01-23T16:59:48.877299392,BATCH-G-20230123
REV-00091446,SKU-0017880,user_9012256,Jordan,5,Exceeded my expectations.,2023-08-14,False,POSITIVE,6,SOURCE_G_REVIEWS,reviews_2023.csv,2023-08-14T23:50:13.709882013,BATCH-G-20230814
REV-00091467,SKU-0014162,user_9002515,Christopher,4,Highly recommend this product.,2023-08-30,False,POSITIVE,1,SOURCE_G_REVIEWS,reviews_2023.csv,2023-08-30T15:15:08.061887743,BATCH-G-20230830
REV-00091485,SKU-0012167,user_9027702,Robert,3,unknown,2023-09-01,False,NEUTRAL,1,SOURCE_G_REVIEWS,reviews_2023.csv,2023-09-01T11:57:03.686388395,BATCH-G-20230901
REV-00091487,SKU-9963865,user_50486,Mr. Victor Brown,5,"Absolutely love it, works perfectly!",2023-12-08,True,POSITIVE,4,SOURCE_G_REVIEWS,reviews_2023.csv,2023-12-08T08:14:56.095336797,BATCH-G-20231208
REV-00091489,SKU-0006885,user_69731,Philip,5,"   Solid  build  quality,  no  complaints.   ",2023-11-28,False,POSITIVE,0,SOURCE_G_REVIEWS,reviews_2023.csv,2023-11-28T03:49:36.137392911,BATCH-G-20231128
REV-00091490,SKU-0015639,,Anonymous,1,"Muy buen producto, lo recomiendo.",2023-05-25,False,NEGATIVE,0,SOURCE_G_REVIEWS,reviews_2023.csv,2023-05-25T03:46:40.251561730,BATCH-G-20230525
REV-00091493,SKU-0002827,user_53878,Cindy Walker,5,<br>Exceeded my expectations.</p>,2023-01-14,False,POSITIVE,2,SOURCE_G_REVIEWS,reviews_2023.csv,2023-01-15T05:54:20.201492961,BATCH-G-20230114
REV-00091494,SKU-0006470,,Anonymous,5,Highly recommend this product.,2023-03-05,True,POSITIVE,2,SOURCE_G_REVIEWS,reviews_2023.csv,2023-03-05T10:48:14.095697881,BATCH-G-20230305
REV-00091500,SKU-0017650,,Anonymous,5,"Absolutely love it, works perfectly!",2023-06-15,False,POSITIVE,2,SOURCE_G_REVIEWS,reviews_2023.csv,2023-06-16T02:28:20.701825623,BATCH-G-20230615
REV-00091506,SKU-0000904,user_32819,Brianna Lewis DVM,4,Fast delivery and great quality.,2023-12-13,True,POSITIVE,0,SOURCE_G_REVIEWS,reviews_2023.csv,2023-12-13T04:30:55.346847010,BATCH-G-20231213
REV-00091518,SKU-0017793,,Anonymous,N/A,No cumplió mis expectativas.,2023-01-16,False,NEGATIVE,0,SOURCE_G_REVIEWS,reviews_2023.csv,2023-01-17T01:15:54.640360794,BATCH-G-20230116
REV-00091521,SKU-0010824,user_36607,Amy,5,Exceeded my expectations.,2023-04-07,True,POSITIVE,1,SOURCE_G_REVIEWS,reviews_2023.csv,2023-04-08T04:14:22.705956760,BATCH-G-20230407
REV-00091526,SKU-0019890,user_9016126,Colleen Henson,4,Will definitely buy again.,2023-09-19,True,POSITIVE,2,SOURCE_G_REVIEWS,reviews_2023.csv,2023-09-19T16:41:18.603835777,BATCH-G-20230919
REV-00091527,SKU-9974833,,Anonymous,4,Great value for money.,2023-09-18,False,POSITIVE,3,SOURCE_G_REVIEWS,reviews_2023.csv,2023-09-18T02:33:54.412847094,BATCH-G-20230918
REV-00091528,SKU-0004884,user_9005143,Ashlee,4,"Exactly as described, very happy.",2023-11-23,False,POSITIVE,1,SOURCE_G_REVIEWS,reviews_2023.csv,2023-11-23T17:06:27.200700438,BATCH-G-20231123
REV-00091529,SKU-0012123,user_9007411,Heather Watson,4,"Exactly as described, very happy. 💯",2023-12-19,True,POSITIVE,5,SOURCE_G_REVIEWS,reviews_2023.csv,2023-12-19T09:45:56.746210189,BATCH-G-20231219
REV-00091540,SKU-9929774,,Anonymous,5,Will definitely buy again.,2023-03-01,True,POSITIVE,1,SOURCE_G_REVIEWS,reviews_2023.csv,2023-03-01T05:19:19.578310073,BATCH-G-20230301
REV-00091556,SKU-0004585,,Anonymous,4,"Solid build quality, no complaints.",2023-06-24,True,POSITIVE,2,SOURCE_G_REVIEWS,reviews_2023.csv,2023-06-24T02:16:06.645581518,BATCH-G-20230624
REV-00091559,SKU-0002776,user_25119,Jessica Watson,3,Works fine but delivery was slow.,2023-02-07,True,NEUTRAL,2,SOURCE_G_REVIEWS,reviews_2023.csv,2023-02-07T10:05:29.763422575,BATCH-G-20230207
REV-00091574,SKU-0008172,user_6171,Peggy Everett,3,"It's okay, does the job.",2023-04-21,False,NEUTRAL,0,SOURCE_G_REVIEWS,reviews_2023.csv,2023-04-21T16:25:33.996266326,BATCH-G-20230421
REV-00091576,SKU-0011613,,Anonymous,4,Better than I expected for the price.,2023-07-22,True,POSITIVE,2,SOURCE_G_REVIEWS,reviews_2023.csv,2023-07-22T22:10:59.617405277,BATCH-G-20230722
REV-00091578,SKU-0000639,user_23140,Kevin Gaines,4,"Absolutely love it, works perfectly!",2023-08-25,True,POSITIVE,3,SOURCE_G_REVIEWS,reviews_2023.csv,2023-08-25T11:22:46.581352129,BATCH-G-20230825
REV-00091582,SKU-0012199,user_9003515,James Kim,4,Highly recommend this product.,2023-08-18,True,POSITIVE,5,SOURCE_G_REVIEWS,reviews_2023.csv,2023-08-18T21:55:06.350188429,BATCH-G-20230818
REV-00091585,SKU-0017320,user_58791,Patricia Matthews,1,Wrong item was shipped to me.,2023-10-22,False,NEGATIVE,0,SOURCE_G_REVIEWS,reviews_2023.csv,2023-10-22T07:45:42.808957263,BATCH-G-20231022
REV-00091607,SKU-0005446,user_36864,Albert Peterson,3,No cumplió mis expectativas.,2023-01-06,False,NEUTRAL,1,SOURCE_G_REVIEWS,reviews_2023.csv,2023-01-07T03:54:37.046334305,BATCH-G-20230106
REV-00091624,SKU-0017391,user_40652,Cheryl Booth,5,"Poor packaging, item was defective.",2023-06-16,True,NEGATIVE,3,SOURCE_G_REVIEWS,reviews_2023.csv,2023-06-16T02:41:30.527218159,BATCH-G-20230616
REV-00091627,SKU-0009073,user_9015460,Steven Henderson,5,"Exactly as described, very happy.",2023-12-08,True,POSITIVE,5,SOURCE_G_REVIEWS,reviews_2023.csv,2023-12-08T07:16:16.153461567,BATCH-G-20231208
REV-00091637,SKU-9979723,user_28238,Adam Harvey,5,"Poor packaging, item was defective.",2023-12-20,True,NEGATIVE,6,SOURCE_G_REVIEWS,reviews_2023.csv,2023-12-20T03:29:01.890974436,BATCH-G-20231220
REV-00091641,SKU-0009384,user_9008383,Nicole,1,"Poor packaging, item was defective.",2023-03-12,True,NEGATIVE,1,SOURCE_G_REVIEWS,reviews_2023.csv,2023-03-13T00:09:14.171424259,BATCH-G-20230312
REV-00091646,SKU-0006367,user_9000881,Stephanie,2,Arrived damaged and support was unhelpful.,2023-07-01,True,NEGATIVE,0,SOURCE_G_REVIEWS,reviews_2023.csv,2023-07-01T01:58:11.083979537,BATCH-G-20230701
REV-00091650,SKU-0002071,user_40239,Rick,5,"Perfect gift, they loved it!",2023-01-06,True,POSITIVE,7,SOURCE_G_REVIEWS,reviews_2023.csv,2023-01-06T07:08:29.921234876,BATCH-G-20230106
REV-00091654,SKU-0018630,user_9029421,Priscilla,4,Better than I expected for the price.,2023-04-26,True,POSITIVE,1,SOURCE_G_REVIEWS,reviews_2023.csv,2023-04-26T12:15:30.626998199,BATCH-G-20230426
REV-00091673,SKU-0011939,,Anonymous,3,"Average quality, nothing special.",2023-09-26,False,NEUTRAL,0,SOURCE_G_REVIEWS,reviews_2023.csv,2023-09-27T03:26:17.975799901,BATCH-G-20230926
REV-00091676,SKU-0000383,user_26137,Julie Lawson,5,"Perfect gift, they loved it!",2023-10-12,True,POSITIVE,5,SOURCE_G_REVIEWS,reviews_2023.csv,2023-10-12T12:19:52.190541793,BATCH-G-20231012
REV-00091677,SKU-0002325,user_9012545,Angela,5,"Absolutely love it, works perfectly!",2023-12-17,True,POSITIVE,4,SOURCE_G_REVIEWS,reviews_2023.csv,2023-12-17T09:31:37.119349222,BATCH-G-20231217
REV-00091682,SKU-9972982,user_9033842,Diane Suarez,4,"Perfect gift, they loved it!",2023-01-14,False,POSITIVE,3,SOURCE_G_REVIEWS,reviews_2023.csv,2023-01-14T20:25:59.298852100,BATCH-G-20230114
REV-00091691,SKU-0004038,user_9024989,Andrew,5,Will definitely buy again.,2023-11-21,False,POSITIVE,0,SOURCE_G_REVIEWS,reviews_2023.csv,2023-11-22T01:23:21.421868901,BATCH-G-20231121
REV-00091694,SKU-0003113,,Anonymous,1,Stopped working after a week.,2023-07-31,True,NEGATIVE,4,SOURCE_G_REVIEWS,reviews_2023.csv,2023-08-01T05:12:13.904656884,BATCH-G-20230731
REV-00091710,SKU-0018597,,Anonymous,6,"&nbsp;Solid build quality, no complaints.<br>",2023-10-02,True,POSITIVE,9,SOURCE_G_REVIEWS,reviews_2023.csv,2023-10-02T06:14:41.316747192,BATCH-G-20231002
REV-00091712,SKU-0016765,,Anonymous,4,Better than I expected for the price.,2023-02-27,True,POSITIVE,0,SOURCE_G_REVIEWS,reviews_2023.csv,2023-02-27T22:16:49.109404739,BATCH-G-20230227
REV-00091722,SKU-0003685,,Anonymous,2,Stopped working after a week.,2023-10-14,False,NEGATIVE,2,SOURCE_G_REVIEWS,reviews_2023.csv,2023-10-14T20:50:25.886573202,BATCH-G-20231014
REV-00091768,SKU-0018698,user_9005548,Mrs. Angela Jimenez,4,"Absolutely love it, works perfectly!",2023-02-12,False,POSITIVE,1,SOURCE_G_REVIEWS,reviews_2023.csv,2023-02-12T09:35:03.673571727,BATCH-G-20230212
REV-00091777,SKU-0010375,,Anonymous,4,Will definitely buy again.,2023-08-28,True,POSITIVE,6,SOURCE_G_REVIEWS,reviews_2023.csv,2023-08-28T02:12:12.830371869,BATCH-G-20230828
REV-00091780,SKU-0014385,user_49258,Suzanne Lucero,5,Great value for money.,2023-09-08,True,POSITIVE,0,SOURCE_G_REVIEWS,reviews_2023.csv,2023-09-08T22:20:31.938339003,BATCH-G-20230908
REV-00091786,SKU-0001317,user_9013692,Bonnie Stephens,5,"Solid build quality, no complaints.",2023-07-31,False,POSITIVE,1,SOURCE_G_REVIEWS,reviews_2023.csv,2023-07-31T23:04:57.705306496,BATCH-G-20230731
REV-00091789,SKU-0019972,user_61683,Thomas,3,Excellent rapport qualité-prix. 😡,2023-08-20,False,NEUTRAL,6,SOURCE_G_REVIEWS,reviews_2023.csv,2023-08-20T02:24:58.802419195,BATCH-G-20230820
REV-00091794,SKU-9994505,user_9018590,Cynthia Rice,-,"Exactly as described, very happy.",2023-06-11,False,POSITIVE,1,SOURCE_G_REVIEWS,reviews_2023.csv,2023-06-11T15:49:17.874179820,BATCH-G-20230611
REV-00091801,SKU-0001097,user_57181,Donald,5,Very disappointed with the quality.,2023-03-13,True,NEGATIVE,0,SOURCE_G_REVIEWS,reviews_2023.csv,2023-03-13T22:48:40.553955124,BATCH-G-20230313
REV-00091802,SKU-0007917,user_66783,Samantha Owen,5,"Exactly as described, very happy.",2023-11-02,True,POSITIVE,1,SOURCE_G_REVIEWS,reviews_2023.csv,2023-11-02T08:14:23.214372211,BATCH-G-20231102
REV-00091812,SKU-0007843,user_9022651,Toni Fischer,5,Exceeded my expectations.,2023-09-26,True,POSITIVE,0,SOURCE_G_REVIEWS,reviews_2023.csv,2023-09-27T02:13:17.010855705,BATCH-G-20230926
REV-00091823,SKU-9949082,user_12171,Miss,5,Exceeded my expectations. 💯,2023-07-18,True,POSITIVE,4,SOURCE_G_REVIEWS,reviews_2023.csv,2023-07-19T00:45:02.388873207,BATCH-G-20230718
REV-00091825,SKU-0000303,,Anonymous,7,Highly recommend this product.,2023-02-09,False,POSITIVE,2,SOURCE_G_REVIEWS,reviews_2023.csv,2023-02-09T00:40:55.426548441,BATCH-G-20230209
REV-00091832,SKU-0000586,user_9009724,Linda,4,Highly recommend this product.,2023-07-04,False,POSITIVE,1,SOURCE_G_REVIEWS,reviews_2023.csv,2023-07-04T18:58:48.160369776,BATCH-G-20230704
REV-00091836,SKU-0004057,user_9014581,Thomas Pacheco,5,"It's okay, does the job.",2023-05-09,True,NEUTRAL,2,SOURCE_G_REVIEWS,reviews_2023.csv,2023-05-27T19:00:00,BATCH-G-20230509
REV-00091847,SKU-0006498,user_15697,Meghan Thompson,4,Exceeded my expectations.,2023-03-04,False,POSITIVE,3,SOURCE_G_REVIEWS,reviews_2023.csv,2023-03-04T08:13:49.264633177,BATCH-G-20230304
REV-00091851,SKU-0008234,,Anonymous,4,Will definitely buy again.,2023-01-16,False,POSITIVE,1,SOURCE_G_REVIEWS,reviews_2023.csv,2023-01-16T22:18:56.734742281,BATCH-G-20230116
REV-00091865,SKU-0010764,user_63567,David Chapman,2,Stopped working after a week.,2023-04-24,False,NEGATIVE,0,SOURCE_G_REVIEWS,reviews_2023.csv,2023-04-24T17:52:37.765516369,BATCH-G-20230424
REV-00091877,SKU-0015607,user_9004420,Brett,2,Very disappointed with the quality. 😍,2023-07-16,False,NEGATIVE,4,SOURCE_G_REVIEWS,reviews_2023.csv,2023-07-16T08:33:06.746394168,BATCH-G-20230716
REV-00091891,SKU-0002062,user_9016422,Michael Simpson,5,Highly recommend this product.,2023-01-07,True,POSITIVE,0,SOURCE_G_REVIEWS,reviews_2023.csv,2023-01-08T03:48:05.003289311,BATCH-G-20230107
REV-00091906,SKU-0000104,user_51782,Cynthia Bishop,5,"Absolutely love it, works perfectly!",2023-08-19,False,POSITIVE,6,SOURCE_G_REVIEWS,reviews_2023.csv,2023-08-19T23:15:54.684975592,BATCH-G-20230819
REV-00091908,SKU-0019189,user_22243,John Patrick,5,Highly recommend this product. 😐,2023-09-16,True,POSITIVE,2,SOURCE_G_REVIEWS,reviews_2023.csv,2023-09-16T04:19:38.899419143,BATCH-G-20230916
REV-00091910,SKU-0010496,user_49574,Deborah Hernandez,4,Fast delivery and great quality.,2023-08-18,False,POSITIVE,16,SOURCE_G_REVIEWS,reviews_2023.csv,2023-08-18T23:17:10.238846120,BATCH-G-20230818
REV-00091913,SKU-9934262,,Anonymous,4,Better than I expected for the price.,2023-01-05,False,POSITIVE,4,SOURCE_G_REVIEWS,reviews_2023.csv,2023-01-05T18:56:46.674061324,BATCH-G-20230105
REV-00091918,SKU-0017664,,Anonymous,3,Decent but overpriced a bit.,2023-03-19,True,NEUTRAL,1,SOURCE_G_REVIEWS,reviews_2023.csv,2023-03-19T18:41:38.214675754,BATCH-G-20230319
REV-00091927,SKU-0015133,user_9007026,Jennifer,5,Fast delivery and great quality. 😐,2023-11-23,True,POSITIVE,0,SOURCE_G_REVIEWS,reviews_2023.csv,2023-11-23T01:15:50.909827081,BATCH-G-20231123
REV-00091932,SKU-0015004,user_57171,Shirley,4,"Absolutely love it, works perfectly! 🙏",2023-12-25,True,POSITIVE,0,SOURCE_G_REVIEWS,reviews_2023.csv,2023-12-26T01:30:41.069615116,BATCH-G-20231225
REV-00091933,SKU-0007906,user_23265,Virginia Jackson,5,Better than I expected for the price. ⭐,2023-12-19,True,POSITIVE,3,SOURCE_G_REVIEWS,reviews_2023.csv,2023-12-19T01:44:25.606858315,BATCH-G-20231219
REV-00091941,SKU-0015783,user_26854,Edwin Price,5,Exceeded my expectations.,2023-04-20,False,POSITIVE,2,SOURCE_G_REVIEWS,reviews_2023.csv,2023-04-20T13:45:40.259005949,BATCH-G-20230420
REV-00091941-BOT,SKU-0015783,user_33046,Eric Mcdonald,5,Exceeded my expectations.,2023-04-20,False,POSITIVE,0,SOURCE_G_REVIEWS,reviews_2023.csv,2023-04-20T13:45:40.259005949,BATCH-G-20230420
REV-00091946,SKU-0003778,user_9007689,Joseph Reed,3,"   Matches  the  description,  no  issues.   ",2023-10-19,False,NEUTRAL,1,SOURCE_G_REVIEWS,reviews_2023.csv,2023-10-19T06:57:46.266019420,BATCH-G-20231019
REV-00091949,SKU-0017656,user_9009422,Danielle Rodriguez,2,Wrong item was shipped to me.,2023-02-20,False,NEGATIVE,0,SOURCE_G_REVIEWS,reviews_2023.csv,2023-02-21T04:53:37.982535109,BATCH-G-20230220
REV-00091953,SKU-0003413,,Anonymous,4,Better than I expected for the price.,2023-06-29,False,POSITIVE,1,SOURCE_G_REVIEWS,reviews_2023.csv,2023-06-30T01:59:37.310798882,BATCH-G-20230629
REV-00091961,SKU-0014587,user_9011146,Joseph Baxter,2,   Stopped  working  after  a  week.   ,2023-01-13,True,NEGATIVE,3,SOURCE_G_REVIEWS,reviews_2023.csv,2023-01-13T22:14:04.754957385,BATCH-G-20230113
REV-00091980,SKU-0001801,user_9024396,Randy Hicks,5,Better than I expected for the price. 😀,2023-12-20,True,POSITIVE,7,SOURCE_G_REVIEWS,reviews_2023.csv,2023-12-20T10:02:01.743135357,BATCH-G-20231220
REV-00091981,SKU-0000701,user_9031916,Michael Jensen,5,"Absolutely love it, works perfectly!",2023-06-09,True,POSITIVE,2,SOURCE_G_REVIEWS,reviews_2023.csv,2023-06-09T19:56:58.279265735,BATCH-G-20230609
REV-00091982,SKU-9949119,,Anonymous,4,"Solid build quality, no complaints. 🔥",2023-12-12,True,POSITIVE,2,SOURCE_G_REVIEWS,reviews_2023.csv,2023-12-12T09:08:48.532760417,BATCH-G-20231212
REV-00091987,SKU-0002176,,Anonymous,5,"Muy buen producto, lo recomiendo. Will definitely buy again. 🔥",2023-02-15,False,POSITIVE,0,SOURCE_G_REVIEWS,reviews_2023.csv,2023-02-15T22:33:42.082620295,BATCH-G-20230215
REV-00091994,SKU-0006547,,Anonymous,5,"बहुत अच्छा उत्पाद है, पैसा वसूल!",2023-03-28,True,POSITIVE,1,SOURCE_G_REVIEWS,reviews_2023.csv,2023-03-28T12:26:53.353092237,BATCH-G-20230328
REV-00091997,SKU-9984001,user_9015182,Mark,2,"Waste of money, do not buy.",2023-08-16,True,NEGATIVE,13,SOURCE_G_REVIEWS,reviews_2023.csv,2023-08-16T05:51:29.655202247,BATCH-G-20230816
REV-00092003,SKU-9945397,user_9026973,Michelle,5,"Exactly as described, very happy.",2023-06-11,True,POSITIVE,3,SOURCE_G_REVIEWS,reviews_2023.csv,2023-06-11T05:48:55.636216312,BATCH-G-20230611
REV-00092004,SKU-0016338,user_38036,Alexandra Nunez,-,"<i>edited</i>Absolutely love it, works perfectly!<br>",2023-09-10,True,POSITIVE,1,SOURCE_G_REVIEWS,reviews_2023.csv,2023-09-10T19:06:21.508915451,BATCH-G-20230910
REV-00092006,SKU-0013860,user_9021254,Terry Bradley,2,Very disappointed with the quality.,2023-04-11,True,NEGATIVE,7,SOURCE_G_REVIEWS,reviews_2023.csv,2023-04-12T03:02:55.524785835,BATCH-G-20230411
REV-00092016,SKU-0019713,user_59817,Pamela,2,"Cheaply made, broke immediately.",2023-03-19,False,NEGATIVE,0,SOURCE_G_REVIEWS,reviews_2023.csv,2023-03-19T12:55:34.163781677,BATCH-G-20230319
REV-00092031,SKU-0003363,user_53748,Brandi Thomas,4,Better than I expected for the price.,2023-10-18,False,POSITIVE,3,SOURCE_G_REVIEWS,reviews_2023.csv,2023-10-19T05:54:10.359064607,BATCH-G-20231018
REV-00092045,SKU-0009193,user_56922,Michelle Rice,4,"Exactly as described, very happy.",2023-11-15,True,POSITIVE,3,SOURCE_G_REVIEWS,reviews_2023.csv,2023-11-15T17:51:17.654259069,BATCH-G-20231115
REV-00092049,SKU-0003875,user_9012371,Shane Cruz,1,Stopped working after a week.,2023-01-15,True,NEGATIVE,0,SOURCE_G_REVIEWS,reviews_2023.csv,2023-01-15T01:41:50.149452351,BATCH-G-20230115
REV-00092052,SKU-0011412,user_5101,Jerry Franco,5,Will definitely buy again.,2023-06-24,True,POSITIVE,0,SOURCE_G_REVIEWS,reviews_2023.csv,2023-06-24T14:43:48.641461515,BATCH-G-20230624
REV-00092056,SKU-0001239,user_52720,Todd Hughes,4,"Absolutely love it, works perfectly!",2023-11-29,True,POSITIVE,0,SOURCE_G_REVIEWS,reviews_2023.csv,2023-11-29T09:55:43.752994354,BATCH-G-20231129
REV-00092071,SKU-9924124,user_9002743,Blake Martin,5,Will definitely buy again.,2023-02-08,True,POSITIVE,1,SOURCE_G_REVIEWS,reviews_2023.csv,2023-02-08T05:05:42.640535153,BATCH-G-20230208
REV-00092072,SKU-0011348,user_9017522,Daniel Roberts,5,"Absolutely love it, works perfectly!",2023-09-24,True,POSITIVE,2,SOURCE_G_REVIEWS,reviews_2023.csv,2023-09-24T02:13:52.793809155,BATCH-G-20230924
REV-00092085,SKU-0008448,user_17821,Nicole Rose,4,Better than I expected for the price.,2023-01-15,False,POSITIVE,3,SOURCE_G_REVIEWS,reviews_2023.csv,2023-01-15T10:59:12.219868921,BATCH-G-20230115
REV-00092093,SKU-0012618,user_9010059,Deborah Garcia,5,Exceeded my expectations.,2023-12-01,False,POSITIVE,4,SOURCE_G_REVIEWS,reviews_2023.csv,2023-12-02T03:47:40.926676667,BATCH-G-20231201
REV-00092107,SKU-0015979,user_47028,Michelle Norris,3,"Matches the description, no issues.",2023-10-28,False,NEUTRAL,2,SOURCE_G_REVIEWS,reviews_2023.csv,2023-10-28T01:49:17.469366279,BATCH-G-20231028
REV-00092125,SKU-0016302,,Anonymous,3,"Not bad, not great either.",2023-08-25,True,NEUTRAL,0,SOURCE_G_REVIEWS,reviews_2023.csv,2023-08-25T15:18:24.148508608,BATCH-G-20230825
REV-00092133,SKU-9961941,user_39594,April Miles,3,Stopped working after a week.,2023-06-17,True,NEGATIVE,3,SOURCE_G_REVIEWS,reviews_2023.csv,2023-06-18T04:27:36.156458096,BATCH-G-20230617
REV-00092134,SKU-0012042,user_9026467,Omar Johnson,4,Great value for money.,2023-02-14,False,POSITIVE,1,SOURCE_G_REVIEWS,reviews_2023.csv,2023-02-15T02:05:24.341989729,BATCH-G-20230214
REV-00092136,SKU-9969834,,Anonymous,4,"Absolutely love it, works perfectly!",2023-06-02,True,POSITIVE,1,SOURCE_G_REVIEWS,reviews_2023.csv,2023-06-02T09:54:51.954838157,BATCH-G-20230602
REV-00092142,SKU-0007336,user_52720,Todd Hughes,4,"Absolutely love it, works perfectly!",2023-03-01,True,POSITIVE,1,SOURCE_G_REVIEWS,reviews_2023.csv,2023-03-01T18:33:50.493169576,BATCH-G-20230301
REV-00092143,SKU-0019308,user_9011542,Sally Smith,5,"<br>Perfect gift, they loved it!<b>Update:</b>",2023-01-04,True,POSITIVE,1,SOURCE_G_REVIEWS,reviews_2023.csv,2023-01-04T14:53:33.099333173,BATCH-G-20230104
REV-00092166,SKU-0001847,user_9025060,Scott Martinez,5,"<p>Exactly as described, very happy. 😢😐</p>",2023-07-07,False,POSITIVE,3,SOURCE_G_REVIEWS,reviews_2023.csv,2023-07-07T02:10:28.434282561,BATCH-G-20230707
REV-00092172,SKU-0012911,user_9006068,Brian,5,"Absolutely love it, works perfectly!",2023-12-19,False,POSITIVE,3,SOURCE_G_REVIEWS,reviews_2023.csv,2023-12-19T09:07:22.340328794,BATCH-G-20231219
REV-00092176,SKU-0008713,user_9011072,Erin,2,Very disappointed with the quality.,2023-06-18,True,NEGATIVE,2,SOURCE_G_REVIEWS,reviews_2023.csv,2023-06-18T13:51:42.264920430,BATCH-G-20230618
REV-00092181,SKU-0017957,user_9007192,Amy,4,Great value for money.,2023-10-10,True,POSITIVE,0,SOURCE_G_REVIEWS,reviews_2023.csv,2023-10-10T18:05:43.569077849,BATCH-G-20231010
REV-00092186,SKU-0009669,user_28651,Andrea Thomas,4,Will definitely buy again.,2023-08-25,True,POSITIVE,13,SOURCE_G_REVIEWS,reviews_2023.csv,2023-08-25T01:17:47.218134714,BATCH-G-20230825
REV-00092195,SKU-0005641,user_46556,Angela Bowen,1,Very disappointed with the quality.,2023-12-02,True,NEGATIVE,2,SOURCE_G_REVIEWS,reviews_2023.csv,2023-12-02T19:59:38.213216227,BATCH-G-20231202
REV-00092195-DUP,SKU-0005641,user_46556,Angela Bowen,1,Very disappointed with the quality.,2023-12-02,True,NEGATIVE,2,SOURCE_G_REVIEWS,reviews_2023.csv,2023-12-02T20:22:38.213216227,BATCH-G-20231202
REV-00092203,SKU-0008989,user_24780,Emily Ingram,4,"Solid build quality, no complaints.",2023-01-31,True,POSITIVE,0,SOURCE_G_REVIEWS,reviews_2023.csv,2023-01-31T15:47:09.197880999,BATCH-G-20230131
REV-00092220,SKU-0015927,user_32353,Jason,5,"Absolutely love it, works perfectly!",2023-12-16,True,POSITIVE,5,SOURCE_G_REVIEWS,reviews_2023.csv,2023-12-16T18:23:34.055660660,BATCH-G-20231216
REV-00092228,SKU-0012380,user_9010259,Thomas Reed,4,&nbsp;Highly recommend this product.<b>Update:</b>,2023-02-08,False,POSITIVE,6,SOURCE_G_REVIEWS,reviews_2023.csv,2023-02-08T22:49:12.338314797,BATCH-G-20230208
REV-00092242,SKU-0010012,user_43842,Rebecca Padilla,4,"Perfect gift, they loved it!",2023-05-20,False,POSITIVE,4,SOURCE_G_REVIEWS,reviews_2023.csv,2023-05-20T06:31:03.987231556,BATCH-G-20230520
REV-00092247,SKU-0017990,user_60077,Kristin Brooks,3,"   Not  bad,  not  great  either.   ",2023-03-23,True,NEUTRAL,9,SOURCE_G_REVIEWS,reviews_2023.csv,2023-03-24T04:19:19.750600166,BATCH-G-20230323
REV-00092247-BOT,SKU-0017990,user_7782,Brad Warren,3,"   Not  bad,  not  great  either.   ",2023-03-23,False,NEUTRAL,0,SOURCE_G_REVIEWS,reviews_2023.csv,2023-03-24T04:19:19.750600166,BATCH-G-20230323
REV-00092257,SKU-0017427,user_7102,Erin Thomas,1,"Poor packaging, item was defective.",2023-03-16,False,NEGATIVE,4,SOURCE_G_REVIEWS,reviews_2023.csv,2023-03-16T18:31:45.145589001,BATCH-G-20230316
REV-00092262,SKU-0010819,user_5371,Eugene Brock,4,Highly recommend this product.,2023-09-03,False,POSITIVE,2,SOURCE_G_REVIEWS,reviews_2023.csv,2023-09-04T01:06:53.163478472,BATCH-G-20230903
REV-00092269,SKU-0001709,user_9026188,Thomas Woods,3,"Not bad, not great either.",2023-10-09,False,NEUTRAL,2,SOURCE_G_REVIEWS,reviews_2023.csv,2023-10-09T21:16:28.286467892,BATCH-G-20231009
REV-00092272,SKU-0019431,,Anonymous,4,"Absolutely love it, works perfectly!",2023-01-28,True,POSITIVE,0,SOURCE_G_REVIEWS,reviews_2023.csv,2023-01-28T15:43:42.363238949,BATCH-G-20230128
REV-00092274,SKU-0013160,user_53423,David Lee,5,"Perfect gift, they loved it!",2023-12-25,False,POSITIVE,0,SOURCE_G_REVIEWS,reviews_2023.csv,2023-12-25T04:40:57.052650967,BATCH-G-20231225
REV-00092287,SKU-0017426,,Anonymous,4,Wrong item was shipped to me.,2023-01-11,True,NEGATIVE,2,SOURCE_G_REVIEWS,reviews_2023.csv,2023-01-11T23:54:00.169849731,BATCH-G-20230111
REV-00092287-BOT,SKU-0017426,user_8013,Shannon Hicks,4,Wrong item was shipped to me.,2023-01-11,False,NEGATIVE,0,SOURCE_G_REVIEWS,reviews_2023.csv,2023-01-11T23:54:00.169849731,BATCH-G-20230111
REV-00092294,SKU-0003247,user_9011261,Sara Pugh,3,Works fine but delivery was slow.,2023-08-06,True,NEUTRAL,3,SOURCE_G_REVIEWS,reviews_2023.csv,2023-08-06T01:57:02.231860484,BATCH-G-20230806
REV-00092297,SKU-0015578,user_4849,Michael Baker,5,"   Exactly  as  described,  very  happy.   ",2023-09-20,True,POSITIVE,0,SOURCE_G_REVIEWS,reviews_2023.csv,2023-09-20T03:35:40.717576118,BATCH-G-20230920
REV-00092299,SKU-0015372,user_9029725,Robert,5,Excellent rapport qualité-prix.,2023-12-15,True,POSITIVE,7,SOURCE_G_REVIEWS,reviews_2023.csv,2023-12-15T07:12:08.320314642,BATCH-G-20231215
REV-00092302,SKU-0004296,,Anonymous,4,Great value for money.,2023-05-15,True,POSITIVE,1,SOURCE_G_REVIEWS,reviews_2023.csv,2023-05-16T03:47:17.392530945,BATCH-G-20230515
REV-00092310,SKU-0000173,user_11534,Heather Haley,5,Better than I expected for the price.,2023-12-11,True,POSITIVE,0,SOURCE_G_REVIEWS,reviews_2023.csv,2023-12-11T00:52:22.831805782,BATCH-G-20231211
REV-00092311,SKU-0012535,,Anonymous,3,<p>Works fine but delivery was slow.<p>,2023-04-01,False,NEUTRAL,0,SOURCE_G_REVIEWS,reviews_2023.csv,2023-04-01T08:07:56.197092281,BATCH-G-20230401
REV-00092322,SKU-0006472,user_9031767,Tiffany,5,Exceeded my expectations.,2023-07-20,True,POSITIVE,4,SOURCE_G_REVIEWS,reviews_2023.csv,2023-07-20T11:51:22.965975734,BATCH-G-20230720
REV-00092327,SKU-0009180,user_9015612,Michele Tucker,1,Not as described at all.,2023-07-05,True,NEGATIVE,2,SOURCE_G_REVIEWS,reviews_2023.csv,2023-07-06T01:02:01.798701501,BATCH-G-20230705
REV-00092333,SKU-0015708,,Anonymous,3,"Average quality, nothing special.",2023-05-05,True,NEUTRAL,0,SOURCE_G_REVIEWS,reviews_2023.csv,2023-05-05T13:47:51.832042915,BATCH-G-20230505
REV-00092342,SKU-9911055,user_55811,Bonnie Ellison,4,No cumplió mis expectativas.,2023-05-29,True,POSITIVE,0,SOURCE_G_REVIEWS,reviews_2023.csv,2023-05-29T22:02:17.499365680,BATCH-G-20230529
REV-00092343,SKU-0001697,,Anonymous,3,"Not bad, not great either.",2023-01-07,False,NEUTRAL,2,SOURCE_G_REVIEWS,reviews_2023.csv,2023-01-07T13:18:40.902479866,BATCH-G-20230107
REV-00092350,SKU-0003087,user_35503,Melanie Hernandez,4,Great value for money.,2023-03-13,False,POSITIVE,0,SOURCE_G_REVIEWS,reviews_2023.csv,2023-03-13T13:25:22.402242828,BATCH-G-20230313
REV-00092352,SKU-0015888,user_62184,Michael Harris,4,Fast delivery and great quality.,2023-08-20,False,POSITIVE,5,SOURCE_G_REVIEWS,reviews_2023.csv,2023-08-21T04:17:08.121932557,BATCH-G-20230820
REV-00092352-DUP,SKU-0015888,user_62184,Michael Harris,4,Fast delivery and great quality.,2023-08-20,False,POSITIVE,5,SOURCE_G_REVIEWS,reviews_2023.csv,2023-08-21T05:13:08.121932557,BATCH-G-20230820
REV-00092366,SKU-0011956,user_10106,Carolyn Jackson,4,Exceeded my expectations.,2023-11-04,True,POSITIVE,4,SOURCE_G_REVIEWS,reviews_2023.csv,2023-11-04T12:30:33.029148486,BATCH-G-20231104
REV-00092367,SKU-0018941,user_9027542,Dalton Williams,4,Highly recommend this product.,2023-09-28,True,POSITIVE,0,SOURCE_G_REVIEWS,reviews_2023.csv,2023-09-28T23:04:56.240476699,BATCH-G-20230928
REV-00092391,SKU-0009496,,Anonymous,3,Decent but overpriced a bit.,2023-01-31,False,NEUTRAL,5,SOURCE_G_REVIEWS,reviews_2023.csv,2023-01-31T02:50:04.833954664,BATCH-G-20230131
REV-00092391-DUP,SKU-0009496,,Anonymous,3,Decent but overpriced a bit.,2023-01-31,False,NEUTRAL,5,SOURCE_G_REVIEWS,reviews_2023.csv,2023-01-31T02:57:04.833954664,BATCH-G-20230131
REV-00092412,SKU-0011706,user_9008927,Wanda Kennedy,5,"Solid build quality, no complaints.",2023-06-02,True,POSITIVE,4,SOURCE_G_REVIEWS,reviews_2023.csv,2023-06-02T11:13:24.429096024,BATCH-G-20230602
REV-00092414,SKU-0011748,user_47902,Pamela Huffman,3,Excellent rapport qualité-prix. Decent but overpriced a bit.,2023-11-26,True,NEUTRAL,1,SOURCE_G_REVIEWS,reviews_2023.csv,2023-11-27T03:24:17.004645230,BATCH-G-20231126
REV-00092415,SKU-0019860,user_9033789,David Barnes,2,Very disappointed with the quality.,2023-05-23,True,NEGATIVE,1,SOURCE_G_REVIEWS,reviews_2023.csv,2023-05-23T08:10:57.672047919,BATCH-G-20230523
REV-00092422,SKU-0008677,user_53436,Joshua Yang,5,Excellent rapport qualité-prix.,2023-10-27,False,POSITIVE,0,SOURCE_G_REVIEWS,reviews_2023.csv,2023-10-27T03:59:46.772839818,BATCH-G-20231027
REV-00092423,SKU-0008620,user_61534,Dr. Tina Clark MD,2,Very disappointed with the quality. 😢,2023-10-08,True,NEGATIVE,5,SOURCE_G_REVIEWS,reviews_2023.csv,2023-10-08T15:37:53.208783006,BATCH-G-20231008
REV-00092427,SKU-0019968,,Anonymous,5,Will definitely buy again.,2023-12-27,False,POSITIVE,2,SOURCE_G_REVIEWS,reviews_2023.csv,2023-12-27T05:20:12.261977335,BATCH-G-20231227
REV-00092440,SKU-0015048,user_25530,Anthony,5,"Cheaply made, broke immediately.",2023-08-21,False,NEGATIVE,0,SOURCE_G_REVIEWS,reviews_2023.csv,2023-08-21T05:53:49.598272442,BATCH-G-20230821
REV-00092446,SKU-0018097,user_9170,Christine Lane,4,   &nbsp;Fast  delivery  and  great  quality.<i>edited</i>   ,2023-02-08,True,POSITIVE,5,SOURCE_G_REVIEWS,reviews_2023.csv,2023-02-08T09:58:31.870367537,BATCH-G-20230208
REV-00092450,SKU-0011887,,Anonymous,3,Works fine but delivery was slow.,2023-03-03,True,NEUTRAL,6,SOURCE_G_REVIEWS,reviews_2023.csv,2023-03-03T12:04:12.123457441,BATCH-G-20230303
REV-00092450-DUP,SKU-0011887,,Anonymous,3,Works fine but delivery was slow.,2023-03-03,True,NEUTRAL,6,SOURCE_G_REVIEWS,reviews_2023.csv,2023-03-03T12:34:12.123457441,BATCH-G-20230303
REV-00092452,SKU-0002285,user_9014613,Dr. Amanda Paul,3,"It's okay, does the job.",2023-02-21,True,NEUTRAL,9,SOURCE_G_REVIEWS,reviews_2023.csv,2023-02-21T09:12:37.837082691,BATCH-G-20230221
REV-00092465,SKU-0019158,user_9021865,Dr.,5,Highly recommend this product.,2023-08-17,False,POSITIVE,4,SOURCE_G_REVIEWS,reviews_2023.csv,2023-08-17T16:25:10.095243822,BATCH-G-20230817
REV-00092470,SKU-0013480,user_14099,Patrick,5,<i>edited</i>Exceeded my expectations.&nbsp;,2023-02-10,True,POSITIVE,1,SOURCE_G_REVIEWS,reviews_2023.csv,2023-02-11T04:11:06.649788474,BATCH-G-20230210
REV-00092475,SKU-0004834,user_9000266,Danny Hess,?,"It's okay, does the job.",2023-12-09,True,NEUTRAL,6,SOURCE_G_REVIEWS,reviews_2023.csv,2023-12-09T11:01:41.306097838,BATCH-G-20231209
REV-00092482,SKU-0011661,user_9003627,Julie Carey, ,Fast delivery and great quality.,2023-01-18,True,POSITIVE,0,SOURCE_G_REVIEWS,reviews_2023.csv,2023-01-18T21:45:58.454268408,BATCH-G-20230118
REV-00092483,SKU-0009079,,Anonymous,3,"Matches the description, no issues.",2023-04-29,True,NEUTRAL,1,SOURCE_G_REVIEWS,reviews_2023.csv,2023-04-29T06:26:10.005201825,BATCH-G-20230429
REV-00092489,SKU-0009539,user_12952,Brett Huff,5,"&nbsp;Waste of money, do not buy.<br>",2023-04-16,True,NEGATIVE,3,SOURCE_G_REVIEWS,reviews_2023.csv,2023-05-03T20:00:00,BATCH-G-20230416
REV-00092492,SKU-0001120,user_9019656,Gerald Olson,4,Better than I expected for the price. 👍💯,2023-08-18,False,POSITIVE,5,SOURCE_G_REVIEWS,reviews_2023.csv,2023-08-18T12:38:08.563017592,BATCH-G-20230818
REV-00092508,SKU-0019584,,Anonymous,4,"Exactly as described, very happy.",2023-08-06,False,POSITIVE,2,SOURCE_G_REVIEWS,reviews_2023.csv,2023-08-06T23:36:28.501335237,BATCH-G-20230806
REV-00092525,SKU-0002026,user_9020237,Juan,3,"Average quality, nothing special. 😡",2023-05-21,False,NEUTRAL,1,SOURCE_G_REVIEWS,reviews_2023.csv,2023-05-22T01:05:10.556055868,BATCH-G-20230521
REV-00092525-DUP,SKU-0002026,user_9020237,Juan,3,"Average quality, nothing special. 😡",2023-05-21,False,NEUTRAL,1,SOURCE_G_REVIEWS,reviews_2023.csv,2023-05-22T01:26:10.556055868,BATCH-G-20230521
REV-00092528,SKU-0006207,user_9011789,Gregory Brock DDS,null,NULL,2023-11-22,False,NEUTRAL,2,SOURCE_G_REVIEWS,reviews_2023.csv,2023-11-22T19:42:17.272408493,BATCH-G-20231122
REV-00092534,SKU-9919339,user_9015957,Thomas Harris,2,"Waste of money, do not buy.",2023-12-04,True,NEGATIVE,2,SOURCE_G_REVIEWS,reviews_2023.csv,2023-12-05T05:26:02.004313022,BATCH-G-20231204
REV-00092540,SKU-9907497,user_9969,Tara,2,Very disappointed with the quality.,2023-06-27,True,NEGATIVE,4,SOURCE_G_REVIEWS,reviews_2023.csv,2023-06-27T07:58:14.674797121,BATCH-G-20230627
REV-00092554,SKU-0016760,user_9029101,Dr. Charles Patrick,4,"Absolutely love it, works perfectly!",2023-11-20,True,POSITIVE,0,SOURCE_G_REVIEWS,reviews_2023.csv,2023-11-21T03:52:23.605000606,BATCH-G-20231120
REV-00092563,SKU-9955527,user_9014439,Krista Larsen,4,"Poor packaging, item was defective.",2023-12-19,True,NEGATIVE,22,SOURCE_G_REVIEWS,reviews_2023.csv,2023-12-20T03:57:51.165333599,BATCH-G-20231219
REV-00092567,SKU-0016720,,Anonymous,5,Highly recommend this product.,2023-06-08,True,POSITIVE,1,SOURCE_G_REVIEWS,reviews_2023.csv,2023-06-09T01:13:54.329328059,BATCH-G-20230608
REV-00092575,SKU-0001510,user_9002959,Stacy Copeland MD,3,Exceeded my expectations.,2023-04-23,False,POSITIVE,14,SOURCE_G_REVIEWS,reviews_2023.csv,2023-04-23T17:48:11.969559982,BATCH-G-20230423
REV-00092587,SKU-0019116,,Anonymous,5,<br>Great value for money. 😐⭐<p>,2023-03-09,False,POSITIVE,1,SOURCE_G_REVIEWS,reviews_2023.csv,2023-03-07T03:00:00,BATCH-G-20230309
REV-00092589,SKU-0009630,user_9009190,Jack Benitez,2,Excellent rapport qualité-prix.,2023-12-15,False,NEGATIVE,6,SOURCE_G_REVIEWS,reviews_2023.csv,2023-12-16T05:54:12.978961456,BATCH-G-20231215
REV-00092592,SKU-0010066,user_35858,Charles,4,Fast delivery and great quality.,2023-01-07,False,POSITIVE,0,SOURCE_G_REVIEWS,reviews_2023.csv,2023-01-08T05:52:27.408733888,BATCH-G-20230107
REV-00092597,SKU-0003528,user_9028935,John Cohen,4,Fast delivery and great quality.,2023-11-11,False,POSITIVE,5,SOURCE_G_REVIEWS,reviews_2023.csv,2023-11-11T20:00:06.307037385,BATCH-G-20231111
REV-00092603,SKU-0005607,,Anonymous,5,<i>edited</i>Better than I expected for the price.<i>edited</i>,2023-10-11,False,POSITIVE,4,SOURCE_G_REVIEWS,reviews_2023.csv,2023-10-11T08:25:37.948428112,BATCH-G-20231011
REV-00092604,SKU-0017419,user_9007011,Ryan White,4,Better than I expected for the price.,2023-05-09,False,POSITIVE,5,SOURCE_G_REVIEWS,reviews_2023.csv,2023-05-10T00:13:49.073299802,BATCH-G-20230509
REV-00092612,SKU-0014112,user_1284,Kirsten Caldwell,5,"Perfect gift, they loved it!",2023-06-06,False,POSITIVE,0,SOURCE_G_REVIEWS,reviews_2023.csv,2023-06-06T23:49:25.766787339,BATCH-G-20230606
REV-00092614,SKU-0002507,user_9023044,Lisa Gregory,4,"Solid build quality, no complaints.",2023-12-09,True,POSITIVE,4,SOURCE_G_REVIEWS,reviews_2023.csv,2023-12-09T23:35:33.884265245,BATCH-G-20231209
REV-00092630,SKU-0009118,user_38809,Crystal Rivas,3,"Not bad, not great either.",2023-08-06,True,NEUTRAL,9,SOURCE_G_REVIEWS,reviews_2023.csv,2023-08-07T02:46:38.718852640,BATCH-G-20230806
REV-00092655,SKU-0008712,user_65752,Henry Brown,2,Very disappointed with the quality.,2023-11-14,False,NEGATIVE,0,SOURCE_G_REVIEWS,reviews_2023.csv,2023-11-14T02:13:00.002992161,BATCH-G-20231114
REV-00092656,SKU-9971094,user_9530,Sean,3,"It's okay, does the job.",2023-10-05,True,NEUTRAL,0,SOURCE_G_REVIEWS,reviews_2023.csv,2023-10-06T04:15:27.061194331,BATCH-G-20231005
REV-00092658,SKU-0003657,user_9001251,Marcia,3,"Matches the description, no issues.",2023-12-16,True,NEUTRAL,2,SOURCE_G_REVIEWS,reviews_2023.csv,2023-12-16T08:11:30.654441472,BATCH-G-20231216
REV-00092669,SKU-0002950,user_55366,Riley White,3,Works fine but delivery was slow.,2023-06-30,False,NEUTRAL,1,SOURCE_G_REVIEWS,reviews_2023.csv,2023-06-30T15:09:59.074766325,BATCH-G-20230630
REV-00092679,SKU-0004299,user_9004299,Brianna Neal,5,Will definitely buy again.,2023-07-11,True,POSITIVE,5,SOURCE_G_REVIEWS,reviews_2023.csv,2023-07-11T04:10:14.453858393,BATCH-G-20230711
REV-00092680,SKU-0003718,user_9027394,Melissa,3,"Matches the description, no issues.",2023-07-15,True,NEUTRAL,2,SOURCE_G_REVIEWS,reviews_2023.csv,2023-07-15T07:14:24.785281586,BATCH-G-20230715
REV-00092683,SKU-0002857,user_57178,Kimberly,4,Fast delivery and great quality.,2023-11-25,False,POSITIVE,3,SOURCE_G_REVIEWS,reviews_2023.csv,2023-11-26T05:20:17.419667324,BATCH-G-20231125
REV-00092685,SKU-0014763,user_65479,Caitlin Pena,2,"Muy buen producto, lo recomiendo.",2023-10-03,False,NEGATIVE,5,SOURCE_G_REVIEWS,reviews_2023.csv,2023-10-03T07:18:59.722415442,BATCH-G-20231003
REV-00092686,SKU-0018741,user_9009618,Dustin,5,"Solid build quality, no complaints.",2023-08-10,True,POSITIVE,3,SOURCE_G_REVIEWS,reviews_2023.csv,2023-08-11T03:35:39.871038980,BATCH-G-20230810
REV-00092689,SKU-9992619,user_14469,Veronica Carter,5,Will definitely buy again.,2023-10-12,False,POSITIVE,4,SOURCE_G_REVIEWS,reviews_2023.csv,2023-10-13T04:30:23.504403093,BATCH-G-20231012
REV-00092690,SKU-0018750,,Anonymous,5,"Absolutely love it, works perfectly!",2023-01-04,True,POSITIVE,8,SOURCE_G_REVIEWS,reviews_2023.csv,2023-01-04T07:44:34.919822038,BATCH-G-20230104
REV-00092696,SKU-0012384,,Anonymous,2,Very disappointed with the quality.,2023-06-17,False,NEGATIVE,4,SOURCE_G_REVIEWS,reviews_2023.csv,2023-06-17T14:10:02.698585844,BATCH-G-20230617
REV-00092708,SKU-0005681,,Anonymous,4,"Solid build quality, no complaints.",2023-03-24,True,POSITIVE,5,SOURCE_G_REVIEWS,reviews_2023.csv,2023-03-24T21:35:01.132398106,BATCH-G-20230324
REV-00092710,SKU-0016583,user_64982,Marilyn,4,Will definitely buy again.,2023-01-05,True,POSITIVE,10,SOURCE_G_REVIEWS,reviews_2023.csv,2023-01-06T04:51:11.709738479,BATCH-G-20230105
REV-00092720,SKU-0003575,user_1161,Nicole,4,"Exactly as described, very happy.",2023-07-24,False,POSITIVE,1,SOURCE_G_REVIEWS,reviews_2023.csv,2023-07-24T00:37:48.766840957,BATCH-G-20230724
REV-00092721,SKU-0018166,user_9025909,Richard Oconnell,5,Arrived damaged and support was unhelpful.,2023-02-05,True,NEGATIVE,1,SOURCE_G_REVIEWS,reviews_2023.csv,2023-02-06T01:14:38.551000611,BATCH-G-20230205
REV-00092722,SKU-0002119,,Anonymous,5,Highly recommend this product.,2023-09-04,False,POSITIVE,1,SOURCE_G_REVIEWS,reviews_2023.csv,2023-09-04T18:23:45.904878034,BATCH-G-20230904
REV-00092722-DUP,SKU-0002119,,Anonymous,5,Highly recommend this product.,2023-09-04,False,POSITIVE,1,SOURCE_G_REVIEWS,reviews_2023.csv,2023-09-04T18:45:45.904878034,BATCH-G-20230904
REV-00092724,SKU-0003940,user_9012959,Valerie,5,"Exactly as described, very happy.",2023-12-22,True,POSITIVE,0,SOURCE_G_REVIEWS,reviews_2023.csv,2023-12-22T02:52:35.794930882,BATCH-G-20231222
REV-00092739,SKU-0010616,user_34286,Joseph Sherman,5,Will definitely buy again.,2023-04-14,True,POSITIVE,0,SOURCE_G_REVIEWS,reviews_2023.csv,2023-04-14T19:39:32.635484539,BATCH-G-20230414
REV-00092751,SKU-0002822,user_54616,Tina Delgado,2,Very disappointed with the quality.,2023-04-13,True,NEGATIVE,2,SOURCE_G_REVIEWS,reviews_2023.csv,2023-04-13T11:59:51.549154734,BATCH-G-20230413
REV-00092753,SKU-0004894,user_43722,Jerry Adams,5,Will definitely buy again.,2023-11-12,True,POSITIVE,0,SOURCE_G_REVIEWS,reviews_2023.csv,2023-11-12T14:02:17.112446888,BATCH-G-20231112
REV-00092759,SKU-0011794,,Anonymous,5,Better than I expected for the price.,2023-12-08,True,POSITIVE,2,SOURCE_G_REVIEWS,reviews_2023.csv,2023-12-14T20:00:00,BATCH-G-20231208
REV-00092769,SKU-0013648,user_4294,Rachel Carlson,1,Stopped working after a week.,2023-12-06,True,NEGATIVE,1,SOURCE_G_REVIEWS,reviews_2023.csv,2023-12-06T22:59:32.437168749,BATCH-G-20231206
REV-00092770,SKU-0016816,user_57700,Laura Myers,4,"बहुत अच्छा उत्पाद है, पैसा वसूल!",2023-03-04,False,POSITIVE,0,SOURCE_G_REVIEWS,reviews_2023.csv,2023-03-04T06:55:09.236804289,BATCH-G-20230304
REV-00092774,SKU-0015649,user_66435,Kayla,5,"Solid build quality, no complaints.",2023-11-26,True,POSITIVE,2,SOURCE_G_REVIEWS,reviews_2023.csv,2023-11-26T03:38:35.056823332,BATCH-G-20231126
REV-00092779,SKU-0002215,,Anonymous,4,"Perfect gift, they loved it!",2023-05-08,True,POSITIVE,0,SOURCE_G_REVIEWS,reviews_2023.csv,2023-05-08T15:29:24.108756175,BATCH-G-20230508
REV-00092783,SKU-0012141,user_9026526,Amanda,5,Exceeded my expectations.,2023-06-04,True,POSITIVE,2,SOURCE_G_REVIEWS,reviews_2023.csv,2023-06-04T07:08:11.040606485,BATCH-G-20230604
REV-00092789,SKU-0013342,user_9031892,Andrew,2,No cumplió mis expectativas. Arrived damaged and support was unhelpful.,2023-08-01,False,NEGATIVE,0,SOURCE_G_REVIEWS,reviews_2023.csv,2023-08-01T22:38:45.453343769,BATCH-G-20230801
REV-00092798,SKU-0007844,user_35826,Donna Bailey,2,"Poor packaging, item was defective.",2023-07-23,False,NEGATIVE,2,SOURCE_G_REVIEWS,reviews_2023.csv,2023-07-24T03:58:11.293467835,BATCH-G-20230723
REV-00092809,SKU-0014698,user_9588,Raymond Cunningham,1,"Muy buen producto, lo recomiendo.",2023-05-01,False,NEGATIVE,0,SOURCE_G_REVIEWS,reviews_2023.csv,2023-05-01T16:17:03.408229225,BATCH-G-20230501
REV-00092827,SKU-0015793,user_30101,Richard Wallace,5,"Absolutely love it, works perfectly!",2023-05-28,False,POSITIVE,0,SOURCE_G_REVIEWS,reviews_2023.csv,2023-06-06T23:00:00,BATCH-G-20230528
REV-00092828,SKU-0006171,user_63964,Victor,7,No cumplió mis expectativas.,2023-09-18,False,POSITIVE,1,SOURCE_G_REVIEWS,reviews_2023.csv,2023-09-19T03:21:37.447355439,BATCH-G-20230918
REV-00092830,SKU-0007645,user_40062,Keith,4,&nbsp;Great value for money.<i>edited</i>,2023-11-04,False,POSITIVE,5,SOURCE_G_REVIEWS,reviews_2023.csv,2023-11-05T00:17:42.769364174,BATCH-G-20231104
REV-00092836,SKU-0011627,user_3294,Sean Williams,3,Decent but overpriced a bit.,2023-07-10,False,NEUTRAL,2,SOURCE_G_REVIEWS,reviews_2023.csv,2023-07-10T07:36:18.901196094,BATCH-G-20230710
REV-00092856,SKU-0003460,user_9019810,Mark Foley,3,"Not bad, not great either.",2023-08-16,True,NEUTRAL,0,SOURCE_G_REVIEWS,reviews_2023.csv,2023-08-16T19:59:44.772967354,BATCH-G-20230816
REV-00092862,SKU-0007291,user_63338,Alex Edwards,3,"Matches the description, no issues.",2023-11-10,True,NEUTRAL,16,SOURCE_G_REVIEWS,reviews_2023.csv,2023-11-10T16:05:42.989559199,BATCH-G-20231110
REV-00092868,SKU-0017513,,Anonymous,4,"Absolutely love it, works perfectly!",2023-03-17,False,POSITIVE,2,SOURCE_G_REVIEWS,reviews_2023.csv,2023-03-17T10:02:48.046512768,BATCH-G-20230317
REV-00092882,SKU-0018309,user_51145,Courtney King,4,"Muy buen producto, lo recomiendo.",2023-11-21,True,POSITIVE,6,SOURCE_G_REVIEWS,reviews_2023.csv,2023-11-21T02:02:29.095913935,BATCH-G-20231121
REV-00092886,SKU-0016370,user_9016816,Kathleen Bernard,4,Better than I expected for the price.,2023-11-26,False,POSITIVE,0,SOURCE_G_REVIEWS,reviews_2023.csv,2023-11-26T21:34:12.210171892,BATCH-G-20231126
REV-00092915,SKU-0005868,user_49543,Ryan Finley,5,"Absolutely love it, works perfectly!",2023-12-19,False,POSITIVE,3,SOURCE_G_REVIEWS,reviews_2023.csv,2023-12-19T14:34:37.440127011,BATCH-G-20231219
REV-00092918,SKU-0005259,user_9006665,Jill Rodriguez, ,"Exactly as described, very happy.",2023-12-04,True,POSITIVE,6,SOURCE_G_REVIEWS,reviews_2023.csv,2023-12-05T04:46:23.030205579,BATCH-G-20231204
REV-00092919,SKU-0005831,user_9009084,Emily,5,Great value for money.,2023-02-16,True,POSITIVE,0,SOURCE_G_REVIEWS,reviews_2023.csv,2023-02-16T23:37:56.225912878,BATCH-G-20230216
REV-00092921,SKU-0002358,,Anonymous,1,"Waste of money, do not buy. ⭐💯",2023-08-14,True,NEGATIVE,0,SOURCE_G_REVIEWS,reviews_2023.csv,2023-08-14T19:42:16.517254301,BATCH-G-20230814
REV-00092932,SKU-0005626,user_9002572,Margaret Wilkinson,4,Fast delivery and great quality.,2023-09-30,True,POSITIVE,0,SOURCE_G_REVIEWS,reviews_2023.csv,2023-09-30T20:53:09.682263678,BATCH-G-20230930
REV-00092937,SKU-0003455,user_9016702,Mark Madden,4,</p>Fast delivery and great quality.</p>,2023-12-03,True,POSITIVE,2,SOURCE_G_REVIEWS,reviews_2023.csv,2023-12-03T17:24:02.878799822,BATCH-G-20231203
REV-00092951,SKU-0011240,user_7253,Catherine Smith,5,<i>edited</i>Fast delivery and great quality.<i>edited</i>,2023-02-04,True,POSITIVE,1,SOURCE_G_REVIEWS,reviews_2023.csv,2023-02-05T03:00:07.791538850,BATCH-G-20230204
REV-00092956,SKU-0010464,user_68808,Kim,5,Better than I expected for the price.,2023-07-01,True,POSITIVE,0,SOURCE_G_REVIEWS,reviews_2023.csv,2023-07-01T04:30:29.919337529,BATCH-G-20230701
REV-00092965,SKU-0000929,,Anonymous,5,Exceeded my expectations.,2023-12-03,True,POSITIVE,2,SOURCE_G_REVIEWS,reviews_2023.csv,2023-12-04T01:39:14.040146054,BATCH-G-20231203
REV-00092975,SKU-0018131,user_20390,Alexis Huang,5,"</p>Perfect gift, they loved it!</p>",2023-05-04,True,POSITIVE,3,SOURCE_G_REVIEWS,reviews_2023.csv,2023-05-04T22:21:58.086441191,BATCH-G-20230504
REV-00092977,SKU-0010671,user_9008737,Don Ramos,5,"Perfect gift, they loved it!",2023-11-24,True,POSITIVE,3,SOURCE_G_REVIEWS,reviews_2023.csv,2023-11-25T02:12:04.292497368,BATCH-G-20231124
REV-00092984,SKU-9972676,,Anonymous,1,Wrong item was shipped to me.,2023-04-30,False,NEGATIVE,3,SOURCE_G_REVIEWS,reviews_2023.csv,2023-04-30T13:27:14.634838748,BATCH-G-20230430
REV-00092995,SKU-0013870,user_59412,Tiffany Parker,2,Very disappointed with the quality.,2023-08-11,True,NEGATIVE,1,SOURCE_G_REVIEWS,reviews_2023.csv,2023-08-11T14:15:49.287709801,BATCH-G-20230811
REV-00093000,SKU-0000919,,Anonymous,4,"Perfect gift, they loved it!",2023-01-11,True,POSITIVE,1,SOURCE_G_REVIEWS,reviews_2023.csv,2023-01-11T10:42:40.667923595,BATCH-G-20230111
REV-00093004,SKU-0009391,user_24811,Richard Powell,4,Excellent rapport qualité-prix.,2023-01-22,True,POSITIVE,0,SOURCE_G_REVIEWS,reviews_2023.csv,2023-01-22T18:36:34.875142405,BATCH-G-20230122
REV-00093010,SKU-0017063,user_24031,Christopher,3,   Decent  but  overpriced  a  bit.   ,2023-11-10,False,NEUTRAL,1,SOURCE_G_REVIEWS,reviews_2023.csv,2023-11-10T18:17:11.567555502,BATCH-G-20231110
REV-00093013,SKU-0008368,,Anonymous,5,"Perfect gift, they loved it!",2023-10-17,True,POSITIVE,0,SOURCE_G_REVIEWS,reviews_2023.csv,2023-10-17T15:25:02.936038680,BATCH-G-20231017
REV-00093018,SKU-0010838,user_9034105,Belinda Moore,5,"Absolutely love it, works perfectly!",2023-11-01,True,POSITIVE,3,SOURCE_G_REVIEWS,reviews_2023.csv,2023-11-02T03:05:27.002553584,BATCH-G-20231101
REV-00093021,SKU-0018062,user_3932,Pamela Wyatt,3,"<p>Matches the description, no issues.<br>",2023-10-23,False,NEUTRAL,1,SOURCE_G_REVIEWS,reviews_2023.csv,2023-10-23T06:11:08.888496696,BATCH-G-20231023
REV-00093034,SKU-0000195,,Anonymous,5,"Solid build quality, no complaints.",2023-07-22,True,POSITIVE,6,SOURCE_G_REVIEWS,reviews_2023.csv,2023-07-22T15:25:51.295639232,BATCH-G-20230722
REV-00093038,SKU-0004678,,Anonymous,0,"बहुत अच्छा उत्पाद है, पैसा वसूल!",2023-07-27,False,POSITIVE,1,SOURCE_G_REVIEWS,reviews_2023.csv,2023-07-28T01:59:55.987971154,BATCH-G-20230727
REV-00093056,SKU-0004670,user_9025943,Frank,3,"It's okay, does the job.",2023-03-09,True,NEUTRAL,3,SOURCE_G_REVIEWS,reviews_2023.csv,2023-03-09T05:28:35.842366058,BATCH-G-20230309
REV-00093062,SKU-0019089,,Anonymous,5,"Absolutely love it, works perfectly!",2023-11-29,True,POSITIVE,0,SOURCE_G_REVIEWS,reviews_2023.csv,2023-11-29T04:26:11.625121086,BATCH-G-20231129
REV-00093063,SKU-0000180,user_9025496,Micheal Sanders,Unknown,Very disappointed with the quality.,2023-11-09,False,NEGATIVE,4,SOURCE_G_REVIEWS,reviews_2023.csv,2023-11-09T17:39:29.420942407,BATCH-G-20231109
REV-00093076,SKU-0020222,user_9016381,Jennifer Gamble,1,Not as described at all.,2023-10-23,True,NEGATIVE,0,SOURCE_G_REVIEWS,reviews_2023.csv,2023-10-23T07:27:33.690612919,BATCH-G-20231023
REV-00093078,SKU-0012990,,Anonymous,4,Great value for money.,2023-02-26,False,POSITIVE,3,SOURCE_G_REVIEWS,reviews_2023.csv,2023-02-26T17:57:01.463944490,BATCH-G-20230226
REV-00093090,SKU-0009480,user_9031216,Paige Velazquez,5,"Exactly as described, very happy.",2023-10-19,True,POSITIVE,2,SOURCE_G_REVIEWS,reviews_2023.csv,2023-10-19T18:15:30.046054678,BATCH-G-20231019
REV-00093098,SKU-9923788,user_9007174,Troy,4,"Solid build quality, no complaints.",2023-01-28,True,POSITIVE,1,SOURCE_G_REVIEWS,reviews_2023.csv,2023-01-28T12:12:10.391733066,BATCH-G-20230128
REV-00093111,SKU-0015606,,Anonymous,1,<b>Update:</b>Arrived damaged and support was unhelpful.<br>,2023-11-26,False,NEGATIVE,0,SOURCE_G_REVIEWS,reviews_2023.csv,2023-11-26T07:16:45.322102982,BATCH-G-20231126
REV-00093117,SKU-0003352,user_24720,Derek Robinson,5,"Absolutely love it, works perfectly!",2023-06-16,False,POSITIVE,1,SOURCE_G_REVIEWS,reviews_2023.csv,2023-06-16T02:23:00.792273098,BATCH-G-20230616
REV-00093122,SKU-0015662,,Anonymous,5,"Exactly as described, very happy.",2023-01-21,False,POSITIVE,3,SOURCE_G_REVIEWS,reviews_2023.csv,2023-01-21T06:44:14.288125616,BATCH-G-20230121
REV-00093131,SKU-0002588,user_21340,David Wong,4,Exceeded my expectations.,2023-12-31,True,POSITIVE,0,SOURCE_G_REVIEWS,reviews_2023.csv,2024-01-01T01:14:26.974126994,BATCH-G-20231231
REV-00093155,SKU-0007537,user_9026350,Jennifer Marshall,5,Highly recommend this product.,2023-08-02,True,POSITIVE,0,SOURCE_G_REVIEWS,reviews_2023.csv,2023-08-02T22:23:42.770180520,BATCH-G-20230802
REV-00093173,SKU-0016592,user_28808,Mr.,4,Better than I expected for the price.,2023-04-01,True,POSITIVE,2,SOURCE_G_REVIEWS,reviews_2023.csv,2023-04-01T20:52:21.369249288,BATCH-G-20230401
REV-00093180,SKU-0014305,user_41329,Barbara Ramsey,3,"Not bad, not great either.",2023-12-16,False,NEUTRAL,0,SOURCE_G_REVIEWS,reviews_2023.csv,2023-12-17T01:04:06.211950858,BATCH-G-20231216
REV-00093183,SKU-0008612,user_9002713,Brenda Moore,4,Highly recommend this product.,2023-03-23,True,POSITIVE,1,SOURCE_G_REVIEWS,reviews_2023.csv,2023-03-23T19:53:57.202985021,BATCH-G-20230323
REV-00093187,SKU-0008849,user_9011804,Jennifer Taylor,1,Arrived damaged and support was unhelpful.,2023-10-25,False,NEGATIVE,3,SOURCE_G_REVIEWS,reviews_2023.csv,2023-10-25T19:27:02.846907107,BATCH-G-20231025
REV-00093201,SKU-9946299,user_32698,Julie Alexander,1,Stopped working after a week.,2023-11-17,False,NEGATIVE,5,SOURCE_G_REVIEWS,reviews_2023.csv,2023-11-18T00:33:18.525523985,BATCH-G-20231117
REV-00093209,SKU-0007998,user_14497,Katherine Fisher,4,"Exactly as described, very happy.",2023-12-05,True,POSITIVE,0,SOURCE_G_REVIEWS,reviews_2023.csv,2023-12-05T03:51:36.262588296,BATCH-G-20231205
REV-00093222,SKU-9982640,user_10512,Martin Dorsey,5,"Absolutely love it, works perfectly!",2023-09-27,False,POSITIVE,1,SOURCE_G_REVIEWS,reviews_2023.csv,2023-09-27T02:41:11.635715097,BATCH-G-20230927
REV-00093223,SKU-0014375,user_9024901,Michelle Murphy,4,"Perfect gift, they loved it!",2023-02-09,False,POSITIVE,3,SOURCE_G_REVIEWS,reviews_2023.csv,2023-02-10T05:06:09.453090683,BATCH-G-20230209
REV-00093224,SKU-0014062,user_8129,Phillip Webb,1,</p>Very disappointed with the quality.<p>,2023-03-01,True,NEGATIVE,2,SOURCE_G_REVIEWS,reviews_2023.csv,2023-03-01T17:11:35.447283654,BATCH-G-20230301
REV-00093235,SKU-0011584,user_9019979,Robert Robinson,4,"Solid build quality, no complaints.",2023-11-04,False,POSITIVE,4,SOURCE_G_REVIEWS,reviews_2023.csv,2023-11-04T00:36:46.169985080,BATCH-G-20231104
REV-00093240,SKU-0002681,user_9000191,Linda Harper,4,Works fine but delivery was slow.,2023-11-25,False,NEUTRAL,1,SOURCE_G_REVIEWS,reviews_2023.csv,2023-11-25T11:31:21.333976577,BATCH-G-20231125
REV-00093242,SKU-0016618,user_47494,John Hooper,5,"बहुत अच्छा उत्पाद है, पैसा वसूल!",2023-10-08,True,POSITIVE,0,SOURCE_G_REVIEWS,reviews_2023.csv,2023-10-08T22:32:47.155289091,BATCH-G-20231008
REV-00093249,SKU-0002606,user_9005484,Kevin,2,Very disappointed with the quality. 🔥💯,2023-09-04,True,NEGATIVE,13,SOURCE_G_REVIEWS,reviews_2023.csv,2023-09-04T06:15:16.438472947,BATCH-G-20230904
REV-00093261,SKU-0004832,,Anonymous,NA,"Solid build quality, no complaints.",2023-01-11,True,POSITIVE,1,SOURCE_G_REVIEWS,reviews_2023.csv,2023-01-11T22:36:22.569292640,BATCH-G-20230111
REV-00093261-BOT,SKU-0004832,user_9008773,Tiffany,NA,"Solid build quality, no complaints.",2023-01-11,False,POSITIVE,0,SOURCE_G_REVIEWS,reviews_2023.csv,2023-01-11T22:36:22.569292640,BATCH-G-20230111
REV-00093270,SKU-0016082,,Anonymous,5,"Exactly as described, very happy.",2023-12-17,True,POSITIVE,1,SOURCE_G_REVIEWS,reviews_2023.csv,2023-12-17T13:28:11.423589103,BATCH-G-20231217
REV-00093282,SKU-0013743,user_9012340,Tina Nichols,3,Decent but overpriced a bit.,2023-12-20,False,NEUTRAL,0,SOURCE_G_REVIEWS,reviews_2023.csv,2023-12-20T06:10:17.466852592,BATCH-G-20231220
REV-00093282-DUP,SKU-0013743,user_9012340,Tina Nichols,3,Decent but overpriced a bit.,2023-12-20,False,NEUTRAL,0,SOURCE_G_REVIEWS,reviews_2023.csv,2023-12-20T06:46:17.466852592,BATCH-G-20231220
REV-00093283,SKU-0011776,user_18821,James Miles,4,"   Exactly  as  described,  very  happy.   ",2023-07-15,False,POSITIVE,0,SOURCE_G_REVIEWS,reviews_2023.csv,2023-07-15T21:14:53.689847078,BATCH-G-20230715
REV-00093287,SKU-0020006,user_9024315,Laura Hampton,3,Decent but overpriced a bit.,2023-12-11,True,NEUTRAL,4,SOURCE_G_REVIEWS,reviews_2023.csv,2023-12-12T00:04:33.068657807,BATCH-G-20231211
REV-00093289,SKU-0009244,user_34389,Mark Fox,5,Better than I expected for the price.,2023-01-01,True,POSITIVE,10,SOURCE_G_REVIEWS,reviews_2023.csv,2023-01-01T22:37:22.645780079,BATCH-G-20230101
REV-00093292,SKU-0015133,user_63936,Benjamin,5,Will definitely buy again.,2023-04-27,True,POSITIVE,0,SOURCE_G_REVIEWS,reviews_2023.csv,2023-04-27T06:34:29.083191670,BATCH-G-20230427
REV-00093299,SKU-0009472,user_21475,George Chapman,4,"Perfect gift, they loved it!",2023-07-21,True,POSITIVE,1,SOURCE_G_REVIEWS,reviews_2023.csv,2023-07-21T07:53:45.200236741,BATCH-G-20230721
REV-00093302,SKU-0010039,user_27895,Jason,2,Not as described at all.,2023-12-01,True,NEGATIVE,2,SOURCE_G_REVIEWS,reviews_2023.csv,2023-12-01T09:33:32.619905857,BATCH-G-20231201
REV-00093303,SKU-0017664,user_9027401,Adam Valenzuela,4,Fast delivery and great quality. 😡,2023-08-04,False,POSITIVE,9,SOURCE_G_REVIEWS,reviews_2023.csv,2023-08-04T05:06:07.882788340,BATCH-G-20230804
REV-00093307,SKU-0014001,,Anonymous,5,"Poor packaging, item was defective.",2023-08-17,True,NEGATIVE,0,SOURCE_G_REVIEWS,reviews_2023.csv,2023-08-17T11:03:52.598992284,BATCH-G-20230817
REV-00093317,SKU-0011145,user_57146,Matthew Harrington,5,"Solid build quality, no complaints.",2023-12-29,True,POSITIVE,1,SOURCE_G_REVIEWS,reviews_2023.csv,2023-12-29T01:21:45.093101661,BATCH-G-20231229
REV-00093331,SKU-9980140,,Anonymous,3,"It's okay, does the job.",2023-10-19,False,NEUTRAL,13,SOURCE_G_REVIEWS,reviews_2023.csv,2023-10-19T23:27:12.352143032,BATCH-G-20231019
REV-00093345,SKU-0017751,user_26906,Gloria Scott,6,Fast delivery and great quality.,2023-02-08,False,POSITIVE,3,SOURCE_G_REVIEWS,reviews_2023.csv,2023-02-09T03:30:30.222476986,BATCH-G-20230208
REV-00093348,SKU-0004510,,Anonymous,5,Not as described at all.,2023-11-24,False,NEGATIVE,2,SOURCE_G_REVIEWS,reviews_2023.csv,2023-11-24T22:23:46.701111565,BATCH-G-20231124
REV-00093353,SKU-0001895,user_41966,Kayla Yang,4,Will definitely buy again.,2023-04-23,False,POSITIVE,0,SOURCE_G_REVIEWS,reviews_2023.csv,2023-04-23T12:12:55.951382002,BATCH-G-20230423
REV-00093365,SKU-0012054,user_22516,Jimmy Garcia,3,Works fine but delivery was slow.,2023-05-08,True,NEUTRAL,0,SOURCE_G_REVIEWS,reviews_2023.csv,2023-05-08T09:19:25.430646812,BATCH-G-20230508
REV-00093373,SKU-9952765,user_9029660,Randall Myers,5,"बहुत अच्छा उत्पाद है, पैसा वसूल!",2023-05-07,True,POSITIVE,1,SOURCE_G_REVIEWS,reviews_2023.csv,2023-05-07T13:41:21.037573387,BATCH-G-20230507
REV-00093383,SKU-0000307,,Anonymous,4,"Solid build quality, no complaints.",2023-08-09,True,POSITIVE,0,SOURCE_G_REVIEWS,reviews_2023.csv,2023-08-10T00:45:24.473789910,BATCH-G-20230809
REV-00093388,SKU-0001882,user_29501,Sarah,5,Fast delivery and great quality.,2023-05-25,False,POSITIVE,1,SOURCE_G_REVIEWS,reviews_2023.csv,2023-05-25T17:34:28.912576412,BATCH-G-20230525
REV-00093395,SKU-0013131,user_38260,Tonya Johnson,5,"Exactly as described, very happy.",2023-03-01,True,POSITIVE,5,SOURCE_G_REVIEWS,reviews_2023.csv,2023-03-01T11:48:30.880863885,BATCH-G-20230301
REV-00093397,SKU-0013147,user_38932,Paige Cobb,3,"It's okay, does the job.",2023-10-19,False,NEUTRAL,0,SOURCE_G_REVIEWS,reviews_2023.csv,2023-10-20T04:21:51.317352766,BATCH-G-20231019
REV-00093404,SKU-0011360,,Anonymous,5,Will definitely buy again.,2023-02-20,False,POSITIVE,2,SOURCE_G_REVIEWS,reviews_2023.csv,2023-02-20T03:00:08.716830570,BATCH-G-20230220
REV-00093405,SKU-0007439,user_2382,James,5,"Exactly as described, very happy.",2023-12-03,False,POSITIVE,0,SOURCE_G_REVIEWS,reviews_2023.csv,2023-12-03T21:37:59.345044613,BATCH-G-20231203
REV-00093418,SKU-0019327,user_62341,Jorge,4,Fast delivery and great quality.,2023-02-10,True,POSITIVE,0,SOURCE_G_REVIEWS,reviews_2023.csv,2023-02-10T19:12:38.930696812,BATCH-G-20230210
REV-00093421,SKU-0001016,user_55476,Mrs.,5,NULL,2023-01-17,False,POSITIVE,2,SOURCE_G_REVIEWS,reviews_2023.csv,2023-01-17T20:13:00.853561195,BATCH-G-20230117
REV-00093424,SKU-0005911,user_5194,Nicholas Dalton,Unknown,"Perfect gift, they loved it!",2023-10-14,False,POSITIVE,6,SOURCE_G_REVIEWS,reviews_2023.csv,2023-10-15T04:35:34.450322859,BATCH-G-20231014
REV-00093426,SKU-0018050,user_14155,Jamie Phillips,5,   Fast  delivery  and  great  quality.   ,2023-03-08,True,POSITIVE,8,SOURCE_G_REVIEWS,reviews_2023.csv,2023-03-08T07:56:48.311588772,BATCH-G-20230308
REV-00093436,SKU-0005651,,Anonymous,4,"   Perfect  gift,  they  loved  it!   ",2023-03-03,True,POSITIVE,0,SOURCE_G_REVIEWS,reviews_2023.csv,2023-03-03T17:46:16.096521576,BATCH-G-20230303
REV-00093444,SKU-0011996,user_9005542,Mark Cruz,1,Wrong item was shipped to me.,2023-03-23,False,NEGATIVE,16,SOURCE_G_REVIEWS,reviews_2023.csv,2023-03-23T20:03:02.771111313,BATCH-G-20230323
REV-00093449,SKU-0006826,user_1051,Travis,5,Highly recommend this product.,2023-01-12,False,POSITIVE,0,SOURCE_G_REVIEWS,reviews_2023.csv,2023-01-12T03:18:31.497553878,BATCH-G-20230112
REV-00093456,SKU-0008289,user_5231,John Miller,5,Great value for money. 😀😀,2023-11-26,True,POSITIVE,0,SOURCE_G_REVIEWS,reviews_2023.csv,2023-11-26T07:32:20.695400549,BATCH-G-20231126
REV-00093458,SKU-0009543,user_9009560,Mary Griffin,3,"</p>It's okay, does the job.</p>",2023-11-30,True,NEUTRAL,1,SOURCE_G_REVIEWS,reviews_2023.csv,2023-11-30T21:20:52.144515770,BATCH-G-20231130
REV-00093460,SKU-0018433,user_9014188,Brittney Garrett,4,"Perfect gift, they loved it!",2023-11-11,False,POSITIVE,1,SOURCE_G_REVIEWS,reviews_2023.csv,2023-11-11T15:49:29.817447328,BATCH-G-20231111
REV-00093471,SKU-0001973,,Anonymous,4,"Average quality, nothing special.",2023-07-14,False,NEUTRAL,3,SOURCE_G_REVIEWS,reviews_2023.csv,2023-07-15T04:21:48.320517066,BATCH-G-20230714
REV-00093479,SKU-0010401,user_9027240,Kevin Spencer,2,Wrong item was shipped to me.,2023-01-15,False,NEGATIVE,0,SOURCE_G_REVIEWS,reviews_2023.csv,2023-01-15T22:30:31.848870408,BATCH-G-20230115
REV-00093479-DUP,SKU-0010401,user_9027240,Kevin Spencer,2,Wrong item was shipped to me.,2023-01-15,False,NEGATIVE,0,SOURCE_G_REVIEWS,reviews_2023.csv,2023-01-15T22:51:31.848870408,BATCH-G-20230115
REV-00093485,SKU-0002260,user_9009434,Andrew Santos,4,Exceeded my expectations.,2023-09-14,True,POSITIVE,2,SOURCE_G_REVIEWS,reviews_2023.csv,2023-09-14T03:51:57.986861169,BATCH-G-20230914
REV-00093498,SKU-0002020,user_30584,Sandra Ortiz,5,"Solid build quality, no complaints.",2023-08-02,True,POSITIVE,2,SOURCE_G_REVIEWS,reviews_2023.csv,2023-08-02T08:55:48.875414020,BATCH-G-20230802
REV-00093500,SKU-0012879,user_9032781,Jane,5,</p>Exceeded my expectations.<i>edited</i>,2023-06-12,True,POSITIVE,2,SOURCE_G_REVIEWS,reviews_2023.csv,2023-06-13T04:35:21.533965256,BATCH-G-20230612
REV-00093512,SKU-0003328,user_58656,Andrea,5,"Absolutely love it, works perfectly!",2023-12-12,False,POSITIVE,7,SOURCE_G_REVIEWS,reviews_2023.csv,2023-12-12T10:37:33.038693130,BATCH-G-20231212
REV-00093516,SKU-0019055,,Anonymous,5,N/A,2023-03-10,True,POSITIVE,3,SOURCE_G_REVIEWS,reviews_2023.csv,2023-03-10T08:41:02.095805541,BATCH-G-20230310
REV-00093524,SKU-9971094,,Anonymous,4,"Solid build quality, no complaints.",2023-09-01,True,POSITIVE,8,SOURCE_G_REVIEWS,reviews_2023.csv,2023-09-01T02:12:33.354579734,BATCH-G-20230901
REV-00093529,SKU-0017283,,Anonymous,5,"Exactly as described, very happy.",2023-11-27,True,POSITIVE,1,SOURCE_G_REVIEWS,reviews_2023.csv,2023-11-28T00:49:35.667149081,BATCH-G-20231127
REV-00093531,SKU-0019423,user_9012387,Bryan Mcconnell,5,Will definitely buy again.,2023-12-31,False,POSITIVE,0,SOURCE_G_REVIEWS,reviews_2023.csv,2023-12-31T22:44:44.295559691,BATCH-G-20231231
REV-00093532,SKU-0020026,user_11746,Mathew Cherry,4,"Solid build quality, no complaints.",2023-01-18,True,POSITIVE,1,SOURCE_G_REVIEWS,reviews_2023.csv,2023-01-18T03:06:11.905916675,BATCH-G-20230118
REV-00093533,SKU-0018058,user_26989,Jennifer Pratt,4,"Solid build quality, no complaints.",2023-03-26,True,POSITIVE,2,SOURCE_G_REVIEWS,reviews_2023.csv,2023-03-26T07:27:15.571209589,BATCH-G-20230326
REV-00093547,SKU-0015487,user_9015939,Kyle Munoz,1,Decent but overpriced a bit.,2023-10-10,True,NEUTRAL,0,SOURCE_G_REVIEWS,reviews_2023.csv,2023-10-10T22:56:09.242497171,BATCH-G-20231010
REV-00093558,SKU-9948137,user_9000247,Edwin Hamilton,4,"Exactly as described, very happy.",2023-03-23,True,POSITIVE,0,SOURCE_G_REVIEWS,reviews_2023.csv,2023-03-23T06:03:46.150463025,BATCH-G-20230323
REV-00093563,SKU-0014359,,Anonymous,5,"Absolutely love it, works perfectly!",2023-07-23,False,POSITIVE,0,SOURCE_G_REVIEWS,reviews_2023.csv,2023-07-24T00:13:38.063434565,BATCH-G-20230723
REV-00093575,SKU-0008055,user_69552,Cindy Palmer,3,"It's okay, does the job.",2023-09-24,True,NEUTRAL,2,SOURCE_G_REVIEWS,reviews_2023.csv,2023-09-24T04:05:38.151180138,BATCH-G-20230924
REV-00093581,SKU-0004162,user_9015609,Mary,3,"Average quality, nothing special.",2023-04-19,True,NEUTRAL,3,SOURCE_G_REVIEWS,reviews_2023.csv,2023-04-19T22:45:50.315562708,BATCH-G-20230419
REV-00093590,SKU-0001106,user_27086,Ebony Smith,5,Exceeded my expectations.,2023-10-25,True,POSITIVE,9,SOURCE_G_REVIEWS,reviews_2023.csv,2023-10-25T18:39:22.140534238,BATCH-G-20231025
REV-00093591,SKU-0010040,user_9000423,Robert,5,"Solid build quality, no complaints. 👍",2023-07-21,True,POSITIVE,0,SOURCE_G_REVIEWS,reviews_2023.csv,2023-07-21T09:43:41.551046726,BATCH-G-20230721
REV-00093595,SKU-0004782,user_68554,John Crawford,5,"Solid build quality, no complaints.",2023-04-16,False,POSITIVE,0,SOURCE_G_REVIEWS,reviews_2023.csv,2023-04-16T23:08:23.613648332,BATCH-G-20230416
REV-00093600,SKU-9984971,,Anonymous,1,Wrong item was shipped to me.,2023-12-23,False,NEGATIVE,5,SOURCE_G_REVIEWS,reviews_2023.csv,2023-12-23T20:53:36.200842618,BATCH-G-20231223
REV-00093601,SKU-0006722,user_9017412,Ryan,2,Stopped working after a week.,2023-08-13,True,NEGATIVE,3,SOURCE_G_REVIEWS,reviews_2023.csv,2023-08-13T19:12:23.275735684,BATCH-G-20230813
REV-00093602,SKU-0009879,user_9967,Emily Moss,4,"   Perfect  gift,  they  loved  it!   ",2023-09-21,False,POSITIVE,1,SOURCE_G_REVIEWS,reviews_2023.csv,2023-09-21T11:51:01.987580916,BATCH-G-20230921
REV-00093611,SKU-0001814,user_9033868,Jake Williams,5,"Solid build quality, no complaints.",2023-06-21,True,POSITIVE,0,SOURCE_G_REVIEWS,reviews_2023.csv,2023-06-22T04:46:55.882981654,BATCH-G-20230621
REV-00093623,SKU-0015134,user_9010331,Kevin,3,"Not bad, not great either.",2023-06-04,True,NEUTRAL,0,SOURCE_G_REVIEWS,reviews_2023.csv,2023-06-04T19:11:51.494021378,BATCH-G-20230604
REV-00093625,SKU-0004044,user_9026967,Lisa,2,</p>Very disappointed with the quality.<p>,2023-07-26,True,NEGATIVE,2,SOURCE_G_REVIEWS,reviews_2023.csv,2023-07-27T01:22:15.479925323,BATCH-G-20230726
REV-00093630,SKU-0017762,user_29188,Mary Reed,4,Great value for money.,2023-04-24,True,POSITIVE,8,SOURCE_G_REVIEWS,reviews_2023.csv,2023-04-24T19:53:32.712369664,BATCH-G-20230424
REV-00093657,SKU-0016206,,Anonymous,4,Works fine but delivery was slow.,2023-04-28,True,NEUTRAL,2,SOURCE_G_REVIEWS,reviews_2023.csv,2023-04-28T12:28:05.086944376,BATCH-G-20230428
REV-00093659,SKU-0019661,user_19824,John Tapia,1,"Poor packaging, item was defective.",2023-01-23,True,NEGATIVE,2,SOURCE_G_REVIEWS,reviews_2023.csv,2023-01-23T03:49:47.069626583,BATCH-G-20230123
REV-00093667,SKU-0018476,user_9009977,Jennifer Torres,2,Stopped working after a week.,2023-03-06,True,NEGATIVE,0,SOURCE_G_REVIEWS,reviews_2023.csv,2023-03-07T01:55:35.030322643,BATCH-G-20230306
REV-00093672,SKU-0001605,user_17063,Robert Harris,4,Will definitely buy again.,2023-11-28,False,POSITIVE,0,SOURCE_G_REVIEWS,reviews_2023.csv,2023-11-28T02:49:58.567164105,BATCH-G-20231128
REV-00093676,SKU-0012006,,Anonymous,5,Better than I expected for the price.,2023-04-03,True,POSITIVE,5,SOURCE_G_REVIEWS,reviews_2023.csv,2023-04-04T02:35:12.654552695,BATCH-G-20230403
REV-00093678,SKU-0020100,user_46322,Donald Torres,5,"Waste of money, do not buy.",2023-03-28,True,NEGATIVE,5,SOURCE_G_REVIEWS,reviews_2023.csv,2023-03-28T16:54:43.425136918,BATCH-G-20230328
REV-00093682,SKU-0001147,user_67086,Keith,NA,Wrong item was shipped to me.,2023-09-25,True,NEGATIVE,0,SOURCE_G_REVIEWS,reviews_2023.csv,2023-09-25T19:58:42.910864801,BATCH-G-20230925
REV-00093686,SKU-0014524,user_9034227,Marilyn Jefferson,NA,Very disappointed with the quality.,2023-01-12,False,NEGATIVE,5,SOURCE_G_REVIEWS,reviews_2023.csv,2023-01-12T12:01:36.364832732,BATCH-G-20230112
REV-00093693,SKU-0010040,,Anonymous,3,"Average quality, nothing special.",2023-01-09,True,NEUTRAL,4,SOURCE_G_REVIEWS,reviews_2023.csv,2023-01-09T12:23:10.575418300,BATCH-G-20230109
REV-00093706,SKU-9939740,user_9006658,Ms. Jennifer Clark,3,"Matches the description, no issues.",2023-06-07,True,NEUTRAL,7,SOURCE_G_REVIEWS,reviews_2023.csv,2023-06-07T21:01:00.580007194,BATCH-G-20230607
REV-00093713,SKU-0014144,,Anonymous,4,Highly recommend this product.,2023-07-02,True,POSITIVE,2,SOURCE_G_REVIEWS,reviews_2023.csv,2023-07-02T11:10:20.060283500,BATCH-G-20230702
REV-00093721,SKU-0017773,,Anonymous,5,"Solid build quality, no complaints.",2023-05-21,False,POSITIVE,4,SOURCE_G_REVIEWS,reviews_2023.csv,2023-05-21T00:39:31.619872788,BATCH-G-20230521
REV-00093723,SKU-0004983,user_9029129,George,NULL,Arrived damaged and support was unhelpful.,2023-08-30,True,NEGATIVE,3,SOURCE_G_REVIEWS,reviews_2023.csv,2023-08-31T05:55:16.422845039,BATCH-G-20230830
REV-00093727,SKU-0011991,user_9004156,Amy Norman,4,"Exactly as described, very happy.",2023-12-01,False,POSITIVE,0,SOURCE_G_REVIEWS,reviews_2023.csv,2023-12-01T06:49:15.363483266,BATCH-G-20231201
REV-00093728,SKU-0002816,user_30350,Judy Castillo DVM,5,Will definitely buy again. 😢🔥,2023-09-19,False,POSITIVE,0,SOURCE_G_REVIEWS,reviews_2023.csv,2023-10-04T14:00:00,BATCH-G-20230919
REV-00093732,SKU-0017990,user_63641,Elizabeth Kirk,3,"Matches the description, no issues.",2023-04-13,True,NEUTRAL,0,SOURCE_G_REVIEWS,reviews_2023.csv,2023-04-14T05:41:10.024118031,BATCH-G-20230413
REV-00093733,SKU-0014081,user_9007924,Michael Reid,5,"Livraison très lente, déçu.",2023-11-23,False,POSITIVE,8,SOURCE_G_REVIEWS,reviews_2023.csv,2023-11-24T00:05:23.457445040,BATCH-G-20231123
REV-00093734,SKU-0009709,,Anonymous,2,Very disappointed with the quality.,2023-02-01,False,NEGATIVE,8,SOURCE_G_REVIEWS,reviews_2023.csv,2023-02-01T06:35:04.397382851,BATCH-G-20230201
REV-00093744,SKU-0018814,user_9020688,Veronica Greer,4,Fast delivery and great quality.,2023-10-30,False,POSITIVE,2,SOURCE_G_REVIEWS,reviews_2023.csv,2023-10-30T09:09:03.979201407,BATCH-G-20231030
REV-00093757,SKU-0012198,user_9014140,Stephen Jones,3,"Average quality, nothing special.",2023-02-17,True,NEUTRAL,6,SOURCE_G_REVIEWS,reviews_2023.csv,2023-02-17T14:29:58.651719183,BATCH-G-20230217
REV-00093757-DUP,SKU-0012198,user_9014140,Stephen Jones,3,"Average quality, nothing special.",2023-02-17,True,NEUTRAL,6,SOURCE_G_REVIEWS,reviews_2023.csv,2023-02-17T15:16:58.651719183,BATCH-G-20230217
REV-00093758,SKU-0003240,,Anonymous,5,"Solid build quality, no complaints.",2023-11-30,True,POSITIVE,0,SOURCE_G_REVIEWS,reviews_2023.csv,2023-11-30T04:03:46.871476650,BATCH-G-20231130
REV-00093765,SKU-0014109,user_34205,Samantha Huerta,4,"Perfect gift, they loved it!",2023-07-01,True,POSITIVE,7,SOURCE_G_REVIEWS,reviews_2023.csv,2023-07-01T14:39:08.258122105,BATCH-G-20230701
REV-00093773,SKU-0018877,user_9019046,Jonathan,4,Exceeded my expectations.,2023-11-27,False,POSITIVE,0,SOURCE_G_REVIEWS,reviews_2023.csv,2023-11-27T13:48:36.723602483,BATCH-G-20231127
REV-00093781,SKU-0000297,,Anonymous,2,Wrong item was shipped to me.,2023-12-02,True,NEGATIVE,2,SOURCE_G_REVIEWS,reviews_2023.csv,2023-12-02T09:16:23.977578297,BATCH-G-20231202
REV-00093788,SKU-0004759,,Anonymous,5,Excellent rapport qualité-prix.,2023-07-14,True,POSITIVE,4,SOURCE_G_REVIEWS,reviews_2023.csv,2023-07-14T15:20:23.423171080,BATCH-G-20230714
REV-00093790,SKU-0002435,user_68874,Michael Becker,5,"Perfect gift, they loved it!",2023-12-09,False,POSITIVE,5,SOURCE_G_REVIEWS,reviews_2023.csv,2023-12-10T01:11:35.480545399,BATCH-G-20231209
REV-00093792,SKU-0011507,user_9001385,Brian Garner,3,"Average quality, nothing special.",2023-11-24,True,NEUTRAL,7,SOURCE_G_REVIEWS,reviews_2023.csv,2023-11-24T12:08:33.819367329,BATCH-G-20231124
REV-00093807,SKU-0017343,user_9010802,Deborah Moore,3,"It's okay, does the job.",2023-01-06,True,NEUTRAL,2,SOURCE_G_REVIEWS,reviews_2023.csv,2023-01-06T03:53:42.091301081,BATCH-G-20230106
REV-00093819,SKU-0019494,user_55567,Monica,2,"Waste of money, do not buy.",2023-04-29,False,NEGATIVE,3,SOURCE_G_REVIEWS,reviews_2023.csv,2023-04-29T05:12:41.658761073,BATCH-G-20230429
REV-00093829,SKU-0018987,user_26017,Kathleen Walker,5,Better than I expected for the price.,2023-05-29,True,POSITIVE,3,SOURCE_G_REVIEWS,reviews_2023.csv,2023-05-30T04:48:21.818849271,BATCH-G-20230529
REV-00093837,SKU-0017653,user_45425,John,3,Works fine but delivery was slow.,2023-06-15,True,NEUTRAL,1,SOURCE_G_REVIEWS,reviews_2023.csv,2023-06-15T14:23:20.648658619,BATCH-G-20230615
REV-00093839,SKU-0015240,,Anonymous,5,Great value for money.,2023-01-29,False,POSITIVE,3,SOURCE_G_REVIEWS,reviews_2023.csv,2023-01-29T06:20:08.827697278,BATCH-G-20230129
REV-00093840,SKU-0015729,user_9003672,Lauren,5,"   Solid  build  quality,  no  complaints.   ",2023-04-08,True,POSITIVE,3,SOURCE_G_REVIEWS,reviews_2023.csv,2023-04-09T00:07:24.658845648,BATCH-G-20230408
REV-00093862,SKU-0013478,user_9000693,Juan Rodriguez,4,No cumplió mis expectativas.,2023-10-13,False,POSITIVE,0,SOURCE_G_REVIEWS,reviews_2023.csv,2023-10-13T14:06:12.921389214,BATCH-G-20231013
REV-00093871,SKU-0019236,user_9029916,Timothy, ,Better than I expected for the price.,2023-05-21,False,POSITIVE,4,SOURCE_G_REVIEWS,reviews_2023.csv,2023-05-21T23:03:04.142136966,BATCH-G-20230521
REV-00093883,SKU-0012963,user_9030564,Bradley,5,"Solid build quality, no complaints.",2023-12-27,True,POSITIVE,0,SOURCE_G_REVIEWS,reviews_2023.csv,2023-12-27T01:18:39.849061444,BATCH-G-20231227
REV-00093884,SKU-0004532,user_9018050,Andrew Martin,4,Highly recommend this product. 😡😢,2023-12-26,False,POSITIVE,5,SOURCE_G_REVIEWS,reviews_2023.csv,2023-12-26T03:24:44.404825271,BATCH-G-20231226
REV-00093892,SKU-0004950,,Anonymous,5,Excellent rapport qualité-prix. Better than I expected for the price. 😍,2023-08-31,True,POSITIVE,5,SOURCE_G_REVIEWS,reviews_2023.csv,2023-08-31T22:31:53.371395376,BATCH-G-20230831
REV-00093902,SKU-0006532,user_9015806,Joshua,5,Will definitely buy again. 😡🔥,2023-07-14,False,POSITIVE,11,SOURCE_G_REVIEWS,reviews_2023.csv,2023-07-15T05:12:22.450611423,BATCH-G-20230714
REV-00093914,SKU-0011413,user_49823,Phillip Berry,1,&nbsp;Very disappointed with the quality.<i>edited</i>,2023-07-26,True,NEGATIVE,2,SOURCE_G_REVIEWS,reviews_2023.csv,2023-07-26T12:47:10.414731707,BATCH-G-20230726
REV-00093927,SKU-0000485,user_52454,Taylor Curry,4,"Solid build quality, no complaints.",2023-11-25,True,POSITIVE,3,SOURCE_G_REVIEWS,reviews_2023.csv,2023-11-25T00:30:12.364633441,BATCH-G-20231125
REV-00093935,SKU-0000885,user_9025159,Mark Jones,5,Wrong item was shipped to me.,2023-01-06,True,NEGATIVE,4,SOURCE_G_REVIEWS,reviews_2023.csv,2023-01-06T16:44:19.655272314,BATCH-G-20230106
REV-00093937,SKU-0001402,user_25411,Brandon,0,Not as described at all.,2023-06-30,True,NEGATIVE,2,SOURCE_G_REVIEWS,reviews_2023.csv,2023-06-30T10:37:03.048418934,BATCH-G-20230630
REV-00093944,SKU-0002591,user_4454,Angela,2,"Cheaply made, broke immediately.",2023-09-07,False,NEGATIVE,0,SOURCE_G_REVIEWS,reviews_2023.csv,2023-09-08T00:39:01.010445493,BATCH-G-20230907
REV-00093945,SKU-0010003,user_41505,Elizabeth Sherman,4,Will definitely buy again. 😀😀,2023-07-27,False,POSITIVE,2,SOURCE_G_REVIEWS,reviews_2023.csv,2023-07-27T19:56:28.041295585,BATCH-G-20230727
REV-00093956,SKU-0008063,user_42982,Micheal,5,"Exactly as described, very happy.",2023-06-05,False,POSITIVE,3,SOURCE_G_REVIEWS,reviews_2023.csv,2023-06-06T05:59:45.271591771,BATCH-G-20230605
REV-00093968,SKU-0001743,user_9006543,Alexa,5,"Matches the description, no issues.",2023-04-29,True,NEUTRAL,1,SOURCE_G_REVIEWS,reviews_2023.csv,2023-04-29T05:33:40.367282952,BATCH-G-20230429
REV-00093972,SKU-0007778,,Anonymous,3,Decent but overpriced a bit.,2023-07-23,False,NEUTRAL,10,SOURCE_G_REVIEWS,reviews_2023.csv,2023-07-23T17:33:34.313212608,BATCH-G-20230723
REV-00093977,SKU-0000169,user_48332,Alexander,5,"Absolutely love it, works perfectly!",2023-12-13,False,POSITIVE,4,SOURCE_G_REVIEWS,reviews_2023.csv,2023-12-13T13:43:38.987323813,BATCH-G-20231213
REV-00093987,SKU-0019242,user_9005518,Wendy Glenn,4,Great value for money.,2023-08-12,True,POSITIVE,0,SOURCE_G_REVIEWS,reviews_2023.csv,2023-08-12T20:01:51.163944821,BATCH-G-20230812
REV-00093989,SKU-0003494,user_9024910,Elizabeth Acevedo,5,Will definitely buy again.,2023-02-15,False,POSITIVE,3,SOURCE_G_REVIEWS,reviews_2023.csv,2023-02-15T14:15:12.651528842,BATCH-G-20230215
REV-00093990,SKU-0014773,user_62243,Catherine Stevenson,5,Will definitely buy again.,2023-12-07,True,POSITIVE,0,SOURCE_G_REVIEWS,reviews_2023.csv,2023-12-07T09:24:23.567799654,BATCH-G-20231207
REV-00094007,SKU-0019053,user_9020310,Joseph Brown,7,"Absolutely love it, works perfectly!",2023-07-19,True,POSITIVE,9,SOURCE_G_REVIEWS,reviews_2023.csv,2023-07-20T00:26:32.751276197,BATCH-G-20230719
REV-00094013,SKU-0016560,user_50186,David Mills,1,   Arrived  damaged  and  support  was  unhelpful.   ,2023-10-19,True,NEGATIVE,1,SOURCE_G_REVIEWS,reviews_2023.csv,2023-10-19T22:55:49.421137234,BATCH-G-20231019
REV-00094016,SKU-0013039,user_9004824,Samantha,5,"Absolutely love it, works perfectly!",2023-01-15,True,POSITIVE,1,SOURCE_G_REVIEWS,reviews_2023.csv,2023-01-15T07:00:41.461286903,BATCH-G-20230115
REV-00094024,SKU-0004376,user_9017804,Jonathan Cain,5,Highly recommend this product.,2023-01-05,True,POSITIVE,0,SOURCE_G_REVIEWS,reviews_2023.csv,2023-01-05T13:01:32.033654933,BATCH-G-20230105
REV-00094041,SKU-0015166,,Anonymous,4,Fast delivery and great quality.,2023-01-23,True,POSITIVE,0,SOURCE_G_REVIEWS,reviews_2023.csv,2023-01-23T17:43:03.990227520,BATCH-G-20230123
REV-00094049,SKU-0015223,user_6398,Michael Harris,-1,No cumplió mis expectativas.,2023-05-21,True,NEGATIVE,1,SOURCE_G_REVIEWS,reviews_2023.csv,2023-05-21T05:21:44.960596844,BATCH-G-20230521
REV-00094057,SKU-0011888,user_9028927,Katherine Jackson,4,Better than I expected for the price.,2023-03-11,True,POSITIVE,3,SOURCE_G_REVIEWS,reviews_2023.csv,2023-03-12T04:14:00.556532041,BATCH-G-20230311
REV-00094059,SKU-0014189,user_9000370,Billy Dyer,5,"Exactly as described, very happy.",2023-03-12,False,POSITIVE,2,SOURCE_G_REVIEWS,reviews_2023.csv,2023-03-12T05:00:49.024681377,BATCH-G-20230312
REV-00094071,SKU-0018394,user_20241,Olivia Smith,4,"Solid build quality, no complaints.",2023-06-18,True,POSITIVE,1,SOURCE_G_REVIEWS,reviews_2023.csv,2023-06-18T08:26:49.142897941,BATCH-G-20230618
REV-00094085,SKU-0001316,user_9023073,Jessica Johnson,2,"Cheaply made, broke immediately.",2023-10-21,False,NEGATIVE,1,SOURCE_G_REVIEWS,reviews_2023.csv,2023-10-22T03:25:41.924391831,BATCH-G-20231021
REV-00094089,SKU-9915379,user_9017609,Zachary White,5,"Solid build quality, no complaints.",2023-05-18,True,POSITIVE,2,SOURCE_G_REVIEWS,reviews_2023.csv,2023-05-18T05:48:39.609255291,BATCH-G-20230518
REV-00094090,SKU-0004561,user_16715,David,4,Exceeded my expectations.,2023-07-22,True,POSITIVE,6,SOURCE_G_REVIEWS,reviews_2023.csv,2023-07-22T13:53:57.651270473,BATCH-G-20230722
REV-00094117,SKU-0001805,,Anonymous,4,&nbsp;Highly recommend this product.&nbsp;,2023-05-10,True,POSITIVE,2,SOURCE_G_REVIEWS,reviews_2023.csv,2023-05-10T14:54:53.553847710,BATCH-G-20230510
REV-00094122,SKU-0010979,user_38873,John Jackson,5,Highly recommend this product. 😢,2023-03-03,True,POSITIVE,0,SOURCE_G_REVIEWS,reviews_2023.csv,2023-03-03T17:46:16.347567490,BATCH-G-20230303
REV-00094127,SKU-0011251,user_9003115,James Stephens,5,Great value for money.,2023-05-30,True,POSITIVE,1,SOURCE_G_REVIEWS,reviews_2023.csv,2023-05-30T04:54:10.228208816,BATCH-G-20230530
REV-00094129,SKU-0014778,user_56922,Michelle Rice,5,Great value for money.,2023-05-07,True,POSITIVE,1,SOURCE_G_REVIEWS,reviews_2023.csv,2023-05-08T02:27:11.488067710,BATCH-G-20230507
REV-00094132,SKU-0007549,user_9009056,Amanda Bell,4,"Absolutely love it, works perfectly!",2023-12-02,False,POSITIVE,1,SOURCE_G_REVIEWS,reviews_2023.csv,2023-12-02T00:53:24.435983585,BATCH-G-20231202
REV-00094134,SKU-0016602,user_9020171,John Wallace,unknown,Exceeded my expectations.,2023-12-06,False,POSITIVE,10,SOURCE_G_REVIEWS,reviews_2023.csv,2023-12-07T00:27:58.874811659,BATCH-G-20231206
REV-00094137,SKU-0017831,user_9030727,Zachary Gonzalez,3,Decent but overpriced a bit.,2023-08-11,False,NEUTRAL,0,SOURCE_G_REVIEWS,reviews_2023.csv,2023-08-12T03:25:11.542321174,BATCH-G-20230811
REV-00094146,SKU-0005316,user_37122,Caitlin,5,"Solid build quality, no complaints.",2023-08-03,True,POSITIVE,6,SOURCE_G_REVIEWS,reviews_2023.csv,2023-08-03T03:35:31.446574025,BATCH-G-20230803
REV-00094151,SKU-9974604,,Anonymous,5,?,2023-07-31,True,POSITIVE,0,SOURCE_G_REVIEWS,reviews_2023.csv,2023-07-31T10:05:03.399993677,BATCH-G-20230731
REV-00094155,SKU-0007717,user_8419,Michelle Chen,3,"Average quality, nothing special.",2023-11-14,False,NEUTRAL,2,SOURCE_G_REVIEWS,reviews_2023.csv,2023-11-14T11:17:21.668927854,BATCH-G-20231114
REV-00094157,SKU-0003640,user_9032111,Megan Allen,1,"Poor packaging, item was defective.",2023-08-28,False,NEGATIVE,2,SOURCE_G_REVIEWS,reviews_2023.csv,2023-08-28T21:29:37.442249595,BATCH-G-20230828
REV-00094163,SKU-0004483,user_9033162,Robin Sutton,6,"Poor packaging, item was defective. 👍",2023-07-11,True,NEGATIVE,0,SOURCE_G_REVIEWS,reviews_2023.csv,2023-07-12T05:47:47.686983347,BATCH-G-20230711
REV-00094164,SKU-0006941,user_58982,Gregory Rice,2,"Cheaply made, broke immediately.",2023-11-14,True,NEGATIVE,2,SOURCE_G_REVIEWS,reviews_2023.csv,2023-11-14T14:35:09.173119580,BATCH-G-20231114
REV-00094169,SKU-0000880,user_9020126,Brooke Daugherty,N/A,"Exactly as described, very happy.",2023-02-07,False,POSITIVE,0,SOURCE_G_REVIEWS,reviews_2023.csv,2023-02-08T01:25:29.194992512,BATCH-G-20230207
REV-00094172,SKU-0011364,user_9002968,Samuel Ortega III,5,Highly recommend this product.,2023-11-11,True,POSITIVE,7,SOURCE_G_REVIEWS,reviews_2023.csv,2023-11-11T15:18:33.508718642,BATCH-G-20231111
REV-00094180,SKU-0001223,user_19171,Jamie Sanchez,4,"Solid build quality, no complaints.",2023-11-12,False,POSITIVE,2,SOURCE_G_REVIEWS,reviews_2023.csv,2023-11-12T03:59:18.829890286,BATCH-G-20231112
REV-00094183,SKU-0017162,user_9026565,Xavier Orozco,2,Not as described at all.,2023-09-09,True,NEGATIVE,0,SOURCE_G_REVIEWS,reviews_2023.csv,2023-09-09T13:15:25.141857367,BATCH-G-20230909
REV-00094187,SKU-0019652,,Anonymous,4,Arrived damaged and support was unhelpful.,2023-05-30,False,NEGATIVE,3,SOURCE_G_REVIEWS,reviews_2023.csv,2023-05-30T12:21:57.689327360,BATCH-G-20230530
REV-00094190,SKU-0005160,user_40203,Christopher,2,"Cheaply made, broke immediately.",2023-04-28,False,NEGATIVE,0,SOURCE_G_REVIEWS,reviews_2023.csv,2023-04-28T04:13:18.245030207,BATCH-G-20230428
REV-00094199,SKU-0018553,user_37353,Lori Kirk,4,Will definitely buy again.,2023-04-19,False,POSITIVE,6,SOURCE_G_REVIEWS,reviews_2023.csv,2023-04-19T15:05:03.956411923,BATCH-G-20230419
REV-00094201,SKU-0019277,user_63352,Ryan Kelly DVM,3,"Matches the description, no issues.",2023-05-14,False,NEUTRAL,3,SOURCE_G_REVIEWS,reviews_2023.csv,2023-05-14T13:53:44.736564140,BATCH-G-20230514
REV-00094215,SKU-0004755,user_9023903,Eric Hart,4,Better than I expected for the price. 😢⭐,2023-01-04,True,POSITIVE,0,SOURCE_G_REVIEWS,reviews_2023.csv,2023-01-04T14:37:20.824310490,BATCH-G-20230104
REV-00094216,SKU-0004071,user_28985,John,3,"It's okay, does the job.",2023-02-09,True,NEUTRAL,6,SOURCE_G_REVIEWS,reviews_2023.csv,2023-02-10T05:10:33.998465387,BATCH-G-20230209
REV-00094224,SKU-0014102,user_31795,Jennifer Moore,5,"Perfect gift, they loved it!",2023-06-27,False,POSITIVE,8,SOURCE_G_REVIEWS,reviews_2023.csv,2023-06-27T22:32:53.728636261,BATCH-G-20230627
REV-00094229,SKU-0001450,user_19249,Steven,4,"Perfect gift, they loved it!",2023-08-29,True,POSITIVE,5,SOURCE_G_REVIEWS,reviews_2023.csv,2023-08-29T22:27:57.303266302,BATCH-G-20230829
REV-00094230,SKU-0003355,,Anonymous,3,"Matches the description, no issues.",2023-12-07,False,NEUTRAL,0,SOURCE_G_REVIEWS,reviews_2023.csv,2023-12-08T00:14:34.602327446,BATCH-G-20231207
REV-00094247,SKU-0003613,user_43754,Yvonne,1,Stopped working after a week.,2023-05-10,False,NEGATIVE,5,SOURCE_G_REVIEWS,reviews_2023.csv,2023-05-10T12:28:28.602669714,BATCH-G-20230510
REV-00094254,SKU-0013083,user_12904,Patrick Williamson,4,"Absolutely love it, works perfectly!",2023-08-17,True,POSITIVE,1,SOURCE_G_REVIEWS,reviews_2023.csv,2023-08-18T00:56:40.324894394,BATCH-G-20230817
REV-00094257,SKU-9981660,user_49135,Christina Robinson,5,"Solid build quality, no complaints.",2023-11-24,False,POSITIVE,1,SOURCE_G_REVIEWS,reviews_2023.csv,2023-11-24T06:49:56.218718678,BATCH-G-20231124
REV-00094272,SKU-9907863,user_18715,Christopher,4,Highly recommend this product.,2023-04-25,False,POSITIVE,2,SOURCE_G_REVIEWS,reviews_2023.csv,2023-04-25T15:42:14.093640378,BATCH-G-20230425
REV-00094282,SKU-0009414,user_9024593,Kathryn,5,Exceeded my expectations.,2023-06-24,False,POSITIVE,0,SOURCE_G_REVIEWS,reviews_2023.csv,2023-06-24T23:49:03.552501033,BATCH-G-20230624
REV-00094283,SKU-9906947,user_28687,Albert Jones,4,गुणवत्ता ठीक नहीं थी।,2023-08-15,False,POSITIVE,3,SOURCE_G_REVIEWS,reviews_2023.csv,2023-08-15T07:11:25.332363468,BATCH-G-20230815
REV-00094303,SKU-0018183,,Anonymous,5,Great value for money.,2023-01-06,True,POSITIVE,5,SOURCE_G_REVIEWS,reviews_2023.csv,2023-01-06T14:08:05.091304885,BATCH-G-20230106
REV-00094304,SKU-0009728,,Anonymous,5,"&nbsp;Solid build quality, no complaints.<p>",2023-09-30,True,POSITIVE,0,SOURCE_G_REVIEWS,reviews_2023.csv,2023-09-30T01:19:19.492325098,BATCH-G-20230930
REV-00094305,SKU-0019172,user_9008153,Michael,4,"Exactly as described, very happy.",2023-05-17,True,POSITIVE,1,SOURCE_G_REVIEWS,reviews_2023.csv,2023-05-17T07:48:54.999159988,BATCH-G-20230517
REV-00094316,SKU-0000864,user_9024317,Sarah Gibson,5,Great value for money.,2023-11-30,True,POSITIVE,12,SOURCE_G_REVIEWS,reviews_2023.csv,2023-12-01T03:01:39.434577621,BATCH-G-20231130
REV-00094320,SKU-9978337,,Anonymous,4,Great value for money.,2023-01-21,True,POSITIVE,2,SOURCE_G_REVIEWS,reviews_2023.csv,2023-01-21T10:59:33.557571115,BATCH-G-20230121
REV-00094341,SKU-0009943,,Anonymous,5,Exceeded my expectations.,2023-01-06,True,POSITIVE,2,SOURCE_G_REVIEWS,reviews_2023.csv,2023-01-06T19:47:27.425928113,BATCH-G-20230106
REV-00094346,SKU-9977033,user_9028070,Stephanie Moyer,5,"Average quality, nothing special.",2023-10-17,True,NEUTRAL,1,SOURCE_G_REVIEWS,reviews_2023.csv,2023-10-17T06:56:48.408146228,BATCH-G-20231017
REV-00094358,SKU-0012313,user_9005804,Harold,7,Works fine but delivery was slow.,2023-05-13,False,NEUTRAL,1,SOURCE_G_REVIEWS,reviews_2023.csv,2023-05-14T05:13:58.544536900,BATCH-G-20230513
REV-00094385,SKU-0008864,user_9018931,Steven Newton,4,"Exactly as described, very happy.",2023-12-17,False,POSITIVE,1,SOURCE_G_REVIEWS,reviews_2023.csv,2023-12-18T04:49:06.574215569,BATCH-G-20231217
REV-00094403,SKU-0007780,user_9023928,Jacqueline Hancock,5,Highly recommend this product.,2023-09-06,True,POSITIVE,2,SOURCE_G_REVIEWS,reviews_2023.csv,2023-09-06T23:33:21.630918879,BATCH-G-20230906
REV-00094405,SKU-0017214,user_66948,Amy Allison,3,Decent but overpriced a bit.,2023-03-21,False,NEUTRAL,4,SOURCE_G_REVIEWS,reviews_2023.csv,2023-03-21T05:14:41.552619557,BATCH-G-20230321
REV-00094423,SKU-0004069,user_49593,Christopher,5,"Muy buen producto, lo recomiendo. Better than I expected for the price.",2023-02-27,False,POSITIVE,3,SOURCE_G_REVIEWS,reviews_2023.csv,2023-02-27T13:57:57.600569024,BATCH-G-20230227
REV-00094456,SKU-0008602,user_9011199,Julia,1,"Poor packaging, item was defective. 🙏",2023-11-09,True,NEGATIVE,0,SOURCE_G_REVIEWS,reviews_2023.csv,2023-11-09T21:26:29.244258040,BATCH-G-20231109
REV-00094460,SKU-0007592,user_9025433,David Lopez,4,Exceeded my expectations.,2023-11-13,False,POSITIVE,5,SOURCE_G_REVIEWS,reviews_2023.csv,2023-11-13T18:46:26.260381409,BATCH-G-20231113
REV-00094461,SKU-0004756,user_9010236,David,4,"Solid build quality, no complaints.",2023-12-20,True,POSITIVE,0,SOURCE_G_REVIEWS,reviews_2023.csv,2023-12-20T20:09:49.298380089,BATCH-G-20231220
REV-00094467,SKU-0016458,,Anonymous,4,"Absolutely love it, works perfectly!",2023-09-02,True,POSITIVE,0,SOURCE_G_REVIEWS,reviews_2023.csv,2023-09-03T00:43:57.445249546,BATCH-G-20230902
REV-00094476,SKU-0004373,user_5921,Tyrone Harris,5,Exceeded my expectations.,2023-10-30,True,POSITIVE,6,SOURCE_G_REVIEWS,reviews_2023.csv,2023-10-30T10:49:27.759504236,BATCH-G-20231030
REV-00094480,SKU-0010479,user_9013278,Gina,4,"Poor packaging, item was defective.",2023-10-18,True,NEGATIVE,0,SOURCE_G_REVIEWS,reviews_2023.csv,2023-10-18T17:49:59.389464751,BATCH-G-20231018
REV-00094481,SKU-0007233,user_6405,Adam,2,"Cheaply made, broke immediately.",2023-10-09,False,NEGATIVE,6,SOURCE_G_REVIEWS,reviews_2023.csv,2023-10-09T02:42:58.951065725,BATCH-G-20231009
REV-00094500,SKU-0016464,user_29846,Wendy Allen,3,"<p>Average quality, nothing special.</p>",2023-03-26,False,NEUTRAL,0,SOURCE_G_REVIEWS,reviews_2023.csv,2023-03-27T00:11:12.848719470,BATCH-G-20230326
REV-00094513,SKU-0001463,,Anonymous,2,Not as described at all.,2023-12-26,True,NEGATIVE,1,SOURCE_G_REVIEWS,reviews_2023.csv,2023-12-26T18:13:08.995269393,BATCH-G-20231226
REV-00094515,SKU-0006946,user_32088,Katherine,1,Very disappointed with the quality.,2023-01-31,True,NEGATIVE,2,SOURCE_G_REVIEWS,reviews_2023.csv,2023-01-31T02:53:14.217252131,BATCH-G-20230131
REV-00094523,SKU-0000484,user_9011160,Kathryn Lane,4,"Solid build quality, no complaints.",2023-04-17,True,POSITIVE,4,SOURCE_G_REVIEWS,reviews_2023.csv,2023-04-17T18:33:43.621443097,BATCH-G-20230417
REV-00094524,SKU-0015578,user_9391,Mrs.,5,"Absolutely love it, works perfectly!",2023-02-07,True,POSITIVE,1,SOURCE_G_REVIEWS,reviews_2023.csv,2023-02-07T11:29:06.120609961,BATCH-G-20230207
REV-00094526,SKU-0009155,,Anonymous,4,"Solid build quality, no complaints.",2023-01-07,True,POSITIVE,0,SOURCE_G_REVIEWS,reviews_2023.csv,2023-01-08T03:56:50.121383847,BATCH-G-20230107
REV-00094527,SKU-0004648,user_9011550,Bruce,3,"Average quality, nothing special.",2023-12-15,True,NEUTRAL,0,SOURCE_G_REVIEWS,reviews_2023.csv,2023-12-16T05:07:59.600701492,BATCH-G-20231215
REV-00094528,SKU-0004758,,Anonymous,4,Highly recommend this product.,2023-06-16,True,POSITIVE,3,SOURCE_G_REVIEWS,reviews_2023.csv,2023-06-16T06:50:57.551172160,BATCH-G-20230616
REV-00094529,SKU-0008047,,Anonymous,6,Highly recommend this product.,2023-02-14,True,POSITIVE,11,SOURCE_G_REVIEWS,reviews_2023.csv,2023-02-14T11:26:42.225254738,BATCH-G-20230214
REV-00094540,SKU-0019491,user_9029839,Kyle,5,Exceeded my expectations.,2023-02-21,True,POSITIVE,0,SOURCE_G_REVIEWS,reviews_2023.csv,2023-02-19T02:00:00,BATCH-G-20230221
REV-00094542,SKU-9948271,,Anonymous,2,Arrived damaged and support was unhelpful.,2023-09-13,False,NEGATIVE,1,SOURCE_G_REVIEWS,reviews_2023.csv,2023-09-14T00:17:07.251913993,BATCH-G-20230913
REV-00094550,SKU-0002889,user_9016678,Michael Hernandez,4,"Exactly as described, very happy.",2023-10-08,True,POSITIVE,2,SOURCE_G_REVIEWS,reviews_2023.csv,2023-10-08T11:54:00.892686645,BATCH-G-20231008
REV-00094551,SKU-0013363,user_9013638,Justin Russo,2,Wrong item was shipped to me.,2023-01-09,True,NEGATIVE,1,SOURCE_G_REVIEWS,reviews_2023.csv,2023-01-09T00:46:09.182981616,BATCH-G-20230109
REV-00094555,SKU-0009387,user_9006332,Shannon Davis,5,"Exactly as described, very happy.",2023-11-12,False,POSITIVE,4,SOURCE_G_REVIEWS,reviews_2023.csv,2023-11-13T00:00:30.598084035,BATCH-G-20231112
REV-00094563,SKU-0019872,,Anonymous,4,Great value for money. 😐,2023-07-24,True,POSITIVE,0,SOURCE_G_REVIEWS,reviews_2023.csv,2023-07-24T07:25:57.992811763,BATCH-G-20230724
REV-00094569,SKU-0012708,,Anonymous,5,"<b>Update:</b>Exactly as described, very happy.<i>edited</i>",2023-04-14,True,POSITIVE,-2,SOURCE_G_REVIEWS,reviews_2023.csv,2023-04-14T23:23:14.343477458,BATCH-G-20230414
REV-00094572,SKU-0011364,user_29839,Sherry Mendoza,3,"Average quality, nothing special.",2023-11-04,False,NEUTRAL,1,SOURCE_G_REVIEWS,reviews_2023.csv,2023-11-04T11:21:18.306558995,BATCH-G-20231104
REV-00094578,SKU-0008350,user_17143,Michael Harrison,2,Arrived damaged and support was unhelpful.,2023-11-06,True,NEGATIVE,3,SOURCE_G_REVIEWS,reviews_2023.csv,2023-11-06T02:52:15.125129724,BATCH-G-20231106
REV-00094603,SKU-0013657,user_2440,Gabriella Lane,5,"Exactly as described, very happy.",2023-08-11,True,POSITIVE,0,SOURCE_G_REVIEWS,reviews_2023.csv,2023-08-12T00:24:31.894411161,BATCH-G-20230811
REV-00094613,SKU-0009409,user_32468,Catherine Harvey,null,Great value for money.,2023-07-12,False,POSITIVE,1,SOURCE_G_REVIEWS,reviews_2023.csv,2023-07-12T20:00:09.700415256,BATCH-G-20230712
REV-00094615,SKU-0003792,user_23963,Christine Manning,1,Wrong item was shipped to me. 😡,2023-12-24,True,NEGATIVE,0,SOURCE_G_REVIEWS,reviews_2023.csv,2023-12-24T08:49:51.324368778,BATCH-G-20231224
REV-00094644,SKU-0012947,,Anonymous,4,"Exactly as described, very happy.",2023-11-14,True,POSITIVE,14,SOURCE_G_REVIEWS,reviews_2023.csv,2023-11-14T13:17:46.790537065,BATCH-G-20231114
REV-00094652,SKU-0016378,user_9011862,Jaime,5,Will definitely buy again.,2023-07-07,False,POSITIVE,1,SOURCE_G_REVIEWS,reviews_2023.csv,2023-07-16T13:00:00,BATCH-G-20230707
REV-00094661,SKU-0013940,user_41202,Brandon,3,"It's okay, does the job.",2023-11-22,True,NEUTRAL,11,SOURCE_G_REVIEWS,reviews_2023.csv,2023-11-22T18:57:17.154500572,BATCH-G-20231122
REV-00094678,SKU-0012267,,Anonymous,4,Exceeded my expectations.,2023-08-09,False,POSITIVE,2,SOURCE_G_REVIEWS,reviews_2023.csv,2023-08-09T14:10:26.923314800,BATCH-G-20230809
REV-00094689,SKU-0003742,user_16313,Jeremiah Carter,3,"<i>edited</i>Poor packaging, item was defective.<br>",2023-01-22,True,NEGATIVE,1,SOURCE_G_REVIEWS,reviews_2023.csv,2023-01-22T04:50:19.412919147,BATCH-G-20230122
REV-00094690,SKU-0007985,user_9028554,Mr. Kevin Fry,5,"Absolutely love it, works perfectly!",2023-01-30,True,POSITIVE,0,SOURCE_G_REVIEWS,reviews_2023.csv,2023-01-30T11:55:38.621125767,BATCH-G-20230130
REV-00094698,SKU-0016989,,Anonymous,4,Will definitely buy again.,2023-12-23,False,POSITIVE,15,SOURCE_G_REVIEWS,reviews_2023.csv,2023-12-23T23:28:03.584001688,BATCH-G-20231223
REV-00094703,SKU-0012239,user_9032714,Darrell,4,"Exactly as described, very happy.",2023-01-25,False,POSITIVE,0,SOURCE_G_REVIEWS,reviews_2023.csv,2023-01-25T11:42:29.213055108,BATCH-G-20230125
REV-00094738,SKU-0016666,user_44948,Robert Gray,4,"<b>Update:</b>बहुत अच्छा उत्पाद है, पैसा वसूल!</p>",2023-02-24,True,POSITIVE,1,SOURCE_G_REVIEWS,reviews_2023.csv,2023-02-25T01:48:14.624672473,BATCH-G-20230224
REV-00094738-BOT,SKU-0016666,user_9011712,Steve Weber,4,"<b>Update:</b>बहुत अच्छा उत्पाद है, पैसा वसूल!</p>",2023-02-24,False,POSITIVE,0,SOURCE_G_REVIEWS,reviews_2023.csv,2023-02-25T01:48:14.624672473,BATCH-G-20230224
REV-00094739,SKU-0003993,user_60025,Melissa Bennett,4,   Will  definitely  buy  again.   ,2023-12-21,False,POSITIVE,6,SOURCE_G_REVIEWS,reviews_2023.csv,2023-12-22T04:21:39.127729247,BATCH-G-20231221
REV-00094739-DUP,SKU-0003993,user_60025,Melissa Bennett,4,   Will  definitely  buy  again.   ,2023-12-21,False,POSITIVE,6,SOURCE_G_REVIEWS,reviews_2023.csv,2023-12-22T04:24:39.127729247,BATCH-G-20231221
REV-00094746,SKU-0014609,user_4770,Christopher George,4,No cumplió mis expectativas.,2023-12-20,True,POSITIVE,0,SOURCE_G_REVIEWS,reviews_2023.csv,2023-12-19T08:00:00,BATCH-G-20231220
REV-00094747,SKU-0011299,user_9002321,Larry Brown,3,"Not bad, not great either.",2023-07-04,True,NEUTRAL,-3,SOURCE_G_REVIEWS,reviews_2023.csv,2023-07-04T07:52:33.300805721,BATCH-G-20230704
REV-00094761,SKU-0015773,user_19048,Kathleen Barajas,5,Better than I expected for the price.,2023-05-08,True,POSITIVE,3,SOURCE_G_REVIEWS,reviews_2023.csv,2023-05-08T18:41:31.200876659,BATCH-G-20230508
REV-00094777,SKU-0008880,user_5717,Aaron,4,Will definitely buy again.,2023-01-26,True,POSITIVE,1,SOURCE_G_REVIEWS,reviews_2023.csv,2023-01-26T00:46:51.467732279,BATCH-G-20230126
REV-00094780,SKU-0001108,user_50166,Melinda Cook,1,Very disappointed with the quality.,2023-09-09,True,NEGATIVE,0,SOURCE_G_REVIEWS,reviews_2023.csv,2023-09-09T11:49:22.822707364,BATCH-G-20230909
REV-00094785,SKU-0014858,,Anonymous,1,Very disappointed with the quality.,2023-03-30,True,NEGATIVE,5,SOURCE_G_REVIEWS,reviews_2023.csv,2023-03-30T17:34:19.074564872,BATCH-G-20230330
REV-00094794,SKU-0012268,user_9027029,Kelsey Raymond,5,Fast delivery and great quality.,2023-07-23,True,POSITIVE,1,SOURCE_G_REVIEWS,reviews_2023.csv,2023-07-23T15:58:53.939192151,BATCH-G-20230723
REV-00094797,SKU-9904454,user_9023847,Amanda Velasquez,5,"Exactly as described, very happy.",2023-10-21,False,POSITIVE,1,SOURCE_G_REVIEWS,reviews_2023.csv,2023-10-21T18:28:01.518282607,BATCH-G-20231021
REV-00094806,SKU-0009042,,Anonymous,4,Will definitely buy again.,2023-11-14,False,POSITIVE,3,SOURCE_G_REVIEWS,reviews_2023.csv,2023-11-14T03:24:43.427178435,BATCH-G-20231114
REV-00094818,SKU-0018035,user_9017532,Joanne Barnett,4,Better than I expected for the price.,2023-03-07,True,POSITIVE,0,SOURCE_G_REVIEWS,reviews_2023.csv,2023-03-07T02:54:05.969413910,BATCH-G-20230307
REV-00094834,SKU-0000900,user_9005289,Gregory Thompson,3,"Matches the description, no issues.",2023-06-03,False,NEUTRAL,0,SOURCE_G_REVIEWS,reviews_2023.csv,2023-06-03T21:16:23.262340156,BATCH-G-20230603
REV-00094836,SKU-9973171,user_23399,Natalie Richardson,5,Highly recommend this product.,2023-08-29,False,POSITIVE,2,SOURCE_G_REVIEWS,reviews_2023.csv,2023-09-06T14:00:00,BATCH-G-20230829
REV-00094841,SKU-0000182,,Anonymous,5,Better than I expected for the price.,2023-05-09,True,POSITIVE,2,SOURCE_G_REVIEWS,reviews_2023.csv,2023-05-09T11:54:05.923645774,BATCH-G-20230509
REV-00094843,SKU-0006857,user_9004882,Bernard Schwartz,Unknown,"Solid build quality, no complaints.",2023-09-23,True,POSITIVE,7,SOURCE_G_REVIEWS,reviews_2023.csv,2023-09-23T12:14:50.338958773,BATCH-G-20230923
REV-00094855,SKU-0014346,user_46120,Kari Reyes,4,"Absolutely love it, works perfectly!",2023-03-09,False,POSITIVE,2,SOURCE_G_REVIEWS,reviews_2023.csv,2023-03-10T00:48:01.888453747,BATCH-G-20230309
REV-00094861,SKU-0012288,user_19034,Andrew Cox,3,"Matches the description, no issues.",2023-11-07,True,NEUTRAL,2,SOURCE_G_REVIEWS,reviews_2023.csv,2023-11-07T03:38:31.316131524,BATCH-G-20231107
REV-00094862,SKU-0008010,user_9016474,Daisy Bailey,2,Not as described at all.,2023-08-11,False,NEGATIVE,3,SOURCE_G_REVIEWS,reviews_2023.csv,2023-08-11T23:21:30.612539459,BATCH-G-20230811
REV-00094872,SKU-0011111,user_18435,Jessica,4,"Solid build quality, no complaints.",2023-11-23,False,POSITIVE,1,SOURCE_G_REVIEWS,reviews_2023.csv,2023-11-23T03:37:04.290826387,BATCH-G-20231123
REV-00094874,SKU-0005256,user_9030842,Zachary Johnson,4,Great value for money.,2023-05-01,True,POSITIVE,5,SOURCE_G_REVIEWS,reviews_2023.csv,2023-05-01T04:35:06.818677251,BATCH-G-20230501
REV-00094874-DUP,SKU-0005256,user_9030842,Zachary Johnson,4,Great value for money.,2023-05-01,True,POSITIVE,5,SOURCE_G_REVIEWS,reviews_2023.csv,2023-05-01T05:05:06.818677251,BATCH-G-20230501
REV-00094879,SKU-0010551,user_57162,Brittany Williams,5,गुणवत्ता ठीक नहीं थी।,2023-07-22,True,POSITIVE,3,SOURCE_G_REVIEWS,reviews_2023.csv,2023-07-22T23:08:15.904581209,BATCH-G-20230722
REV-00094882,SKU-0001370,user_64216,Felicia Parker,5,Will definitely buy again.,2023-03-21,True,POSITIVE,6,SOURCE_G_REVIEWS,reviews_2023.csv,2023-03-21T18:58:47.211676770,BATCH-G-20230321
REV-00094887,SKU-0013649,user_36727,Theresa Morgan,5,Exceeded my expectations.,2023-01-16,True,POSITIVE,2,SOURCE_G_REVIEWS,reviews_2023.csv,2023-01-16T17:49:31.483800517,BATCH-G-20230116
REV-00094892,SKU-0009043,user_9004578,Tony Mccoy,5,Highly recommend this product.,2023-04-13,True,POSITIVE,2,SOURCE_G_REVIEWS,reviews_2023.csv,2023-04-14T03:16:42.293375170,BATCH-G-20230413
REV-00094913,SKU-0002776,user_9007944,Matthew Lee,4,"Solid build quality, no complaints.",2023-02-05,True,POSITIVE,2,SOURCE_G_REVIEWS,reviews_2023.csv,2023-02-05T06:13:09.599470641,BATCH-G-20230205
REV-00094914,SKU-0011141,user_29429,Thomas Lopez,4,"Muy buen producto, lo recomiendo. Perfect gift, they loved it!",2023-01-31,True,POSITIVE,3,SOURCE_G_REVIEWS,reviews_2023.csv,2023-01-31T17:49:40.811382786,BATCH-G-20230131
REV-00094929,SKU-0003689,user_9001432,William Allen,3,"It's okay, does the job.",2023-03-11,True,NEUTRAL,1,SOURCE_G_REVIEWS,reviews_2023.csv,2023-03-11T12:02:55.858844854,BATCH-G-20230311
REV-00094932,SKU-0011938,user_11222,Juan Simmons,5,"Absolutely love it, works perfectly!",2023-12-15,False,POSITIVE,7,SOURCE_G_REVIEWS,reviews_2023.csv,2023-12-16T01:52:02.666856397,BATCH-G-20231215
REV-00094936,SKU-0017374,user_9025384,Catherine,2,Wrong item was shipped to me.,2023-04-13,False,NEGATIVE,4,SOURCE_G_REVIEWS,reviews_2023.csv,2023-04-13T10:32:06.261551007,BATCH-G-20230413
REV-00094944,SKU-0018607,user_9001755,Brenda Green,4,"Solid build quality, no complaints.",2023-07-31,True,POSITIVE,2,SOURCE_G_REVIEWS,reviews_2023.csv,2023-07-31T07:03:15.104516882,BATCH-G-20230731
REV-00094946,SKU-0008741,user_47963,Haley Taylor,5,"Perfect gift, they loved it!",2023-05-09,True,POSITIVE,0,SOURCE_G_REVIEWS,reviews_2023.csv,2023-05-09T19:09:09.848429023,BATCH-G-20230509
REV-00094949,SKU-0003097,user_4421,Emily Davis,2,Arrived damaged and support was unhelpful.,2023-11-08,False,NEGATIVE,1,SOURCE_G_REVIEWS,reviews_2023.csv,2023-11-08T16:00:59.897332519,BATCH-G-20231108
REV-00094954,SKU-0004397,user_26257,Louis,5, ,2023-09-02,True,POSITIVE,0,SOURCE_G_REVIEWS,reviews_2023.csv,2023-09-02T22:11:33.401934671,BATCH-G-20230902
REV-00094955,SKU-0007159,user_24081,David Wells,4,Highly recommend this product.,2023-10-03,True,POSITIVE,0,SOURCE_G_REVIEWS,reviews_2023.csv,2023-10-03T12:56:50.646755494,BATCH-G-20231003
REV-00094971,SKU-0002584,user_9013089,Leslie King,3,"Average quality, nothing special.",2023-03-25,False,NEUTRAL,5,SOURCE_G_REVIEWS,reviews_2023.csv,2023-03-26T05:20:34.439282377,BATCH-G-20230325
REV-00094973,SKU-0004784,user_21150,Amy Baker,4,Better than I expected for the price.,2023-03-04,True,POSITIVE,4,SOURCE_G_REVIEWS,reviews_2023.csv,2023-03-04T21:15:17.851989798,BATCH-G-20230304
REV-00094978,SKU-0010020,user_9032650,Ana Smith,2,"Cheaply made, broke immediately.",2023-11-25,True,NEGATIVE,0,SOURCE_G_REVIEWS,reviews_2023.csv,2023-11-25T03:19:22.211907848,BATCH-G-20231125
REV-00094984,SKU-0010623,user_9022949,Thomas,1,Very disappointed with the quality.,2023-04-28,True,NEGATIVE,0,SOURCE_G_REVIEWS,reviews_2023.csv,2023-04-28T14:46:53.180784064,BATCH-G-20230428
REV-00094994,SKU-0008650,,Anonymous,3,"It's okay, does the job.",2023-02-21,True,NEUTRAL,1,SOURCE_G_REVIEWS,reviews_2023.csv,2023-02-21T07:44:43.313234367,BATCH-G-20230221
REV-00094995,SKU-0005757,user_9025723,Linda Shepard,3,Works fine but delivery was slow.,2023-10-27,True,NEUTRAL,0,SOURCE_G_REVIEWS,reviews_2023.csv,2023-10-27T02:30:07.847012647,BATCH-G-20231027
REV-00094997,SKU-9905778,user_8675,Joseph Todd,5,"Absolutely love it, works perfectly! 💯",2023-12-19,True,POSITIVE,0,SOURCE_G_REVIEWS,reviews_2023.csv,2023-12-20T04:21:26.278610573,BATCH-G-20231219
REV-00095026,SKU-0007105,user_50829,Barbara Armstrong,1,"Waste of money, do not buy.",2023-04-05,True,NEGATIVE,0,SOURCE_G_REVIEWS,reviews_2023.csv,2023-04-05T04:36:59.908081532,BATCH-G-20230405
REV-00095028,SKU-0008051,user_9017659,Randy Jackson,5,"Absolutely love it, works perfectly! 👍",2023-07-02,False,POSITIVE,0,SOURCE_G_REVIEWS,reviews_2023.csv,2023-07-02T09:47:50.921545366,BATCH-G-20230702
REV-00095032,SKU-9914956,user_9032311,Jennifer,5,"Absolutely love it, works perfectly!",2023-12-06,True,POSITIVE,1,SOURCE_G_REVIEWS,reviews_2023.csv,2023-12-06T02:36:18.641277300,BATCH-G-20231206
REV-00095033,SKU-0003314,user_3742,Luis,5,"Absolutely love it, works perfectly!",2023-01-03,True,POSITIVE,10,SOURCE_G_REVIEWS,reviews_2023.csv,2023-01-04T02:37:36.464775444,BATCH-G-20230103
REV-00095041,SKU-0010295,user_9020272,Sheila Watts,5,"Livraison très lente, déçu.",2023-01-13,True,POSITIVE,1,SOURCE_G_REVIEWS,reviews_2023.csv,2023-01-13T02:22:42.119580799,BATCH-G-20230113
REV-00095047,SKU-0008572,user_59286,Ethan Jones,5,   Better  than  I  expected  for  the  price.   ,2023-09-18,True,POSITIVE,5,SOURCE_G_REVIEWS,reviews_2023.csv,2023-09-18T23:27:20.227769392,BATCH-G-20230918
REV-00095049,SKU-0005090,,Anonymous,5,Will definitely buy again.,2023-04-30,True,POSITIVE,1,SOURCE_G_REVIEWS,reviews_2023.csv,2023-04-30T10:28:19.771497663,BATCH-G-20230430
REV-00095065,SKU-0017757,,Anonymous,2,Not as described at all.,2023-11-27,False,NEGATIVE,0,SOURCE_G_REVIEWS,reviews_2023.csv,2023-11-27T19:13:32.057703150,BATCH-G-20231127
REV-00095071,SKU-0005724,user_49766,Barry Wright,1,Very disappointed with the quality.,2023-07-20,True,NEGATIVE,14,SOURCE_G_REVIEWS,reviews_2023.csv,2023-07-20T23:39:23.047780962,BATCH-G-20230720
REV-00095072,SKU-0012248,user_9029891,Jason Martin,1,&nbsp;Not as described at all.<p>,2023-07-01,False,NEGATIVE,4,SOURCE_G_REVIEWS,reviews_2023.csv,2023-07-01T21:03:46.873752759,BATCH-G-20230701
REV-00095089,SKU-0018418,user_2233,Kristen,4,"Perfect gift, they loved it!",2023-11-11,False,POSITIVE,7,SOURCE_G_REVIEWS,reviews_2023.csv,2023-11-11T08:31:56.733275615,BATCH-G-20231111
REV-00095090,SKU-9941396,user_65416,Kathleen Johnson,,"Poor packaging, item was defective.",2023-07-07,True,NEGATIVE,0,SOURCE_G_REVIEWS,reviews_2023.csv,2023-07-07T09:58:04.125863313,BATCH-G-20230707
REV-00095092,SKU-0018054,user_32804,Jodi Burch DDS,2,Not as described at all.,2023-10-02,True,NEGATIVE,3,SOURCE_G_REVIEWS,reviews_2023.csv,2023-10-03T02:46:25.805164024,BATCH-G-20231002
REV-00095104,SKU-9981531,user_58157,Stephanie Allen,3,No cumplió mis expectativas.,2023-03-17,True,POSITIVE,0,SOURCE_G_REVIEWS,reviews_2023.csv,2023-03-17T08:29:02.578705380,BATCH-G-20230317
REV-00095108,SKU-0012028,user_9005719,Tiffany Gonzales,1,Very disappointed with the quality.,2023-04-30,True,NEGATIVE,0,SOURCE_G_REVIEWS,reviews_2023.csv,2023-04-30T05:15:50.435781054,BATCH-G-20230430
REV-00095113,SKU-0004183,user_61100,Stephanie,4,<p>Exceeded my expectations.</p>,2023-10-23,True,POSITIVE,4,SOURCE_G_REVIEWS,reviews_2023.csv,2023-10-24T02:51:26.596269916,BATCH-G-20231023
REV-00095117,SKU-0003413,user_9002700,Sierra,5,"Solid build quality, no complaints.",2023-11-25,False,POSITIVE,5,SOURCE_G_REVIEWS,reviews_2023.csv,2023-11-26T03:26:37.404171077,BATCH-G-20231125
REV-00095123,SKU-0019609,user_2737,Crystal,4,"Excellent rapport qualité-prix. Exactly as described, very happy.",2023-02-28,True,POSITIVE,0,SOURCE_G_REVIEWS,reviews_2023.csv,2023-03-01T01:00:14.144766338,BATCH-G-20230228
REV-00095155,SKU-0019720,user_9021723,Mrs. Jamie Browning,4,Highly recommend this product.,2023-11-29,True,POSITIVE,0,SOURCE_G_REVIEWS,reviews_2023.csv,2023-11-29T04:45:11.195848716,BATCH-G-20231129
REV-00095165,SKU-0015378,,Anonymous,1,Not as described at all.,2023-10-15,False,NEGATIVE,-1,SOURCE_G_REVIEWS,reviews_2023.csv,2023-10-14T17:00:00,BATCH-G-20231015
REV-00095169,SKU-0006009,user_48291,Casey Kramer,4,"Solid build quality, no complaints.",2023-12-30,True,POSITIVE,3,SOURCE_G_REVIEWS,reviews_2023.csv,2023-12-30T13:25:40.561529089,BATCH-G-20231230
REV-00095186,SKU-0000561,user_34537,Zachary Rodriguez,4,"Solid build quality, no complaints.",2023-10-27,False,POSITIVE,2,SOURCE_G_REVIEWS,reviews_2023.csv,2023-10-28T03:16:31.656341635,BATCH-G-20231027
REV-00095187,SKU-0003457,user_9022804,Jordan,4,"Solid build quality, no complaints.",2023-10-19,False,POSITIVE,1,SOURCE_G_REVIEWS,reviews_2023.csv,2023-10-19T16:14:44.187367546,BATCH-G-20231019
REV-00095191,SKU-0009496,user_8783,Jeffrey Benitez,null,Decent but overpriced a bit.,2023-07-23,False,NEUTRAL,0,SOURCE_G_REVIEWS,reviews_2023.csv,2023-07-24T01:44:54.891301526,BATCH-G-20230723
REV-00095192,SKU-0003688,user_9016478,Tyler Kim,2,   Very  disappointed  with  the  quality.   ,2023-05-09,True,NEGATIVE,3,SOURCE_G_REVIEWS,reviews_2023.csv,2023-05-09T21:30:29.743435969,BATCH-G-20230509
REV-00095195,SKU-0002587,,Anonymous,4,Exceeded my expectations.,2023-11-29,True,POSITIVE,2,SOURCE_G_REVIEWS,reviews_2023.csv,2023-11-29T18:32:08.214626162,BATCH-G-20231129
REV-00095205,SKU-0009526,user_9030086,Brian Johnson,3,"   <br>No  cumplió  mis  expectativas.  It's  okay,  does  the  job.<b>Update:</b>   ",2023-12-03,True,NEUTRAL,0,SOURCE_G_REVIEWS,reviews_2023.csv,2023-12-03T23:41:08.982373246,BATCH-G-20231203
REV-00095207,SKU-0016981,user_9028857,Kiara Hancock,4,"Not bad, not great either.",2023-09-21,False,NEUTRAL,0,SOURCE_G_REVIEWS,reviews_2023.csv,2023-09-22T03:26:42.554950238,BATCH-G-20230921
REV-00095211,SKU-0006810,user_51978,Amanda Meza,2,Wrong item was shipped to me.,2023-08-16,True,NEGATIVE,1,SOURCE_G_REVIEWS,reviews_2023.csv,2023-08-16T13:56:36.453163080,BATCH-G-20230816
REV-00095212,SKU-0010841,user_64554,Brian White,5,"Absolutely love it, works perfectly!",2023-12-10,True,POSITIVE,2,SOURCE_G_REVIEWS,reviews_2023.csv,2023-12-10T07:08:44.488502110,BATCH-G-20231210
REV-00095214,SKU-0011151,user_59684,Sarah,3,"It's okay, does the job.",2023-06-14,True,NEUTRAL,3,SOURCE_G_REVIEWS,reviews_2023.csv,2023-06-14T03:43:51.265899292,BATCH-G-20230614
REV-00095216,SKU-0009779,user_9017865,Andre Nicholson,3,"Waste of money, do not buy. 😐",2023-09-20,True,NEGATIVE,1,SOURCE_G_REVIEWS,reviews_2023.csv,2023-09-21T05:06:26.463649392,BATCH-G-20230920
REV-00095219,SKU-0003679,user_9034388,Joshua Strickland,5,"Perfect gift, they loved it! 🙏",2023-01-01,True,POSITIVE,1,SOURCE_G_REVIEWS,reviews_2023.csv,2023-01-01T12:54:56.120471930,BATCH-G-20230101
REV-00095231,SKU-0000011,user_64220,Nicole Golden,3,Works fine but delivery was slow.,2023-11-25,False,NEUTRAL,5,SOURCE_G_REVIEWS,reviews_2023.csv,2023-11-25T12:37:28.041487080,BATCH-G-20231125
REV-00095232,SKU-0012465,user_18590,Kevin Patterson,5,Great value for money.,2023-04-21,True,POSITIVE,2,SOURCE_G_REVIEWS,reviews_2023.csv,2023-04-21T02:04:20.221822025,BATCH-G-20230421
REV-00095233,SKU-0006625,,Anonymous,4,</p>Highly recommend this product.</p>,2023-05-25,True,POSITIVE,0,SOURCE_G_REVIEWS,reviews_2023.csv,2023-05-25T12:53:18.550343586,BATCH-G-20230525
REV-00095235,SKU-0007060,user_9022111,Brianna Riley,1,"Poor packaging, item was defective.",2023-09-22,False,NEGATIVE,0,SOURCE_G_REVIEWS,reviews_2023.csv,2023-09-23T05:19:38.224010134,BATCH-G-20230922
REV-00095237,SKU-0019191,user_9018584,Joseph Jackson,1,"Cheaply made, broke immediately.",2023-06-15,False,NEGATIVE,4,SOURCE_G_REVIEWS,reviews_2023.csv,2023-06-16T00:54:20.461222298,BATCH-G-20230615
REV-00095240,SKU-0015705,user_9025856,Felicia,1,-,2023-12-13,False,NEGATIVE,0,SOURCE_G_REVIEWS,reviews_2023.csv,2023-12-13T02:02:24.900569946,BATCH-G-20231213
REV-00095250,SKU-0011077,user_42214,Debbie Harrison,5,Fast delivery and great quality.,2023-05-06,False,POSITIVE,4,SOURCE_G_REVIEWS,reviews_2023.csv,2023-05-06T18:24:49.310418826,BATCH-G-20230506
REV-00095252,SKU-0000908,user_9018964,Darlene Doyle,5,"Absolutely love it, works perfectly!",2023-03-26,True,POSITIVE,3,SOURCE_G_REVIEWS,reviews_2023.csv,2023-03-26T15:48:23.894366899,BATCH-G-20230326
REV-00095255,SKU-0014001,,Anonymous,2,"Perfect gift, they loved it!",2023-06-21,False,POSITIVE,2,SOURCE_G_REVIEWS,reviews_2023.csv,2023-06-22T05:34:28.075061859,BATCH-G-20230621
REV-00095275,SKU-0000659,user_9029409,Thomas Tran,2,Very disappointed with the quality.,2023-04-27,True,NEGATIVE,0,SOURCE_G_REVIEWS,reviews_2023.csv,2023-04-27T05:39:44.606298262,BATCH-G-20230427
REV-00095276,SKU-0004563,user_9020975,Mr. William Nolan,3,"Matches the description, no issues.",2023-05-11,True,NEUTRAL,1,SOURCE_G_REVIEWS,reviews_2023.csv,2023-05-12T05:25:12.440781678,BATCH-G-20230511
REV-00095284,SKU-0006124,,Anonymous,5,"<i>edited</i>Perfect gift, they loved it! 🙏<p>",2023-06-18,True,POSITIVE,0,SOURCE_G_REVIEWS,reviews_2023.csv,2023-06-18T20:50:22.412553478,BATCH-G-20230618
REV-00095285,SKU-0010062,user_57381,Rachael,3,"Not bad, not great either.",2023-03-12,True,NEUTRAL,1,SOURCE_G_REVIEWS,reviews_2023.csv,2023-03-12T20:45:01.212509123,BATCH-G-20230312
REV-00095287,SKU-0015992,user_9023416,Tyler,?,Fast delivery and great quality.,2023-03-26,False,POSITIVE,8,SOURCE_G_REVIEWS,reviews_2023.csv,2023-03-27T00:17:30.422181114,BATCH-G-20230326
REV-00095295,SKU-0018080,user_5314,Todd,4,"Absolutely love it, works perfectly!",2023-06-13,False,POSITIVE,4,SOURCE_G_REVIEWS,reviews_2023.csv,2023-06-16T05:00:00,BATCH-G-20230613
REV-00095304,SKU-0010600,user_57988,Maria Buck,4,"Poor packaging, item was defective.",2023-05-17,False,NEGATIVE,4,SOURCE_G_REVIEWS,reviews_2023.csv,2023-05-18T01:02:26.768339836,BATCH-G-20230517
REV-00095314,SKU-0009002,user_9030022,Amy Novak,4,Exceeded my expectations.,2023-05-07,False,POSITIVE,1,SOURCE_G_REVIEWS,reviews_2023.csv,2023-05-08T03:16:44.254894036,BATCH-G-20230507
REV-00095332,SKU-9994571,user_45727,Cynthia,5,"बहुत अच्छा उत्पाद है, पैसा वसूल!",2023-02-19,True,POSITIVE,1,SOURCE_G_REVIEWS,reviews_2023.csv,2023-02-19T11:07:00.728658426,BATCH-G-20230219
REV-00095333,SKU-0015540,user_13270,Troy Ortiz,4,Great value for money.,2023-09-17,True,POSITIVE,14,SOURCE_G_REVIEWS,reviews_2023.csv,2023-09-17T07:14:13.367107118,BATCH-G-20230917
REV-00095343,SKU-9907631,user_9005999,Samantha,5,"Absolutely love it, works perfectly!",2023-11-03,False,POSITIVE,1,SOURCE_G_REVIEWS,reviews_2023.csv,2023-11-03T23:30:52.367779636,BATCH-G-20231103
REV-00095353,SKU-0019384,user_9025778,Marvin Sanders,4,गुणवत्ता ठीक नहीं थी।,2023-12-11,True,POSITIVE,3,SOURCE_G_REVIEWS,reviews_2023.csv,2023-12-11T09:03:56.694322360,BATCH-G-20231211
REV-00095363,SKU-0002930,user_9032237,Cynthia Hall,4,"Absolutely love it, works perfectly!",2023-02-17,True,POSITIVE,3,SOURCE_G_REVIEWS,reviews_2023.csv,2023-02-17T17:44:53.727754259,BATCH-G-20230217
REV-00095364,SKU-0006183,user_9013241,Ryan Pena,1,Not as described at all.,2023-10-27,False,NEGATIVE,10,SOURCE_G_REVIEWS,reviews_2023.csv,2023-10-27T20:46:49.745880866,BATCH-G-20231027
REV-00095378,SKU-0000302,,Anonymous,5,Fast delivery and great quality.,2023-11-09,True,POSITIVE,0,SOURCE_G_REVIEWS,reviews_2023.csv,2023-11-09T16:04:24.822213323,BATCH-G-20231109
REV-00095379,SKU-0012777,user_9025856,Felicia,4,"Exactly as described, very happy.",2023-07-07,True,POSITIVE,5,SOURCE_G_REVIEWS,reviews_2023.csv,2023-07-07T18:29:14.477514050,BATCH-G-20230707
REV-00095385,SKU-0016964,user_9033776,Darius,4,गुणवत्ता ठीक नहीं थी। Works fine but delivery was slow.,2023-02-09,True,NEUTRAL,0,SOURCE_G_REVIEWS,reviews_2023.csv,2023-02-09T01:54:17.592683962,BATCH-G-20230209
REV-00095386,SKU-0015915,,Anonymous,4,"Waste of money, do not buy. 🙏😀",2023-03-29,False,NEGATIVE,0,SOURCE_G_REVIEWS,reviews_2023.csv,2023-03-30T03:31:16.865471576,BATCH-G-20230329
REV-00095395,SKU-0019166,user_9020992,Raven Snyder,4,Highly recommend this product.,2023-12-03,True,POSITIVE,0,SOURCE_G_REVIEWS,reviews_2023.csv,2023-12-03T18:06:07.138515410,BATCH-G-20231203
REV-00095398,SKU-0013459,user_46574,Scott Mejia,4,   Will  definitely  buy  again.   ,2023-07-15,False,POSITIVE,10,SOURCE_G_REVIEWS,reviews_2023.csv,2023-07-16T02:41:13.426160943,BATCH-G-20230715
REV-00095414,SKU-0012576,user_9030360,Sharon Dyer,5,"Exactly as described, very happy.",2023-01-16,False,POSITIVE,1,SOURCE_G_REVIEWS,reviews_2023.csv,2023-01-16T03:16:55.027246532,BATCH-G-20230116
REV-00095416,SKU-0017163,user_9017722,Nancy Williams,3,गुणवत्ता ठीक नहीं थी।,2023-11-20,False,NEUTRAL,2,SOURCE_G_REVIEWS,reviews_2023.csv,2023-11-20T02:46:14.015737168,BATCH-G-20231120
REV-00095419,SKU-0004036,user_7481,Rebecca Ross,4,Fast delivery and great quality.,2023-04-01,True,POSITIVE,1,SOURCE_G_REVIEWS,reviews_2023.csv,2023-04-01T04:40:05.152792191,BATCH-G-20230401
REV-00095447,SKU-0003688,user_9034353,Toni Douglas,4,No cumplió mis expectativas. Exceeded my expectations.,2023-06-13,True,POSITIVE,1,SOURCE_G_REVIEWS,reviews_2023.csv,2023-06-13T14:37:57.747209806,BATCH-G-20230613
REV-00095464,SKU-0017932,user_9530,Sean,5,Better than I expected for the price.,2023-11-15,False,POSITIVE,1,SOURCE_G_REVIEWS,reviews_2023.csv,2023-11-15T13:47:00.975748820,BATCH-G-20231115
REV-00095466,SKU-0006941,user_40482,Joshua Griffin,2,Not as described at all.,2023-05-25,False,NEGATIVE,0,SOURCE_G_REVIEWS,reviews_2023.csv,2023-05-25T06:22:17.022365373,BATCH-G-20230525
REV-00095478,SKU-0003140,,Anonymous,3,"Matches the description, no issues.",2023-12-13,True,NEUTRAL,2,SOURCE_G_REVIEWS,reviews_2023.csv,2023-12-13T23:41:30.630719723,BATCH-G-20231213
REV-00095480,SKU-0013872,,Anonymous,5,Better than I expected for the price.,2023-02-10,False,POSITIVE,0,SOURCE_G_REVIEWS,reviews_2023.csv,2023-02-10T22:21:28.780313077,BATCH-G-20230210
REV-00095481,SKU-0003292,,Anonymous,4,Great value for money.,2023-01-21,False,POSITIVE,0,SOURCE_G_REVIEWS,reviews_2023.csv,2023-01-22T03:28:09.305363021,BATCH-G-20230121
REV-00095483,SKU-0011239,user_9018239,Amanda,4,"Livraison très lente, déçu.",2023-09-04,True,POSITIVE,0,SOURCE_G_REVIEWS,reviews_2023.csv,2023-09-04T06:49:58.339596699,BATCH-G-20230904
REV-00095484,SKU-0018684,user_9010839,Gregg Castro,4,   Will  definitely  buy  again.   ,2023-06-19,False,POSITIVE,1,SOURCE_G_REVIEWS,reviews_2023.csv,2023-06-20T04:56:50.909039063,BATCH-G-20230619
REV-00095490,SKU-0008983,,Anonymous,5,"Exactly as described, very happy.",2023-04-08,True,POSITIVE,5,SOURCE_G_REVIEWS,reviews_2023.csv,2023-04-26T12:00:00,BATCH-G-20230408
REV-00095500,SKU-0006357,user_9005518,Wendy Glenn,4,Will definitely buy again.,2023-10-12,False,POSITIVE,6,SOURCE_G_REVIEWS,reviews_2023.csv,2023-10-12T20:27:42.879578049,BATCH-G-20231012
REV-00095503,SKU-0014585,user_4527,Mrs. Carrie Davis,5,Highly recommend this product.,2023-03-20,True,POSITIVE,2,SOURCE_G_REVIEWS,reviews_2023.csv,2023-03-20T18:25:45.449537377,BATCH-G-20230320
REV-00095506,SKU-0006585,user_9018572,Juan,1,Wrong item was shipped to me.,2023-08-14,True,NEGATIVE,1,SOURCE_G_REVIEWS,reviews_2023.csv,2023-08-14T10:38:15.044113019,BATCH-G-20230814
REV-00095510,SKU-0004062,user_9004642,Kristin,4,Highly recommend this product.,2023-03-09,True,POSITIVE,1,SOURCE_G_REVIEWS,reviews_2023.csv,2023-03-09T05:12:35.231944881,BATCH-G-20230309
REV-00095517,SKU-0014279,user_68097,Stephanie Avery,4,"Exactly as described, very happy. 👍",2023-12-07,False,POSITIVE,2,SOURCE_G_REVIEWS,reviews_2023.csv,2023-12-07T09:16:18.572955554,BATCH-G-20231207
REV-00095520,SKU-0016636,,Anonymous,5,Better than I expected for the price.,2023-09-23,False,POSITIVE,3,SOURCE_G_REVIEWS,reviews_2023.csv,2023-09-23T19:11:20.845663217,BATCH-G-20230923
REV-00095521,SKU-0019966,user_9009791,Brett,null,Better than I expected for the price.,2023-09-10,True,POSITIVE,0,SOURCE_G_REVIEWS,reviews_2023.csv,2023-09-10T12:55:44.011280492,BATCH-G-20230910
REV-00095533,SKU-0019841,user_9010466,Steven,5,Will definitely buy again.,2023-04-10,True,POSITIVE,2,SOURCE_G_REVIEWS,reviews_2023.csv,2023-04-10T02:57:37.811350836,BATCH-G-20230410
REV-00095537,SKU-0017018,,Anonymous,2,"Solid build quality, no complaints.",2023-03-27,True,POSITIVE,2,SOURCE_G_REVIEWS,reviews_2023.csv,2023-03-27T17:01:43.247205420,BATCH-G-20230327
REV-00095553,SKU-0004604,user_9021920,Jeffrey Evans,4,Exceeded my expectations.,2023-07-04,False,POSITIVE,1,SOURCE_G_REVIEWS,reviews_2023.csv,2023-07-04T21:12:44.626280588,BATCH-G-20230704
REV-00095561,SKU-0001882,user_9024636,Lisa,4,"Livraison très lente, déçu.",2023-04-05,False,POSITIVE,3,SOURCE_G_REVIEWS,reviews_2023.csv,2023-04-05T01:58:07.868407669,BATCH-G-20230405
REV-00095566,SKU-0017371,user_9003600,Hannah,5,Great value for money.,2023-03-21,False,POSITIVE,1,SOURCE_G_REVIEWS,reviews_2023.csv,2023-03-21T09:21:10.161457209,BATCH-G-20230321
REV-00095567,SKU-9954389,user_44497,Marcus Douglas,5,Will definitely buy again.,2023-07-05,False,POSITIVE,0,SOURCE_G_REVIEWS,reviews_2023.csv,2023-07-05T12:10:10.809967581,BATCH-G-20230705
REV-00095568,SKU-9912495,user_9014504,David Caldwell,4,Will definitely buy again.,2023-09-22,False,POSITIVE,1,SOURCE_G_REVIEWS,reviews_2023.csv,2023-09-22T03:39:34.856380388,BATCH-G-20230922
REV-00095580,SKU-0003387,user_9024552,Christopher Bernard,5,Better than I expected for the price. ⭐,2023-03-01,True,POSITIVE,2,SOURCE_G_REVIEWS,reviews_2023.csv,2023-03-01T11:14:13.801833827,BATCH-G-20230301
REV-00095586,SKU-0014881,,Anonymous,3,"Matches the description, no issues. 🔥",2023-08-08,True,NEUTRAL,0,SOURCE_G_REVIEWS,reviews_2023.csv,2023-08-09T02:51:57.114601859,BATCH-G-20230808
REV-00095587,SKU-0013495,user_9027751,Terry Perkins,1,"Waste of money, do not buy.",2023-05-25,True,NEGATIVE,3,SOURCE_G_REVIEWS,reviews_2023.csv,2023-05-25T08:32:35.766229262,BATCH-G-20230525
REV-00095593,SKU-0003656,user_9017343,Robert Turner,4,"Exactly as described, very happy.",2023-08-15,True,POSITIVE,3,SOURCE_G_REVIEWS,reviews_2023.csv,2023-08-15T09:15:29.630081045,BATCH-G-20230815
REV-00095601,SKU-0013015,user_40396,Jane Griffith,5,"Livraison très lente, déçu.",2023-12-11,True,POSITIVE,2,SOURCE_G_REVIEWS,reviews_2023.csv,2023-12-11T17:22:43.778789169,BATCH-G-20231211
REV-00095605,SKU-0011115,user_61321,Molly,1,"Cheaply made, broke immediately.",2023-04-20,True,NEGATIVE,8,SOURCE_G_REVIEWS,reviews_2023.csv,2023-04-20T14:04:24.587830540,BATCH-G-20230420
REV-00095612,SKU-0016494,user_9012161,Rebecca,4,Great value for money.,2023-04-09,True,POSITIVE,4,SOURCE_G_REVIEWS,reviews_2023.csv,2023-04-09T14:35:49.564888072,BATCH-G-20230409
REV-00095617,SKU-0010793,user_9007232,Jonathan Taylor,4,"Exactly as described, very happy.",2023-04-08,True,POSITIVE,3,SOURCE_G_REVIEWS,reviews_2023.csv,2023-04-08T20:25:03.468145819,BATCH-G-20230408
REV-00095618,SKU-0013020,user_9018372,Ann Webster,1,"Cheaply made, broke immediately.",2023-08-06,False,NEGATIVE,2,SOURCE_G_REVIEWS,reviews_2023.csv,2023-08-06T09:03:55.215607733,BATCH-G-20230806
REV-00095619,SKU-0019332,user_9033500,Javier Bates,5,Great value for money.,2023-09-16,True,POSITIVE,4,SOURCE_G_REVIEWS,reviews_2023.csv,2023-09-16T05:28:10.926622870,BATCH-G-20230916
REV-00095630,SKU-0015568,user_9020052,Crystal,3,"Average quality, nothing special.",2023-05-13,False,NEUTRAL,2,SOURCE_G_REVIEWS,reviews_2023.csv,2023-05-14T04:15:18.245568677,BATCH-G-20230513
REV-00095633,SKU-0007592,user_44579,Janet Fisher,5,Will definitely buy again.,2023-12-24,True,POSITIVE,1,SOURCE_G_REVIEWS,reviews_2023.csv,2023-12-24T03:17:00.349872665,BATCH-G-20231224
REV-00095636,SKU-0018664,,Anonymous,5,Works fine but delivery was slow.,2023-07-30,True,NEUTRAL,4,SOURCE_G_REVIEWS,reviews_2023.csv,2023-07-31T05:46:24.298410414,BATCH-G-20230730
REV-00095649,SKU-0000607,user_53984,Michele Kidd,5,"Absolutely love it, works perfectly!",2023-12-02,True,POSITIVE,4,SOURCE_G_REVIEWS,reviews_2023.csv,2023-12-02T00:42:20.764711338,BATCH-G-20231202
REV-00095662,SKU-0003092,user_7962,John Adams,3,"Average quality, nothing special. 🙏",2023-08-31,False,NEUTRAL,0,SOURCE_G_REVIEWS,reviews_2023.csv,2023-08-31T03:11:18.111571069,BATCH-G-20230831
REV-00095662-DUP,SKU-0003092,user_7962,John Adams,3,"Average quality, nothing special. 🙏",2023-08-31,False,NEUTRAL,0,SOURCE_G_REVIEWS,reviews_2023.csv,2023-08-31T03:52:18.111571069,BATCH-G-20230831
REV-00095669,SKU-0005819,,Anonymous,3,"<b>Update:</b>Not bad, not great either.<br>",2023-09-12,False,NEUTRAL,2,SOURCE_G_REVIEWS,reviews_2023.csv,2023-09-13T03:34:55.855487270,BATCH-G-20230912
REV-00095678,SKU-0010101,user_62465,Mark Trujillo,5,Better than I expected for the price. 🙏,2023-12-15,True,POSITIVE,1,SOURCE_G_REVIEWS,reviews_2023.csv,2023-12-15T20:16:05.443973608,BATCH-G-20231215
REV-00095680,SKU-0012937,user_32826,Robert Brown,4,"Solid build quality, no complaints.",2023-05-19,True,POSITIVE,0,SOURCE_G_REVIEWS,reviews_2023.csv,2023-05-19T20:22:22.399983642,BATCH-G-20230519
REV-00095682,SKU-0012538,,Anonymous,3,"It's okay, does the job.",2023-10-24,True,NEUTRAL,8,SOURCE_G_REVIEWS,reviews_2023.csv,2023-10-24T22:58:01.933661071,BATCH-G-20231024
REV-00095688,SKU-0013057,,Anonymous,unknown,"Perfect gift, they loved it!",2023-10-04,True,POSITIVE,1,SOURCE_G_REVIEWS,reviews_2023.csv,2023-10-04T22:26:30.234989441,BATCH-G-20231004
REV-00095689,SKU-0005962,user_60661,Kevin Weeks,4,Better than I expected for the price.,2023-07-04,True,POSITIVE,3,SOURCE_G_REVIEWS,reviews_2023.csv,2023-07-04T23:27:12.959622403,BATCH-G-20230704
REV-00095691,SKU-0009893,user_22160,Megan,5,Highly recommend this product.,2023-11-11,False,POSITIVE,2,SOURCE_G_REVIEWS,reviews_2023.csv,2023-11-11T21:27:09.686703998,BATCH-G-20231111
REV-00095693,SKU-0004428,user_18753,Patrick Petty,5,Better than I expected for the price.,2023-09-17,True,POSITIVE,1,SOURCE_G_REVIEWS,reviews_2023.csv,2023-09-17T00:57:09.337704894,BATCH-G-20230917
REV-00095709,SKU-0002632,user_17723,James Powell,4,"Perfect gift, they loved it!",2023-02-11,True,POSITIVE,1,SOURCE_G_REVIEWS,reviews_2023.csv,2023-02-11T16:08:23.062024658,BATCH-G-20230211
REV-00095724,SKU-0019140,,Anonymous,3,Works fine but delivery was slow.,2023-11-11,True,NEUTRAL,2,SOURCE_G_REVIEWS,reviews_2023.csv,2023-11-11T05:27:19.073294744,BATCH-G-20231111
REV-00095736,SKU-0002881,,Anonymous,5,"Solid build quality, no complaints.",2023-04-10,False,POSITIVE,2,SOURCE_G_REVIEWS,reviews_2023.csv,2023-04-11T01:36:03.888552951,BATCH-G-20230410
REV-00095742,SKU-0016178,user_9028731,Joshua Reed,5,   Fast  delivery  and  great  quality.   ,2023-05-23,False,POSITIVE,1,SOURCE_G_REVIEWS,reviews_2023.csv,2023-05-23T01:50:20.097993909,BATCH-G-20230523
REV-00095745,SKU-0012437,user_9011735,Emily,4,"Absolutely love it, works perfectly!",2023-02-03,False,POSITIVE,3,SOURCE_G_REVIEWS,reviews_2023.csv,2023-02-04T04:56:17.850934018,BATCH-G-20230203
REV-00095749,SKU-0013949,user_15519,Heidi Carter,5,Excellent rapport qualité-prix.,2023-07-16,False,POSITIVE,0,SOURCE_G_REVIEWS,reviews_2023.csv,2023-07-16T07:47:53.930819621,BATCH-G-20230716
REV-00095755,SKU-0008809,user_29413,Sara Moore,5,"Solid build quality, no complaints.",2023-03-11,True,POSITIVE,0,SOURCE_G_REVIEWS,reviews_2023.csv,2023-03-11T07:45:24.973002353,BATCH-G-20230311
REV-00095758,SKU-0001943,user_68623,Craig Simmons,3,"Poor packaging, item was defective.",2023-05-30,True,NEGATIVE,0,SOURCE_G_REVIEWS,reviews_2023.csv,2023-05-31T02:47:40.351195812,BATCH-G-20230530
REV-00095774,SKU-0009851,user_61774,Sarah Jackson,4,Exceeded my expectations.,2023-10-10,False,POSITIVE,1,SOURCE_G_REVIEWS,reviews_2023.csv,2023-10-10T15:33:14.398628228,BATCH-G-20231010
REV-00095779,SKU-0002122,,Anonymous,0,"   Absolutely  love  it,  works  perfectly!  😀   ",2023-07-12,True,POSITIVE,0,SOURCE_G_REVIEWS,reviews_2023.csv,2023-07-12T16:58:17.169020852,BATCH-G-20230712
REV-00095787,SKU-0003738,user_9029969,Sarah Watkins,5,"Absolutely love it, works perfectly!",2023-10-02,False,POSITIVE,9,SOURCE_G_REVIEWS,reviews_2023.csv,2023-10-02T15:50:13.327029520,BATCH-G-20231002
REV-00095807,SKU-0018282,user_9029820,Jerry Johnson,3,"It's okay, does the job.",2023-10-07,False,NEUTRAL,0,SOURCE_G_REVIEWS,reviews_2023.csv,2023-10-08T04:09:55.099721468,BATCH-G-20231007
REV-00095822,SKU-0003165,user_9021531,Troy Webb Jr.,unknown,Highly recommend this product.,2023-08-01,True,POSITIVE,0,SOURCE_G_REVIEWS,reviews_2023.csv,2023-08-01T06:48:30.991596137,BATCH-G-20230801
REV-00095826,SKU-0001547,user_9019322,Sandra,5,   Great  value  for  money.   ,2023-06-10,False,POSITIVE,3,SOURCE_G_REVIEWS,reviews_2023.csv,2023-06-10T12:22:10.107526485,BATCH-G-20230610
REV-00095826-DUP,SKU-0001547,user_9019322,Sandra,5,   Great  value  for  money.   ,2023-06-10,False,POSITIVE,3,SOURCE_G_REVIEWS,reviews_2023.csv,2023-06-10T13:17:10.107526485,BATCH-G-20230610
REV-00095849,SKU-0001635,user_9004008,Gregory Cordova,5,Fast delivery and great quality.,2023-04-06,False,POSITIVE,1,SOURCE_G_REVIEWS,reviews_2023.csv,2023-04-07T05:01:33.038311683,BATCH-G-20230406
REV-00095855,SKU-0008073,user_9034919,James Ingram,5,"बहुत अच्छा उत्पाद है, पैसा वसूल!",2023-06-29,True,NEGATIVE,0,SOURCE_G_REVIEWS,reviews_2023.csv,2023-06-29T02:47:43.229230640,BATCH-G-20230629
REV-00095856,SKU-0014470,user_9024001,Stephanie,4,"Exactly as described, very happy.",2023-06-16,True,POSITIVE,0,SOURCE_G_REVIEWS,reviews_2023.csv,2023-06-16T20:12:50.257513112,BATCH-G-20230616
REV-00095866,SKU-0013720,user_9026547,Jacob,5,Will definitely buy again.,2023-12-11,True,POSITIVE,1,SOURCE_G_REVIEWS,reviews_2023.csv,2023-12-11T19:27:49.762215892,BATCH-G-20231211
REV-00095873,SKU-0019821,user_10375,John Elliott,5,"Absolutely love it, works perfectly!",2023-07-10,False,POSITIVE,0,SOURCE_G_REVIEWS,reviews_2023.csv,2023-07-10T09:30:26.185507142,BATCH-G-20230710
REV-00095876,SKU-0017524,user_9033142,James Potter,4,Better than I expected for the price.,2023-12-19,False,POSITIVE,0,SOURCE_G_REVIEWS,reviews_2023.csv,2023-12-19T16:09:18.137655267,BATCH-G-20231219
REV-00095880,SKU-0014378,user_8871,James,5,Wrong item was shipped to me.,2023-02-22,False,NEGATIVE,4,SOURCE_G_REVIEWS,reviews_2023.csv,2023-02-22T13:23:55.136096717,BATCH-G-20230222
REV-00095884,SKU-0018648,user_9007689,Joseph Reed,1,"बहुत अच्छा उत्पाद है, पैसा वसूल!",2023-11-11,True,NEGATIVE,0,SOURCE_G_REVIEWS,reviews_2023.csv,2023-11-12T02:33:50.064005895,BATCH-G-20231111
REV-00095888,SKU-0014858,user_41354,Eric Estrada,4,Fast delivery and great quality.,2023-08-07,True,POSITIVE,3,SOURCE_G_REVIEWS,reviews_2023.csv,2023-08-08T05:33:32.924776596,BATCH-G-20230807
REV-00095901,SKU-0012329,user_9010431,John,3,No cumplió mis expectativas. Decent but overpriced a bit.,2023-11-07,True,NEUTRAL,0,SOURCE_G_REVIEWS,reviews_2023.csv,2023-11-22T03:00:00,BATCH-G-20231107
REV-00095904,SKU-0002945,user_40756,Dominic Perry,4,Great value for money.,2023-10-22,False,POSITIVE,0,SOURCE_G_REVIEWS,reviews_2023.csv,2023-10-23T00:58:37.798386484,BATCH-G-20231022
REV-00095910,SKU-0008117,user_28107,Timothy Moore,5,Works fine but delivery was slow.,2023-05-19,True,NEUTRAL,0,SOURCE_G_REVIEWS,reviews_2023.csv,2023-05-19T13:23:26.527974954,BATCH-G-20230519
REV-00095934,SKU-9985549,user_6350,Peter Monroe,4,Fast delivery and great quality.,2023-05-27,True,POSITIVE,0,SOURCE_G_REVIEWS,reviews_2023.csv,2023-05-27T11:21:05.595845910,BATCH-G-20230527
REV-00095935,SKU-0003873,user_28716,Kimberly,5,Great value for money.,2023-07-26,True,POSITIVE,0,SOURCE_G_REVIEWS,reviews_2023.csv,2023-07-26T22:40:17.801564122,BATCH-G-20230726
REV-00095936,SKU-0016818,user_9004387,William Martin,3,"Not bad, not great either.",2023-02-11,False,NEUTRAL,5,SOURCE_G_REVIEWS,reviews_2023.csv,2023-02-11T00:32:05.154626470,BATCH-G-20230211
REV-00095941,SKU-0002850,user_9026937,Matthew Perry,5,Great value for money.,2023-04-30,False,POSITIVE,3,SOURCE_G_REVIEWS,reviews_2023.csv,2023-04-30T16:55:30.731093400,BATCH-G-20230430
REV-00095944,SKU-0010183,user_67799,Roberto,1,"Cheaply made, broke immediately.",2023-09-08,True,NEGATIVE,0,SOURCE_G_REVIEWS,reviews_2023.csv,2023-09-08T07:44:40.800900409,BATCH-G-20230908
REV-00095957,SKU-0008482,user_9033319,Daniel,5,Great value for money.,2023-11-09,False,POSITIVE,0,SOURCE_G_REVIEWS,reviews_2023.csv,2023-11-09T22:32:50.524775812,BATCH-G-20231109
REV-00095958,SKU-0009598,user_9033646,Frank Wagner,4,Will definitely buy again.,2023-05-22,True,POSITIVE,1,SOURCE_G_REVIEWS,reviews_2023.csv,2023-05-22T02:18:52.531464439,BATCH-G-20230522
REV-00095963,SKU-0000069,user_65188,Amy,4,Better than I expected for the price.,2023-06-27,True,POSITIVE,0,SOURCE_G_REVIEWS,reviews_2023.csv,2023-06-27T08:13:17.653764473,BATCH-G-20230627
REV-00095967,SKU-0014597,,Anonymous,2,"Cheaply made, broke immediately.",2023-06-16,True,NEGATIVE,7,SOURCE_G_REVIEWS,reviews_2023.csv,2023-06-16T23:07:52.398823346,BATCH-G-20230616
REV-00095968,SKU-0007443,user_9012724,Eugene Cooper,5,Great value for money.,2023-09-26,False,POSITIVE,8,SOURCE_G_REVIEWS,reviews_2023.csv,2023-09-26T14:02:37.789028246,BATCH-G-20230926
REV-00095976,SKU-0005091,user_9027245,Kenneth Duncan,-1,   Great  value  for  money.   ,2023-05-09,True,POSITIVE,0,SOURCE_G_REVIEWS,reviews_2023.csv,2023-05-10T00:58:10.024770069,BATCH-G-20230509
REV-00095979,SKU-0016613,user_9030220,Joanne,3,"It's okay, does the job.",2023-06-11,True,NEUTRAL,5,SOURCE_G_REVIEWS,reviews_2023.csv,2023-06-11T05:16:27.003718395,BATCH-G-20230611
REV-00095991,SKU-0002782,user_9027983,Jared,4,Will definitely buy again.,2023-04-30,True,POSITIVE,3,SOURCE_G_REVIEWS,reviews_2023.csv,2023-04-30T22:30:06.761665396,BATCH-G-20230430
REV-00096005,SKU-0016761,,Anonymous,3,Works fine but delivery was slow.,2023-09-05,False,NEUTRAL,0,SOURCE_G_REVIEWS,reviews_2023.csv,2023-09-06T01:49:18.815911674,BATCH-G-20230905
REV-00096006,SKU-0006467,user_9017853,Michael Smith,5,"Exactly as described, very happy.",2023-12-06,True,POSITIVE,2,SOURCE_G_REVIEWS,reviews_2023.csv,2023-12-06T07:43:41.421018391,BATCH-G-20231206
REV-00096006-BOT,SKU-0006467,user_9007708,Claudia,5,"Exactly as described, very happy.",2023-12-06,False,POSITIVE,0,SOURCE_G_REVIEWS,reviews_2023.csv,2023-12-06T07:43:41.421018391,BATCH-G-20231206
REV-00096008,SKU-0014917,,Anonymous,4,Great value for money.,2023-12-21,False,POSITIVE,3,SOURCE_G_REVIEWS,reviews_2023.csv,2023-12-21T05:23:53.733200291,BATCH-G-20231221
REV-00096017,SKU-0001171,user_23028,Sonya,5,"Absolutely love it, works perfectly!",2023-09-16,False,POSITIVE,4,SOURCE_G_REVIEWS,reviews_2023.csv,2023-09-16T06:39:14.197300676,BATCH-G-20230916
REV-00096029,SKU-0004338,user_42426,Anthony Jones,3,"Average quality, nothing special.",2023-11-07,False,NEUTRAL,0,SOURCE_G_REVIEWS,reviews_2023.csv,2023-11-07T08:16:14.419285231,BATCH-G-20231107
REV-00096068,SKU-0004735,user_52211,Dr. Raymond Mcintyre DDS,3,"Matches the description, no issues.",2023-04-29,True,NEUTRAL,2,SOURCE_G_REVIEWS,reviews_2023.csv,2023-04-29T04:05:25.408953889,BATCH-G-20230429
REV-00096071,SKU-0005045,user_9033133,Matthew Blackwell,5,"Exactly as described, very happy.",2023-05-12,False,POSITIVE,4,SOURCE_G_REVIEWS,reviews_2023.csv,2023-05-12T14:21:55.091237739,BATCH-G-20230512
REV-00096082,SKU-0002425,user_9027989,Sarah Gilbert,4,Fast delivery and great quality.,2023-12-12,True,POSITIVE,2,SOURCE_G_REVIEWS,reviews_2023.csv,2023-12-12T20:06:24.064609066,BATCH-G-20231212
REV-00096085,SKU-0010837,user_52403,Jose King,5,Will definitely buy again.,2023-06-18,True,POSITIVE,0,SOURCE_G_REVIEWS,reviews_2023.csv,2023-06-18T19:55:42.917625796,BATCH-G-20230618
REV-00096103,SKU-0013761,user_9017936,Heather Bautista,5,Will definitely buy again.,2023-06-25,False,POSITIVE,4,SOURCE_G_REVIEWS,reviews_2023.csv,2023-06-25T04:27:50.695653906,BATCH-G-20230625
REV-00096105,SKU-0012547,user_39258,Roger Williams,2,Stopped working after a week.,2023-05-23,False,NEGATIVE,0,SOURCE_G_REVIEWS,reviews_2023.csv,2023-05-23T06:19:28.684213379,BATCH-G-20230523
REV-00096112,SKU-0006367,user_22011,Misty Perry,4,Highly recommend this product.,2023-12-30,False,POSITIVE,2,SOURCE_G_REVIEWS,reviews_2023.csv,2023-12-30T09:16:15.685816581,BATCH-G-20231230
REV-00096127,SKU-0018226,user_17319,Beth James,5,Exceeded my expectations.,2023-12-31,True,POSITIVE,2,SOURCE_G_REVIEWS,reviews_2023.csv,2023-12-31T09:48:53.435155781,BATCH-G-20231231
REV-00096134,SKU-0003930,user_9009977,Jennifer Torres,,"Muy buen producto, lo recomiendo. Exceeded my expectations.",2023-01-10,False,POSITIVE,0,SOURCE_G_REVIEWS,reviews_2023.csv,2023-01-10T12:34:24.432273453,BATCH-G-20230110
REV-00096135,SKU-0018265,,Anonymous,5,Will definitely buy again.,2023-06-24,True,POSITIVE,0,SOURCE_G_REVIEWS,reviews_2023.csv,2023-06-24T11:43:41.796300220,BATCH-G-20230624
REV-00096140,SKU-0019413,,Anonymous,5,Works fine but delivery was slow.,2023-05-14,True,NEUTRAL,4,SOURCE_G_REVIEWS,reviews_2023.csv,2023-05-15T05:51:38.915773608,BATCH-G-20230514
REV-00096146,SKU-0008045,user_26915,Mr. Kenneth Howard,5,Exceeded my expectations.,2023-02-07,True,POSITIVE,2,SOURCE_G_REVIEWS,reviews_2023.csv,2023-02-07T01:13:07.523299596,BATCH-G-20230207
REV-00096147,SKU-0018582,user_9003795,Leah Becker,5,गुणवत्ता ठीक नहीं थी।,2023-04-07,True,POSITIVE,3,SOURCE_G_REVIEWS,reviews_2023.csv,2023-04-07T16:28:22.975800742,BATCH-G-20230407
REV-00096148,SKU-0001989,user_54426,Philip,1,Arrived damaged and support was unhelpful.,2023-04-28,True,NEGATIVE,0,SOURCE_G_REVIEWS,reviews_2023.csv,2023-04-28T01:20:51.573145742,BATCH-G-20230428
REV-00096150,SKU-0002760,user_54839,Carol,2,"Matches the description, no issues.",2023-11-28,False,NEUTRAL,19,SOURCE_G_REVIEWS,reviews_2023.csv,2023-11-28T05:24:51.850963240,BATCH-G-20231128
REV-00096153,SKU-0014911,user_55024,Steven,7,Great value for money.,2023-01-08,True,POSITIVE,0,SOURCE_G_REVIEWS,reviews_2023.csv,2023-01-08T07:03:02.188356558,BATCH-G-20230108
REV-00096174,SKU-0015353,user_9027318,Daniel Jones,4,Better than I expected for the price.,2023-11-13,False,POSITIVE,8,SOURCE_G_REVIEWS,reviews_2023.csv,2023-11-13T01:48:18.219180400,BATCH-G-20231113
REV-00096179,SKU-0009205,user_2946,Jenna Porter,4,"Exactly as described, very happy.",2023-04-08,True,POSITIVE,2,SOURCE_G_REVIEWS,reviews_2023.csv,2023-04-08T23:55:06.973152322,BATCH-G-20230408
REV-00096196,SKU-0015833,user_39182,Jason Chapman,5,Better than I expected for the price.,2023-01-31,False,POSITIVE,5,SOURCE_G_REVIEWS,reviews_2023.csv,2023-01-31T06:01:11.592961531,BATCH-G-20230131
REV-00096202,SKU-0016007,user_9009394,Gary Roberts,Unknown,Works fine but delivery was slow.,2023-07-22,True,NEUTRAL,1,SOURCE_G_REVIEWS,reviews_2023.csv,2023-07-22T02:41:44.216153007,BATCH-G-20230722
REV-00096205,SKU-0016924,user_9033068,David Bradford,5,Better than I expected for the price.,2023-06-08,False,POSITIVE,1,SOURCE_G_REVIEWS,reviews_2023.csv,2023-06-08T12:51:28.527676709,BATCH-G-20230608
REV-00096213,SKU-0015368,,Anonymous,4,"Absolutely love it, works perfectly!",2023-09-01,True,POSITIVE,1,SOURCE_G_REVIEWS,reviews_2023.csv,2023-09-02T00:25:44.687483552,BATCH-G-20230901
REV-00096220,SKU-0013068,user_9012220,Jason Harris,5,"Solid build quality, no complaints.",2023-07-24,True,POSITIVE,3,SOURCE_G_REVIEWS,reviews_2023.csv,2023-07-24T09:50:39.006752370,BATCH-G-20230724
REV-00096221,SKU-0015421,user_65241,Jennifer Jackson,5,"Livraison très lente, déçu. Great value for money.",2023-01-13,True,POSITIVE,4,SOURCE_G_REVIEWS,reviews_2023.csv,2023-01-14T03:57:30.386291308,BATCH-G-20230113
REV-00096231,SKU-9995086,,Anonymous,3,"It's okay, does the job.",2023-05-12,True,NEUTRAL,0,SOURCE_G_REVIEWS,reviews_2023.csv,2023-05-12T04:51:11.412243256,BATCH-G-20230512
REV-00096231-DUP,SKU-9995086,,Anonymous,3,"It's okay, does the job.",2023-05-12,True,NEUTRAL,0,SOURCE_G_REVIEWS,reviews_2023.csv,2023-05-12T05:16:11.412243256,BATCH-G-20230512
REV-00096242,SKU-0015649,user_9010428,Cristina Walker,4,Great value for money.,2023-07-30,False,POSITIVE,1,SOURCE_G_REVIEWS,reviews_2023.csv,2023-07-30T17:14:22.746210795,BATCH-G-20230730
REV-00096244,SKU-0015886,user_9030250,Miranda Hansen,5,"बहुत अच्छा उत्पाद है, पैसा वसूल!",2023-06-08,False,NEUTRAL,2,SOURCE_G_REVIEWS,reviews_2023.csv,2023-06-09T04:40:54.936046911,BATCH-G-20230608
REV-00096246,SKU-0019295,,Anonymous,4,Will definitely buy again.,2023-08-08,True,POSITIVE,5,SOURCE_G_REVIEWS,reviews_2023.csv,2023-08-08T14:25:31.143956747,BATCH-G-20230808
REV-00096255,SKU-0010777,user_19335,Steven,1,"Cheaply made, broke immediately.",2023-02-06,True,NEGATIVE,4,SOURCE_G_REVIEWS,reviews_2023.csv,2023-02-06T23:28:16.060570336,BATCH-G-20230206
REV-00096257,SKU-0016776,user_9653,Jason Johnson,5,"Livraison très lente, déçu. Not bad, not great either.",2023-01-24,True,NEUTRAL,0,SOURCE_G_REVIEWS,reviews_2023.csv,2023-01-24T11:36:09.667647324,BATCH-G-20230124
REV-00096275,SKU-0004119,,Anonymous,5,Great value for money.,2023-12-17,False,POSITIVE,2,SOURCE_G_REVIEWS,reviews_2023.csv,2023-12-17T03:16:52.239103471,BATCH-G-20231217
REV-00096281,SKU-0012564,user_9020957,Jackson Ryan,4,"Exactly as described, very happy.",2023-10-07,True,POSITIVE,3,SOURCE_G_REVIEWS,reviews_2023.csv,2023-10-07T19:37:16.940499241,BATCH-G-20231007
REV-00096282,SKU-0006186,user_10224,Kristina Butler MD,1,"Average quality, nothing special.",2023-07-26,True,NEUTRAL,4,SOURCE_G_REVIEWS,reviews_2023.csv,2023-07-26T01:28:08.712086284,BATCH-G-20230726
REV-00096286,SKU-0006705,user_13427,Christopher,4,"Exactly as described, very happy.",2023-12-31,False,POSITIVE,4,SOURCE_G_REVIEWS,reviews_2023.csv,2023-12-31T04:00:50.726985618,BATCH-G-20231231
REV-00096292,SKU-0000143,user_9019874,Jordan Bauer,4,Highly recommend this product.,2023-02-21,True,POSITIVE,0,SOURCE_G_REVIEWS,reviews_2023.csv,2023-02-21T17:44:08.213453125,BATCH-G-20230221
REV-00096298,SKU-0009690,user_12519,Amy Burton,5,Exceeded my expectations.,2023-03-08,False,POSITIVE,5,SOURCE_G_REVIEWS,reviews_2023.csv,2023-03-08T22:20:14.986009169,BATCH-G-20230308
REV-00096298-DUP,SKU-0009690,user_12519,Amy Burton,5,Exceeded my expectations.,2023-03-08,False,POSITIVE,5,SOURCE_G_REVIEWS,reviews_2023.csv,2023-03-08T23:15:14.986009169,BATCH-G-20230308
REV-00096302,SKU-0017461,user_9021312,Jennifer Strickland,5,<i>edited</i>Great value for money.<br>,2023-11-26,False,POSITIVE,8,SOURCE_G_REVIEWS,reviews_2023.csv,2023-11-26T16:33:08.603907697,BATCH-G-20231126
REV-00096308,SKU-0003600,user_50284,Daniel Smith,5,Will definitely buy again.,2023-03-04,True,POSITIVE,3,SOURCE_G_REVIEWS,reviews_2023.csv,2023-03-04T19:05:16.944888171,BATCH-G-20230304
REV-00096314,SKU-0015053,,Anonymous,4,Great value for money.,2023-01-21,False,POSITIVE,0,SOURCE_G_REVIEWS,reviews_2023.csv,2023-01-21T18:29:28.102646930,BATCH-G-20230121
REV-00096319,SKU-0008162,,Anonymous,2,Very disappointed with the quality. 👍,2023-10-03,True,NEGATIVE,3,SOURCE_G_REVIEWS,reviews_2023.csv,2023-10-03T15:30:43.185478097,BATCH-G-20231003
REV-00096327,SKU-0006860,user_9031333,Michelle Gilbert,4,Great value for money.,2023-08-02,False,POSITIVE,0,SOURCE_G_REVIEWS,reviews_2023.csv,2023-08-03T05:36:51.132959653,BATCH-G-20230802
REV-00096328,SKU-9994827,user_62535,Terrance Anderson,4,Will definitely buy again. 😡,2023-04-11,False,POSITIVE,0,SOURCE_G_REVIEWS,reviews_2023.csv,2023-04-12T01:36:38.099270887,BATCH-G-20230411
REV-00096335,SKU-0007117,,Anonymous,5,Exceeded my expectations.,2023-10-17,True,POSITIVE,18,SOURCE_G_REVIEWS,reviews_2023.csv,2023-10-17T10:24:22.923211944,BATCH-G-20231017
REV-00096349,SKU-0002286,user_35043,Zachary King,4,Exceeded my expectations.,2023-08-11,False,POSITIVE,3,SOURCE_G_REVIEWS,reviews_2023.csv,2023-08-11T18:20:19.061744989,BATCH-G-20230811
REV-00096372,SKU-0005533,user_9015512,Scott,5,"   Perfect  gift,  they  loved  it!   ",2023-11-13,False,POSITIVE,1,SOURCE_G_REVIEWS,reviews_2023.csv,2023-11-13T08:27:22.607070812,BATCH-G-20231113
REV-00096377,SKU-0006810,user_9023504,Megan Valdez,5,"Solid build quality, no complaints.",2023-01-23,False,POSITIVE,2,SOURCE_G_REVIEWS,reviews_2023.csv,2023-01-23T10:42:49.309449984,BATCH-G-20230123
REV-00096381,SKU-0006216,,Anonymous,1,Arrived damaged and support was unhelpful.,2023-01-25,False,NEGATIVE,1,SOURCE_G_REVIEWS,reviews_2023.csv,2023-01-26T00:36:29.583206728,BATCH-G-20230125
REV-00096390,SKU-0002391,user_47895,Maria Hayes,5,"Solid build quality, no complaints.",2023-09-23,True,POSITIVE,7,SOURCE_G_REVIEWS,reviews_2023.csv,2023-09-23T02:35:19.039851476,BATCH-G-20230923
REV-00096391,SKU-0003397,user_63686,Anthony,5,"Livraison très lente, déçu.",2023-03-18,True,POSITIVE,6,SOURCE_G_REVIEWS,reviews_2023.csv,2023-03-18T02:34:00.794588144,BATCH-G-20230318
REV-00096393,SKU-0001175,user_45684,Samuel Kelly,3,Works fine but delivery was slow.,2023-07-22,False,NEUTRAL,2,SOURCE_G_REVIEWS,reviews_2023.csv,2023-07-22T03:36:24.389192878,BATCH-G-20230722
REV-00096396,SKU-0002635,user_9015461,Brian Sharp,4,Will definitely buy again.,2023-11-06,False,POSITIVE,3,SOURCE_G_REVIEWS,reviews_2023.csv,2023-11-06T13:28:12.472210321,BATCH-G-20231106
REV-00096405,SKU-0018067,user_9007687,Alexandra Baird,4,"Absolutely love it, works perfectly!",2023-12-18,True,POSITIVE,1,SOURCE_G_REVIEWS,reviews_2023.csv,2023-12-18T07:37:11.033973854,BATCH-G-20231218
REV-00096412,SKU-0001403,user_9016154,Stephen Vega,5,"<i>edited</i>Matches the description, no issues.<b>Update:</b>",2023-12-16,True,NEUTRAL,4,SOURCE_G_REVIEWS,reviews_2023.csv,2023-12-16T12:14:10.123757077,BATCH-G-20231216
REV-00096424,SKU-0010995,,Anonymous,5,"Solid build quality, no complaints.",2023-11-28,True,POSITIVE,1,SOURCE_G_REVIEWS,reviews_2023.csv,2023-11-28T06:20:29.340847409,BATCH-G-20231128
REV-00096426,SKU-0014853,,Anonymous,2,"Muy buen producto, lo recomiendo.",2023-01-20,True,NEGATIVE,0,SOURCE_G_REVIEWS,reviews_2023.csv,2023-01-20T12:57:45.830497225,BATCH-G-20230120
REV-00096432,SKU-0001308,user_61898,Amber Dennis,5,Great value for money.,2023-04-22,False,POSITIVE,0,SOURCE_G_REVIEWS,reviews_2023.csv,2023-04-23T02:31:49.118365072,BATCH-G-20230422
REV-00096445,SKU-0010703,,Anonymous,5,Better than I expected for the price.,2023-12-17,True,POSITIVE,1,SOURCE_G_REVIEWS,reviews_2023.csv,2023-12-17T04:55:19.442862981,BATCH-G-20231217
REV-00096450,SKU-0013874,user_9015422,Brent Knox,5,"Absolutely love it, works perfectly!",2023-07-02,True,POSITIVE,4,SOURCE_G_REVIEWS,reviews_2023.csv,2023-07-03T03:32:44.435763755,BATCH-G-20230702
REV-00096453,SKU-0006510,user_45436,Steven Sutton,3,"Average quality, nothing special.",2023-11-29,False,NEUTRAL,0,SOURCE_G_REVIEWS,reviews_2023.csv,2023-11-30T02:46:50.753036958,BATCH-G-20231129
REV-00096457,SKU-9982856,user_23970,Julie Atkinson,2,Very disappointed with the quality.,2023-11-30,True,NEGATIVE,4,SOURCE_G_REVIEWS,reviews_2023.csv,2023-11-30T13:30:45.275200638,BATCH-G-20231130
REV-00096458,SKU-0017743,user_34113,Jack Hebert,1,"बहुत अच्छा उत्पाद है, पैसा वसूल!",2023-11-26,False,NEGATIVE,0,SOURCE_G_REVIEWS,reviews_2023.csv,2023-11-26T05:53:13.556318884,BATCH-G-20231126
REV-00096482,SKU-0017122,user_9018458,Jacob Swanson,2,Arrived damaged and support was unhelpful.,2023-12-17,True,NEGATIVE,3,SOURCE_G_REVIEWS,reviews_2023.csv,2023-12-18T00:02:59.142631940,BATCH-G-20231217
REV-00096493,SKU-0011294,user_9017201,Joanna Gardner,3,"It's okay, does the job.",2023-01-10,True,NEUTRAL,3,SOURCE_G_REVIEWS,reviews_2023.csv,2023-01-10T06:13:01.400934572,BATCH-G-20230110
REV-00096511,SKU-0014016,user_9015993,Raymond Huber,N/A,"Exactly as described, very happy.",2023-01-05,True,POSITIVE,2,SOURCE_G_REVIEWS,reviews_2023.csv,2023-01-05T18:00:57.555922625,BATCH-G-20230105
REV-00096517,SKU-0011125,,Anonymous,2,Wrong item was shipped to me.,2023-05-22,False,NEGATIVE,1,SOURCE_G_REVIEWS,reviews_2023.csv,2023-05-22T16:34:08.226615315,BATCH-G-20230522
REV-00096519,SKU-0002700,user_9006756,Barbara Nichols,3,"Not bad, not great either.",2023-07-07,False,NEUTRAL,1,SOURCE_G_REVIEWS,reviews_2023.csv,2023-07-08T00:53:04.841146056,BATCH-G-20230707
REV-00096520,SKU-0005012,user_16033,Leslie Carpenter,4,   Exceeded  my  expectations.   ,2023-09-03,True,POSITIVE,1,SOURCE_G_REVIEWS,reviews_2023.csv,2023-09-03T21:41:25.779243172,BATCH-G-20230903
REV-00096533,SKU-0005080,user_9003223,Victoria Collins,5,Better than I expected for the price.,2023-05-07,False,POSITIVE,0,SOURCE_G_REVIEWS,reviews_2023.csv,2023-05-07T02:51:15.399229920,BATCH-G-20230507
REV-00096540,SKU-0002515,,Anonymous,5,"Exactly as described, very happy.",2023-07-10,False,POSITIVE,0,SOURCE_G_REVIEWS,reviews_2023.csv,2023-07-10T21:18:43.159275,BATCH-G-20230710
REV-00096550,SKU-0005346,,Anonymous,5,Will definitely buy again. 😀👍,2023-07-13,True,POSITIVE,2,SOURCE_G_REVIEWS,reviews_2023.csv,2023-07-20T20:00:00,BATCH-G-20230713
REV-00096551,SKU-0014394,user_9011631,Michael James,4,Highly recommend this product. 🙏😢,2023-03-26,False,POSITIVE,4,SOURCE_G_REVIEWS,reviews_2023.csv,2023-03-26T01:56:30.728353161,BATCH-G-20230326
REV-00096568,SKU-0001579,user_24426,Keith Robinson,1,"Poor packaging, item was defective.",2023-12-18,False,NEGATIVE,2,SOURCE_G_REVIEWS,reviews_2023.csv,2023-12-19T04:27:08.842775047,BATCH-G-20231218
REV-00096571,SKU-0009678,user_9004855,Chad Charles,5,"Solid build quality, no complaints.",2023-01-11,False,POSITIVE,1,SOURCE_G_REVIEWS,reviews_2023.csv,2023-01-11T09:41:55.515982342,BATCH-G-20230111
REV-00096581,SKU-9983412,,Anonymous,7,Decent but overpriced a bit.,2023-11-26,False,NEUTRAL,1,SOURCE_G_REVIEWS,reviews_2023.csv,2023-11-26T14:27:03.524017500,BATCH-G-20231126
REV-00096584,SKU-0012391,user_28792,Gary Reed,2,"Waste of money, do not buy.",2023-07-29,False,NEGATIVE,4,SOURCE_G_REVIEWS,reviews_2023.csv,2023-07-29T19:06:39.744209562,BATCH-G-20230729
REV-00096604,SKU-0003088,,Anonymous,4,Excellent rapport qualité-prix. Works fine but delivery was slow.,2023-10-24,True,NEUTRAL,0,SOURCE_G_REVIEWS,reviews_2023.csv,2023-10-24T13:47:33.125299221,BATCH-G-20231024
REV-00096605,SKU-9913957,user_9024008,Jeffrey Peters,4,Exceeded my expectations.,2023-02-05,False,POSITIVE,1,SOURCE_G_REVIEWS,reviews_2023.csv,2023-02-05T12:19:52.581995951,BATCH-G-20230205
REV-00096617,SKU-0014235,user_35476,Jerry,5,Great value for money.,2023-12-09,False,POSITIVE,0,SOURCE_G_REVIEWS,reviews_2023.csv,2023-12-09T10:57:40.106061047,BATCH-G-20231209
REV-00096620,SKU-0012905,user_50916,Stephen,3,"It's okay, does the job.",2023-02-26,True,NEUTRAL,1,SOURCE_G_REVIEWS,reviews_2023.csv,2023-02-26T17:46:26.384677567,BATCH-G-20230226
REV-00096627,SKU-9900049,user_15862,Dylan Fowler,2,"Waste of money, do not buy.",2023-12-08,True,NEGATIVE,3,SOURCE_G_REVIEWS,reviews_2023.csv,2023-12-08T14:37:27.808197528,BATCH-G-20231208
REV-00096633,SKU-0018928,user_9006469,Michael Jones,5,"Absolutely love it, works perfectly!",2023-12-31,True,POSITIVE,3,SOURCE_G_REVIEWS,reviews_2023.csv,2023-12-31T10:13:20.120136032,BATCH-G-20231231
REV-00096654,SKU-0001429,user_68406,Andrew Johnson,5,&nbsp;Great value for money.<p>,2023-09-30,True,POSITIVE,1,SOURCE_G_REVIEWS,reviews_2023.csv,2023-09-30T02:14:10.747544214,BATCH-G-20230930
REV-00096656,SKU-0006789,user_9021753,Carmen Robinson,4,"Absolutely love it, works perfectly!",2023-08-07,False,POSITIVE,11,SOURCE_G_REVIEWS,reviews_2023.csv,2023-08-07T20:04:33.258732441,BATCH-G-20230807
REV-00096660,SKU-0014367,user_18795,Ryan,3,Stopped working after a week.,2023-11-16,True,NEGATIVE,1,SOURCE_G_REVIEWS,reviews_2023.csv,2023-11-16T23:30:04.762530423,BATCH-G-20231116
REV-00096687,SKU-0015907,user_35713,Sean Ramirez,3,"<br>Matches the description, no issues.</p>",2023-12-28,True,NEUTRAL,3,SOURCE_G_REVIEWS,reviews_2023.csv,2023-12-29T02:47:37.156815537,BATCH-G-20231228
REV-00096699,SKU-9992807,user_10627,Amanda Brown,5,Excellent rapport qualité-prix.,2023-09-25,False,POSITIVE,8,SOURCE_G_REVIEWS,reviews_2023.csv,2023-09-25T12:19:41.915550812,BATCH-G-20230925
REV-00096701,SKU-0008071,,Anonymous,2,Stopped working after a week.,2023-03-20,True,NEGATIVE,1,SOURCE_G_REVIEWS,reviews_2023.csv,2023-03-21T04:14:34.181320208,BATCH-G-20230320
REV-00096702,SKU-0011570,user_35826,Donna Bailey,4,Highly recommend this product.,2023-03-27,False,POSITIVE,3,SOURCE_G_REVIEWS,reviews_2023.csv,2023-03-27T11:18:35.332353454,BATCH-G-20230327
REV-00096704,SKU-0017111,user_9013131,Phillip,4,"Perfect gift, they loved it!",2023-12-13,True,POSITIVE,1,SOURCE_G_REVIEWS,reviews_2023.csv,2023-12-13T10:38:57.908268192,BATCH-G-20231213
REV-00096718,SKU-0000665,user_12300,Ernest Barrera,4,"बहुत अच्छा उत्पाद है, पैसा वसूल!",2023-10-31,False,POSITIVE,2,SOURCE_G_REVIEWS,reviews_2023.csv,2023-10-31T07:29:24.165911115,BATCH-G-20231031
REV-00096723,SKU-0009068,user_9003342,Amanda Long,1,Stopped working after a week.,2023-12-01,True,NEGATIVE,0,SOURCE_G_REVIEWS,reviews_2023.csv,2023-12-02T03:55:33.159887971,BATCH-G-20231201
REV-00096725,SKU-0013030,user_54145,Mr. Scott Moon,2,Stopped working after a week.,2023-09-04,True,NEGATIVE,6,SOURCE_G_REVIEWS,reviews_2023.csv,2023-09-05T05:47:30.048937984,BATCH-G-20230904
REV-00096729,SKU-0006722,user_65137,Alicia,2,Stopped working after a week.,2023-04-15,False,NEGATIVE,3,SOURCE_G_REVIEWS,reviews_2023.csv,2023-04-15T16:46:00.408382172,BATCH-G-20230415
REV-00096733,SKU-0005477,user_6828,Michael Downs,4,"Livraison très lente, déçu. Exceeded my expectations.",2023-03-01,False,POSITIVE,3,SOURCE_G_REVIEWS,reviews_2023.csv,2023-03-01T21:23:05.020955250,BATCH-G-20230301
REV-00096737,SKU-0008765,,Anonymous,5,Highly recommend this product.,2023-09-29,True,POSITIVE,2,SOURCE_G_REVIEWS,reviews_2023.csv,2023-09-29T17:15:04.518653609,BATCH-G-20230929
REV-00096741,SKU-0010856,user_58613,Phillip,1,No cumplió mis expectativas. Stopped working after a week.,2023-09-26,True,NEGATIVE,3,SOURCE_G_REVIEWS,reviews_2023.csv,2023-09-26T08:47:19.061568085,BATCH-G-20230926
REV-00096744,SKU-0008874,user_57161,Amy,5,Great value for money.,2023-03-01,True,POSITIVE,5,SOURCE_G_REVIEWS,reviews_2023.csv,2023-03-02T03:48:44.662618593,BATCH-G-20230301
REV-00096747,SKU-0014881,user_9010676,Rachel,N/A,"Perfect gift, they loved it!",2023-10-18,True,POSITIVE,2,SOURCE_G_REVIEWS,reviews_2023.csv,2023-10-18T01:13:50.271128704,BATCH-G-20231018
REV-00096762,SKU-0002404,user_41499,Mr. William Alexander Jr.,5,Will definitely buy again.,2023-10-29,True,POSITIVE,2,SOURCE_G_REVIEWS,reviews_2023.csv,2023-10-29T03:56:15.901186767,BATCH-G-20231029
REV-00096764,SKU-0003134,user_28983,Katie,4,Better than I expected for the price.,2023-10-17,True,POSITIVE,7,SOURCE_G_REVIEWS,reviews_2023.csv,2023-10-18T05:28:47.893090544,BATCH-G-20231017
REV-00096770,SKU-0008047,user_47774,Lori Bennett,5,Exceeded my expectations.,2023-02-18,True,POSITIVE,4,SOURCE_G_REVIEWS,reviews_2023.csv,2023-02-26T16:00:00,BATCH-G-20230218
REV-00096772,SKU-0004570,,Anonymous,5,Great value for money.,2023-05-25,False,POSITIVE,2,SOURCE_G_REVIEWS,reviews_2023.csv,2023-05-25T21:04:03.723013367,BATCH-G-20230525
REV-00096776,SKU-0016552,user_9034715,Shawn Jones,4,Highly recommend this product.,2023-08-30,True,POSITIVE,4,SOURCE_G_REVIEWS,reviews_2023.csv,2023-08-30T06:13:53.529217813,BATCH-G-20230830
REV-00096780,SKU-0016545,user_24719,Catherine,5,Highly recommend this product. 😀,2023-12-27,True,POSITIVE,1,SOURCE_G_REVIEWS,reviews_2023.csv,2023-12-27T19:00:00.263544047,BATCH-G-20231227
REV-00096781,SKU-9969881,user_33191,Rebecca,5,Highly recommend this product.,2023-09-12,False,POSITIVE,1,SOURCE_G_REVIEWS,reviews_2023.csv,2023-09-12T01:08:10.716187462,BATCH-G-20230912
REV-00096790,SKU-0003521,user_16932,Thomas Dunlap,4,"   Absolutely  love  it,  works  perfectly!   ",2023-08-21,False,POSITIVE,0,SOURCE_G_REVIEWS,reviews_2023.csv,2023-08-21T03:15:07.923629452,BATCH-G-20230821
REV-00096792,SKU-0009148,user_61347,Gene Jackson,3,Works fine but delivery was slow.,2023-05-12,False,NEUTRAL,3,SOURCE_G_REVIEWS,reviews_2023.csv,2023-05-12T17:32:41.359077771,BATCH-G-20230512
REV-00096795,SKU-0006091,,Anonymous,1,Stopped working after a week.,2023-06-20,True,NEGATIVE,2,SOURCE_G_REVIEWS,reviews_2023.csv,2023-06-20T18:21:40.489706769,BATCH-G-20230620
REV-00096798,SKU-0009591,user_9031330,Daniel Dawson,4,Will definitely buy again.,2023-04-07,True,POSITIVE,0,SOURCE_G_REVIEWS,reviews_2023.csv,2023-04-07T16:28:00.394927163,BATCH-G-20230407
REV-00096801,SKU-0011625,user_9015095,Jose,4,"Solid build quality, no complaints.",2023-02-12,False,POSITIVE,4,SOURCE_G_REVIEWS,reviews_2023.csv,2023-02-12T00:45:43.977749094,BATCH-G-20230212
REV-00096802,SKU-0000318,user_9010494,Stephen,4,Very disappointed with the quality.,2023-01-28,True,NEGATIVE,2,SOURCE_G_REVIEWS,reviews_2023.csv,2023-01-28T02:41:11.256974195,BATCH-G-20230128
REV-00096821,SKU-0008396,user_9031616,James,4,"Absolutely love it, works perfectly!",2023-10-02,False,POSITIVE,1,SOURCE_G_REVIEWS,reviews_2023.csv,2023-10-02T01:32:03.222996926,BATCH-G-20231002
REV-00096828,SKU-0011940,user_43900,Jane,5,"Perfect gift, they loved it!",2023-02-14,False,POSITIVE,1,SOURCE_G_REVIEWS,reviews_2023.csv,2023-02-14T17:25:31.789012422,BATCH-G-20230214
REV-00096836,SKU-0008626,,Anonymous,5,</p>Fast delivery and great quality.<br>,2023-07-24,True,POSITIVE,1,SOURCE_G_REVIEWS,reviews_2023.csv,2023-07-24T20:43:27.340521598,BATCH-G-20230724
REV-00096854,SKU-0002670,user_68343,Brandon,5,Highly recommend this product.,2023-07-31,False,POSITIVE,2,SOURCE_G_REVIEWS,reviews_2023.csv,2023-07-31T04:57:27.113008671,BATCH-G-20230731
REV-00096857,SKU-0009502,user_56734,Audrey Nguyen,4,गुणवत्ता ठीक नहीं थी।,2023-05-06,False,POSITIVE,0,SOURCE_G_REVIEWS,reviews_2023.csv,2023-05-06T22:46:43.032351130,BATCH-G-20230506
REV-00096859,SKU-0018342,,Anonymous,5,Highly recommend this product.,2023-06-16,True,POSITIVE,4,SOURCE_G_REVIEWS,reviews_2023.csv,2023-06-16T23:43:47.024831443,BATCH-G-20230616
REV-00096873,SKU-9905809,user_9034598,William Berry,3,"Matches the description, no issues.",2023-12-30,True,NEUTRAL,5,SOURCE_G_REVIEWS,reviews_2023.csv,2023-12-30T15:54:17.193348021,BATCH-G-20231230
REV-00096875,SKU-9929512,,Anonymous,5,"Perfect gift, they loved it!",2023-01-31,False,POSITIVE,0,SOURCE_G_REVIEWS,reviews_2023.csv,2023-01-31T18:22:36.521083069,BATCH-G-20230131
REV-00096887,SKU-0009934,,Anonymous,4,Great value for money.,2023-12-08,False,POSITIVE,1,SOURCE_G_REVIEWS,reviews_2023.csv,2023-12-08T20:26:59.137513549,BATCH-G-20231208
REV-00096889,SKU-0015592,user_47268,Eric,4,"Exactly as described, very happy.",2023-03-11,False,POSITIVE,5,SOURCE_G_REVIEWS,reviews_2023.csv,2023-03-11T18:58:25.130451473,BATCH-G-20230311
REV-00096896,SKU-0004054,user_9023888,Michelle King,5,"Absolutely love it, works perfectly!",2023-10-18,True,POSITIVE,1,SOURCE_G_REVIEWS,reviews_2023.csv,2023-10-18T06:59:21.067073175,BATCH-G-20231018
REV-00096901,SKU-0017156,user_9028002,Francisco Nelson,4,"Solid build quality, no complaints.",2023-12-31,False,POSITIVE,0,SOURCE_G_REVIEWS,reviews_2023.csv,2024-01-01T04:13:01.858329038,BATCH-G-20231231
REV-00096905,SKU-0002794,user_9000557,Susan Carlson,3,Works fine but delivery was slow. 😡😢,2023-06-21,True,NEUTRAL,1,SOURCE_G_REVIEWS,reviews_2023.csv,2023-06-21T22:15:41.063836372,BATCH-G-20230621
REV-00096913,SKU-0013139,user_9029969,Sarah Watkins,4,Will definitely buy again.,2023-12-20,False,POSITIVE,0,SOURCE_G_REVIEWS,reviews_2023.csv,2023-12-20T20:45:49.285578528,BATCH-G-20231220
REV-00096935,SKU-0016691,user_38809,Crystal Rivas,4,"Exactly as described, very happy.",2023-12-24,True,POSITIVE,2,SOURCE_G_REVIEWS,reviews_2023.csv,2023-12-24T19:28:48.045265732,BATCH-G-20231224
REV-00096936,SKU-0000982,user_6793,Cynthia,5,Exceeded my expectations.,2023-06-11,True,POSITIVE,0,SOURCE_G_REVIEWS,reviews_2023.csv,2023-06-11T10:52:41.338500725,BATCH-G-20230611
REV-00096938,SKU-0017239,user_55022,Ryan Myers,5,"Exactly as described, very happy.",2023-04-05,True,POSITIVE,0,SOURCE_G_REVIEWS,reviews_2023.csv,2023-04-05T08:16:02.199938301,BATCH-G-20230405
REV-00096951,SKU-0010893,user_21375,Kimberly Haynes,3,Decent but overpriced a bit.,2023-11-14,True,NEUTRAL,4,SOURCE_G_REVIEWS,reviews_2023.csv,2023-11-14T09:41:29.825310193,BATCH-G-20231114
REV-00096953,SKU-0002514,user_64126,Diana Welch,5,Better than I expected for the price.,2023-08-04,True,POSITIVE,8,SOURCE_G_REVIEWS,reviews_2023.csv,2023-08-05T03:58:41.126039490,BATCH-G-20230804
REV-00096956,SKU-0013545,user_33665,Maureen Evans,5,Highly recommend this product.,2023-04-27,False,POSITIVE,2,SOURCE_G_REVIEWS,reviews_2023.csv,2023-04-27T19:01:48.473170696,BATCH-G-20230427
REV-00096956-DUP,SKU-0013545,user_33665,Maureen Evans,5,Highly recommend this product.,2023-04-27,False,POSITIVE,2,SOURCE_G_REVIEWS,reviews_2023.csv,2023-04-27T19:16:48.473170696,BATCH-G-20230427
REV-00096970,SKU-0004724,user_16767,Mark Davis,3,"Matches the description, no issues.",2023-01-30,True,NEUTRAL,8,SOURCE_G_REVIEWS,reviews_2023.csv,2023-01-30T21:11:51.855199561,BATCH-G-20230130
REV-00096985,SKU-0018383,,Anonymous,5,Highly recommend this product.,2023-07-02,False,POSITIVE,0,SOURCE_G_REVIEWS,reviews_2023.csv,2023-07-03T00:15:41.527541408,BATCH-G-20230702
REV-00096988,SKU-0004637,user_9002628,Stanley Alvarado,1,Wrong item was shipped to me.,2023-10-02,True,NEGATIVE,7,SOURCE_G_REVIEWS,reviews_2023.csv,2023-10-02T14:00:59.563772928,BATCH-G-20231002
REV-00096990,SKU-0014289,user_9033800,Bryce,4,Excellent rapport qualité-prix.,2023-12-14,False,POSITIVE,0,SOURCE_G_REVIEWS,reviews_2023.csv,2023-12-14T17:21:27.616164006,BATCH-G-20231214
REV-00097002,SKU-0011180,user_9017443,Ryan Johnson,2,Highly recommend this product.,2023-05-06,True,POSITIVE,3,SOURCE_G_REVIEWS,reviews_2023.csv,2023-05-06T15:56:27.093595128,BATCH-G-20230506
REV-00097009,SKU-0010348,,Anonymous,2,<br>Not as described at all.<p>,2023-08-25,True,NEGATIVE,4,SOURCE_G_REVIEWS,reviews_2023.csv,2023-08-25T02:54:11.596605433,BATCH-G-20230825
REV-00097013,SKU-0008089,user_9005879,Timothy Williams,5,Fast delivery and great quality.,2023-11-28,True,POSITIVE,1,SOURCE_G_REVIEWS,reviews_2023.csv,2023-11-28T05:18:59.578809345,BATCH-G-20231128
REV-00097016,SKU-0006430,user_9001282,Deborah Oliver,5,<br>Will definitely buy again.<i>edited</i>,2023-10-17,True,POSITIVE,4,SOURCE_G_REVIEWS,reviews_2023.csv,2023-10-17T03:02:36.142318091,BATCH-G-20231017
REV-00097018,SKU-0006425,,Anonymous,7,"<p>Muy buen producto, lo recomiendo. Great value for money.&nbsp;",2023-08-07,True,POSITIVE,9,SOURCE_G_REVIEWS,reviews_2023.csv,2023-08-08T01:39:20.671280939,BATCH-G-20230807
REV-00097023,SKU-0003165,,Anonymous,4,"Solid build quality, no complaints. 😡",2023-08-18,True,POSITIVE,1,SOURCE_G_REVIEWS,reviews_2023.csv,2023-08-18T14:38:01.938471196,BATCH-G-20230818
REV-00097025,SKU-0001003,user_9030065,Jeanne Cruz,3,"Average quality, nothing special.",2023-04-06,True,NEUTRAL,2,SOURCE_G_REVIEWS,reviews_2023.csv,2023-04-09T06:00:00,BATCH-G-20230406
REV-00097035,SKU-0014573,user_27476,Robert Harvey,5,Exceeded my expectations.,2023-11-17,True,POSITIVE,6,SOURCE_G_REVIEWS,reviews_2023.csv,2023-11-18T00:19:30.225272240,BATCH-G-20231117
REV-00097047,SKU-0003394,user_24610,James Robles,2,गुणवत्ता ठीक नहीं थी।,2023-02-03,False,NEGATIVE,4,SOURCE_G_REVIEWS,reviews_2023.csv,2023-02-03T00:58:39.956671983,BATCH-G-20230203
REV-00097049,SKU-0014859,user_9023433,Jimmy,3,Decent but overpriced a bit.,2023-12-01,True,NEUTRAL,0,SOURCE_G_REVIEWS,reviews_2023.csv,2023-12-01T09:59:29.127213241,BATCH-G-20231201
REV-00097051,SKU-0004253,user_9032008,John,5,Fast delivery and great quality.,2023-06-25,True,POSITIVE,1,SOURCE_G_REVIEWS,reviews_2023.csv,2023-06-25T05:49:59.199693491,BATCH-G-20230625
REV-00097052,SKU-9928782,,Anonymous,1,Very disappointed with the quality.,2023-10-17,True,NEGATIVE,1,SOURCE_G_REVIEWS,reviews_2023.csv,2023-10-17T14:29:13.880215714,BATCH-G-20231017
REV-00097069,SKU-0017100,,Anonymous,2,Very disappointed with the quality.,2023-05-25,True,NEGATIVE,2,SOURCE_G_REVIEWS,reviews_2023.csv,2023-05-25T02:58:54.772471858,BATCH-G-20230525
REV-00097083,SKU-0018102,user_53772,Christopher Avila,5,Will definitely buy again.,2023-11-28,False,POSITIVE,2,SOURCE_G_REVIEWS,reviews_2023.csv,2023-11-28T01:41:45.141902668,BATCH-G-20231128
REV-00097086,SKU-0017624,user_33543,Jose Knight,4,Exceeded my expectations.,2023-08-06,False,POSITIVE,2,SOURCE_G_REVIEWS,reviews_2023.csv,2023-08-06T00:52:07.562136300,BATCH-G-20230806
REV-00097093,SKU-0008782,user_9029931,Dr. Jason Tucker,3,Works fine but delivery was slow.,2023-03-04,True,NEUTRAL,3,SOURCE_G_REVIEWS,reviews_2023.csv,2023-03-04T20:06:39.587265409,BATCH-G-20230304
REV-00097100,SKU-9986407,user_2270,Edgar,4,"Perfect gift, they loved it!",2023-02-06,True,POSITIVE,0,SOURCE_G_REVIEWS,reviews_2023.csv,2023-02-06T11:54:27.004401355,BATCH-G-20230206
REV-00097109,SKU-0010835,user_9006271,Lauren Young,4,Will definitely buy again. 🔥🔥,2023-04-02,False,POSITIVE,0,SOURCE_G_REVIEWS,reviews_2023.csv,2023-04-02T05:10:17.585749158,BATCH-G-20230402
REV-00097119,SKU-0013715,user_9008156,Susan Jones,4,"It's okay, does the job.",2023-07-28,True,NEUTRAL,0,SOURCE_G_REVIEWS,reviews_2023.csv,2023-07-28T03:38:10.846031475,BATCH-G-20230728
REV-00097127,SKU-0004050,user_9028414,Donna Munoz,2,Arrived damaged and support was unhelpful.,2023-09-15,True,NEGATIVE,1,SOURCE_G_REVIEWS,reviews_2023.csv,2023-09-16T02:30:41.529682208,BATCH-G-20230915
REV-00097141,SKU-0008108,user_9003067,Michael Anderson,2,Not as described at all.,2023-04-24,False,NEGATIVE,0,SOURCE_G_REVIEWS,reviews_2023.csv,2023-05-07T02:00:00,BATCH-G-20230424
REV-00097143,SKU-0020156,,Anonymous,5,"Absolutely love it, works perfectly!",2023-06-26,True,POSITIVE,0,SOURCE_G_REVIEWS,reviews_2023.csv,2023-06-26T21:13:37.404830714,BATCH-G-20230626
REV-00097153,SKU-0012967,user_68250,Nancy Moody,5,Highly recommend this product.,2023-06-24,False,POSITIVE,8,SOURCE_G_REVIEWS,reviews_2023.csv,2023-06-24T06:49:34.211408496,BATCH-G-20230624
REV-00097162,SKU-0016352,,Anonymous,1,&nbsp;Very disappointed with the quality.<p>,2023-03-06,True,NEGATIVE,3,SOURCE_G_REVIEWS,reviews_2023.csv,2023-03-07T02:41:54.327227672,BATCH-G-20230306
REV-00097168,SKU-0005256,user_9009919,Gerald Hull,5,Better than I expected for the price.,2023-10-15,False,POSITIVE,0,SOURCE_G_REVIEWS,reviews_2023.csv,2023-10-15T11:13:10.506759601,BATCH-G-20231015
REV-00097170,SKU-0000943,user_52497,Christian Rodgers,3,"Matches the description, no issues.",2023-06-08,True,NEUTRAL,0,SOURCE_G_REVIEWS,reviews_2023.csv,2023-06-08T17:44:52.600493226,BATCH-G-20230608
REV-00097200,SKU-0005053,user_39062,Alvin Walsh,3,Fast delivery and great quality. 😐,2023-11-08,False,POSITIVE,1,SOURCE_G_REVIEWS,reviews_2023.csv,2023-11-08T20:43:07.978482674,BATCH-G-20231108
REV-00097203,SKU-0012226,user_9093,Mitchell Howard,3,"Average quality, nothing special.",2023-03-08,True,NEUTRAL,0,SOURCE_G_REVIEWS,reviews_2023.csv,2023-03-08T09:42:55.714053792,BATCH-G-20230308
REV-00097207,SKU-0017417,user_20934,Julie Shields,4,"Absolutely love it, works perfectly!",2023-02-28,False,POSITIVE,10,SOURCE_G_REVIEWS,reviews_2023.csv,2023-03-01T03:08:28.334985424,BATCH-G-20230228
REV-00097212,SKU-0003969,user_25161,Jennifer,5,"Solid build quality, no complaints.",2023-07-07,False,POSITIVE,8,SOURCE_G_REVIEWS,reviews_2023.csv,2023-07-07T20:55:40.954050259,BATCH-G-20230707
REV-00097213,SKU-0019805,user_60981,Lisa,4,Fast delivery and great quality.,2023-02-17,True,POSITIVE,2,SOURCE_G_REVIEWS,reviews_2023.csv,2023-02-17T07:49:08.769790964,BATCH-G-20230217
REV-00097237,SKU-0008792,user_9012388,Angela Love,4,   Better  than  I  expected  for  the  price.   ,2023-01-12,True,POSITIVE,0,SOURCE_G_REVIEWS,reviews_2023.csv,2023-01-12T10:03:51.973893528,BATCH-G-20230112
REV-00097241,SKU-0016534,user_9015653,Colleen Armstrong,3,"Matches the description, no issues.",2023-09-08,False,NEUTRAL,1,SOURCE_G_REVIEWS,reviews_2023.csv,2023-09-08T23:04:45.179783296,BATCH-G-20230908
REV-00097242,SKU-0011377,user_9003267,Steven Zuniga,4,Great value for money.,2023-07-29,False,POSITIVE,10,SOURCE_G_REVIEWS,reviews_2023.csv,2023-07-30T04:46:21.074900188,BATCH-G-20230729
REV-00097245,SKU-9920087,,Anonymous,5,"बहुत अच्छा उत्पाद है, पैसा वसूल! Exceeded my expectations.",2023-12-20,False,POSITIVE,0,SOURCE_G_REVIEWS,reviews_2023.csv,2023-12-21T03:05:33.800000731,BATCH-G-20231220
REV-00097248,SKU-0018864,user_19558,Bryan Gross,4,&nbsp;Great value for money.<b>Update:</b>,2023-02-11,False,POSITIVE,1,SOURCE_G_REVIEWS,reviews_2023.csv,2023-02-11T01:17:53.525913042,BATCH-G-20230211
REV-00097253,SKU-0012700,,Anonymous,5,"<br>Perfect gift, they loved it!<i>edited</i>",2023-09-19,True,POSITIVE,1,SOURCE_G_REVIEWS,reviews_2023.csv,2023-09-19T20:27:41.841629595,BATCH-G-20230919
REV-00097258,SKU-0016080,user_9028028,Nancy Perez MD,5,"Exactly as described, very happy.",2023-08-03,False,POSITIVE,6,SOURCE_G_REVIEWS,reviews_2023.csv,2023-08-03T23:22:13.190178590,BATCH-G-20230803
REV-00097259,SKU-9968394,user_9032383,Kevin Mcintyre,5,"Livraison très lente, déçu. 🔥😍",2023-03-25,True,POSITIVE,5,SOURCE_G_REVIEWS,reviews_2023.csv,2023-03-25T01:46:33.060673229,BATCH-G-20230325
REV-00097270,SKU-0017980,user_9021309,Julie Peters,4,Highly recommend this product.,2023-08-02,False,POSITIVE,2,SOURCE_G_REVIEWS,reviews_2023.csv,2023-08-02T23:05:08.201047350,BATCH-G-20230802
REV-00097272,SKU-0016508,user_9015183,Teresa Edwards,4,"   Solid  build  quality,  no  complaints.   ",2023-04-04,True,POSITIVE,1,SOURCE_G_REVIEWS,reviews_2023.csv,2023-04-04T21:53:33.237234493,BATCH-G-20230404
REV-00097273,SKU-0000345,user_52575,John Foster,5,"Exactly as described, very happy.",2023-06-23,True,POSITIVE,0,SOURCE_G_REVIEWS,reviews_2023.csv,2023-06-24T05:09:11.160889015,BATCH-G-20230623
REV-00097282,SKU-0002716,user_9030873,Erica,3,"&nbsp;It's okay, does the job.<br>",2023-01-25,True,NEUTRAL,4,SOURCE_G_REVIEWS,reviews_2023.csv,2023-01-25T02:11:07.334581564,BATCH-G-20230125
REV-00097286,SKU-0010697,user_9001630,Amy,4,Better than I expected for the price.,2023-10-28,False,POSITIVE,4,SOURCE_G_REVIEWS,reviews_2023.csv,2023-10-29T03:13:06.571276697,BATCH-G-20231028
REV-00097293,SKU-0009469,,Anonymous,7,"Waste of money, do not buy.",2023-02-07,True,NEGATIVE,0,SOURCE_G_REVIEWS,reviews_2023.csv,2023-02-08T02:51:02.876189168,BATCH-G-20230207
REV-00097302,SKU-0010529,user_59351,Craig Patterson,5,"Absolutely love it, works perfectly!",2023-12-11,False,POSITIVE,19,SOURCE_G_REVIEWS,reviews_2023.csv,2023-12-11T01:13:30.970359787,BATCH-G-20231211
REV-00097308,SKU-0017557,,Anonymous,5,"Solid build quality, no complaints.",2023-01-30,False,POSITIVE,1,SOURCE_G_REVIEWS,reviews_2023.csv,2023-01-30T00:30:04.910204633,BATCH-G-20230130
REV-00097318,SKU-0007963,user_9011434,Brittany,4,Exceeded my expectations.,2023-11-12,True,POSITIVE,2,SOURCE_G_REVIEWS,reviews_2023.csv,2023-11-12T06:56:52.213609535,BATCH-G-20231112
REV-00097320,SKU-0003610,user_40028,Julia Montoya,4,Better than I expected for the price.,2023-09-16,True,POSITIVE,0,SOURCE_G_REVIEWS,reviews_2023.csv,2023-09-16T11:05:17.305718391,BATCH-G-20230916
REV-00097362,SKU-0001121,user_9009141,Carla Cunningham,1,   Wrong  item  was  shipped  to  me.   ,2023-02-02,True,NEGATIVE,0,SOURCE_G_REVIEWS,reviews_2023.csv,2023-02-02T08:30:39.253824928,BATCH-G-20230202
REV-00097372,SKU-0013906,user_32153,Richard Summers,5,Great value for money. 😢,2023-01-28,True,POSITIVE,10,SOURCE_G_REVIEWS,reviews_2023.csv,2023-01-28T12:58:30.453499918,BATCH-G-20230128
REV-00097373,SKU-0015985,user_48960,Mark Smith,5,"Solid build quality, no complaints.",2023-06-23,True,POSITIVE,0,SOURCE_G_REVIEWS,reviews_2023.csv,2023-06-23T12:06:54.319384244,BATCH-G-20230623
REV-00097385,SKU-0013864,,Anonymous,1,Arrived damaged and support was unhelpful.,2023-04-20,False,NEGATIVE,2,SOURCE_G_REVIEWS,reviews_2023.csv,2023-04-20T22:49:56.846170994,BATCH-G-20230420
REV-00097392,SKU-0009181,user_50816,Kimberly Aguirre,4,"Solid build quality, no complaints.",2023-12-22,True,POSITIVE,4,SOURCE_G_REVIEWS,reviews_2023.csv,2023-12-22T19:45:42.681552533,BATCH-G-20231222
REV-00097393,SKU-0017864,user_9019495,Laura,3,Decent but overpriced a bit.,2023-05-23,False,NEUTRAL,1,SOURCE_G_REVIEWS,reviews_2023.csv,2023-05-23T22:24:43.245599930,BATCH-G-20230523
REV-00097394,SKU-0013032,user_50150,Joshua,5,"Perfect gift, they loved it!",2023-07-13,True,POSITIVE,0,SOURCE_G_REVIEWS,reviews_2023.csv,2023-07-13T17:14:03.795366235,BATCH-G-20230713
REV-00097399,SKU-9907956,user_15811,Kathryn Williams,-1,Will definitely buy again.,2023-01-24,True,POSITIVE,1,SOURCE_G_REVIEWS,reviews_2023.csv,2023-01-25T02:26:00.344384481,BATCH-G-20230124
REV-00097420,SKU-0016622,user_9027029,Kelsey Raymond,2,Arrived damaged and support was unhelpful.,2023-01-10,True,NEGATIVE,15,SOURCE_G_REVIEWS,reviews_2023.csv,2023-01-11T03:32:06.392106656,BATCH-G-20230110
REV-00097423,SKU-0003847,user_51571,Steven Mccoy,2,"Poor packaging, item was defective.",2023-11-11,False,NEGATIVE,7,SOURCE_G_REVIEWS,reviews_2023.csv,2023-11-11T02:13:52.389038171,BATCH-G-20231111
REV-00097424,SKU-0013033,user_56579,Samantha Smith,5,"Excellent rapport qualité-prix. Perfect gift, they loved it!",2023-05-30,True,POSITIVE,1,SOURCE_G_REVIEWS,reviews_2023.csv,2023-05-30T14:40:42.114348385,BATCH-G-20230530
REV-00097425,SKU-9922611,user_4995,Kenneth,3,Works fine but delivery was slow.,2023-12-23,True,NEUTRAL,2,SOURCE_G_REVIEWS,reviews_2023.csv,2023-12-23T20:30:42.366063436,BATCH-G-20231223
REV-00097426,SKU-0007340,user_9017348,Darrell Jackson Jr.,3,Works fine but delivery was slow.,2023-12-15,False,NEUTRAL,2,SOURCE_G_REVIEWS,reviews_2023.csv,2023-12-16T03:53:12.109520303,BATCH-G-20231215
REV-00097430,SKU-0010271,user_30129,Erik Martinez,2,Wrong item was shipped to me.,2023-11-03,False,NEGATIVE,4,SOURCE_G_REVIEWS,reviews_2023.csv,2023-11-03T22:05:34.474318939,BATCH-G-20231103
REV-00097437,SKU-0014542,user_9005625,Sarah Neal,4,Fast delivery and great quality.,2023-11-08,True,POSITIVE,5,SOURCE_G_REVIEWS,reviews_2023.csv,2023-11-09T00:20:55.875647619,BATCH-G-20231108
REV-00097449,SKU-0018703,user_4111,Patricia Walker,4,"Absolutely love it, works perfectly!",2023-08-06,False,POSITIVE,0,SOURCE_G_REVIEWS,reviews_2023.csv,2023-08-06T04:03:48.744887883,BATCH-G-20230806
REV-00097455,SKU-0002878,,Anonymous,5,"Perfect gift, they loved it!",2023-09-24,False,POSITIVE,3,SOURCE_G_REVIEWS,reviews_2023.csv,2023-09-25T04:39:50.970660790,BATCH-G-20230924
REV-00097457,SKU-0014054,user_35020,Heather Colon,4,"Absolutely love it, works perfectly!",2023-11-15,False,POSITIVE,0,SOURCE_G_REVIEWS,reviews_2023.csv,2023-11-15T20:12:21.442847570,BATCH-G-20231115
REV-00097461,SKU-0019438,user_31943,Mark Wilson,1,"Cheaply made, broke immediately.",2023-05-29,True,NEGATIVE,1,SOURCE_G_REVIEWS,reviews_2023.csv,2023-06-11T14:00:00,BATCH-G-20230529
REV-00097462,SKU-0019855,user_9029382,Kathryn Fitzgerald,5,   Highly  recommend  this  product.   ,2023-03-09,True,POSITIVE,1,SOURCE_G_REVIEWS,reviews_2023.csv,2023-03-09T07:17:04.808883505,BATCH-G-20230309
REV-00097476,SKU-0019945,user_55112,Cassandra Medina,4,Better than I expected for the price.,2023-07-23,True,POSITIVE,5,SOURCE_G_REVIEWS,reviews_2023.csv,2023-07-23T04:31:39.957580162,BATCH-G-20230723
REV-00097480,SKU-0017518,,Anonymous,5,"Absolutely love it, works perfectly! 💯",2023-12-31,False,POSITIVE,2,SOURCE_G_REVIEWS,reviews_2023.csv,2023-12-31T14:57:58.952078242,BATCH-G-20231231
REV-00097484,SKU-0000928,,Anonymous,5,"Perfect gift, they loved it!",2023-12-13,False,POSITIVE,4,SOURCE_G_REVIEWS,reviews_2023.csv,2023-12-13T12:27:36.698018352,BATCH-G-20231213
REV-00097503,SKU-0003532,user_9011735,Emily,5,   Exceeded  my  expectations.   ,2023-10-10,True,POSITIVE,1,SOURCE_G_REVIEWS,reviews_2023.csv,2023-10-10T06:24:51.346564838,BATCH-G-20231010
REV-00097504,SKU-0015167,user_42901,Brett,3,Fast delivery and great quality.,2023-03-23,False,POSITIVE,5,SOURCE_G_REVIEWS,reviews_2023.csv,2023-03-23T16:24:26.536739890,BATCH-G-20230323
REV-00097507,SKU-0000676,user_64412,Brenda,3,"It's okay, does the job.",2023-11-26,True,NEUTRAL,5,SOURCE_G_REVIEWS,reviews_2023.csv,2023-11-26T14:03:17.297165918,BATCH-G-20231126
REV-00097510,SKU-0008211,user_26959,Mallory Weiss, ,"It's okay, does the job.",2023-08-13,False,NEUTRAL,3,SOURCE_G_REVIEWS,reviews_2023.csv,2023-08-13T17:06:21.426432128,BATCH-G-20230813
REV-00097520,SKU-0000343,user_9025334,Samantha Avery,3,Decent but overpriced a bit.,2023-01-05,True,NEUTRAL,0,SOURCE_G_REVIEWS,reviews_2023.csv,2023-01-05T09:16:19.842893932,BATCH-G-20230105
REV-00097522,SKU-0017771,user_9016627,Julia Singleton,3,"Perfect gift, they loved it!",2023-03-30,True,POSITIVE,0,SOURCE_G_REVIEWS,reviews_2023.csv,2023-03-30T07:32:52.279613043,BATCH-G-20230330
REV-00097532,SKU-0013440,user_9015278,Jeremy Jenkins,4,Fast delivery and great quality.,2023-06-05,True,POSITIVE,5,SOURCE_G_REVIEWS,reviews_2023.csv,2023-06-05T16:12:28.497012920,BATCH-G-20230605
REV-00097534,SKU-0015629,,Anonymous,2,"Cheaply made, broke immediately.",2023-11-12,False,NEGATIVE,3,SOURCE_G_REVIEWS,reviews_2023.csv,2023-11-12T18:05:05.157595605,BATCH-G-20231112
REV-00097541,SKU-0014604,user_9020684,Jordan Garcia,4,"Perfect gift, they loved it!",2023-09-23,True,POSITIVE,6,SOURCE_G_REVIEWS,reviews_2023.csv,2023-09-23T05:28:43.332906655,BATCH-G-20230923
REV-00097550,SKU-0009949,user_9009581,Phyllis English,5,"बहुत अच्छा उत्पाद है, पैसा वसूल!",2023-10-27,False,POSITIVE,0,SOURCE_G_REVIEWS,reviews_2023.csv,2023-10-27T17:15:14.825877553,BATCH-G-20231027
REV-00097561,SKU-0014256,user_16566,Katherine Henson,4,"   Absolutely  love  it,  works  perfectly!   ",2023-08-24,False,POSITIVE,1,SOURCE_G_REVIEWS,reviews_2023.csv,2023-08-25T05:11:51.190095926,BATCH-G-20230824
REV-00097567,SKU-0017797,user_9016198,Elizabeth,5,"Perfect gift, they loved it!",2023-11-16,False,POSITIVE,2,SOURCE_G_REVIEWS,reviews_2023.csv,2023-11-16T16:05:01.938351447,BATCH-G-20231116
REV-00097580,SKU-0013677,user_29744,Daniel Rogers,3,"It's okay, does the job.",2023-04-30,False,NEUTRAL,1,SOURCE_G_REVIEWS,reviews_2023.csv,2023-04-30T17:01:01.611228451,BATCH-G-20230430
REV-00097592,SKU-0008075,user_12270,Selena,5,Exceeded my expectations.,2023-05-10,False,POSITIVE,0,SOURCE_G_REVIEWS,reviews_2023.csv,2023-05-10T18:03:10.937020562,BATCH-G-20230510
REV-00097601,SKU-0014310,user_9025863,Katherine,4,Highly recommend this product.,2023-11-13,False,POSITIVE,0,SOURCE_G_REVIEWS,reviews_2023.csv,2023-11-13T15:55:43.312726377,BATCH-G-20231113
REV-00097603,SKU-0013690,,Anonymous,5,"Exactly as described, very happy.",2023-11-12,False,POSITIVE,2,SOURCE_G_REVIEWS,reviews_2023.csv,2023-11-13T01:40:33.924606869,BATCH-G-20231112
REV-00097609,SKU-9973320,user_9032206,Edward Johnson,4,No cumplió mis expectativas. 😢,2023-11-21,False,POSITIVE,0,SOURCE_G_REVIEWS,reviews_2023.csv,2023-11-22T01:32:04.923629628,BATCH-G-20231121
REV-00097611,SKU-9978337,user_2130,Janet Stewart,4,"Perfect gift, they loved it!",2023-01-23,True,POSITIVE,0,SOURCE_G_REVIEWS,reviews_2023.csv,2023-01-23T23:48:22.065956208,BATCH-G-20230123
REV-00097612,SKU-0004286,,Anonymous,4,"Absolutely love it, works perfectly!",2023-01-05,True,POSITIVE,2,SOURCE_G_REVIEWS,reviews_2023.csv,2023-01-05T07:37:45.932236512,BATCH-G-20230105
REV-00097623,SKU-0009228,,Anonymous,4,Better than I expected for the price. ⭐🙏,2023-07-06,True,POSITIVE,1,SOURCE_G_REVIEWS,reviews_2023.csv,2023-07-06T07:33:27.546389962,BATCH-G-20230706
REV-00097626,SKU-0002707,user_9015092,Janice Ramos,4,"Solid build quality, no complaints.",2023-01-21,True,POSITIVE,7,SOURCE_G_REVIEWS,reviews_2023.csv,2023-01-21T07:09:54.128353562,BATCH-G-20230121
REV-00097626-BOT,SKU-0002707,user_9023634,Eric Brady,4,"Solid build quality, no complaints.",2023-01-21,False,POSITIVE,0,SOURCE_G_REVIEWS,reviews_2023.csv,2023-01-21T07:09:54.128353562,BATCH-G-20230121
REV-00097627,SKU-0003653,user_52947,Brian Ware,5,"Perfect gift, they loved it!",2023-11-13,True,POSITIVE,0,SOURCE_G_REVIEWS,reviews_2023.csv,2023-11-13T16:59:27.293366859,BATCH-G-20231113
REV-00097635,SKU-0008617,user_9029323,Kristen,4,"Perfect gift, they loved it! 😐",2023-04-06,True,POSITIVE,6,SOURCE_G_REVIEWS,reviews_2023.csv,2023-04-06T23:13:44.147583506,BATCH-G-20230406
REV-00097642,SKU-0003320,user_9022216,Mr. Robert Rodriguez,4,<i>edited</i>Arrived damaged and support was unhelpful.&nbsp;,2023-03-31,True,NEGATIVE,12,SOURCE_G_REVIEWS,reviews_2023.csv,2023-03-31T07:46:13.115424827,BATCH-G-20230331
REV-00097644,SKU-0018670,user_9003082,Mary,2,</p>Very disappointed with the quality.<i>edited</i>,2023-08-12,False,NEGATIVE,3,SOURCE_G_REVIEWS,reviews_2023.csv,2023-08-12T14:42:18.746460444,BATCH-G-20230812
REV-00097659,SKU-0006622,,Anonymous,4,Will definitely buy again.,2023-01-23,False,POSITIVE,0,SOURCE_G_REVIEWS,reviews_2023.csv,2023-01-23T15:18:12.265288317,BATCH-G-20230123
REV-00097663,SKU-0001885,user_18821,James Miles,3,"   Matches  the  description,  no  issues.   ",2023-07-01,True,NEUTRAL,5,SOURCE_G_REVIEWS,reviews_2023.csv,2023-07-01T16:39:36.387030027,BATCH-G-20230701
REV-00097687,SKU-0016690,user_9026733,Diana,2,"Cheaply made, broke immediately.",2023-10-12,False,NEGATIVE,0,SOURCE_G_REVIEWS,reviews_2023.csv,2023-10-12T12:25:59.533903048,BATCH-G-20231012
REV-00097692,SKU-0019754,user_31849,Jennifer,5,Better than I expected for the price.,2023-08-20,False,POSITIVE,2,SOURCE_G_REVIEWS,reviews_2023.csv,2023-08-20T06:20:05.162308155,BATCH-G-20230820
REV-00097701,SKU-0005457,user_9008578,Sandra Harmon,4,गुणवत्ता ठीक नहीं थी।,2023-11-01,True,POSITIVE,0,SOURCE_G_REVIEWS,reviews_2023.csv,2023-11-01T10:46:33.487741602,BATCH-G-20231101
REV-00097715,SKU-0016473,user_9013158,Sara Watson,2,Stopped working after a week.,2023-12-27,True,NEGATIVE,1,SOURCE_G_REVIEWS,reviews_2023.csv,2023-12-27T20:20:37.029780261,BATCH-G-20231227
REV-00097747,SKU-0014414,,Anonymous,4,Great value for money.,2023-07-26,False,POSITIVE,2,SOURCE_G_REVIEWS,reviews_2023.csv,2023-07-27T02:20:09.152857278,BATCH-G-20230726
REV-00097748,SKU-0019614,user_44141,John,5,"Exactly as described, very happy.",2023-09-03,True,POSITIVE,3,SOURCE_G_REVIEWS,reviews_2023.csv,2023-09-03T16:51:18.372803849,BATCH-G-20230903
REV-00097755,SKU-0020119,user_47111,Jared Campbell,2,Not as described at all.,2023-04-16,True,NEGATIVE,0,SOURCE_G_REVIEWS,reviews_2023.csv,2023-04-16T19:14:02.259391089,BATCH-G-20230416
REV-00097760,SKU-0010249,user_9003797,Colleen Graves,4,Great value for money.,2023-03-30,True,POSITIVE,0,SOURCE_G_REVIEWS,reviews_2023.csv,2023-03-30T15:55:25.791158617,BATCH-G-20230330
REV-00097770,SKU-9909265,user_48078,Teresa,3,"Average quality, nothing special.",2023-11-11,False,NEUTRAL,2,SOURCE_G_REVIEWS,reviews_2023.csv,2023-11-12T05:17:37.896584673,BATCH-G-20231111
REV-00097771,SKU-0000213,user_40609,Paul Ross,1,"Poor packaging, item was defective.",2023-03-28,True,NEGATIVE,0,SOURCE_G_REVIEWS,reviews_2023.csv,2023-03-28T19:25:35.983778381,BATCH-G-20230328
REV-00097773,SKU-0010262,user_9013126,Stephanie Mccarthy,4,"It's okay, does the job.",2023-10-28,False,NEUTRAL,0,SOURCE_G_REVIEWS,reviews_2023.csv,2023-10-28T09:13:33.339560338,BATCH-G-20231028
REV-00097775,SKU-0008990,,Anonymous,2,Very disappointed with the quality.,2023-07-24,False,NEGATIVE,1,SOURCE_G_REVIEWS,reviews_2023.csv,2023-07-25T01:10:59.602846927,BATCH-G-20230724
REV-00097785,SKU-0006342,user_12122,David Wilson,null,Decent but overpriced a bit. 😀,2023-11-29,False,NEUTRAL,0,SOURCE_G_REVIEWS,reviews_2023.csv,2023-11-29T09:39:02.883972507,BATCH-G-20231129
REV-00097791,SKU-9987943,user_2046,Kirsten Johnson,4,Fast delivery and great quality.,2023-08-25,True,POSITIVE,4,SOURCE_G_REVIEWS,reviews_2023.csv,2023-08-26T03:33:42.321527650,BATCH-G-20230825
REV-00097793,SKU-0017417,user_10506,Amy,2,"<p>Muy buen producto, lo recomiendo.<i>edited</i>",2023-02-17,True,NEGATIVE,3,SOURCE_G_REVIEWS,reviews_2023.csv,2023-02-17T14:21:30.021451417,BATCH-G-20230217
REV-00097796,SKU-0001750,user_9009656,Zachary,5,   Highly  recommend  this  product.   ,2023-02-07,False,POSITIVE,1,SOURCE_G_REVIEWS,reviews_2023.csv,2023-02-07T09:40:58.713535754,BATCH-G-20230207
REV-00097798,SKU-0006655,user_65150,Leslie,5,Will definitely buy again.,2023-01-26,True,POSITIVE,6,SOURCE_G_REVIEWS,reviews_2023.csv,2023-01-27T01:49:20.257545308,BATCH-G-20230126
REV-00097802,SKU-0019488,user_11235,Jennifer Pierce,null,"Solid build quality, no complaints.",2023-12-08,True,POSITIVE,2,SOURCE_G_REVIEWS,reviews_2023.csv,2023-12-08T21:52:55.227539555,BATCH-G-20231208
REV-00097813,SKU-9932941,user_52694,John,4,Better than I expected for the price.,2023-10-03,True,POSITIVE,1,SOURCE_G_REVIEWS,reviews_2023.csv,2023-10-03T03:52:48.196748203,BATCH-G-20231003
REV-00097813-DUP,SKU-9932941,user_52694,John,4,Better than I expected for the price.,2023-10-03,True,POSITIVE,1,SOURCE_G_REVIEWS,reviews_2023.csv,2023-10-03T04:48:48.196748203,BATCH-G-20231003
REV-00097817,SKU-0009663,user_9031593,Jonathan,5,"Perfect gift, they loved it!",2023-03-18,False,POSITIVE,2,SOURCE_G_REVIEWS,reviews_2023.csv,2023-03-18T07:13:34.200319496,BATCH-G-20230318
REV-00097822,SKU-0012994,,Anonymous,null,Wrong item was shipped to me.,2023-05-13,True,NEGATIVE,10,SOURCE_G_REVIEWS,reviews_2023.csv,2023-05-14T04:31:25.308791511,BATCH-G-20230513
REV-00097827,SKU-0000611,user_9014006,Rachel Spencer,4,"Exactly as described, very happy.",2023-01-11,True,POSITIVE,0,SOURCE_G_REVIEWS,reviews_2023.csv,2023-01-11T00:54:39.039511312,BATCH-G-20230111
REV-00097834,SKU-0006776,user_4450,Judy Pierce,4,"Perfect gift, they loved it!",2023-11-01,False,POSITIVE,0,SOURCE_G_REVIEWS,reviews_2023.csv,2023-11-01T23:47:58.397359934,BATCH-G-20231101
REV-00097841,SKU-9984783,user_9005426,Jennifer,4,"Solid build quality, no complaints.",2023-10-15,True,POSITIVE,1,SOURCE_G_REVIEWS,reviews_2023.csv,2023-10-15T08:59:18.589210199,BATCH-G-20231015
REV-00097845,SKU-0014058,user_32987,Joe Garcia,1,"Waste of money, do not buy.",2023-01-12,True,NEGATIVE,2,SOURCE_G_REVIEWS,reviews_2023.csv,2023-01-12T17:06:14.397779806,BATCH-G-20230112
REV-00097855,SKU-0010371,user_9023112,Alyssa Cline,4,   Exceeded  my  expectations.   ,2023-06-28,True,POSITIVE,0,SOURCE_G_REVIEWS,reviews_2023.csv,2023-06-28T06:37:56.137305071,BATCH-G-20230628
REV-00097856,SKU-9980789,user_9033374,Mark Holland,5,Fast delivery and great quality.,2023-12-11,False,POSITIVE,0,SOURCE_G_REVIEWS,reviews_2023.csv,2023-12-11T11:54:23.957817025,BATCH-G-20231211
REV-00097878,SKU-0016583,user_7901,David,1,Wrong item was shipped to me.,2023-03-21,True,NEGATIVE,5,SOURCE_G_REVIEWS,reviews_2023.csv,2023-03-21T11:00:08.713992619,BATCH-G-20230321
REV-00097895,SKU-0005696,user_63813,Mr. Scott Craig,2,Arrived damaged and support was unhelpful.,2023-08-20,False,NEGATIVE,0,SOURCE_G_REVIEWS,reviews_2023.csv,2023-08-20T17:30:55.241307800,BATCH-G-20230820
REV-00097896,SKU-0014756,user_63959,Laura Davis,4,"Average quality, nothing special.",2023-03-28,True,NEUTRAL,2,SOURCE_G_REVIEWS,reviews_2023.csv,2023-03-28T03:36:40.185202955,BATCH-G-20230328
REV-00097903,SKU-9916833,user_9019477,Martin,4,Great value for money. ⭐,2023-01-28,False,POSITIVE,0,SOURCE_G_REVIEWS,reviews_2023.csv,2023-01-28T06:02:25.715068605,BATCH-G-20230128
REV-00097924,SKU-0011243,user_9029969,Sarah Watkins,5,"Exactly as described, very happy.",2023-09-03,True,POSITIVE,3,SOURCE_G_REVIEWS,reviews_2023.csv,2023-09-03T10:55:28.241094679,BATCH-G-20230903
REV-00097927,SKU-0001737,user_36155,Ariana Stone,5,Will definitely buy again.,2023-01-19,True,POSITIVE,0,SOURCE_G_REVIEWS,reviews_2023.csv,2023-01-19T05:56:09.491185485,BATCH-G-20230119
REV-00097928,SKU-0008616,,Anonymous,5,Will definitely buy again.,2023-05-29,True,POSITIVE,0,SOURCE_G_REVIEWS,reviews_2023.csv,2023-05-29T05:35:04.798980840,BATCH-G-20230529
REV-00097928-DUP,SKU-0008616,,Anonymous,5,Will definitely buy again.,2023-05-29,True,POSITIVE,0,SOURCE_G_REVIEWS,reviews_2023.csv,2023-05-29T06:19:04.798980840,BATCH-G-20230529
REV-00097931,SKU-0014128,user_27364,Mia Townsend,5,"Absolutely love it, works perfectly!",2023-08-29,True,POSITIVE,0,SOURCE_G_REVIEWS,reviews_2023.csv,2023-08-30T00:30:47.854309469,BATCH-G-20230829
REV-00097940,SKU-0004785,user_9021401,Evelyn,4,Highly recommend this product.,2023-03-03,True,POSITIVE,3,SOURCE_G_REVIEWS,reviews_2023.csv,2023-03-03T00:32:33.942987,BATCH-G-20230303
REV-00097943,SKU-0000567,user_9007520,Tracy Johnson,2,Stopped working after a week.,2023-07-05,True,NEGATIVE,3,SOURCE_G_REVIEWS,reviews_2023.csv,2023-07-05T08:42:33.741263330,BATCH-G-20230705
REV-00097947,SKU-0015009,user_61006,Lauren,3,"Matches the description, no issues.",2023-01-10,True,NEUTRAL,4,SOURCE_G_REVIEWS,reviews_2023.csv,2023-01-10T03:26:52.182540203,BATCH-G-20230110
REV-00097961,SKU-0019044,user_9005128,Ashley,5,Great value for money.,2023-10-07,True,POSITIVE,0,SOURCE_G_REVIEWS,reviews_2023.csv,2023-10-07T04:15:18.789861947,BATCH-G-20231007
REV-00097969,SKU-0009161,user_9026185,Andrea Davis,4,"Exactly as described, very happy.",2023-10-08,False,POSITIVE,1,SOURCE_G_REVIEWS,reviews_2023.csv,2023-10-08T03:56:03.331303996,BATCH-G-20231008
REV-00097978,SKU-0002923,,Anonymous,3,"Matches the description, no issues.",2023-10-19,True,NEUTRAL,2,SOURCE_G_REVIEWS,reviews_2023.csv,2023-10-19T16:30:54.385314563,BATCH-G-20231019
REV-00097979,SKU-0007507,user_9009102,Kevin Moran,4,Will definitely buy again.,2023-10-13,False,POSITIVE,2,SOURCE_G_REVIEWS,reviews_2023.csv,2023-10-13T06:29:15.559519764,BATCH-G-20231013
REV-00097997,SKU-0011585,,Anonymous,5,"Solid build quality, no complaints.",2023-01-20,True,POSITIVE,9,SOURCE_G_REVIEWS,reviews_2023.csv,2023-01-20T06:36:39.175409549,BATCH-G-20230120
REV-00098001,SKU-0010482,user_9019224,Veronica,5,"Exactly as described, very happy. ⭐",2023-02-22,True,POSITIVE,4,SOURCE_G_REVIEWS,reviews_2023.csv,2023-02-22T23:55:28.547481071,BATCH-G-20230222
REV-00098002,SKU-0017476,user_48766,Dr. Alexander Adams,4,"   बहुत  अच्छा  उत्पाद  है,  पैसा  वसूल!   ",2023-10-01,False,POSITIVE,2,SOURCE_G_REVIEWS,reviews_2023.csv,2023-10-01T21:01:36.545225866,BATCH-G-20231001
REV-00098003,SKU-0011286,,Anonymous,4,"Perfect gift, they loved it!",2023-11-19,True,POSITIVE,2,SOURCE_G_REVIEWS,reviews_2023.csv,2023-11-20T01:13:19.347990516,BATCH-G-20231119
REV-00098007,SKU-0006977,user_9030663,Hannah,3,"Matches the description, no issues.",2023-03-14,False,NEUTRAL,0,SOURCE_G_REVIEWS,reviews_2023.csv,2023-03-15T03:22:28.478358267,BATCH-G-20230314
REV-00098009,SKU-0004225,,Anonymous,5,Highly recommend this product.,2023-12-12,True,POSITIVE,0,SOURCE_G_REVIEWS,reviews_2023.csv,2023-12-12T20:15:44.436843016,BATCH-G-20231212
REV-00098014,SKU-0013923,user_50102,David,1,"Cheaply made, broke immediately.",2023-03-11,True,NEGATIVE,5,SOURCE_G_REVIEWS,reviews_2023.csv,2023-03-11T10:31:47.776108354,BATCH-G-20230311
REV-00098022,SKU-9935442,user_9002267,Toni,5,"Exactly as described, very happy. 👍",2023-02-17,True,POSITIVE,0,SOURCE_G_REVIEWS,reviews_2023.csv,2023-02-17T22:53:03.113821995,BATCH-G-20230217
REV-00098034,SKU-0012185,user_22840,Ruth,4,Exceeded my expectations.,2023-03-25,True,POSITIVE,2,SOURCE_G_REVIEWS,reviews_2023.csv,2023-03-26T04:44:06.337033127,BATCH-G-20230325
REV-00098043,SKU-0001526,user_9028830,Lauren Rice MD,5,Great value for money.,2023-12-18,True,POSITIVE,5,SOURCE_G_REVIEWS,reviews_2023.csv,2023-12-18T04:19:38.924529143,BATCH-G-20231218
REV-00098052,SKU-0005905,user_42477,Catherine,3,"Matches the description, no issues.",2023-01-28,False,NEUTRAL,3,SOURCE_G_REVIEWS,reviews_2023.csv,2023-01-28T13:46:13.243730544,BATCH-G-20230128
REV-00098080,SKU-0014546,user_1564,Lisa Wilson,5,No cumplió mis expectativas.,2023-06-23,True,POSITIVE,3,SOURCE_G_REVIEWS,reviews_2023.csv,2023-06-23T02:33:26.662198191,BATCH-G-20230623
REV-00098090,SKU-0016803,,Anonymous,4,"Perfect gift, they loved it!",2023-07-21,False,POSITIVE,4,SOURCE_G_REVIEWS,reviews_2023.csv,2023-07-21T08:47:30.265782160,BATCH-G-20230721
REV-00098092,SKU-0006508,user_9008083,Richard,5,"Solid build quality, no complaints.",2023-12-23,True,POSITIVE,3,SOURCE_G_REVIEWS,reviews_2023.csv,2023-12-23T18:02:03.900890333,BATCH-G-20231223
REV-00098093,SKU-0003767,,Anonymous,3,"Matches the description, no issues.",2023-06-18,True,NEUTRAL,4,SOURCE_G_REVIEWS,reviews_2023.csv,2023-06-18T06:27:52.839123397,BATCH-G-20230618
REV-00098094,SKU-0005802,,Anonymous,4,"Solid build quality, no complaints.",2023-10-23,True,POSITIVE,0,SOURCE_G_REVIEWS,reviews_2023.csv,2023-10-23T02:17:38.109504011,BATCH-G-20231023
REV-00098096,SKU-0012062,user_18036,Whitney,2,Very disappointed with the quality.,2023-12-19,True,NEGATIVE,0,SOURCE_G_REVIEWS,reviews_2023.csv,2023-12-19T17:30:10.348352558,BATCH-G-20231219
REV-00098098,SKU-0017752,user_9003854,Miranda Pratt,5,"Absolutely love it, works perfectly!",2023-08-23,False,POSITIVE,8,SOURCE_G_REVIEWS,reviews_2023.csv,2023-08-23T01:58:41.908297608,BATCH-G-20230823
REV-00098112,SKU-0010982,user_59163,Christopher,1,"Poor packaging, item was defective.",2023-10-19,True,NEGATIVE,8,SOURCE_G_REVIEWS,reviews_2023.csv,2023-10-19T01:41:52.544634213,BATCH-G-20231019
REV-00098128,SKU-0007950,user_54965,April,1,Very disappointed with the quality. 😍,2023-09-22,True,NEGATIVE,1,SOURCE_G_REVIEWS,reviews_2023.csv,2023-09-22T14:57:27.434216805,BATCH-G-20230922
REV-00098142,SKU-0015521,,Anonymous,4,Exceeded my expectations.,2023-05-23,True,POSITIVE,0,SOURCE_G_REVIEWS,reviews_2023.csv,2023-05-23T21:35:24.075641426,BATCH-G-20230523
REV-00098145,SKU-0003927,user_44734,Erika Gonzalez,5,Will definitely buy again.,2023-11-03,False,POSITIVE,0,SOURCE_G_REVIEWS,reviews_2023.csv,2023-11-03T19:45:03.187503073,BATCH-G-20231103
REV-00098148,SKU-0014608,,Anonymous,4,Exceeded my expectations.,2023-08-20,False,POSITIVE,1,SOURCE_G_REVIEWS,reviews_2023.csv,2023-08-20T03:53:07.578010939,BATCH-G-20230820
REV-00098157,SKU-0003959,user_9003655,Kimberly,5,"Perfect gift, they loved it!",2023-06-12,False,POSITIVE,5,SOURCE_G_REVIEWS,reviews_2023.csv,2023-06-12T08:03:42.603279390,BATCH-G-20230612
REV-00098175,SKU-0012553,user_9001236,Brian Brown,5,Great value for money.,2023-11-06,True,POSITIVE,5,SOURCE_G_REVIEWS,reviews_2023.csv,2023-11-07T00:07:57.451080976,BATCH-G-20231106
REV-00098178,SKU-0010992,user_3746,Lawrence Perry,5,Exceeded my expectations.,2023-01-02,True,POSITIVE,0,SOURCE_G_REVIEWS,reviews_2023.csv,2023-01-02T05:44:03.987026710,BATCH-G-20230102
REV-00098182,SKU-0009363,user_9015756,Kevin Johnson,4,"Exactly as described, very happy.",2023-05-27,True,POSITIVE,4,SOURCE_G_REVIEWS,reviews_2023.csv,2023-05-28T03:02:55.572777175,BATCH-G-20230527
REV-00098184,SKU-0003654,user_9010597,Mary,4,Highly recommend this product.,2023-12-14,True,POSITIVE,4,SOURCE_G_REVIEWS,reviews_2023.csv,2023-12-14T21:15:40.566921793,BATCH-G-20231214
REV-00098198,SKU-0016383,user_66899,Kimberly Parker DDS,5,Great value for money.,2023-05-11,False,POSITIVE,2,SOURCE_G_REVIEWS,reviews_2023.csv,2023-05-11T02:17:43.798693711,BATCH-G-20230511
REV-00098207,SKU-0011158,user_41166,David Parker,2,Stopped working after a week.,2023-04-15,True,NEGATIVE,0,SOURCE_G_REVIEWS,reviews_2023.csv,2023-04-15T04:26:13.457097027,BATCH-G-20230415
REV-00098210,SKU-9968052,user_9019258,Carol Hernandez,4,"Perfect gift, they loved it!",2023-11-22,False,POSITIVE,0,SOURCE_G_REVIEWS,reviews_2023.csv,2023-11-22T09:43:34.376257255,BATCH-G-20231122
REV-00098211,SKU-0016638,,Anonymous,5,"बहुत अच्छा उत्पाद है, पैसा वसूल!",2023-04-26,True,POSITIVE,1,SOURCE_G_REVIEWS,reviews_2023.csv,2023-04-26T13:41:25.819402990,BATCH-G-20230426
REV-00098216,SKU-0002084,,Anonymous,5,"   Solid  build  quality,  no  complaints.   ",2023-12-27,True,POSITIVE,0,SOURCE_G_REVIEWS,reviews_2023.csv,2023-12-28T01:55:20.757383359,BATCH-G-20231227
REV-00098217,SKU-0002066,user_9028612,Laura,4,"It's okay, does the job.",2023-06-30,True,NEUTRAL,0,SOURCE_G_REVIEWS,reviews_2023.csv,2023-06-30T14:20:37.391785048,BATCH-G-20230630
REV-00098222,SKU-0012785,user_9011674,Stephanie Velasquez,5,"Absolutely love it, works perfectly!",2023-07-06,False,POSITIVE,3,SOURCE_G_REVIEWS,reviews_2023.csv,2023-07-06T12:34:58.103930064,BATCH-G-20230706
REV-00098224,SKU-0017041,user_9032556,Colton,4,"Exactly as described, very happy.",2023-05-11,True,POSITIVE,5,SOURCE_G_REVIEWS,reviews_2023.csv,2023-05-12T02:14:49.843723585,BATCH-G-20230511
REV-00098231,SKU-0016335,user_44064,Donna Johnson,4,Fast delivery and great quality.,2023-12-12,True,POSITIVE,6,SOURCE_G_REVIEWS,reviews_2023.csv,2023-12-12T17:48:22.530962954,BATCH-G-20231212
REV-00098238,SKU-0018329,user_21974,Amanda Smith,5,"Absolutely love it, works perfectly!",2023-02-10,True,POSITIVE,3,SOURCE_G_REVIEWS,reviews_2023.csv,2023-02-11T05:21:36.158691383,BATCH-G-20230210
REV-00098248,SKU-0009250,user_9011297,Sean,4,"Solid build quality, no complaints.",2023-10-30,True,POSITIVE,1,SOURCE_G_REVIEWS,reviews_2023.csv,2023-10-30T14:48:49.435253746,BATCH-G-20231030
REV-00098258,SKU-0019555,user_39169,Taylor Guzman,5,No cumplió mis expectativas.,2023-12-19,True,POSITIVE,1,SOURCE_G_REVIEWS,reviews_2023.csv,2023-12-19T06:49:37.844044531,BATCH-G-20231219
REV-00098286,SKU-0008291,,Anonymous,5,Exceeded my expectations.,2023-04-15,True,POSITIVE,2,SOURCE_G_REVIEWS,reviews_2023.csv,2023-04-15T23:34:27.131734963,BATCH-G-20230415
REV-00098289,SKU-0018232,user_10554,Leslie,3,No cumplió mis expectativas.,2023-03-11,True,NEUTRAL,2,SOURCE_G_REVIEWS,reviews_2023.csv,2023-03-11T08:22:09.584353326,BATCH-G-20230311
REV-00098313,SKU-0018488,user_56648,Amanda Cox,5,No cumplió mis expectativas. Will definitely buy again.,2023-12-22,False,POSITIVE,1,SOURCE_G_REVIEWS,reviews_2023.csv,2023-12-22T23:48:12.157204494,BATCH-G-20231222
REV-00098316,SKU-0000808,user_15377,Mrs. Sandra Jackson,5,Highly recommend this product. 😍👍,2023-12-14,False,POSITIVE,0,SOURCE_G_REVIEWS,reviews_2023.csv,2023-12-14T21:36:25.848183632,BATCH-G-20231214
REV-00098333,SKU-0014211,user_61601,Geoffrey Green,4,Will definitely buy again.,2023-04-29,True,POSITIVE,0,SOURCE_G_REVIEWS,reviews_2023.csv,2023-04-29T18:28:07.735229878,BATCH-G-20230429
REV-00098342,SKU-9989408,user_9030802,Matthew Riley,4,Better than I expected for the price.,2023-12-04,True,POSITIVE,3,SOURCE_G_REVIEWS,reviews_2023.csv,2023-12-04T03:07:16.309399264,BATCH-G-20231204
REV-00098344,SKU-0010623,user_9011459,Denise Johnson,5,"Muy buen producto, lo recomiendo.",2023-12-30,True,POSITIVE,3,SOURCE_G_REVIEWS,reviews_2023.csv,2023-12-31T05:31:43.786892262,BATCH-G-20231230
REV-00098354,SKU-0018728,user_9005220,Corey,5,"No cumplió mis expectativas. Not bad, not great either. 💯",2023-01-24,True,NEUTRAL,0,SOURCE_G_REVIEWS,reviews_2023.csv,2023-01-25T05:36:50.186953053,BATCH-G-20230124
REV-00098367,SKU-9974039,,Anonymous,3,"Not bad, not great either.",2023-03-19,True,NEUTRAL,0,SOURCE_G_REVIEWS,reviews_2023.csv,2023-03-19T02:59:25.136651216,BATCH-G-20230319
REV-00098381,SKU-0007289,user_50674,Ashley Hines,5,Exceeded my expectations.,2023-12-17,True,POSITIVE,2,SOURCE_G_REVIEWS,reviews_2023.csv,2023-12-17T07:41:08.662295201,BATCH-G-20231217
REV-00098386,SKU-0019032,user_37243,Juan Smith,4,Highly recommend this product.,2023-12-29,False,POSITIVE,11,SOURCE_G_REVIEWS,reviews_2023.csv,2023-12-29T23:48:21.056424973,BATCH-G-20231229
REV-00098389,SKU-0000138,,Anonymous,4,Highly recommend this product.,2023-11-22,True,POSITIVE,2,SOURCE_G_REVIEWS,reviews_2023.csv,2023-11-22T06:37:55.272104220,BATCH-G-20231122
REV-00098391,SKU-9975034,user_9025025,Kevin Ramirez,5,"Exactly as described, very happy.",2023-03-21,False,POSITIVE,7,SOURCE_G_REVIEWS,reviews_2023.csv,2023-03-21T18:40:48.676730421,BATCH-G-20230321
REV-00098393,SKU-0001855,user_36712,April Nash MD,5,"Absolutely love it, works perfectly!",2023-11-19,True,POSITIVE,0,SOURCE_G_REVIEWS,reviews_2023.csv,2023-11-19T04:28:45.632248385,BATCH-G-20231119
REV-00098397,SKU-0013686,user_23802,Steven Huber,5,Highly recommend this product.,2023-09-20,True,POSITIVE,0,SOURCE_G_REVIEWS,reviews_2023.csv,2023-09-21T05:10:34.910873909,BATCH-G-20230920
REV-00098397-DUP,SKU-0013686,user_23802,Steven Huber,5,Highly recommend this product.,2023-09-20,True,POSITIVE,0,SOURCE_G_REVIEWS,reviews_2023.csv,2023-09-21T06:08:34.910873909,BATCH-G-20230920
REV-00098419,SKU-0019545,user_17319,Beth James,3,Works fine but delivery was slow.,2023-06-03,True,NEUTRAL,8,SOURCE_G_REVIEWS,reviews_2023.csv,2023-06-03T07:47:11.376873312,BATCH-G-20230603
REV-00098428,SKU-0004981,user_68118,Michelle Mullins,5,Will definitely buy again.,2023-01-11,True,POSITIVE,4,SOURCE_G_REVIEWS,reviews_2023.csv,2023-01-11T12:04:16.115944579,BATCH-G-20230111
REV-00098432,SKU-0001300,user_24596,Christina Torres,4,Exceeded my expectations.,2023-10-17,False,POSITIVE,0,SOURCE_G_REVIEWS,reviews_2023.csv,2023-10-16T13:00:00,BATCH-G-20231017
REV-00098433,SKU-0010650,,Anonymous,4,Better than I expected for the price. 👍,2023-08-04,False,POSITIVE,2,SOURCE_G_REVIEWS,reviews_2023.csv,2023-08-04T07:16:44.950450434,BATCH-G-20230804
REV-00098441,SKU-0020137,user_9030389,Benjamin Gonzalez,,Not as described at all.,2023-01-28,True,NEGATIVE,6,SOURCE_G_REVIEWS,reviews_2023.csv,2023-01-28T18:33:28.614070026,BATCH-G-20230128
REV-00098454,SKU-9911055,user_16716,Ian,2,Wrong item was shipped to me.,2023-06-20,True,NEGATIVE,1,SOURCE_G_REVIEWS,reviews_2023.csv,2023-06-20T05:10:58.545117427,BATCH-G-20230620
REV-00098455,SKU-0011084,user_9022447,Anthony Bell,5,Great value for money.,2023-02-24,True,POSITIVE,2,SOURCE_G_REVIEWS,reviews_2023.csv,2023-02-25T01:33:59.040868163,BATCH-G-20230224
REV-00098462,SKU-0007426,user_22357,Linda Gomez,4,Will definitely buy again.,2023-03-18,True,POSITIVE,0,SOURCE_G_REVIEWS,reviews_2023.csv,2023-03-18T04:54:17.318347039,BATCH-G-20230318
REV-00098470,SKU-0001103,user_9021197,Henry Vang,5,Will definitely buy again.,2023-12-06,True,POSITIVE,1,SOURCE_G_REVIEWS,reviews_2023.csv,2023-12-06T01:54:08.390845869,BATCH-G-20231206
REV-00098476,SKU-0010388,user_10486,Chris Salas,5,Will definitely buy again.,2023-09-20,True,POSITIVE,1,SOURCE_G_REVIEWS,reviews_2023.csv,2023-09-21T02:49:19.158284621,BATCH-G-20230920
REV-00098487,SKU-0019530,,Anonymous,5,Will definitely buy again.,2023-02-19,True,POSITIVE,11,SOURCE_G_REVIEWS,reviews_2023.csv,2023-02-19T22:45:00.137180073,BATCH-G-20230219
REV-00098492,SKU-0007888,user_9033673,Jennifer Kelly,5,Exceeded my expectations. ⭐,2023-10-16,False,POSITIVE,1,SOURCE_G_REVIEWS,reviews_2023.csv,2023-10-16T03:58:12.351160935,BATCH-G-20231016
REV-00098520,SKU-0008588,user_9015725,Lynn Anderson,-,"Waste of money, do not buy.",2023-04-15,False,NEGATIVE,10,SOURCE_G_REVIEWS,reviews_2023.csv,2023-04-15T05:17:18.893256803,BATCH-G-20230415
REV-00098522,SKU-0007806,user_9009582,Deborah,4,"Exactly as described, very happy.",2023-04-21,True,POSITIVE,4,SOURCE_G_REVIEWS,reviews_2023.csv,2023-04-21T12:49:08.903146151,BATCH-G-20230421
REV-00098527,SKU-0014488,user_80,Elizabeth Johnson,4,Will definitely buy again.,2023-08-27,False,POSITIVE,0,SOURCE_G_REVIEWS,reviews_2023.csv,2023-08-28T01:47:06.784432062,BATCH-G-20230827
REV-00098539,SKU-0017646,user_9008354,Connor,4,"Perfect gift, they loved it!",2023-01-01,False,POSITIVE,0,SOURCE_G_REVIEWS,reviews_2023.csv,2023-01-01T02:09:42.982392251,BATCH-G-20230101
REV-00098545,SKU-9915976,user_9012778,Jesse,1,Wrong item was shipped to me.,2023-02-16,False,NEGATIVE,0,SOURCE_G_REVIEWS,reviews_2023.csv,2023-02-16T17:26:32.395002847,BATCH-G-20230216
REV-00098571,SKU-0017948,,Anonymous,4,Highly recommend this product.,2023-09-17,True,POSITIVE,5,SOURCE_G_REVIEWS,reviews_2023.csv,2023-09-18T03:00:54.347364679,BATCH-G-20230917
REV-00098600,SKU-0019604,user_65440,Crystal,5,Fast delivery and great quality.,2023-12-27,True,POSITIVE,2,SOURCE_G_REVIEWS,reviews_2023.csv,2023-12-28T00:53:14.296108105,BATCH-G-20231227
REV-00098608,SKU-0016849,user_54156,Laura Roberts,5,</p>Fast delivery and great quality.<i>edited</i>,2023-12-26,True,POSITIVE,1,SOURCE_G_REVIEWS,reviews_2023.csv,2023-12-26T20:07:21.036445081,BATCH-G-20231226
REV-00098609,SKU-0011218,user_1866,Derrick Bell,5,Great value for money.,2023-02-14,False,POSITIVE,0,SOURCE_G_REVIEWS,reviews_2023.csv,2023-02-14T01:36:00.856226126,BATCH-G-20230214
REV-00098623,SKU-0008547,,Anonymous,4,Highly recommend this product.,2023-07-05,True,POSITIVE,1,SOURCE_G_REVIEWS,reviews_2023.csv,2023-07-06T01:37:49.677315175,BATCH-G-20230705
REV-00098635,SKU-0019378,,Anonymous,5,Great value for money.,2023-07-01,True,POSITIVE,0,SOURCE_G_REVIEWS,reviews_2023.csv,2023-07-01T22:56:03.552440748,BATCH-G-20230701
REV-00098637,SKU-0006648,,Anonymous,5,"Perfect gift, they loved it!",2023-02-10,True,POSITIVE,0,SOURCE_G_REVIEWS,reviews_2023.csv,2023-02-10T20:27:26.212991213,BATCH-G-20230210
REV-00098639,SKU-0004761,user_15730,Shawna Bell,5,"Exactly as described, very happy.",2023-12-05,True,POSITIVE,0,SOURCE_G_REVIEWS,reviews_2023.csv,2023-12-05T03:04:15.082619547,BATCH-G-20231205
REV-00098646,SKU-0018364,,Anonymous,4,Great value for money.,2023-10-15,True,POSITIVE,3,SOURCE_G_REVIEWS,reviews_2023.csv,2023-10-16T03:55:38.746865033,BATCH-G-20231015
REV-00098653,SKU-0020074,user_58980,Erica Best,4,Exceeded my expectations.,2023-03-28,True,POSITIVE,10,SOURCE_G_REVIEWS,reviews_2023.csv,2023-03-29T01:29:24.925888807,BATCH-G-20230328
REV-00098657,SKU-0016991,user_9002732,Diane Wilson,5,"Matches the description, no issues.",2023-04-16,False,NEUTRAL,7,SOURCE_G_REVIEWS,reviews_2023.csv,2023-04-16T04:04:49.301195395,BATCH-G-20230416
REV-00098666,SKU-0000111,user_5239,Cassidy Hill,4,Decent but overpriced a bit.,2023-03-14,True,NEUTRAL,5,SOURCE_G_REVIEWS,reviews_2023.csv,2023-03-14T17:23:20.975279260,BATCH-G-20230314
REV-00098675,SKU-0015825,user_9014633,Shannon Matthews,4,   Better  than  I  expected  for  the  price.   ,2023-11-01,False,POSITIVE,6,SOURCE_G_REVIEWS,reviews_2023.csv,2023-11-01T17:01:25.195181567,BATCH-G-20231101
REV-00098687,SKU-0019873,user_9013885,Vicki,5,"Exactly as described, very happy.",2023-03-12,False,POSITIVE,0,SOURCE_G_REVIEWS,reviews_2023.csv,2023-03-12T07:39:28.923303557,BATCH-G-20230312
REV-00098694,SKU-0000451,user_9007930,Mary Nelson,3,Works fine but delivery was slow.,2023-12-24,True,NEUTRAL,0,SOURCE_G_REVIEWS,reviews_2023.csv,2023-12-25T01:04:07.747905437,BATCH-G-20231224
REV-00098701,SKU-0005275,user_63056,Rose,4,Fast delivery and great quality.,2023-10-20,True,POSITIVE,0,SOURCE_G_REVIEWS,reviews_2023.csv,2023-10-20T09:50:02.590096449,BATCH-G-20231020
REV-00098705,SKU-0004739,,Anonymous,3,"Average quality, nothing special.",2023-12-02,True,NEUTRAL,3,SOURCE_G_REVIEWS,reviews_2023.csv,2023-12-02T01:36:36.358271750,BATCH-G-20231202
REV-00098717,SKU-0011123,user_13176,Chase Olson,4,Will definitely buy again.,2023-06-14,True,POSITIVE,1,SOURCE_G_REVIEWS,reviews_2023.csv,2023-06-14T13:28:43.668718297,BATCH-G-20230614
REV-00098722,SKU-0009895,user_9002160,Deborah Morgan,4,"Absolutely love it, works perfectly!",2023-01-08,False,POSITIVE,1,SOURCE_G_REVIEWS,reviews_2023.csv,2023-01-08T02:32:50.583908870,BATCH-G-20230108
REV-00098739,SKU-0002248,,Anonymous,4,"</p>Solid build quality, no complaints.&nbsp;",2023-07-04,True,POSITIVE,1,SOURCE_G_REVIEWS,reviews_2023.csv,2023-07-04T18:34:58.706062141,BATCH-G-20230704
REV-00098752,SKU-0013712,user_16237,Michele Boone,5,Better than I expected for the price.,2023-01-22,True,POSITIVE,1,SOURCE_G_REVIEWS,reviews_2023.csv,2023-01-22T18:22:19.225849417,BATCH-G-20230122
REV-00098755,SKU-0016490,user_9033877,Martin Simmons,4,"   Absolutely  love  it,  works  perfectly!  😐   ",2023-07-13,False,POSITIVE,0,SOURCE_G_REVIEWS,reviews_2023.csv,2023-07-13T20:10:34.471795555,BATCH-G-20230713
REV-00098762,SKU-0019291,user_9003190,Brandon Schultz,null,"Average quality, nothing special. 😐😍",2023-01-24,True,NEUTRAL,1,SOURCE_G_REVIEWS,reviews_2023.csv,2023-01-24T22:59:37.492749675,BATCH-G-20230124
REV-00098769,SKU-0000156,user_53031,Christine Allen,5,Better than I expected for the price.,2023-12-04,True,POSITIVE,0,SOURCE_G_REVIEWS,reviews_2023.csv,2023-12-04T08:42:11.694331471,BATCH-G-20231204
REV-00098771,SKU-0015967,user_15693,Austin,5,Fast delivery and great quality.,2023-02-09,False,POSITIVE,10,SOURCE_G_REVIEWS,reviews_2023.csv,2023-02-09T22:02:44.868818323,BATCH-G-20230209
REV-00098774,SKU-0001360,user_31713,Adriana Kelly,2,Very disappointed with the quality.,2023-12-13,True,NEGATIVE,5,SOURCE_G_REVIEWS,reviews_2023.csv,2023-12-14T01:01:31.931121311,BATCH-G-20231213
REV-00098776,SKU-0001308,user_9025061,Virginia,4,Exceeded my expectations.,2023-04-18,False,POSITIVE,4,SOURCE_G_REVIEWS,reviews_2023.csv,2023-04-18T03:56:12.978534047,BATCH-G-20230418
REV-00098794,SKU-0019111,,Anonymous,4,"Solid build quality, no complaints.",2023-06-22,True,POSITIVE,0,SOURCE_G_REVIEWS,reviews_2023.csv,2023-06-23T01:19:17.174976899,BATCH-G-20230622
REV-00098801,SKU-0000768,,Anonymous,5,"Muy buen producto, lo recomiendo.",2023-03-07,True,POSITIVE,1,SOURCE_G_REVIEWS,reviews_2023.csv,2023-03-07T21:33:18.511649711,BATCH-G-20230307
REV-00098811,SKU-0004243,,Anonymous,4,Will definitely buy again.,2023-10-22,True,POSITIVE,2,SOURCE_G_REVIEWS,reviews_2023.csv,2023-10-22T12:01:12.198908034,BATCH-G-20231022
REV-00098814,SKU-0004302,user_9010738,Kyle Patton,5,"Absolutely love it, works perfectly!",2023-05-25,True,POSITIVE,0,SOURCE_G_REVIEWS,reviews_2023.csv,2023-05-25T20:08:11.469001676,BATCH-G-20230525
REV-00098828,SKU-0005689,user_9026761,Stephanie Wilson,4,Exceeded my expectations.,2023-02-24,True,POSITIVE,2,SOURCE_G_REVIEWS,reviews_2023.csv,2023-02-24T19:36:00.230856057,BATCH-G-20230224
REV-00098832,SKU-9904999,user_9029044,Carolyn Webb,5,"बहुत अच्छा उत्पाद है, पैसा वसूल!",2023-12-01,False,POSITIVE,3,SOURCE_G_REVIEWS,reviews_2023.csv,2023-12-01T18:06:13.975916433,BATCH-G-20231201
REV-00098832-DUP,SKU-9904999,user_9029044,Carolyn Webb,5,"बहुत अच्छा उत्पाद है, पैसा वसूल!",2023-12-01,False,POSITIVE,3,SOURCE_G_REVIEWS,reviews_2023.csv,2023-12-01T18:49:13.975916433,BATCH-G-20231201
REV-00098835,SKU-0016262,user_9014238,Hector Burns,1,"Waste of money, do not buy.",2023-09-21,True,NEGATIVE,0,SOURCE_G_REVIEWS,reviews_2023.csv,2023-09-21T02:10:20.705260979,BATCH-G-20230921
REV-00098866,SKU-0002117,,Anonymous,4,Fast delivery and great quality.,2023-08-03,False,POSITIVE,7,SOURCE_G_REVIEWS,reviews_2023.csv,2023-08-03T10:42:36.028479401,BATCH-G-20230803
REV-00098867,SKU-0020037,user_9019068,Brittany Hayes,3,"Average quality, nothing special.",2023-08-29,True,NEUTRAL,2,SOURCE_G_REVIEWS,reviews_2023.csv,2023-08-30T01:05:15.071891877,BATCH-G-20230829
REV-00098872,SKU-9905039,user_20304,Carlos Trujillo,0,-,2023-06-06,True,NEGATIVE,2,SOURCE_G_REVIEWS,reviews_2023.csv,2023-06-06T00:46:47.767819811,BATCH-G-20230606
REV-00098875,SKU-0001833,user_12052,Danielle Avery,4,"Exactly as described, very happy.",2023-08-26,True,POSITIVE,0,SOURCE_G_REVIEWS,reviews_2023.csv,2023-08-26T13:58:53.030437599,BATCH-G-20230826
REV-00098878,SKU-0000722,user_9019076,Linda Wolf,4,"Not bad, not great either.",2023-10-12,False,NEUTRAL,1,SOURCE_G_REVIEWS,reviews_2023.csv,2023-10-12T12:51:45.278640564,BATCH-G-20231012
REV-00098882,SKU-0007057,user_9028874,Kevin Brown,1,No cumplió mis expectativas. 😢,2023-10-26,True,NEGATIVE,0,SOURCE_G_REVIEWS,reviews_2023.csv,2023-10-26T09:39:54.267362441,BATCH-G-20231026
REV-00098883,SKU-9980495,user_29125,Debra,5,   Will  definitely  buy  again.   ,2023-01-01,True,POSITIVE,3,SOURCE_G_REVIEWS,reviews_2023.csv,2023-01-01T09:39:41.568538634,BATCH-G-20230101
REV-00098905,SKU-0011762,user_9032128,Benjamin,5,"Exactly as described, very happy.",2023-02-12,False,POSITIVE,2,SOURCE_G_REVIEWS,reviews_2023.csv,2023-02-12T03:44:26.176138005,BATCH-G-20230212
REV-00098909,SKU-9980751,,Anonymous,5,"Perfect gift, they loved it!",2023-06-10,True,POSITIVE,0,SOURCE_G_REVIEWS,reviews_2023.csv,2023-06-11T00:59:12.276194236,BATCH-G-20230610
REV-00098911,SKU-0005596,,Anonymous,5,Great value for money.,2023-03-26,True,POSITIVE,0,SOURCE_G_REVIEWS,reviews_2023.csv,2023-03-26T04:30:03.409326166,BATCH-G-20230326
REV-00098912,SKU-0018353,user_9001741,Andrew,1,Stopped working after a week. 😀,2023-05-21,True,NEGATIVE,2,SOURCE_G_REVIEWS,reviews_2023.csv,2023-05-21T06:09:46.955450852,BATCH-G-20230521
REV-00098929,SKU-0011750,,Anonymous,5,Better than I expected for the price.,2023-01-03,True,POSITIVE,1,SOURCE_G_REVIEWS,reviews_2023.csv,2023-01-03T07:15:24.593676068,BATCH-G-20230103
REV-00098933,SKU-0005591,user_9015026,Stephanie Watkins,3,"It's okay, does the job.",2023-11-09,False,NEUTRAL,1,SOURCE_G_REVIEWS,reviews_2023.csv,2023-11-09T05:57:06.736606676,BATCH-G-20231109
REV-00098955,SKU-0012939,user_9033633,Alexander,5,Exceeded my expectations.,2023-02-21,True,POSITIVE,0,SOURCE_G_REVIEWS,reviews_2023.csv,2023-02-21T00:46:49.247530571,BATCH-G-20230221
REV-00098957,SKU-0009317,,Anonymous,5,Highly recommend this product.,2023-10-23,True,POSITIVE,1,SOURCE_G_REVIEWS,reviews_2023.csv,2023-10-23T11:16:50.620964567,BATCH-G-20231023
REV-00098966,SKU-0007797,user_48233,Jeffrey Harris,2,"Waste of money, do not buy.",2023-07-31,False,NEGATIVE,5,SOURCE_G_REVIEWS,reviews_2023.csv,2023-08-01T04:02:30.996260472,BATCH-G-20230731
REV-00098968,SKU-0011705,user_9013422,Melody Foster,4,Better than I expected for the price.,2023-04-05,False,POSITIVE,4,SOURCE_G_REVIEWS,reviews_2023.csv,2023-04-05T20:18:44.782945747,BATCH-G-20230405
REV-00098969,SKU-0008595,user_48174,Jeffery Reyes,5,Decent but overpriced a bit.,2023-09-21,False,NEUTRAL,3,SOURCE_G_REVIEWS,reviews_2023.csv,2023-09-21T21:00:43.742170560,BATCH-G-20230921
REV-00098974,SKU-0012094,user_9034645,Maria,2,Not as described at all. ⭐😢,2023-09-01,True,NEGATIVE,1,SOURCE_G_REVIEWS,reviews_2023.csv,2023-09-02T02:16:33.634849888,BATCH-G-20230901
REV-00098983,SKU-0016129,user_9020539,Nicholas Potter,4,"Solid build quality, no complaints.",2023-04-30,True,POSITIVE,0,SOURCE_G_REVIEWS,reviews_2023.csv,2023-04-30T07:54:31.550185077,BATCH-G-20230430
REV-00098990,SKU-0018461,,Anonymous,4,Fast delivery and great quality.,2023-03-25,False,POSITIVE,2,SOURCE_G_REVIEWS,reviews_2023.csv,2023-03-25T06:06:47.611314668,BATCH-G-20230325
REV-00098996,SKU-0011353,,Anonymous,3,"Muy buen producto, lo recomiendo.",2023-01-30,True,NEUTRAL,0,SOURCE_G_REVIEWS,reviews_2023.csv,2023-01-31T03:02:48.352349947,BATCH-G-20230130
REV-00099004,SKU-0005674,user_19187,Sean Gardner,3,"Average quality, nothing special.",2023-01-27,False,NEUTRAL,0,SOURCE_G_REVIEWS,reviews_2023.csv,2023-01-27T07:46:14.287695767,BATCH-G-20230127
REV-00099006,SKU-0018140,user_25309,Adam,5,"Exactly as described, very happy.",2023-01-03,False,POSITIVE,3,SOURCE_G_REVIEWS,reviews_2023.csv,2023-01-03T09:47:23.898272601,BATCH-G-20230103
REV-00099009,SKU-0019205,user_64125,Vanessa Massey,5,Highly recommend this product.,2023-11-20,True,POSITIVE,0,SOURCE_G_REVIEWS,reviews_2023.csv,2023-11-20T02:07:20.430639923,BATCH-G-20231120
REV-00099016,SKU-0006233,user_9001773,Ms. Tabitha Castro,5,Better than I expected for the price.,2023-11-21,True,POSITIVE,7,SOURCE_G_REVIEWS,reviews_2023.csv,2023-11-22T00:04:14.972171366,BATCH-G-20231121
REV-00099020,SKU-0001737,user_9008485,Nicholas Woodward,3,"It's okay, does the job.",2023-12-20,True,NEUTRAL,1,SOURCE_G_REVIEWS,reviews_2023.csv,2023-12-20T02:33:39.225744549,BATCH-G-20231220
REV-00099036,SKU-0015343,,Anonymous,5,Great value for money.,2023-07-04,True,POSITIVE,5,SOURCE_G_REVIEWS,reviews_2023.csv,2023-07-05T01:42:54.657376838,BATCH-G-20230704
REV-00099038,SKU-0004237,user_21123,Veronica Barnett,3,Decent but overpriced a bit.,2023-02-18,True,NEUTRAL,6,SOURCE_G_REVIEWS,reviews_2023.csv,2023-02-18T08:28:09.650420338,BATCH-G-20230218
REV-00099044,SKU-0019418,user_9023907,Megan Knox,5,"Perfect gift, they loved it!",2023-03-12,True,POSITIVE,4,SOURCE_G_REVIEWS,reviews_2023.csv,2023-03-12T01:50:58.785121278,BATCH-G-20230312
REV-00099046,SKU-0003899,user_9027382,Phillip,2,Better than I expected for the price.,2023-10-28,False,POSITIVE,3,SOURCE_G_REVIEWS,reviews_2023.csv,2023-10-28T18:09:39.459386571,BATCH-G-20231028
REV-00099054,SKU-0015385,user_9033238,Amber,5,Great value for money.,2023-02-27,False,POSITIVE,7,SOURCE_G_REVIEWS,reviews_2023.csv,2023-02-27T17:08:16.152894332,BATCH-G-20230227
REV-00099055,SKU-0010226,user_36275,Joan Freeman,3,"Not bad, not great either.",2023-12-30,True,NEUTRAL,1,SOURCE_G_REVIEWS,reviews_2023.csv,2023-12-31T03:14:11.246035370,BATCH-G-20231230
REV-00099064,SKU-0004039,user_21518,Kristina Vega,5,"<b>Update:</b>Exactly as described, very happy.&nbsp;",2023-06-28,True,POSITIVE,4,SOURCE_G_REVIEWS,reviews_2023.csv,2023-06-28T03:39:30.851605594,BATCH-G-20230628
REV-00099068,SKU-0004323,user_19444,Briana Howell,2,Stopped working after a week.,2023-11-08,True,NEGATIVE,8,SOURCE_G_REVIEWS,reviews_2023.csv,2023-11-08T14:48:02.559553862,BATCH-G-20231108
REV-00099075,SKU-0000364,user_54263,Sharon Floyd,2,"Waste of money, do not buy.",2023-07-22,True,NEGATIVE,2,SOURCE_G_REVIEWS,reviews_2023.csv,2023-07-23T01:35:46.025209756,BATCH-G-20230722
REV-00099093,SKU-0004625,user_9022415,Christine Watts,5,Great value for money.,2023-08-26,False,POSITIVE,6,SOURCE_G_REVIEWS,reviews_2023.csv,2023-08-26T11:50:25.784187801,BATCH-G-20230826
REV-00099103,SKU-0001659,user_9031413,Debbie,3,"Matches the description, no issues.",2023-08-05,True,NEUTRAL,3,SOURCE_G_REVIEWS,reviews_2023.csv,2023-08-05T01:44:23.474909236,BATCH-G-20230805
REV-00099104,SKU-0005287,user_9021427,Erika Campbell,4,"Absolutely love it, works perfectly!",2023-11-20,True,POSITIVE,2,SOURCE_G_REVIEWS,reviews_2023.csv,2023-11-20T22:14:49.090210893,BATCH-G-20231120
REV-00099112,SKU-0004840,user_9026000,Jose,1,"Waste of money, do not buy.",2023-03-23,True,NEGATIVE,1,SOURCE_G_REVIEWS,reviews_2023.csv,2023-03-24T03:13:08.446944272,BATCH-G-20230323
REV-00099114,SKU-0018201,user_3465,Matthew Blankenship,5,Better than I expected for the price.,2023-01-01,True,POSITIVE,3,SOURCE_G_REVIEWS,reviews_2023.csv,2023-01-01T17:30:18.549166464,BATCH-G-20230101
REV-00099139,SKU-0018822,,Anonymous,2,"Waste of money, do not buy.",2023-04-01,True,NEGATIVE,1,SOURCE_G_REVIEWS,reviews_2023.csv,2023-04-01T16:44:46.703025698,BATCH-G-20230401
REV-00099141,SKU-0010838,user_9007600,Caitlin Myers,4,Highly recommend this product.,2023-11-09,True,POSITIVE,0,SOURCE_G_REVIEWS,reviews_2023.csv,2023-11-09T15:24:34.002991148,BATCH-G-20231109
REV-00099147,SKU-0010843,user_10557,Jimmy,4,Highly recommend this product.,2023-05-23,True,POSITIVE,6,SOURCE_G_REVIEWS,reviews_2023.csv,2023-05-23T02:47:13.611752529,BATCH-G-20230523
REV-00099150,SKU-0016758,user_38781,Patrick Golden,5,"बहुत अच्छा उत्पाद है, पैसा वसूल!",2023-09-11,False,POSITIVE,8,SOURCE_G_REVIEWS,reviews_2023.csv,2023-09-11T05:02:06.657123249,BATCH-G-20230911
REV-00099168,SKU-0001227,user_6622,Jeanne,4,Fast delivery and great quality.,2023-01-18,True,POSITIVE,0,SOURCE_G_REVIEWS,reviews_2023.csv,2023-01-18T14:03:25.715704574,BATCH-G-20230118
REV-00099172,SKU-0016967,user_9025911,Leslie Hall,5,"बहुत अच्छा उत्पाद है, पैसा वसूल!",2023-11-18,False,POSITIVE,5,SOURCE_G_REVIEWS,reviews_2023.csv,2023-11-18T12:51:54.581769843,BATCH-G-20231118
REV-00099177,SKU-0009401,user_53928,Peter Rush,4,"Solid build quality, no complaints.",2023-06-09,True,POSITIVE,12,SOURCE_G_REVIEWS,reviews_2023.csv,2023-06-09T19:40:42.004068852,BATCH-G-20230609
REV-00099177-DUP,SKU-0009401,user_53928,Peter Rush,4,"Solid build quality, no complaints.",2023-06-09,True,POSITIVE,12,SOURCE_G_REVIEWS,reviews_2023.csv,2023-06-09T20:16:42.004068852,BATCH-G-20230609
REV-00099182,SKU-0018554,user_11500,Jennifer,4,Will definitely buy again.,2023-11-25,True,POSITIVE,0,SOURCE_G_REVIEWS,reviews_2023.csv,2023-11-25T19:50:20.414897233,BATCH-G-20231125
REV-00099183,SKU-0018090,user_9003726,Katherine,1,"Poor packaging, item was defective. ⭐",2023-12-30,True,NEGATIVE,0,SOURCE_G_REVIEWS,reviews_2023.csv,2023-12-30T16:58:14.856977407,BATCH-G-20231230
REV-00099224,SKU-0008429,user_9022322,Kristen Anderson,2,Stopped working after a week.,2023-06-12,False,NEGATIVE,0,SOURCE_G_REVIEWS,reviews_2023.csv,2023-06-12T18:54:56.946648719,BATCH-G-20230612
REV-00099238,SKU-0001092,user_9014656,Earl,-,Highly recommend this product.,2023-03-07,True,POSITIVE,1,SOURCE_G_REVIEWS,reviews_2023.csv,2023-03-07T04:43:15.804586960,BATCH-G-20230307
REV-00099243,SKU-0013717,user_59390,Daniel Jacobs,1,"Poor packaging, item was defective.",2023-02-03,True,NEGATIVE,3,SOURCE_G_REVIEWS,reviews_2023.csv,2023-02-03T22:22:03.529983884,BATCH-G-20230203
REV-00099250,SKU-0018873,user_9009582,Deborah,null,Works fine but delivery was slow.,2023-09-25,False,NEUTRAL,6,SOURCE_G_REVIEWS,reviews_2023.csv,2023-09-25T05:18:46.901416952,BATCH-G-20230925
REV-00099256,SKU-0019126,,Anonymous,5,"Absolutely love it, works perfectly!",2023-04-21,True,POSITIVE,2,SOURCE_G_REVIEWS,reviews_2023.csv,2023-04-21T13:13:56.165763400,BATCH-G-20230421
REV-00099262,SKU-9987454,user_9015129,Grant,NA,Highly recommend this product.,2023-01-03,True,POSITIVE,5,SOURCE_G_REVIEWS,reviews_2023.csv,2023-01-03T07:34:40.017889026,BATCH-G-20230103
REV-00099263,SKU-0006647,user_9000358,Cynthia,3,"Solid build quality, no complaints.",2023-04-14,False,POSITIVE,1,SOURCE_G_REVIEWS,reviews_2023.csv,2023-04-14T03:29:18.588163709,BATCH-G-20230414
REV-00099269,SKU-0003141,user_9007433,Jamie Smith,4,"Solid build quality, no complaints.",2023-09-09,True,POSITIVE,1,SOURCE_G_REVIEWS,reviews_2023.csv,2023-09-09T20:53:23.807029254,BATCH-G-20230909
REV-00099271,SKU-0004549,,Anonymous,1,Wrong item was shipped to me.,2023-06-27,True,NEGATIVE,8,SOURCE_G_REVIEWS,reviews_2023.csv,2023-06-27T16:36:41.341690800,BATCH-G-20230627
REV-00099272,SKU-0014932,,Anonymous,1,"Cheaply made, broke immediately.",2023-12-21,False,NEGATIVE,4,SOURCE_G_REVIEWS,reviews_2023.csv,2023-12-21T15:57:40.595050289,BATCH-G-20231221
REV-00099282,SKU-0002648,,Anonymous,3,"Matches the description, no issues.",2023-11-14,False,NEUTRAL,4,SOURCE_G_REVIEWS,reviews_2023.csv,2023-11-14T09:12:26.995004901,BATCH-G-20231114
REV-00099289,SKU-0000253,user_51151,Kim Dixon,5,"Exactly as described, very happy.",2023-08-01,True,POSITIVE,0,SOURCE_G_REVIEWS,reviews_2023.csv,2023-08-01T01:11:49.263805210,BATCH-G-20230801
REV-00099292,SKU-0019648,,Anonymous,1,"Cheaply made, broke immediately.",2023-05-20,True,NEGATIVE,2,SOURCE_G_REVIEWS,reviews_2023.csv,2023-05-20T07:21:47.846878054,BATCH-G-20230520
REV-00099297,SKU-0006365,user_9026380,Daniel,3,"Average quality, nothing special.",2023-09-26,True,NEUTRAL,4,SOURCE_G_REVIEWS,reviews_2023.csv,2023-09-26T05:44:46.207627170,BATCH-G-20230926
REV-00099314,SKU-0008290,,Anonymous,4,"Solid build quality, no complaints.",2023-12-14,True,POSITIVE,4,SOURCE_G_REVIEWS,reviews_2023.csv,2023-12-14T02:32:15.974871508,BATCH-G-20231214
REV-00099329,SKU-0013256,user_54153,Laura,5,   Arrived  damaged  and  support  was  unhelpful.   ,2023-04-09,True,NEGATIVE,2,SOURCE_G_REVIEWS,reviews_2023.csv,2023-04-09T11:26:23.214034167,BATCH-G-20230409
REV-00099334,SKU-0001499,user_9025684,Dr. Karen Morgan,2,"Poor packaging, item was defective.",2023-08-31,False,NEGATIVE,2,SOURCE_G_REVIEWS,reviews_2023.csv,2023-08-31T02:02:11.611853201,BATCH-G-20230831
REV-00099336,SKU-0007514,user_69845,Michelle,5,Great value for money.,2023-11-04,True,POSITIVE,3,SOURCE_G_REVIEWS,reviews_2023.csv,2023-11-04T15:10:16.963118532,BATCH-G-20231104
REV-00099340,SKU-0016152,user_9003353,Jaime Gonzales,4,Great value for money.,2023-01-15,True,POSITIVE,2,SOURCE_G_REVIEWS,reviews_2023.csv,2023-01-15T23:31:10.165442910,BATCH-G-20230115
REV-00099367,SKU-9954698,user_9009979,Sandra Warren,5,"Perfect gift, they loved it!",2023-08-09,True,POSITIVE,4,SOURCE_G_REVIEWS,reviews_2023.csv,2023-08-10T05:21:39.228525797,BATCH-G-20230809
REV-00099368,SKU-0002687,,Anonymous,5,No cumplió mis expectativas.,2023-09-16,True,POSITIVE,0,SOURCE_G_REVIEWS,reviews_2023.csv,2023-09-16T02:01:32.155903364,BATCH-G-20230916
REV-00099369,SKU-0010660,user_49550,Jill Williams,5,"Absolutely love it, works perfectly!",2023-02-06,True,POSITIVE,0,SOURCE_G_REVIEWS,reviews_2023.csv,2023-02-06T02:22:45.924134986,BATCH-G-20230206
REV-00099375,SKU-0017927,user_49025,Jonathan Lawson,2,Not as described at all.,2023-08-07,True,NEGATIVE,0,SOURCE_G_REVIEWS,reviews_2023.csv,2023-08-07T15:13:24.753801440,BATCH-G-20230807
REV-00099376,SKU-0018485,user_9011112,Corey Blake,0,Will definitely buy again.,2023-09-12,False,POSITIVE,0,SOURCE_G_REVIEWS,reviews_2023.csv,2023-09-12T07:14:56.514484962,BATCH-G-20230912
REV-00099393,SKU-0005528,user_62910,Brittany Sawyer,4,"Perfect gift, they loved it!",2023-04-06,True,POSITIVE,1,SOURCE_G_REVIEWS,reviews_2023.csv,2023-04-06T10:40:31.809493814,BATCH-G-20230406
REV-00099395,SKU-0017085,,Anonymous,4,Better than I expected for the price. 😢,2023-04-15,True,POSITIVE,0,SOURCE_G_REVIEWS,reviews_2023.csv,2023-04-15T02:47:07.108782901,BATCH-G-20230415
REV-00099401,SKU-0005633,user_65126,Sarah Ortiz,3,"Average quality, nothing special.",2023-03-31,False,NEUTRAL,1,SOURCE_G_REVIEWS,reviews_2023.csv,2023-03-31T09:30:42.844335866,BATCH-G-20230331
REV-00099406,SKU-0012841,,Anonymous,5,"Absolutely love it, works perfectly!",2023-10-21,False,POSITIVE,0,SOURCE_G_REVIEWS,reviews_2023.csv,2023-10-21T05:45:35.397608858,BATCH-G-20231021
REV-00099425,SKU-9929092,,Anonymous,4,Better than I expected for the price.,2023-02-17,True,POSITIVE,0,SOURCE_G_REVIEWS,reviews_2023.csv,2023-02-18T03:53:11.433381949,BATCH-G-20230217
REV-00099431,SKU-0014105,user_9016821,Jerry Calderon,1,Very disappointed with the quality.,2023-11-12,True,NEGATIVE,0,SOURCE_G_REVIEWS,reviews_2023.csv,2023-11-12T15:31:05.999389179,BATCH-G-20231112
REV-00099436,SKU-0014112,user_56113,Autumn,4,Great value for money.,2023-12-04,True,POSITIVE,4,SOURCE_G_REVIEWS,reviews_2023.csv,2023-12-04T13:34:13.813638515,BATCH-G-20231204
REV-00099440,SKU-0019060,user_20985,Alicia,5,No cumplió mis expectativas. Fast delivery and great quality.,2023-02-21,True,POSITIVE,0,SOURCE_G_REVIEWS,reviews_2023.csv,2023-02-22T05:33:05.971914235,BATCH-G-20230221
REV-00099459,SKU-0012874,user_9026629,Joshua Mcgee,,"Exactly as described, very happy.",2023-10-08,True,POSITIVE,2,SOURCE_G_REVIEWS,reviews_2023.csv,2023-10-08T11:02:42.220942907,BATCH-G-20231008
REV-00099468,SKU-0003663,,Anonymous,5,"Absolutely love it, works perfectly!",2023-12-09,False,POSITIVE,1,SOURCE_G_REVIEWS,reviews_2023.csv,2023-12-09T12:46:24.804116998,BATCH-G-20231209
REV-00099476,SKU-0015352,user_9025661,Katherine Mendoza,4,"Perfect gift, they loved it!",2023-06-01,True,POSITIVE,1,SOURCE_G_REVIEWS,reviews_2023.csv,2023-06-02T01:37:53.660727336,BATCH-G-20230601
REV-00099477,SKU-0002039,user_10200,Marcus Jefferson,2,"Perfect gift, they loved it!",2023-12-03,True,POSITIVE,2,SOURCE_G_REVIEWS,reviews_2023.csv,2023-12-03T10:24:52.670255017,BATCH-G-20231203
REV-00099488,SKU-0000914,user_9027598,Christian Mccarty,4,"Livraison très lente, déçu.",2023-08-14,False,POSITIVE,3,SOURCE_G_REVIEWS,reviews_2023.csv,2023-08-14T16:14:24.003589583,BATCH-G-20230814
REV-00099490,SKU-0004625,,Anonymous,4,"Exactly as described, very happy.",2023-10-19,False,POSITIVE,4,SOURCE_G_REVIEWS,reviews_2023.csv,2023-10-19T10:41:58.040480962,BATCH-G-20231019
REV-00099491,SKU-0004172,user_9002837,Stacy Perez,5,Great value for money.,2023-09-20,False,POSITIVE,4,SOURCE_G_REVIEWS,reviews_2023.csv,2023-09-20T15:16:49.885649652,BATCH-G-20230920
REV-00099500,SKU-0009759,,Anonymous,5,Highly recommend this product.,2023-12-14,False,POSITIVE,1,SOURCE_G_REVIEWS,reviews_2023.csv,2023-12-15T00:51:19.779705514,BATCH-G-20231214
REV-00099501,SKU-0012138,user_61705,Erica,2,"Poor packaging, item was defective.",2023-12-13,False,NEGATIVE,1,SOURCE_G_REVIEWS,reviews_2023.csv,2023-12-13T02:58:57.916811941,BATCH-G-20231213
REV-00099516,SKU-0016393,user_38497,Michael Powers,2,"   Waste  of  money,  do  not  buy.   ",2023-01-16,True,NEGATIVE,1,SOURCE_G_REVIEWS,reviews_2023.csv,2023-01-16T03:17:15.597662937,BATCH-G-20230116
REV-00099517,SKU-0011927,user_9010070,Sean Stephens,4,"Solid build quality, no complaints.",2023-08-01,True,POSITIVE,9,SOURCE_G_REVIEWS,reviews_2023.csv,2023-08-01T09:00:49.322953848,BATCH-G-20230801
REV-00099519,SKU-0002008,user_30042,Stephanie Johnson,1,"Poor packaging, item was defective.",2023-08-15,True,NEGATIVE,1,SOURCE_G_REVIEWS,reviews_2023.csv,2023-08-15T10:42:01.562697331,BATCH-G-20230815
REV-00099524,SKU-0009238,user_41984,William,5,"बहुत अच्छा उत्पाद है, पैसा वसूल! Exceeded my expectations.",2023-10-08,False,POSITIVE,6,SOURCE_G_REVIEWS,reviews_2023.csv,2023-10-08T21:35:27.155296338,BATCH-G-20231008
REV-00099543,SKU-0017720,user_29353,Vanessa Green,4,Highly recommend this product.,2023-11-02,False,POSITIVE,3,SOURCE_G_REVIEWS,reviews_2023.csv,2023-11-02T16:28:14.799896760,BATCH-G-20231102
REV-00099549,SKU-0018049,user_21158,Katie Gomez,4,Exceeded my expectations.,2023-09-11,True,POSITIVE,0,SOURCE_G_REVIEWS,reviews_2023.csv,2023-09-11T08:17:59.310017999,BATCH-G-20230911
REV-00099552,SKU-0009071,user_9032640,Holly,5,Exceeded my expectations.,2023-07-23,True,POSITIVE,5,SOURCE_G_REVIEWS,reviews_2023.csv,2023-07-23T20:14:38.100875007,BATCH-G-20230723
REV-00099554,SKU-0000746,user_42827,Sandra Mcbride,4,Better than I expected for the price.,2023-11-29,True,POSITIVE,0,SOURCE_G_REVIEWS,reviews_2023.csv,2023-11-29T04:26:47.751527989,BATCH-G-20231129
REV-00099556,SKU-0013975,user_9005802,Laura Hughes,-1,Exceeded my expectations.,2023-06-03,True,POSITIVE,0,SOURCE_G_REVIEWS,reviews_2023.csv,2023-06-03T13:54:14.385499015,BATCH-G-20230603
REV-00099558,SKU-0009384,user_9001494,Cindy Ingram,3,"Livraison très lente, déçu. It's okay, does the job. 😍",2023-02-28,True,NEUTRAL,4,SOURCE_G_REVIEWS,reviews_2023.csv,2023-02-28T04:08:00.441943673,BATCH-G-20230228
REV-00099574,SKU-0012458,user_18929,Katherine Gibson,3,Decent but overpriced a bit.,2023-05-16,False,NEUTRAL,4,SOURCE_G_REVIEWS,reviews_2023.csv,2023-05-17T00:29:11.137109650,BATCH-G-20230516
REV-00099576,SKU-0009174,user_9034280,Michael Steele,5,Fast delivery and great quality.,2023-01-10,True,POSITIVE,0,SOURCE_G_REVIEWS,reviews_2023.csv,2023-01-10T20:39:42.460990115,BATCH-G-20230110
REV-00099586,SKU-0006366,user_23697,Benjamin Carpenter,3,"Average quality, nothing special.",2023-09-24,False,NEUTRAL,2,SOURCE_G_REVIEWS,reviews_2023.csv,2023-09-24T16:53:15.880510067,BATCH-G-20230924
REV-00099587,SKU-0011352,,Anonymous,1,"Livraison très lente, déçu.",2023-10-16,False,NEGATIVE,3,SOURCE_G_REVIEWS,reviews_2023.csv,2023-10-16T14:12:21.989279891,BATCH-G-20231016
REV-00099588,SKU-0019230,user_9031738,Andrew Ferguson,5,Excellent rapport qualité-prix.,2023-10-19,True,POSITIVE,0,SOURCE_G_REVIEWS,reviews_2023.csv,2023-10-19T08:18:17.348174095,BATCH-G-20231019
REV-00099600,SKU-0002984,user_35470,Jose Hill,5,Better than I expected for the price.,2023-09-21,True,POSITIVE,1,SOURCE_G_REVIEWS,reviews_2023.csv,2023-09-21T04:45:57.517319173,BATCH-G-20230921
REV-00099600-DUP,SKU-0002984,user_35470,Jose Hill,5,Better than I expected for the price.,2023-09-21,True,POSITIVE,1,SOURCE_G_REVIEWS,reviews_2023.csv,2023-09-21T05:17:57.517319173,BATCH-G-20230921
REV-00099611,SKU-0006490,user_9012867,Joseph Bates,4,Better than I expected for the price. 😀,2023-07-04,True,POSITIVE,2,SOURCE_G_REVIEWS,reviews_2023.csv,2023-07-04T05:41:55.661635011,BATCH-G-20230704
REV-00099625,SKU-0014300,user_22845,Tyler Morris DDS,5,"Solid build quality, no complaints.",2023-05-12,True,POSITIVE,8,SOURCE_G_REVIEWS,reviews_2023.csv,2023-05-12T06:40:06.779212001,BATCH-G-20230512
REV-00099637,SKU-0004776,user_15463,Christopher,5,"Exactly as described, very happy.",2023-03-20,True,POSITIVE,2,SOURCE_G_REVIEWS,reviews_2023.csv,2023-03-20T11:14:52.631184180,BATCH-G-20230320
REV-00099638,SKU-0003743,user_15142,Jacob Delacruz,4,Will definitely buy again.,2023-12-23,False,POSITIVE,2,SOURCE_G_REVIEWS,reviews_2023.csv,2023-12-23T10:43:01.296031523,BATCH-G-20231223
REV-00099644,SKU-0003984,user_466,Teresa Stephens,2,Stopped working after a week.,2023-03-03,False,NEGATIVE,1,SOURCE_G_REVIEWS,reviews_2023.csv,2023-03-03T00:44:10.021612294,BATCH-G-20230303
REV-00099647,SKU-0012490,user_9017080,Kimberly Brown,1,Excellent rapport qualité-prix.,2023-02-24,True,NEGATIVE,0,SOURCE_G_REVIEWS,reviews_2023.csv,2023-02-24T06:39:15.518203766,BATCH-G-20230224
REV-00099659,SKU-0007689,user_9020088,Mikayla,5,Exceeded my expectations.,2023-08-02,False,POSITIVE,0,SOURCE_G_REVIEWS,reviews_2023.csv,2023-08-02T17:34:49.930881869,BATCH-G-20230802
REV-00099659-DUP,SKU-0007689,user_9020088,Mikayla,5,Exceeded my expectations.,2023-08-02,False,POSITIVE,0,SOURCE_G_REVIEWS,reviews_2023.csv,2023-08-02T17:58:49.930881869,BATCH-G-20230802
REV-00099661,SKU-0005373,,Anonymous,6,Exceeded my expectations.,2023-01-15,True,POSITIVE,2,SOURCE_G_REVIEWS,reviews_2023.csv,2023-01-16T02:00:10.286623656,BATCH-G-20230115
REV-00099667,SKU-0014730,user_49071,Justin Valdez PhD,5,Great value for money. 👍,2023-12-24,True,POSITIVE,5,SOURCE_G_REVIEWS,reviews_2023.csv,2023-12-24T09:18:22.936208618,BATCH-G-20231224
REV-00099672,SKU-0004241,user_9002989,John Vega,4,Highly recommend this product.,2023-12-28,True,POSITIVE,0,SOURCE_G_REVIEWS,reviews_2023.csv,2023-12-29T01:52:42.603332260,BATCH-G-20231228
REV-00099684,SKU-0009847,,Anonymous,4,"Perfect gift, they loved it!",2023-03-25,False,POSITIVE,0,SOURCE_G_REVIEWS,reviews_2023.csv,2023-03-25T03:31:43.334873670,BATCH-G-20230325
REV-00099699,SKU-0009767,user_9008587,Michael Burgess,4,"Perfect gift, they loved it!",2023-08-10,True,POSITIVE,0,SOURCE_G_REVIEWS,reviews_2023.csv,2023-08-10T07:50:44.018812741,BATCH-G-20230810
REV-00099700,SKU-0006326,user_9034240,Christopher Stevens,5,"Perfect gift, they loved it!",2023-04-18,True,POSITIVE,4,SOURCE_G_REVIEWS,reviews_2023.csv,2023-04-19T00:11:38.283125849,BATCH-G-20230418
REV-00099713,SKU-0005855,user_9029314,Holly Pope,4,Will definitely buy again.,2023-07-05,True,POSITIVE,0,SOURCE_G_REVIEWS,reviews_2023.csv,2023-07-05T21:51:22.659383243,BATCH-G-20230705
REV-00099724,SKU-0009991,user_15731,Amy Gregory,3,"Average quality, nothing special.",2023-01-03,True,NEUTRAL,2,SOURCE_G_REVIEWS,reviews_2023.csv,2023-01-03T04:41:30.532368412,BATCH-G-20230103
REV-00099728,SKU-0016234,user_15464,Keith Rivas,5,Will definitely buy again.,2023-01-26,False,POSITIVE,8,SOURCE_G_REVIEWS,reviews_2023.csv,2023-01-27T04:37:55.624953878,BATCH-G-20230126
REV-00099753,SKU-0005709,,Anonymous,5,Exceeded my expectations.,2023-08-21,True,POSITIVE,0,SOURCE_G_REVIEWS,reviews_2023.csv,2023-08-21T20:40:22.494112556,BATCH-G-20230821
REV-00099755,SKU-0017494,user_54930,Natasha Wyatt,1,"Poor packaging, item was defective.",2023-02-01,True,NEGATIVE,1,SOURCE_G_REVIEWS,reviews_2023.csv,2023-02-02T02:45:14.252048232,BATCH-G-20230201
REV-00099757,SKU-0002076,user_10143,Janice Gray,4,"Livraison très lente, déçu. Exactly as described, very happy.",2023-10-03,True,POSITIVE,6,SOURCE_G_REVIEWS,reviews_2023.csv,2023-10-04T03:55:51.998002571,BATCH-G-20231003
REV-00099758,SKU-0011967,user_9028757,Mark Roth,4,Great value for money.,2023-12-06,True,POSITIVE,4,SOURCE_G_REVIEWS,reviews_2023.csv,2023-12-06T20:27:46.689194036,BATCH-G-20231206
REV-00099772,SKU-0014118,user_38754,Cody Parrish,4,Great value for money.,2023-05-04,True,POSITIVE,0,SOURCE_G_REVIEWS,reviews_2023.csv,2023-05-04T15:35:06.185567122,BATCH-G-20230504
REV-00099784,SKU-0005398,user_9013369,Christina,4,"Exactly as described, very happy.",2023-11-15,True,POSITIVE,0,SOURCE_G_REVIEWS,reviews_2023.csv,2023-11-15T00:45:20.604242264,BATCH-G-20231115
REV-00099794,SKU-0010505,,Anonymous,4,"Exactly as described, very happy.",2023-04-09,True,POSITIVE,2,SOURCE_G_REVIEWS,reviews_2023.csv,2023-04-14T17:00:00,BATCH-G-20230409
REV-00099798,SKU-0003796,user_12317,April Knight,5,"Absolutely love it, works perfectly!",2023-11-26,False,POSITIVE,1,SOURCE_G_REVIEWS,reviews_2023.csv,2023-11-26T10:15:49.483644283,BATCH-G-20231126
REV-00099804,SKU-0012522,user_52109,Melissa,5,"Perfect gift, they loved it! ⭐😍",2023-12-23,False,POSITIVE,0,SOURCE_G_REVIEWS,reviews_2023.csv,2023-12-23T03:40:30.292580990,BATCH-G-20231223
REV-00099808,SKU-0016771,user_9013529,Kyle Robinson,5,"बहुत अच्छा उत्पाद है, पैसा वसूल!",2023-12-17,True,POSITIVE,4,SOURCE_G_REVIEWS,reviews_2023.csv,2023-12-17T12:31:28.758295185,BATCH-G-20231217
REV-00099817,SKU-0017692,,Anonymous,4,"Absolutely love it, works perfectly!",2023-11-30,True,POSITIVE,3,SOURCE_G_REVIEWS,reviews_2023.csv,2023-11-30T03:03:29.424763225,BATCH-G-20231130
REV-00099818,SKU-9937495,user_20239,Jennifer Lewis,4,Better than I expected for the price.,2023-09-27,True,POSITIVE,1,SOURCE_G_REVIEWS,reviews_2023.csv,2023-09-27T05:46:27.924947977,BATCH-G-20230927
REV-00099831,SKU-0000193,user_9027831,Debra Walters,3,"Matches the description, no issues.",2023-08-27,True,NEUTRAL,7,SOURCE_G_REVIEWS,reviews_2023.csv,2023-08-27T04:07:28.118030516,BATCH-G-20230827
REV-00099839,SKU-0014829,user_9020742,Karen,3,"Not bad, not great either.",2023-11-26,False,NEUTRAL,3,SOURCE_G_REVIEWS,reviews_2023.csv,2023-11-26T19:11:19.432810284,BATCH-G-20231126
REV-00099843,SKU-0003048,user_20186,Ronald Jordan,2,   Wrong  item  was  shipped  to  me.   ,2023-11-21,False,NEGATIVE,1,SOURCE_G_REVIEWS,reviews_2023.csv,2023-11-21T13:33:05.192298403,BATCH-G-20231121
REV-00099849,SKU-0010885,user_9029788,Joseph Bowen,3,"Average quality, nothing special.",2023-07-24,False,NEUTRAL,4,SOURCE_G_REVIEWS,reviews_2023.csv,2023-07-25T01:12:04.344651782,BATCH-G-20230724
REV-00099854,SKU-0008588,user_9003195,Kimberly,5,Will definitely buy again.,2023-02-14,True,POSITIVE,5,SOURCE_G_REVIEWS,reviews_2023.csv,2023-02-15T02:38:49.936504436,BATCH-G-20230214
REV-00099865,SKU-9946910,,Anonymous,?,Excellent rapport qualité-prix.,2023-04-24,True,POSITIVE,0,SOURCE_G_REVIEWS,reviews_2023.csv,2023-04-24T18:57:12.628247057,BATCH-G-20230424
REV-00099868,SKU-0001123,,Anonymous,5,Great value for money.,2023-12-27,True,POSITIVE,1,SOURCE_G_REVIEWS,reviews_2023.csv,2023-12-28T03:53:50.703911746,BATCH-G-20231227
REV-00099882,SKU-0000907,user_30236,Lauren,5,"Exactly as described, very happy.",2023-12-22,True,POSITIVE,9,SOURCE_G_REVIEWS,reviews_2023.csv,2023-12-23T03:38:33.399384117,BATCH-G-20231222
REV-00099893,SKU-0003279,user_9001890,Jim Pena,5,"Perfect gift, they loved it!",2023-04-29,False,POSITIVE,4,SOURCE_G_REVIEWS,reviews_2023.csv,2023-04-29T23:29:25.844851453,BATCH-G-20230429
REV-00099911,SKU-0012029,user_9020110,Susan,4,Fast delivery and great quality.,2023-12-19,False,POSITIVE,6,SOURCE_G_REVIEWS,reviews_2023.csv,2023-12-19T10:32:21.542144238,BATCH-G-20231219
REV-00099915,SKU-0004830,user_9004511,Tonya Johns,1,Not as described at all.,2023-08-14,True,NEGATIVE,1,SOURCE_G_REVIEWS,reviews_2023.csv,2023-08-14T11:37:07.865562100,BATCH-G-20230814
REV-00099920,SKU-0000100,user_47487,Aimee Perez,2,Very disappointed with the quality.,2023-10-14,True,NEGATIVE,0,SOURCE_G_REVIEWS,reviews_2023.csv,2023-10-14T04:56:42.341565538,BATCH-G-20231014
REV-00099925,SKU-0004411,user_37955,Steven Caldwell,5,Fast delivery and great quality.,2023-11-26,True,POSITIVE,3,SOURCE_G_REVIEWS,reviews_2023.csv,2023-11-26T19:20:33.024936029,BATCH-G-20231126
REV-00099934,SKU-0018748,user_16403,Charles,5,Better than I expected for the price.,2023-04-21,True,POSITIVE,0,SOURCE_G_REVIEWS,reviews_2023.csv,2023-04-21T02:55:59.055212573,BATCH-G-20230421
REV-00099937,SKU-0013702,user_9028432,Joyce Black,4,Stopped working after a week.,2023-05-14,False,NEGATIVE,1,SOURCE_G_REVIEWS,reviews_2023.csv,2023-05-15T04:27:49.494460997,BATCH-G-20230514
REV-00099946,SKU-0009950,user_9015740,Brian,2,"   Waste  of  money,  do  not  buy.   ",2023-02-11,True,NEGATIVE,0,SOURCE_G_REVIEWS,reviews_2023.csv,2023-02-11T10:37:27.573687934,BATCH-G-20230211
REV-00099958,SKU-0010235,user_34782,Jennifer Hess,3,"Matches the description, no issues.",2023-04-30,True,NEUTRAL,0,SOURCE_G_REVIEWS,reviews_2023.csv,2023-04-30T00:57:48.433048210,BATCH-G-20230430
REV-00099977,SKU-0004541,user_24721,Michael Miller,4,"Absolutely love it, works perfectly!",2023-03-26,True,POSITIVE,7,SOURCE_G_REVIEWS,reviews_2023.csv,2023-03-26T00:52:08.637822181,BATCH-G-20230326
REV-00099980,SKU-0016458,,Anonymous,4,"Exactly as described, very happy.",2023-02-08,True,POSITIVE,2,SOURCE_G_REVIEWS,reviews_2023.csv,2023-02-08T01:36:20.566132544,BATCH-G-20230208
REV-00099985,SKU-0012725,user_27055,Heather,3,Decent but overpriced a bit.,2023-03-22,True,NEUTRAL,21,SOURCE_G_REVIEWS,reviews_2023.csv,2023-03-22T02:50:57.431591934,BATCH-G-20230322
REV-00099987,SKU-0001666,user_9394,Robert Weaver,4,Exceeded my expectations.,2023-10-06,False,POSITIVE,3,SOURCE_G_REVIEWS,reviews_2023.csv,2023-10-06T05:58:06.647846294,BATCH-G-20231006
REV-00099988,SKU-0012452,user_63488,Mark Brown,5,Exceeded my expectations.,2023-12-19,True,POSITIVE,4,SOURCE_G_REVIEWS,reviews_2023.csv,2023-12-19T09:20:58.443963633,BATCH-G-20231219
REV-00100014,SKU-0019888,,Anonymous,5,"Absolutely love it, works perfectly!",2023-06-15,True,POSITIVE,2,SOURCE_G_REVIEWS,reviews_2023.csv,2023-06-15T08:12:06.617917083,BATCH-G-20230615
REV-00100017,SKU-9944069,user_9002962,David,3,?,2023-11-28,True,NEUTRAL,2,SOURCE_G_REVIEWS,reviews_2023.csv,2023-11-28T12:20:25.485867914,BATCH-G-20231128
REV-00100022,SKU-0014036,user_9006797,Juan,5,Better than I expected for the price.,2023-05-06,True,POSITIVE,6,SOURCE_G_REVIEWS,reviews_2023.csv,2023-05-06T11:52:34.787477993,BATCH-G-20230506
REV-00100028,SKU-0019914,user_9009631,Charles Lopez,4,Will definitely buy again.,2023-09-02,False,POSITIVE,3,SOURCE_G_REVIEWS,reviews_2023.csv,2023-09-02T00:43:43.516737639,BATCH-G-20230902
REV-00100031,SKU-0014657,user_56973,Todd Pruitt,5,<b>Update:</b>Better than I expected for the price.<p>,2023-01-16,True,POSITIVE,9,SOURCE_G_REVIEWS,reviews_2023.csv,2023-01-16T16:42:31.948948693,BATCH-G-20230116
REV-00100039,SKU-0001378,user_9011373,Patrick,2,"Poor packaging, item was defective.",2023-05-27,True,NEGATIVE,3,SOURCE_G_REVIEWS,reviews_2023.csv,2023-05-27T03:13:46.472298696,BATCH-G-20230527
REV-00100040,SKU-0016901,user_9017561,Amanda,5,"Exactly as described, very happy.",2023-12-22,False,POSITIVE,3,SOURCE_G_REVIEWS,reviews_2023.csv,2023-12-22T09:21:43.432564792,BATCH-G-20231222
REV-00100050,SKU-0004803,user_9030012,Sandra,5,Great value for money.,2023-12-03,False,POSITIVE,0,SOURCE_G_REVIEWS,reviews_2023.csv,2023-12-03T02:21:33.050584352,BATCH-G-20231203
REV-00100055,SKU-0006093,user_9016224,Whitney Mitchell,4,Great value for money.,2023-01-08,True,POSITIVE,0,SOURCE_G_REVIEWS,reviews_2023.csv,2023-01-09T05:21:09.525619587,BATCH-G-20230108
REV-00100063,SKU-0005791,,Anonymous,5,Will definitely buy again.,2023-06-01,True,POSITIVE,0,SOURCE_G_REVIEWS,reviews_2023.csv,2023-06-01T01:51:15.825563826,BATCH-G-20230601
REV-00100066,SKU-0000058,user_9001825,Jacob Bean,1,Wrong item was shipped to me.,2023-06-27,True,NEGATIVE,2,SOURCE_G_REVIEWS,reviews_2023.csv,2023-06-27T04:25:35.317145529,BATCH-G-20230627
REV-00100070,SKU-0011320,user_9025415,Tony Gutierrez,2,"   Poor  packaging,  item  was  defective.  🙏🔥   ",2023-07-12,True,NEGATIVE,1,SOURCE_G_REVIEWS,reviews_2023.csv,2023-07-12T16:05:15.354016275,BATCH-G-20230712
REV-00100092,SKU-0018012,user_9009898,Rebecca Malone,3,Decent but overpriced a bit.,2023-12-03,True,NEUTRAL,1,SOURCE_G_REVIEWS,reviews_2023.csv,2023-12-03T06:52:17.669595139,BATCH-G-20231203
REV-00100103,SKU-0006974,user_30608,Ryan Wallace,5,Exceeded my expectations.,2023-10-29,True,POSITIVE,0,SOURCE_G_REVIEWS,reviews_2023.csv,2023-10-29T15:51:33.051976193,BATCH-G-20231029
REV-00100111,SKU-0007984,user_9031486,Christina Gibbs,4,"Exactly as described, very happy.",2023-02-08,True,POSITIVE,6,SOURCE_G_REVIEWS,reviews_2023.csv,2023-02-08T04:20:02.483997132,BATCH-G-20230208
REV-00100122,SKU-0013261,user_23939,Angelica Hernandez,3,Works fine but delivery was slow.,2023-05-09,False,NEUTRAL,9,SOURCE_G_REVIEWS,reviews_2023.csv,2023-05-09T13:45:41.435605498,BATCH-G-20230509
REV-00100123,SKU-0018712,user_9011961,Yolanda Ramirez,5,Exceeded my expectations.,2023-01-17,True,POSITIVE,2,SOURCE_G_REVIEWS,reviews_2023.csv,2023-01-17T12:16:34.050044797,BATCH-G-20230117
REV-00100124,SKU-9917072,user_9007820,Larry,4,"Perfect gift, they loved it!",2023-06-25,False,POSITIVE,0,SOURCE_G_REVIEWS,reviews_2023.csv,2023-06-25T19:29:51.213709383,BATCH-G-20230625
REV-00100125,SKU-0014637,user_9026231,Linda White,4,Great value for money.,2023-08-23,True,POSITIVE,4,SOURCE_G_REVIEWS,reviews_2023.csv,2023-08-23T05:19:09.722759342,BATCH-G-20230823
REV-00100130,SKU-0006611,user_9006616,April Hall,5,"Exactly as described, very happy.",2023-12-02,True,POSITIVE,11,SOURCE_G_REVIEWS,reviews_2023.csv,2023-12-02T12:43:53.447447950,BATCH-G-20231202
REV-00100132,SKU-0007792,user_11696,Erik Johnson,1,"Cheaply made, broke immediately.",2023-02-19,True,NEGATIVE,-11,SOURCE_G_REVIEWS,reviews_2023.csv,2023-02-20T00:54:20.264434913,BATCH-G-20230219
REV-00100135,SKU-0001323,user_9029846,Joshua Thompson,3,"Exactly as described, very happy.",2023-02-11,True,POSITIVE,2,SOURCE_G_REVIEWS,reviews_2023.csv,2023-02-11T15:44:56.766474654,BATCH-G-20230211
REV-00100136,SKU-0000598,user_9002712,Brittany Doyle,4,"Perfect gift, they loved it!",2023-12-28,False,POSITIVE,0,SOURCE_G_REVIEWS,reviews_2023.csv,2023-12-29T04:33:42.770636817,BATCH-G-20231228
REV-00100144,SKU-0004631,user_9010233,Stephen Velazquez,5,"Muy buen producto, lo recomiendo.",2023-07-08,False,POSITIVE,16,SOURCE_G_REVIEWS,reviews_2023.csv,2023-07-08T20:22:51.370254457,BATCH-G-20230708
REV-00100146,SKU-0015234,user_18936,Shawn Tyler,4,Highly recommend this product.,2023-03-25,True,POSITIVE,1,SOURCE_G_REVIEWS,reviews_2023.csv,2023-03-26T04:21:44.512090596,BATCH-G-20230325
REV-00100147,SKU-0003081,user_9014392,Pamela Lawson,3,"Matches the description, no issues.",2023-12-22,True,NEUTRAL,6,SOURCE_G_REVIEWS,reviews_2023.csv,2023-12-22T05:21:30.963237554,BATCH-G-20231222
REV-00100161,SKU-0003385,,Anonymous,4,Exceeded my expectations.,2023-10-13,True,POSITIVE,1,SOURCE_G_REVIEWS,reviews_2023.csv,2023-10-28T16:00:00,BATCH-G-20231013
REV-00100171,SKU-0009901,,Anonymous,1,Very disappointed with the quality.,2023-03-20,True,NEGATIVE,0,SOURCE_G_REVIEWS,reviews_2023.csv,2023-03-21T05:57:25.582779904,BATCH-G-20230320
REV-00100173,SKU-0014498,user_50068,Joanna Taylor,5,No cumplió mis expectativas.,2023-03-13,False,POSITIVE,2,SOURCE_G_REVIEWS,reviews_2023.csv,2023-03-13T23:31:09.269149441,BATCH-G-20230313
REV-00100177,SKU-0010795,,Anonymous,5,Fast delivery and great quality.,2023-05-15,True,POSITIVE,3,SOURCE_G_REVIEWS,reviews_2023.csv,2023-05-15T14:34:38.015506019,BATCH-G-20230515
REV-00100192,SKU-0011840,user_9008250,Stacey Peters,2,"No cumplió mis expectativas. Cheaply made, broke immediately.",2023-05-17,False,NEGATIVE,1,SOURCE_G_REVIEWS,reviews_2023.csv,2023-05-17T10:20:57.564621865,BATCH-G-20230517
REV-00100198,SKU-0009625,user_42976,Lauren Harrington,1,Stopped working after a week.,2023-09-03,True,NEGATIVE,2,SOURCE_G_REVIEWS,reviews_2023.csv,2023-09-03T07:44:27.021659962,BATCH-G-20230903
REV-00100206,SKU-0013776,user_9033475,Angela Mullen,7,Will definitely buy again.,2023-08-30,False,POSITIVE,0,SOURCE_G_REVIEWS,reviews_2023.csv,2023-08-31T00:50:45.589466163,BATCH-G-20230830
REV-00100212,SKU-0018275,user_9021847,Christina Garcia,5,"Solid build quality, no complaints.",2023-12-06,True,POSITIVE,8,SOURCE_G_REVIEWS,reviews_2023.csv,2023-12-07T04:13:46.967577340,BATCH-G-20231206
REV-00100222,SKU-0019671,user_12545,Francisco Vazquez,4,Highly recommend this product.,2023-07-08,True,POSITIVE,4,SOURCE_G_REVIEWS,reviews_2023.csv,2023-07-08T01:30:46.919366703,BATCH-G-20230708
REV-00100227,SKU-0002122,user_26139,Vanessa Smith,5,"Perfect gift, they loved it!",2023-08-13,True,POSITIVE,1,SOURCE_G_REVIEWS,reviews_2023.csv,2023-08-13T05:02:39.813701304,BATCH-G-20230813
REV-00100228,SKU-0010040,user_25672,Lisa Henderson,1,"Waste of money, do not buy.",2023-03-09,True,NEGATIVE,10,SOURCE_G_REVIEWS,reviews_2023.csv,2023-03-09T18:26:26.447478564,BATCH-G-20230309
REV-00100247,SKU-0016433,user_9017175,Kyle Ramirez,5,Better than I expected for the price.,2023-03-14,True,POSITIVE,1,SOURCE_G_REVIEWS,reviews_2023.csv,2023-03-15T00:09:24.497065320,BATCH-G-20230314
REV-00100248,SKU-0000618,user_9022743,Johnny Johnson,5,Great value for money.,2023-01-03,True,POSITIVE,0,SOURCE_G_REVIEWS,reviews_2023.csv,2023-01-04T01:23:27.634837851,BATCH-G-20230103
REV-00100251,SKU-0016271,user_46896,Jeffrey,4,Fast delivery and great quality.,2023-03-17,True,POSITIVE,0,SOURCE_G_REVIEWS,reviews_2023.csv,2023-03-18T03:43:06.352188921,BATCH-G-20230317
REV-00100270,SKU-0017895,user_9008848,Amanda Cox,5,"Cheaply made, broke immediately.",2023-09-21,True,NEGATIVE,0,SOURCE_G_REVIEWS,reviews_2023.csv,2023-09-21T10:56:02.355644512,BATCH-G-20230921
REV-00100300,SKU-0003932,user_9030918,Jeremy Logan,5,Great value for money.,2023-02-20,True,POSITIVE,2,SOURCE_G_REVIEWS,reviews_2023.csv,2023-02-20T11:25:21.201616695,BATCH-G-20230220
REV-00100313,SKU-0008373,,Anonymous,5,Decent but overpriced a bit.,2023-11-18,True,NEUTRAL,2,SOURCE_G_REVIEWS,reviews_2023.csv,2023-11-18T22:09:02.265518169,BATCH-G-20231118
REV-00100317,SKU-0018627,user_28317,Johnny Clark,4,Better than I expected for the price.,2023-06-18,False,POSITIVE,1,SOURCE_G_REVIEWS,reviews_2023.csv,2023-06-19T01:11:11.973435942,BATCH-G-20230618
REV-00100321,SKU-0000553,user_38451,Stephanie Wood,7,Excellent rapport qualité-prix.,2023-08-01,True,POSITIVE,1,SOURCE_G_REVIEWS,reviews_2023.csv,2023-08-02T03:03:33.766088021,BATCH-G-20230801
REV-00100322,SKU-0008403,user_57225,Susan,4,Will definitely buy again.,2023-02-15,False,POSITIVE,8,SOURCE_G_REVIEWS,reviews_2023.csv,2023-02-16T00:23:35.938064953,BATCH-G-20230215
REV-00100353,SKU-0018308,user_9033629,Jason Strickland,3,Decent but overpriced a bit.,2023-06-02,True,NEUTRAL,2,SOURCE_G_REVIEWS,reviews_2023.csv,2023-06-02T02:35:53.625033859,BATCH-G-20230602
REV-00100358,SKU-0012163,user_27086,Ebony Smith,-,Will definitely buy again.,2023-05-27,False,POSITIVE,0,SOURCE_G_REVIEWS,reviews_2023.csv,2023-05-28T00:47:59.500233547,BATCH-G-20230527
REV-00100363,SKU-0002660,,Anonymous,4,Exceeded my expectations.,2023-11-23,True,POSITIVE,0,SOURCE_G_REVIEWS,reviews_2023.csv,2023-11-23T08:24:26.239565014,BATCH-G-20231123
REV-00100370,SKU-0017538,user_38683,John Sanchez,5,null,2023-02-19,False,POSITIVE,2,SOURCE_G_REVIEWS,reviews_2023.csv,2023-02-20T03:42:02.181396375,BATCH-G-20230219
REV-00100370-DUP,SKU-0017538,user_38683,John Sanchez,5,null,2023-02-19,False,POSITIVE,2,SOURCE_G_REVIEWS,reviews_2023.csv,2023-02-20T04:00:02.181396375,BATCH-G-20230219
REV-00100384,SKU-9915379,user_9003894,Mrs. Katrina Paul,4,"Exactly as described, very happy.",2023-06-09,True,POSITIVE,4,SOURCE_G_REVIEWS,reviews_2023.csv,2023-06-10T02:30:45.794270554,BATCH-G-20230609
REV-00100387,SKU-0019376,user_9026179,Scott Smith,5,"Solid build quality, no complaints.",2023-05-18,False,POSITIVE,0,SOURCE_G_REVIEWS,reviews_2023.csv,2023-05-18T04:36:03.429092866,BATCH-G-20230518
REV-00100413,SKU-0003947,user_9012128,Kimberly Jones,3,Works fine but delivery was slow.,2023-02-20,True,NEUTRAL,6,SOURCE_G_REVIEWS,reviews_2023.csv,2023-02-20T09:21:21.633965954,BATCH-G-20230220
REV-00100419,SKU-0000011,user_31963,Daniel,4,Great value for money.,2023-02-07,True,POSITIVE,1,SOURCE_G_REVIEWS,reviews_2023.csv,2023-02-07T19:38:49.935013541,BATCH-G-20230207
REV-00100427,SKU-0014298,,Anonymous,5,Great value for money.,2023-02-01,True,POSITIVE,1,SOURCE_G_REVIEWS,reviews_2023.csv,2023-02-01T23:22:58.661039003,BATCH-G-20230201
REV-00100454,SKU-9954455,user_9014589,Tracy Hall,3,"It's okay, does the job.",2023-11-12,True,NEUTRAL,6,SOURCE_G_REVIEWS,reviews_2023.csv,2023-11-12T11:36:41.579915283,BATCH-G-20231112
REV-00100458,SKU-0017387,user_9006592,April Evans DDS,3,Decent but overpriced a bit. 👍,2023-08-18,False,NEUTRAL,3,SOURCE_G_REVIEWS,reviews_2023.csv,2023-08-18T19:27:48.777368235,BATCH-G-20230818
REV-00100464,SKU-0007279,user_9002856,Lacey,4,   Better  than  I  expected  for  the  price.   ,2023-06-11,True,POSITIVE,0,SOURCE_G_REVIEWS,reviews_2023.csv,2023-06-11T17:57:56.523648310,BATCH-G-20230611
REV-00100466,SKU-0000363,user_9012607,Manuel,5,Exceeded my expectations. 😢😍,2023-11-28,True,POSITIVE,6,SOURCE_G_REVIEWS,reviews_2023.csv,2023-11-29T03:57:21.167101572,BATCH-G-20231128
REV-00100472,SKU-0010913,,Anonymous,5,"Exactly as described, very happy. 😀",2023-05-09,True,POSITIVE,0,SOURCE_G_REVIEWS,reviews_2023.csv,2023-05-09T10:02:03.263146558,BATCH-G-20230509
REV-00100482,SKU-0019019,,Anonymous,4,Great value for money.,2023-12-23,False,POSITIVE,3,SOURCE_G_REVIEWS,reviews_2023.csv,2023-12-23T17:24:10.175134496,BATCH-G-20231223
REV-00100500,SKU-0003429,user_37580,Jonathan,5,Highly recommend this product.,2023-01-08,False,POSITIVE,0,SOURCE_G_REVIEWS,reviews_2023.csv,2023-01-08T17:17:45.762629287,BATCH-G-20230108
REV-00100501,SKU-0016274,user_10970,Cynthia,5,Will definitely buy again.,2023-12-26,True,POSITIVE,1,SOURCE_G_REVIEWS,reviews_2023.csv,2023-12-26T04:28:57.388514228,BATCH-G-20231226
REV-00100502,SKU-0018128,user_58213,Harry,3,"बहुत अच्छा उत्पाद है, पैसा वसूल!",2023-12-03,True,NEUTRAL,0,SOURCE_G_REVIEWS,reviews_2023.csv,2023-12-04T05:39:33.733175492,BATCH-G-20231203
REV-00100507,SKU-0016590,user_9031756,Nathan Garza, ,Exceeded my expectations. 😀,2023-03-14,False,POSITIVE,0,SOURCE_G_REVIEWS,reviews_2023.csv,2023-03-14T16:34:31.468423154,BATCH-G-20230314
REV-00100515,SKU-0014721,user_7355,Jonathan Nelson,4,Better than I expected for the price.,2023-01-13,False,POSITIVE,1,SOURCE_G_REVIEWS,reviews_2023.csv,2023-01-13T22:46:55.893954802,BATCH-G-20230113
REV-00100532,SKU-0003645,user_9023622,Jasmin Alexander,1,"Muy buen producto, lo recomiendo.",2023-12-13,False,NEGATIVE,1,SOURCE_G_REVIEWS,reviews_2023.csv,2023-12-14T02:30:26.555259169,BATCH-G-20231213
REV-00100536,SKU-0016560,,Anonymous,1,Wrong item was shipped to me.,2023-10-25,False,NEGATIVE,1,SOURCE_G_REVIEWS,reviews_2023.csv,2023-10-26T03:58:07.553373538,BATCH-G-20231025
REV-00100536-DUP,SKU-0016560,,Anonymous,1,Wrong item was shipped to me.,2023-10-25,False,NEGATIVE,1,SOURCE_G_REVIEWS,reviews_2023.csv,2023-10-26T04:44:07.553373538,BATCH-G-20231025
REV-00100541,SKU-0003669,,Anonymous,4,Better than I expected for the price.,2023-10-02,True,POSITIVE,7,SOURCE_G_REVIEWS,reviews_2023.csv,2023-10-02T04:10:20.749858129,BATCH-G-20231002
REV-00100543,SKU-0005976,,Anonymous,4,Highly recommend this product.,2023-04-23,True,POSITIVE,0,SOURCE_G_REVIEWS,reviews_2023.csv,2023-04-23T15:07:45.299739859,BATCH-G-20230423
REV-00100566,SKU-0007452,user_23399,Natalie Richardson,4,"Perfect gift, they loved it!",2023-01-01,False,POSITIVE,3,SOURCE_G_REVIEWS,reviews_2023.csv,2023-01-01T08:44:02.510394778,BATCH-G-20230101
REV-00100575,SKU-0001686,,Anonymous,4,Better than I expected for the price.,2023-11-04,False,POSITIVE,2,SOURCE_G_REVIEWS,reviews_2023.csv,2023-11-04T02:50:49.817784243,BATCH-G-20231104
REV-00100579,SKU-0008815,user_9007958,Jared Dixon,5,"Solid build quality, no complaints.",2023-03-01,True,POSITIVE,0,SOURCE_G_REVIEWS,reviews_2023.csv,2023-03-01T14:46:06.300130398,BATCH-G-20230301
REV-00100588,SKU-0010784,user_9015701,Katherine Davis,4,Will definitely buy again.,2023-01-02,True,POSITIVE,1,SOURCE_G_REVIEWS,reviews_2023.csv,2023-01-03T04:05:27.944647170,BATCH-G-20230102
REV-00100594,SKU-0018792,user_36970,Tracy West,4,Better than I expected for the price.,2023-11-03,True,POSITIVE,1,SOURCE_G_REVIEWS,reviews_2023.csv,2023-11-03T20:06:19.387912860,BATCH-G-20231103
REV-00100604,SKU-0004537,user_26626,Daniel Sherman,1,"Cheaply made, broke immediately.",2023-11-28,True,NEGATIVE,4,SOURCE_G_REVIEWS,reviews_2023.csv,2023-11-29T02:11:34.316224123,BATCH-G-20231128
REV-00100605,SKU-0017873,user_9034777,Krystal Taylor,5,"Perfect gift, they loved it!",2023-02-25,False,POSITIVE,2,SOURCE_G_REVIEWS,reviews_2023.csv,2023-02-25T07:26:05.136481913,BATCH-G-20230225
REV-00100611,SKU-0016621,user_51439,Mary Cook,5,"Exactly as described, very happy.",2023-11-05,True,POSITIVE,0,SOURCE_G_REVIEWS,reviews_2023.csv,2023-11-05T21:56:35.867775256,BATCH-G-20231105
REV-00100613,SKU-0001059,user_59799,Matthew Leon,4,Exceeded my expectations.,2023-04-22,True,POSITIVE,6,SOURCE_G_REVIEWS,reviews_2023.csv,2023-04-23T01:25:24.367418577,BATCH-G-20230422
REV-00100615,SKU-0008633,,Anonymous,2,Very disappointed with the quality.,2023-01-22,True,NEGATIVE,11,SOURCE_G_REVIEWS,reviews_2023.csv,2023-01-22T15:58:09.374361127,BATCH-G-20230122
REV-00100621,SKU-0012315,user_9028412,Dennis,5,"Absolutely love it, works perfectly!",2023-10-01,True,POSITIVE,3,SOURCE_G_REVIEWS,reviews_2023.csv,2023-10-01T09:16:04.113184671,BATCH-G-20231001
REV-00100626,SKU-0005140,,Anonymous,3,"It's okay, does the job.",2023-03-13,True,NEUTRAL,1,SOURCE_G_REVIEWS,reviews_2023.csv,2023-03-13T22:36:41.783454235,BATCH-G-20230313
REV-00100632,SKU-0007695,,Anonymous,2,Very disappointed with the quality.,2023-06-13,False,NEGATIVE,4,SOURCE_G_REVIEWS,reviews_2023.csv,2023-06-14T04:50:07.278947385,BATCH-G-20230613
REV-00100636,SKU-0002014,,Anonymous,4,Great value for money.,2023-06-10,True,POSITIVE,6,SOURCE_G_REVIEWS,reviews_2023.csv,2023-06-10T15:17:19.969743121,BATCH-G-20230610
REV-00100650,SKU-0005610,user_9033181,Joann Hall,2,"बहुत अच्छा उत्पाद है, पैसा वसूल! Arrived damaged and support was unhelpful.",2023-01-15,True,NEGATIVE,5,SOURCE_G_REVIEWS,reviews_2023.csv,2023-01-15T12:47:57.626043011,BATCH-G-20230115
REV-00100656,SKU-0012978,user_9019970,Joseph,5,Better than I expected for the price.,2023-01-01,False,POSITIVE,2,SOURCE_G_REVIEWS,reviews_2023.csv,2022-12-30T16:00:00,BATCH-G-20230101
REV-00100660,SKU-0010277,,Anonymous,2,"Muy buen producto, lo recomiendo.",2023-07-18,True,POSITIVE,2,SOURCE_G_REVIEWS,reviews_2023.csv,2023-07-18T20:27:23.899896571,BATCH-G-20230718
REV-00100662,SKU-0006016,user_9013478,Andrew Hammond,1,"Livraison très lente, déçu.",2023-03-09,True,NEGATIVE,2,SOURCE_G_REVIEWS,reviews_2023.csv,2023-03-09T23:10:05.537548981,BATCH-G-20230309
REV-00100669,SKU-0017385,,Anonymous,5,Better than I expected for the price.,2023-09-30,True,POSITIVE,2,SOURCE_G_REVIEWS,reviews_2023.csv,2023-10-01T02:19:40.161094846,BATCH-G-20230930
REV-00100674,SKU-0002552,user_9026411,Becky Chavez,5,"Perfect gift, they loved it!",2023-01-20,True,POSITIVE,14,SOURCE_G_REVIEWS,reviews_2023.csv,2023-01-20T00:56:15.631699344,BATCH-G-20230120
REV-00100681,SKU-0012484,,Anonymous,1,Very disappointed with the quality.,2023-12-01,True,NEGATIVE,4,SOURCE_G_REVIEWS,reviews_2023.csv,2023-12-01T18:33:00.254449841,BATCH-G-20231201
REV-00100683,SKU-0002170,user_9004603,Richard,2,"Cheaply made, broke immediately.",2023-04-23,True,NEGATIVE,5,SOURCE_G_REVIEWS,reviews_2023.csv,2023-04-24T03:12:16.630964074,BATCH-G-20230423
REV-00100683-DUP,SKU-0002170,user_9004603,Richard,2,"Cheaply made, broke immediately.",2023-04-23,True,NEGATIVE,5,SOURCE_G_REVIEWS,reviews_2023.csv,2023-04-24T03:18:16.630964074,BATCH-G-20230423
REV-00100686,SKU-0002807,user_55018,Hannah Huang,5,Exceeded my expectations.,2023-03-17,False,POSITIVE,0,SOURCE_G_REVIEWS,reviews_2023.csv,2023-03-17T15:52:40.127606793,BATCH-G-20230317
REV-00100692,SKU-0012458,user_33910,James,4,Highly recommend this product.,2023-11-16,False,POSITIVE,19,SOURCE_G_REVIEWS,reviews_2023.csv,2023-11-16T17:10:19.268078787,BATCH-G-20231116
REV-00100701,SKU-0010096,user_24945,Denise Harris,5,Highly recommend this product.,2023-11-25,True,POSITIVE,2,SOURCE_G_REVIEWS,reviews_2023.csv,2023-11-25T07:40:39.499749121,BATCH-G-20231125
REV-00100704,SKU-0003802,,Anonymous,5,"Average quality, nothing special.",2023-05-30,False,NEUTRAL,9,SOURCE_G_REVIEWS,reviews_2023.csv,2023-05-30T19:26:29.388394695,BATCH-G-20230530
REV-00100709,SKU-0000237,user_9012733,Daniel Walker,1,Arrived damaged and support was unhelpful.,2023-02-23,True,NEGATIVE,5,SOURCE_G_REVIEWS,reviews_2023.csv,2023-02-23T19:31:34.828033795,BATCH-G-20230223
REV-00100713,SKU-9929601,,Anonymous,3,Works fine but delivery was slow.,2023-08-13,False,NEUTRAL,5,SOURCE_G_REVIEWS,reviews_2023.csv,2023-08-13T21:44:47.741934541,BATCH-G-20230813
REV-00100718,SKU-0004492,user_63900,James,5,Better than I expected for the price.,2023-11-23,True,POSITIVE,2,SOURCE_G_REVIEWS,reviews_2023.csv,2023-11-23T02:56:57.098589322,BATCH-G-20231123
REV-00100734,SKU-0016817,,Anonymous,1,Arrived damaged and support was unhelpful.,2023-09-11,False,NEGATIVE,1,SOURCE_G_REVIEWS,reviews_2023.csv,2023-09-11T05:09:57.570206206,BATCH-G-20230911
REV-00100742,SKU-0013488,,Anonymous,5,Highly recommend this product.,2023-01-07,True,POSITIVE,0,SOURCE_G_REVIEWS,reviews_2023.csv,2023-01-07T10:34:52.459964623,BATCH-G-20230107
REV-00100748,SKU-0018209,user_62432,Scott Sherman,4,Will definitely buy again.,2023-08-01,True,POSITIVE,1,SOURCE_G_REVIEWS,reviews_2023.csv,2023-08-01T06:34:34.171585653,BATCH-G-20230801
REV-00100749,SKU-0011674,user_9014586,Steven Miller,5,Exceeded my expectations.,2023-04-06,False,POSITIVE,4,SOURCE_G_REVIEWS,reviews_2023.csv,2023-04-07T04:25:48.666391588,BATCH-G-20230406
REV-00100750,SKU-0005550,user_9015438,Daniel Cunningham,3,"It's okay, does the job.",2023-12-31,True,NEUTRAL,6,SOURCE_G_REVIEWS,reviews_2023.csv,2023-12-31T16:31:19.146873775,BATCH-G-20231231
REV-00100753,SKU-0019198,user_9030561,Chad Thomas,5,Exceeded my expectations.,2023-04-26,True,POSITIVE,0,SOURCE_G_REVIEWS,reviews_2023.csv,2023-04-26T03:32:57.475669808,BATCH-G-20230426
REV-00100768,SKU-9972028,user_27041,Christina Elliott,4,Fast delivery and great quality.,2023-03-19,True,POSITIVE,4,SOURCE_G_REVIEWS,reviews_2023.csv,2023-03-19T19:29:22.084735523,BATCH-G-20230319
REV-00100782,SKU-0019990,user_2278,Jon Hayden,2,   <i>edited</i>Very  disappointed  with  the  quality.&nbsp;   ,2023-04-17,True,NEGATIVE,0,SOURCE_G_REVIEWS,reviews_2023.csv,2023-04-18T03:15:16.108914837,BATCH-G-20230417
REV-00100785,SKU-0010947,user_56011,Linda Jones,5,"Absolutely love it, works perfectly!",2023-04-18,True,POSITIVE,3,SOURCE_G_REVIEWS,reviews_2023.csv,2023-04-19T00:34:14.166307965,BATCH-G-20230418
REV-00100786,SKU-0001717,,Anonymous,4,Fast delivery and great quality.,2023-01-08,True,POSITIVE,2,SOURCE_G_REVIEWS,reviews_2023.csv,2023-01-08T22:58:44.624090573,BATCH-G-20230108
REV-00100792,SKU-9931314,,Anonymous,4,"Solid build quality, no complaints.",2023-10-05,False,POSITIVE,0,SOURCE_G_REVIEWS,reviews_2023.csv,2023-10-05T09:25:20.107722419,BATCH-G-20231005
REV-00100798,SKU-0004368,,Anonymous,4,Exceeded my expectations.,2023-07-26,True,POSITIVE,9,SOURCE_G_REVIEWS,reviews_2023.csv,2023-07-26T02:34:28.707001967,BATCH-G-20230726
REV-00100803,SKU-9960359,user_2658,Olivia,4,"Perfect gift, they loved it!",2023-01-08,True,POSITIVE,7,SOURCE_G_REVIEWS,reviews_2023.csv,2023-01-08T03:52:03.228067327,BATCH-G-20230108
REV-00100819,SKU-0012824,,Anonymous,2,Stopped working after a week.,2023-01-12,True,NEGATIVE,3,SOURCE_G_REVIEWS,reviews_2023.csv,2023-01-13T00:15:47.879677060,BATCH-G-20230112
REV-00100819-DUP,SKU-0012824,,Anonymous,2,Stopped working after a week.,2023-01-12,True,NEGATIVE,3,SOURCE_G_REVIEWS,reviews_2023.csv,2023-01-13T01:07:47.879677060,BATCH-G-20230112
REV-00100820,SKU-0002115,,Anonymous,2,Wrong item was shipped to me.,2023-11-11,False,NEGATIVE,5,SOURCE_G_REVIEWS,reviews_2023.csv,2023-11-11T06:08:14.261641279,BATCH-G-20231111
REV-00100823,SKU-0001293,,Anonymous,5,"Solid build quality, no complaints.",2023-09-04,False,POSITIVE,3,SOURCE_G_REVIEWS,reviews_2023.csv,2023-09-04T18:41:36.802295548,BATCH-G-20230904
REV-00100835,SKU-0010108,,Anonymous,5,गुणवत्ता ठीक नहीं थी।,2023-03-21,False,POSITIVE,3,SOURCE_G_REVIEWS,reviews_2023.csv,2023-03-21T00:31:44.937196754,BATCH-G-20230321
REV-00100858,SKU-0001132,user_9017887,Rodney Smith,4,"Solid build quality, no complaints.",2023-10-01,True,POSITIVE,0,SOURCE_G_REVIEWS,reviews_2023.csv,2023-10-01T10:51:51.058627738,BATCH-G-20231001
REV-00100860,SKU-0017805,user_53174,Brian,5,Great value for money.,2023-07-11,True,POSITIVE,3,SOURCE_G_REVIEWS,reviews_2023.csv,2023-07-11T17:51:47.824020987,BATCH-G-20230711
REV-00100870,SKU-0007924,user_55668,Willie,4,Will definitely buy again.,2023-08-22,True,POSITIVE,5,SOURCE_G_REVIEWS,reviews_2023.csv,2023-08-22T23:26:43.346164888,BATCH-G-20230822
REV-00100884,SKU-0020031,user_9022413,Jacqueline Harrison,4,"Solid build quality, no complaints.",2023-12-21,True,POSITIVE,6,SOURCE_G_REVIEWS,reviews_2023.csv,2023-12-22T01:02:40.525049451,BATCH-G-20231221
REV-00100895,SKU-0017633,,Anonymous,5,Highly recommend this product.,2023-01-28,True,POSITIVE,2,SOURCE_G_REVIEWS,reviews_2023.csv,2023-01-28T21:29:16.445532392,BATCH-G-20230128
REV-00100896,SKU-0006762,user_53896,Beth Bennett,2,Stopped working after a week.,2023-07-21,True,NEGATIVE,8,SOURCE_G_REVIEWS,reviews_2023.csv,2023-07-21T06:57:08.243618502,BATCH-G-20230721
REV-00100910,SKU-0007331,user_9030800,Sheri Moran,3,"Average quality, nothing special.",2023-02-15,True,NEUTRAL,1,SOURCE_G_REVIEWS,reviews_2023.csv,2023-02-15T07:24:34.954843769,BATCH-G-20230215
REV-00100915,SKU-0010359,user_68948,Kathryn,2,"Poor packaging, item was defective. 😡😀",2023-06-22,True,NEGATIVE,2,SOURCE_G_REVIEWS,reviews_2023.csv,2023-06-23T02:55:52.872592967,BATCH-G-20230622
REV-00100921,SKU-0019600,user_2279,Maria Washington,5,Fast delivery and great quality.,2023-04-24,True,POSITIVE,1,SOURCE_G_REVIEWS,reviews_2023.csv,2023-04-24T12:04:54.043024694,BATCH-G-20230424
REV-00100922,SKU-0006416,,Anonymous,4,"Exactly as described, very happy.",2023-05-08,True,POSITIVE,5,SOURCE_G_REVIEWS,reviews_2023.csv,2023-05-08T10:15:04.861197814,BATCH-G-20230508
REV-00100927,SKU-0004352,user_12884,Michael Sherman,2,Not as described at all.,2023-08-20,False,NEGATIVE,2,SOURCE_G_REVIEWS,reviews_2023.csv,2023-08-20T15:40:21.708619478,BATCH-G-20230820
REV-00100936,SKU-0018668,user_9018172,Wendy Jenkins,5,Highly recommend this product.,2023-08-30,True,POSITIVE,5,SOURCE_G_REVIEWS,reviews_2023.csv,2023-08-28T14:00:00,BATCH-G-20230830
REV-00100940,SKU-0003900,user_18100,Daisy Lucas,1,"Livraison très lente, déçu.",2023-01-12,False,NEGATIVE,0,SOURCE_G_REVIEWS,reviews_2023.csv,2023-01-12T07:10:13.505726262,BATCH-G-20230112
REV-00100952,SKU-0005275,user_9012494,Nathan Manning,2,"Poor packaging, item was defective.",2023-04-08,False,NEGATIVE,13,SOURCE_G_REVIEWS,reviews_2023.csv,2023-04-09T02:09:36.118970175,BATCH-G-20230408
REV-00100965,SKU-0018395,user_60576,Joseph Edwards,5,Fast delivery and great quality. 😡,2023-06-08,False,POSITIVE,0,SOURCE_G_REVIEWS,reviews_2023.csv,2023-06-08T15:20:48.252741271,BATCH-G-20230608
REV-00100969,SKU-0012554,user_9019291,Sean Miller,5,"Perfect gift, they loved it!",2023-10-04,False,POSITIVE,4,SOURCE_G_REVIEWS,reviews_2023.csv,2023-10-04T14:58:07.698704949,BATCH-G-20231004
REV-00101002,SKU-9984001,user_9003515,James Kim,5,Excellent rapport qualité-prix.,2023-08-23,True,POSITIVE,-1,SOURCE_G_REVIEWS,reviews_2023.csv,2023-08-23T02:55:21.825981913,BATCH-G-20230823
REV-00101017,SKU-0007894,user_9017795,Terri Vasquez,3,"It's okay, does the job.",2023-12-14,False,NEUTRAL,4,SOURCE_G_REVIEWS,reviews_2023.csv,2023-12-14T03:40:12.091239989,BATCH-G-20231214
REV-00101018,SKU-0002529,,Anonymous,5,Excellent rapport qualité-prix.,2023-05-02,True,POSITIVE,0,SOURCE_G_REVIEWS,reviews_2023.csv,2023-05-02T02:39:10.707402892,BATCH-G-20230502
REV-00101024,SKU-0005422,user_57162,Brittany Williams,4,Great value for money.,2023-07-26,True,POSITIVE,0,SOURCE_G_REVIEWS,reviews_2023.csv,2023-07-26T22:54:11.197876072,BATCH-G-20230726
REV-00101033,SKU-0014670,,Anonymous,3,"No cumplió mis expectativas. Not bad, not great either.",2023-10-20,True,NEUTRAL,3,SOURCE_G_REVIEWS,reviews_2023.csv,2023-10-20T18:09:28.631344487,BATCH-G-20231020
REV-00101037,SKU-0009806,user_9020458,Christopher Ingram,5,Will definitely buy again.,2023-12-10,True,POSITIVE,2,SOURCE_G_REVIEWS,reviews_2023.csv,2023-12-10T19:37:26.408320512,BATCH-G-20231210
REV-00101039,SKU-0003514,user_56780,Troy Gonzalez,5,"Solid build quality, no complaints.",2023-04-02,True,POSITIVE,1,SOURCE_G_REVIEWS,reviews_2023.csv,2023-04-02T14:31:26.695477896,BATCH-G-20230402
REV-00101042,SKU-0006600,,Anonymous,2,Stopped working after a week.,2023-03-17,False,NEGATIVE,0,SOURCE_G_REVIEWS,reviews_2023.csv,2023-03-17T06:42:25.722665214,BATCH-G-20230317
REV-00101045,SKU-0013929,,Anonymous,5,Fast delivery and great quality. 🔥,2023-01-22,True,POSITIVE,1,SOURCE_G_REVIEWS,reviews_2023.csv,2023-01-22T01:20:08.115554999,BATCH-G-20230122
REV-00101047,SKU-0005988,user_9026164,Vanessa,4,Fast delivery and great quality.,2023-12-11,True,POSITIVE,2,SOURCE_G_REVIEWS,reviews_2023.csv,2023-12-11T04:26:17.760586898,BATCH-G-20231211
REV-00101048,SKU-0015090,user_9003415,Heidi Russo,1,"Poor packaging, item was defective.",2023-10-07,True,NEGATIVE,4,SOURCE_G_REVIEWS,reviews_2023.csv,2023-10-07T02:13:25.082054097,BATCH-G-20231007
REV-00101055,SKU-0013218,,Anonymous,4,Better than I expected for the price.,2023-11-12,False,POSITIVE,7,SOURCE_G_REVIEWS,reviews_2023.csv,2023-11-12T10:41:00.343643233,BATCH-G-20231112
REV-00101066,SKU-0010041,user_478,Phillip Cohen,5,"Exactly as described, very happy.",2023-06-11,True,POSITIVE,1,SOURCE_G_REVIEWS,reviews_2023.csv,2023-06-11T05:46:23.888855973,BATCH-G-20230611
REV-00101078,SKU-0001579,user_9009381,Jamie Mcneil,3,Works fine but delivery was slow.,2023-10-28,True,NEUTRAL,4,SOURCE_G_REVIEWS,reviews_2023.csv,2023-10-28T14:12:46.987526614,BATCH-G-20231028
REV-00101087,SKU-0000189,,Anonymous,5,Exceeded my expectations.,2023-07-11,False,POSITIVE,0,SOURCE_G_REVIEWS,reviews_2023.csv,2023-07-11T22:19:05.778273791,BATCH-G-20230711
REV-00101094,SKU-9931065,,Anonymous,4,Fast delivery and great quality.,2023-06-01,True,POSITIVE,3,SOURCE_G_REVIEWS,reviews_2023.csv,2023-06-02T02:48:09.167676960,BATCH-G-20230601
REV-00101098,SKU-0017513,user_9014526,Justin Hughes,4,Will definitely buy again.,2023-11-12,True,POSITIVE,4,SOURCE_G_REVIEWS,reviews_2023.csv,2023-11-12T15:49:53.645786491,BATCH-G-20231112
REV-00101100,SKU-0017516,user_9023986,Cassandra Neal,4,"Solid build quality, no complaints.",2023-04-30,True,POSITIVE,2,SOURCE_G_REVIEWS,reviews_2023.csv,2023-04-30T09:25:36.850314377,BATCH-G-20230430
REV-00101102,SKU-0006996,user_9004017,Cassidy,4,Exceeded my expectations.,2023-04-27,True,POSITIVE,8,SOURCE_G_REVIEWS,reviews_2023.csv,2023-04-27T20:43:23.010529464,BATCH-G-20230427
REV-00101117,SKU-0007256,user_16364,Jesus Holmes,5,"Solid build quality, no complaints.",2023-11-29,False,POSITIVE,0,SOURCE_G_REVIEWS,reviews_2023.csv,2023-11-29T22:28:03.015614687,BATCH-G-20231129
REV-00101128,SKU-0012493,,Anonymous,3,"It's okay, does the job.",2023-03-09,True,NEUTRAL,0,SOURCE_G_REVIEWS,reviews_2023.csv,2023-03-09T02:58:03.948221711,BATCH-G-20230309
REV-00101147,SKU-0000224,user_9013610,Richard Webb,5,"Perfect gift, they loved it!",2023-12-25,True,POSITIVE,1,SOURCE_G_REVIEWS,reviews_2023.csv,2023-12-25T13:27:32.180962926,BATCH-G-20231225
REV-00101155,SKU-0017571,user_23695,Timothy Garcia,5,Better than I expected for the price.,2023-12-13,True,POSITIVE,1,SOURCE_G_REVIEWS,reviews_2023.csv,2023-12-13T00:58:13.259782346,BATCH-G-20231213
REV-00101157,SKU-0014060,user_9007459,Kevin Reyes,2,Very disappointed with the quality.,2023-07-30,True,NEGATIVE,0,SOURCE_G_REVIEWS,reviews_2023.csv,2023-07-30T19:44:04.187003765,BATCH-G-20230730
REV-00101164,SKU-9972028,user_9009498,James,4,Unknown,2023-02-04,True,POSITIVE,3,SOURCE_G_REVIEWS,reviews_2023.csv,2023-02-04T15:34:34.987276521,BATCH-G-20230204
REV-00101182,SKU-0005205,user_37483,Kevin,5,"Solid build quality, no complaints.",2023-07-03,True,POSITIVE,1,SOURCE_G_REVIEWS,reviews_2023.csv,2023-07-15T06:00:00,BATCH-G-20230703
REV-00101186,SKU-0009900,user_106,Megan Ruiz,N/A,Arrived damaged and support was unhelpful.,2023-01-25,True,NEGATIVE,10,SOURCE_G_REVIEWS,reviews_2023.csv,2023-01-25T04:49:39.084386440,BATCH-G-20230125
REV-00101191,SKU-0015255,,Anonymous,4,"Exactly as described, very happy.",2023-11-23,False,POSITIVE,2,SOURCE_G_REVIEWS,reviews_2023.csv,2023-11-23T18:35:13.041573918,BATCH-G-20231123
REV-00101197,SKU-0006914,,Anonymous,2,"Poor packaging, item was defective. 😢",2023-05-20,True,NEGATIVE,2,SOURCE_G_REVIEWS,reviews_2023.csv,2023-05-20T01:31:48.422710791,BATCH-G-20230520
REV-00101206,SKU-0004398,user_9021043,Ashley Larson,4,"   Exactly  as  described,  very  happy.   ",2023-11-12,False,POSITIVE,1,SOURCE_G_REVIEWS,reviews_2023.csv,2023-11-12T21:07:38.173861887,BATCH-G-20231112
REV-00101225,SKU-0004411,,Anonymous,5,<br>Great value for money.</p>,2023-03-27,False,POSITIVE,7,SOURCE_G_REVIEWS,reviews_2023.csv,2023-03-28T00:00:29.645272731,BATCH-G-20230327
REV-00101232,SKU-0018074,user_24183,Donald Joseph,4,Will definitely buy again.,2023-05-03,False,POSITIVE,8,SOURCE_G_REVIEWS,reviews_2023.csv,2023-05-03T23:35:54.861608714,BATCH-G-20230503
REV-00101244,SKU-0001080,,Anonymous,2,"Cheaply made, broke immediately.",2023-12-29,False,NEGATIVE,3,SOURCE_G_REVIEWS,reviews_2023.csv,2023-12-29T03:02:09.432302485,BATCH-G-20231229
REV-00101261,SKU-0017632,,Anonymous,5,No cumplió mis expectativas.,2023-07-30,True,POSITIVE,8,SOURCE_G_REVIEWS,reviews_2023.csv,2023-07-30T11:46:22.726718623,BATCH-G-20230730
REV-00101269,SKU-0017794,user_9013229,Brittany,1,Not as described at all.,2023-04-10,True,NEGATIVE,6,SOURCE_G_REVIEWS,reviews_2023.csv,2023-04-10T17:59:22.739740705,BATCH-G-20230410
REV-00101286,SKU-0000561,user_49853,Mark Marquez,2,Not as described at all.,2023-07-22,True,NEGATIVE,3,SOURCE_G_REVIEWS,reviews_2023.csv,2023-07-22T09:28:19.188928110,BATCH-G-20230722
REV-00101290,SKU-0016196,user_9020784,Mr.,5,"Exactly as described, very happy.",2023-07-27,False,POSITIVE,0,SOURCE_G_REVIEWS,reviews_2023.csv,2023-07-27T08:57:04.789209575,BATCH-G-20230727
REV-00101308,SKU-0018075,user_9002183,Julia,1,"Cheaply made, broke immediately.",2023-06-04,False,NEGATIVE,3,SOURCE_G_REVIEWS,reviews_2023.csv,2023-06-04T22:56:21.300154440,BATCH-G-20230604
REV-00101311,SKU-0019258,user_9026086,Susan,3,Decent but overpriced a bit.,2023-08-23,False,NEUTRAL,0,SOURCE_G_REVIEWS,reviews_2023.csv,2023-08-23T09:19:56.932972737,BATCH-G-20230823
REV-00101312,SKU-0001127,user_9012406,Toni Bryant,4,Great value for money.,2023-08-14,True,POSITIVE,1,SOURCE_G_REVIEWS,reviews_2023.csv,2023-08-14T21:19:57.892618327,BATCH-G-20230814
REV-00101313,SKU-0007145,user_9034760,Sheri,1,Stopped working after a week.,2023-10-12,True,NEGATIVE,0,SOURCE_G_REVIEWS,reviews_2023.csv,2023-10-12T08:13:33.220980866,BATCH-G-20231012
REV-00101330,SKU-0018546,user_9005153,Michael Lane,4,"Not bad, not great either.",2023-12-18,False,NEUTRAL,0,SOURCE_G_REVIEWS,reviews_2023.csv,2023-12-18T06:57:48.965104120,BATCH-G-20231218
REV-00101336,SKU-0017869,user_50156,William Johnson,3,Works fine but delivery was slow.,2023-03-11,False,NEUTRAL,5,SOURCE_G_REVIEWS,reviews_2023.csv,2023-03-11T20:04:57.119888736,BATCH-G-20230311
REV-00101338,SKU-0001469,user_9031651,Mary Thompson,2,"Waste of money, do not buy.",2023-11-09,True,NEGATIVE,1,SOURCE_G_REVIEWS,reviews_2023.csv,2023-11-08T07:00:00,BATCH-G-20231109
REV-00101345,SKU-0012877,user_59371,Shawn Patterson,4,Better than I expected for the price.,2023-11-15,False,POSITIVE,8,SOURCE_G_REVIEWS,reviews_2023.csv,2023-11-15T04:31:05.426349712,BATCH-G-20231115
REV-00101355,SKU-0005041,user_9001668,Anthony Burns,1,"Average quality, nothing special.",2023-07-02,False,NEUTRAL,5,SOURCE_G_REVIEWS,reviews_2023.csv,2023-07-02T09:05:05.583277029,BATCH-G-20230702
REV-00101359,SKU-0019467,user_9001671,Megan,4,Will definitely buy again.,2023-08-12,False,POSITIVE,0,SOURCE_G_REVIEWS,reviews_2023.csv,2023-08-12T01:56:21.237596622,BATCH-G-20230812
REV-00101362,SKU-0002581,user_9027252,Kimberly Nielsen,4,"Excellent rapport qualité-prix. Perfect gift, they loved it!",2023-08-29,True,POSITIVE,2,SOURCE_G_REVIEWS,reviews_2023.csv,2023-08-29T12:37:45.535222640,BATCH-G-20230829
REV-00101363,SKU-0018909,user_9015782,Patricia,1,"Cheaply made, broke immediately.",2023-06-17,True,NEGATIVE,1,SOURCE_G_REVIEWS,reviews_2023.csv,2023-06-17T10:15:26.807123999,BATCH-G-20230617
REV-00101379,SKU-0007157,user_9018608,Michael,5,Fast delivery and great quality.,2023-02-23,True,POSITIVE,2,SOURCE_G_REVIEWS,reviews_2023.csv,2023-02-23T10:38:29.934478292,BATCH-G-20230223
REV-00101381,SKU-0003073,user_9000311,Daniel Watkins,3,"It's okay, does the job. 💯🙏",2023-10-01,True,NEUTRAL,1,SOURCE_G_REVIEWS,reviews_2023.csv,2023-10-01T04:26:57.785414200,BATCH-G-20231001
REV-00101408,SKU-0014151,user_9024262,David,5,Will definitely buy again.,2023-10-16,True,POSITIVE,8,SOURCE_G_REVIEWS,reviews_2023.csv,2023-10-16T11:49:25.662249809,BATCH-G-20231016
REV-00101435,SKU-9954698,user_9017502,Matthew Parks,5,"Absolutely love it, works perfectly!",2023-08-07,True,POSITIVE,3,SOURCE_G_REVIEWS,reviews_2023.csv,2023-08-08T05:53:08.590201457,BATCH-G-20230807
REV-00101445,SKU-0016193,user_9021776,Erika Riddle,4,"Absolutely love it, works perfectly!",2023-01-16,True,POSITIVE,1,SOURCE_G_REVIEWS,reviews_2023.csv,2023-01-17T04:36:14.438351847,BATCH-G-20230116
REV-00101449,SKU-0012869,user_9024677,Ariana,5,Highly recommend this product.,2023-10-22,True,POSITIVE,3,SOURCE_G_REVIEWS,reviews_2023.csv,2023-10-23T01:34:49.691362829,BATCH-G-20231022
REV-00101464,SKU-0016237,,Anonymous,3,"Not bad, not great either.",2023-09-12,False,NEUTRAL,2,SOURCE_G_REVIEWS,reviews_2023.csv,2023-09-12T17:54:30.376780635,BATCH-G-20230912
REV-00101472,SKU-0018486,user_9010250,Katie Arnold,3,"Matches the description, no issues.",2023-08-29,True,NEUTRAL,1,SOURCE_G_REVIEWS,reviews_2023.csv,2023-08-29T17:30:16.436840245,BATCH-G-20230829
REV-00101475,SKU-0016696,user_58179,Jackson Goodwin,4,Will definitely buy again.,2023-03-27,True,POSITIVE,11,SOURCE_G_REVIEWS,reviews_2023.csv,2023-03-27T05:27:44.535150850,BATCH-G-20230327
REV-00101476,SKU-0014697,user_38129,John Fitzpatrick,3,Works fine but delivery was slow.,2023-11-27,False,NEUTRAL,7,SOURCE_G_REVIEWS,reviews_2023.csv,2023-11-27T03:15:07.915855436,BATCH-G-20231127
REV-00101479,SKU-0005388,,Anonymous,5,Very disappointed with the quality.,2023-10-28,False,NEGATIVE,6,SOURCE_G_REVIEWS,reviews_2023.csv,2023-10-29T05:32:56.755612115,BATCH-G-20231028
REV-00101480,SKU-0011708,user_9002892,John Robinson,2,"Poor packaging, item was defective.",2023-07-29,False,NEGATIVE,6,SOURCE_G_REVIEWS,reviews_2023.csv,2023-07-30T01:01:50.358642939,BATCH-G-20230729
REV-00101482,SKU-0000154,user_9026633,David,3,"Not bad, not great either.",2023-12-30,False,NEUTRAL,0,SOURCE_G_REVIEWS,reviews_2023.csv,2023-12-30T19:14:04.487462699,BATCH-G-20231230
REV-00101485,SKU-0003521,user_9029262,Abigail Ball,5,Better than I expected for the price.,2023-06-06,True,POSITIVE,9,SOURCE_G_REVIEWS,reviews_2023.csv,2023-06-06T13:48:47.480525776,BATCH-G-20230606
REV-00101490,SKU-0004305,user_9029628,Tracy Williams,5,Highly recommend this product.,2023-06-25,True,POSITIVE,0,SOURCE_G_REVIEWS,reviews_2023.csv,2023-06-25T09:11:40.360340829,BATCH-G-20230625
REV-00101492,SKU-0008469,user_9031520,Erin Green,3,"Average quality, nothing special.",2023-01-15,True,NEUTRAL,3,SOURCE_G_REVIEWS,reviews_2023.csv,2023-01-16T02:25:31.964417862,BATCH-G-20230115
REV-00101496,SKU-0017503,user_9023984,Kim Cunningham,5,"Perfect gift, they loved it!",2023-04-17,True,POSITIVE,2,SOURCE_G_REVIEWS,reviews_2023.csv,2023-04-17T07:38:03.368923982,BATCH-G-20230417
REV-00101499,SKU-0018699,,Anonymous,4,Great value for money.,2023-05-05,True,POSITIVE,1,SOURCE_G_REVIEWS,reviews_2023.csv,2023-05-05T13:32:18.099144281,BATCH-G-20230505
REV-00101507,SKU-0007797,user_7539,Gerald Atkins,1,"No cumplió mis expectativas. Cheaply made, broke immediately. 😐",2023-10-02,True,NEGATIVE,0,SOURCE_G_REVIEWS,reviews_2023.csv,2023-10-02T22:31:44.484177917,BATCH-G-20231002
REV-00101515,SKU-0006737,user_9012796,Cynthia Smith,5,Great value for money.,2023-09-20,True,POSITIVE,1,SOURCE_G_REVIEWS,reviews_2023.csv,2023-09-20T15:00:34.496137108,BATCH-G-20230920
REV-00101515-DUP,SKU-0006737,user_9012796,Cynthia Smith,5,Great value for money.,2023-09-20,True,POSITIVE,1,SOURCE_G_REVIEWS,reviews_2023.csv,2023-09-20T15:36:34.496137108,BATCH-G-20230920
REV-00101520,SKU-0006244,user_48108,Jennifer Morrison,2,"Waste of money, do not buy.",2023-01-23,True,NEGATIVE,1,SOURCE_G_REVIEWS,reviews_2023.csv,2023-01-23T16:48:08.121014743,BATCH-G-20230123
REV-00101534,SKU-0019704,user_9026769,Justin Adams,5,   Better  than  I  expected  for  the  price.   ,2023-06-13,True,POSITIVE,1,SOURCE_G_REVIEWS,reviews_2023.csv,2023-06-13T15:23:53.147004460,BATCH-G-20230613
REV-00101536,SKU-0007284,,Anonymous,4,"Perfect gift, they loved it!",2023-03-22,True,POSITIVE,1,SOURCE_G_REVIEWS,reviews_2023.csv,2023-03-23T05:04:44.653028712,BATCH-G-20230322
REV-00101549,SKU-0019587,user_9032802,Steve Erickson,5,Fast delivery and great quality.,2023-02-25,True,POSITIVE,2,SOURCE_G_REVIEWS,reviews_2023.csv,2023-02-26T05:23:06.449607151,BATCH-G-20230225
REV-00101566,SKU-0004629,user_9006806,Erin,4,"Absolutely love it, works perfectly!",2023-06-27,False,POSITIVE,1,SOURCE_G_REVIEWS,reviews_2023.csv,2023-06-27T01:55:17.679616036,BATCH-G-20230627
REV-00101579,SKU-0011544,user_16819,Danny Smith,1,"Cheaply made, broke immediately.",2023-08-30,False,NEGATIVE,4,SOURCE_G_REVIEWS,reviews_2023.csv,2023-08-31T01:07:47.147308820,BATCH-G-20230830
REV-00101579-DUP,SKU-0011544,user_16819,Danny Smith,1,"Cheaply made, broke immediately.",2023-08-30,False,NEGATIVE,4,SOURCE_G_REVIEWS,reviews_2023.csv,2023-08-31T01:40:47.147308820,BATCH-G-20230830
REV-00101582,SKU-0000799,user_9025736,Darren,5,Exceeded my expectations.,2023-07-02,False,POSITIVE,1,SOURCE_G_REVIEWS,reviews_2023.csv,2023-07-03T02:11:00.062022085,BATCH-G-20230702
REV-00101586,SKU-0003195,user_9002040,Daniel Murray,2,"Waste of money, do not buy. 😍",2023-10-12,True,NEGATIVE,3,SOURCE_G_REVIEWS,reviews_2023.csv,2023-10-13T05:42:03.502261977,BATCH-G-20231012
REV-00101593,SKU-0008510,user_9026659,Samuel Ward,5,"Absolutely love it, works perfectly!",2023-11-01,True,POSITIVE,0,SOURCE_G_REVIEWS,reviews_2023.csv,2023-11-01T14:37:08.245423258,BATCH-G-20231101
REV-00101594,SKU-0004918,user_29681,Kelly Navarro,5,Great value for money.,2023-08-06,True,POSITIVE,0,SOURCE_G_REVIEWS,reviews_2023.csv,2023-08-07T03:04:23.230331240,BATCH-G-20230806
REV-00101605,SKU-0008352,,Anonymous,4,Highly recommend this product.,2023-04-18,True,POSITIVE,1,SOURCE_G_REVIEWS,reviews_2023.csv,2023-04-18T18:08:17.860693229,BATCH-G-20230418
REV-00101606,SKU-0003597,user_62242,Jerome Rodriguez,5,"Exactly as described, very happy. 😍",2023-09-03,False,POSITIVE,14,SOURCE_G_REVIEWS,reviews_2023.csv,2023-09-03T01:16:43.517462353,BATCH-G-20230903
REV-00101612,SKU-0019380,,Anonymous,2,"Waste of money, do not buy.",2023-06-28,False,NEGATIVE,2,SOURCE_G_REVIEWS,reviews_2023.csv,2023-06-28T21:03:12.616292900,BATCH-G-20230628
REV-00101615,SKU-0018956,user_9020381,James Cole,2,Not as described at all.,2023-03-25,False,NEGATIVE,1,SOURCE_G_REVIEWS,reviews_2023.csv,2023-03-25T21:47:31.049670671,BATCH-G-20230325
REV-00101617,SKU-0010628,,Anonymous,4,Highly recommend this product.,2023-05-09,False,POSITIVE,6,SOURCE_G_REVIEWS,reviews_2023.csv,2023-05-09T20:40:34.530906018,BATCH-G-20230509
REV-00101621,SKU-0012716,user_18795,Ryan,4,"Average quality, nothing special.",2023-12-25,True,NEUTRAL,0,SOURCE_G_REVIEWS,reviews_2023.csv,2023-12-25T18:03:10.797150795,BATCH-G-20231225
REV-00101627,SKU-0018582,,Anonymous,5,Exceeded my expectations.,2023-11-06,True,POSITIVE,2,SOURCE_G_REVIEWS,reviews_2023.csv,2023-11-07T02:21:20.278067893,BATCH-G-20231106
REV-00101632,SKU-0016039,user_9170,Christine Lane,5,"Perfect gift, they loved it!",2023-02-16,False,POSITIVE,0,SOURCE_G_REVIEWS,reviews_2023.csv,2023-02-16T16:43:05.337636351,BATCH-G-20230216
REV-00101633,SKU-0002071,user_9027781,Carolyn Wilkins,4,Great value for money.,2023-05-13,False,POSITIVE,5,SOURCE_G_REVIEWS,reviews_2023.csv,2023-05-13T20:29:26.161994394,BATCH-G-20230513
REV-00101636,SKU-0012122,user_9022969,Laura Hernandez,1,Arrived damaged and support was unhelpful.,2023-05-17,False,NEGATIVE,1,SOURCE_G_REVIEWS,reviews_2023.csv,2023-05-17T18:10:14.944436993,BATCH-G-20230517
REV-00101646,SKU-0002228,user_9031769,Julie,5,Better than I expected for the price.,2023-01-31,False,POSITIVE,6,SOURCE_G_REVIEWS,reviews_2023.csv,2023-01-31T13:26:06.972541134,BATCH-G-20230131
REV-00101651,SKU-0019103,user_16932,Thomas Dunlap,5,Great value for money.,2023-09-16,True,POSITIVE,3,SOURCE_G_REVIEWS,reviews_2023.csv,2023-09-17T05:04:30.661472505,BATCH-G-20230916
REV-00101652,SKU-0018007,user_9028590,Lauren Smith,1,Arrived damaged and support was unhelpful.,2023-06-05,False,NEGATIVE,0,SOURCE_G_REVIEWS,reviews_2023.csv,2023-06-05T16:53:37.501582096,BATCH-G-20230605
REV-00101658,SKU-0008452,,Anonymous,4,"Exactly as described, very happy.",2023-03-24,True,POSITIVE,0,SOURCE_G_REVIEWS,reviews_2023.csv,2023-03-24T01:28:21.843188184,BATCH-G-20230324
REV-00101660,SKU-0004418,user_9027978,Michael,5,"Exactly as described, very happy. 🔥",2023-01-29,False,POSITIVE,2,SOURCE_G_REVIEWS,reviews_2023.csv,2023-01-29T20:52:54.165533548,BATCH-G-20230129
REV-00101673,SKU-0017468,user_52979,Walter Snyder,4,"Absolutely love it, works perfectly!",2023-02-05,True,POSITIVE,3,SOURCE_G_REVIEWS,reviews_2023.csv,2023-02-06T00:30:10.412403116,BATCH-G-20230205
REV-00101675,SKU-0011563,user_9022167,Ronald Adams,5,"Exactly as described, very happy.",2023-03-27,False,POSITIVE,3,SOURCE_G_REVIEWS,reviews_2023.csv,2023-03-27T20:14:30.244402732,BATCH-G-20230327
REV-00101683,SKU-9938911,user_9012504,Sara Hensley,4,Highly recommend this product.,2023-12-09,False,POSITIVE,4,SOURCE_G_REVIEWS,reviews_2023.csv,2023-12-09T05:33:46.090535036,BATCH-G-20231209
REV-00101697,SKU-0008043,user_9005063,Linda Johnson,5,Fast delivery and great quality. 💯,2023-09-13,True,POSITIVE,1,SOURCE_G_REVIEWS,reviews_2023.csv,2023-09-13T06:17:41.550775919,BATCH-G-20230913
REV-00101698,SKU-0018253,user_9012949,Jared Zhang,4,Highly recommend this product.,2023-04-23,True,POSITIVE,1,SOURCE_G_REVIEWS,reviews_2023.csv,2023-04-23T02:07:36.586889410,BATCH-G-20230423
REV-00101707,SKU-0003090,user_9021879,Adrian,5,Exceeded my expectations.,2023-09-08,True,POSITIVE,0,SOURCE_G_REVIEWS,reviews_2023.csv,2023-09-08T09:27:51.078076388,BATCH-G-20230908
REV-00101711,SKU-0005322,user_7127,Jacob,4,"Absolutely love it, works perfectly!",2023-12-23,False,POSITIVE,3,SOURCE_G_REVIEWS,reviews_2023.csv,2023-12-24T00:45:56.873529324,BATCH-G-20231223
REV-00101719,SKU-0017924,,Anonymous,4,Great value for money.,2023-07-03,True,POSITIVE,1,SOURCE_G_REVIEWS,reviews_2023.csv,2023-07-04T05:39:41.672282261,BATCH-G-20230703
REV-00101726,SKU-0018856,user_9021095,James Diaz,4,Highly recommend this product.,2023-11-28,True,POSITIVE,2,SOURCE_G_REVIEWS,reviews_2023.csv,2023-11-28T00:47:59.730989545,BATCH-G-20231128
REV-00101727,SKU-0016184,user_9029863,Andrew Marks,4,"No cumplió mis expectativas. Exactly as described, very happy.",2023-12-11,False,POSITIVE,3,SOURCE_G_REVIEWS,reviews_2023.csv,2023-12-11T11:14:11.147425501,BATCH-G-20231211
REV-00101729,SKU-0016754,,Anonymous,2,Very disappointed with the quality.,2023-04-30,False,NEGATIVE,10,SOURCE_G_REVIEWS,reviews_2023.csv,2023-04-30T01:31:33.572400874,BATCH-G-20230430
REV-00101738,SKU-0007764,user_9032188,Jennifer Martin,5,Better than I expected for the price.,2023-04-18,False,POSITIVE,1,SOURCE_G_REVIEWS,reviews_2023.csv,2023-04-18T18:29:39.517127210,BATCH-G-20230418
REV-00101758,SKU-0008584,,Anonymous,3,Works fine but delivery was slow.,2023-10-10,True,NEUTRAL,0,SOURCE_G_REVIEWS,reviews_2023.csv,2023-10-10T19:50:37.272522215,BATCH-G-20231010
REV-00101760,SKU-0019576,user_9000220,Laura,5,Will definitely buy again.,2023-11-16,True,POSITIVE,0,SOURCE_G_REVIEWS,reviews_2023.csv,2023-11-16T07:42:53.884796957,BATCH-G-20231116
REV-00101762,SKU-0001331,,Anonymous,3,"   Matches  the  description,  no  issues.   ",2023-12-11,False,NEUTRAL,0,SOURCE_G_REVIEWS,reviews_2023.csv,2023-12-11T15:07:01.708009616,BATCH-G-20231211
REV-00101765,SKU-0015023,user_45616,Tony James,3,"It's okay, does the job.",2023-03-13,False,NEUTRAL,0,SOURCE_G_REVIEWS,reviews_2023.csv,2023-03-13T04:35:58.476482531,BATCH-G-20230313
REV-00101766,SKU-0019435,user_9024804,Melissa Wells,2,Wrong item was shipped to me.,2023-05-27,True,NEGATIVE,0,SOURCE_G_REVIEWS,reviews_2023.csv,2023-05-27T16:32:37.249042668,BATCH-G-20230527
REV-00101781,SKU-0014820,,Anonymous,2,"Poor packaging, item was defective.",2023-04-18,False,NEGATIVE,2,SOURCE_G_REVIEWS,reviews_2023.csv,2023-04-18T19:43:19.964299651,BATCH-G-20230418
REV-00101784,SKU-0009153,user_9034580,Doris Ibarra,3,Decent but overpriced a bit.,2023-07-15,True,NEUTRAL,0,SOURCE_G_REVIEWS,reviews_2023.csv,2023-07-15T21:46:08.060461461,BATCH-G-20230715
REV-00101787,SKU-0008444,user_47683,Michael Acevedo,4,Fast delivery and great quality.,2023-12-06,False,POSITIVE,0,SOURCE_G_REVIEWS,reviews_2023.csv,2023-12-06T01:17:18.856062863,BATCH-G-20231206
REV-00101793,SKU-0016657,user_14374,Mrs.,2,Wrong item was shipped to me.,2023-04-08,False,NEGATIVE,3,SOURCE_G_REVIEWS,reviews_2023.csv,2023-04-08T20:18:23.611291903,BATCH-G-20230408
REV-00101824,SKU-0000910,user_9017935,Cody,2,"Poor packaging, item was defective.",2023-05-07,False,NEGATIVE,10,SOURCE_G_REVIEWS,reviews_2023.csv,2023-05-07T20:16:07.963787799,BATCH-G-20230507
REV-00101835,SKU-9968853,,Anonymous,4,"Exactly as described, very happy.",2023-04-22,True,POSITIVE,2,SOURCE_G_REVIEWS,reviews_2023.csv,2023-04-22T22:38:11.382938781,BATCH-G-20230422
REV-00101843,SKU-0017345,,Anonymous,1,Wrong item was shipped to me.,2023-05-27,True,NEGATIVE,1,SOURCE_G_REVIEWS,reviews_2023.csv,2023-05-27T11:37:50.614646624,BATCH-G-20230527
REV-00101847,SKU-0003255,user_9032881,Francis,3,"Exactly as described, very happy.",2023-12-02,True,POSITIVE,4,SOURCE_G_REVIEWS,reviews_2023.csv,2023-12-02T00:46:31.427738283,BATCH-G-20231202
REV-00101855,SKU-0014311,user_9010268,Kellie,2,Stopped working after a week.,2023-05-25,False,NEGATIVE,10,SOURCE_G_REVIEWS,reviews_2023.csv,2023-05-25T16:02:51.456471417,BATCH-G-20230525
REV-00101877,SKU-9961394,user_10026,David,5,"Exactly as described, very happy.",2023-12-13,False,POSITIVE,0,SOURCE_G_REVIEWS,reviews_2023.csv,2023-12-14T05:44:08.870496371,BATCH-G-20231213
REV-00101891,SKU-0005058,,Anonymous,5,Arrived damaged and support was unhelpful.,2023-11-15,True,NEGATIVE,0,SOURCE_G_REVIEWS,reviews_2023.csv,2023-11-15T16:24:15.659723403,BATCH-G-20231115
REV-00101894,SKU-0006489,user_9002069,Sally Jones,5,"Livraison très lente, déçu.",2023-01-01,False,POSITIVE,3,SOURCE_G_REVIEWS,reviews_2023.csv,2023-01-01T03:14:46.019299572,BATCH-G-20230101
REV-00101896,SKU-0018932,user_3739,Rebecca Simmons,4,"Solid build quality, no complaints.",2023-01-03,True,POSITIVE,0,SOURCE_G_REVIEWS,reviews_2023.csv,2023-01-04T05:01:12.387711195,BATCH-G-20230103
REV-00101899,SKU-0017175,user_43162,Ms. Stefanie Cardenas,4,"Perfect gift, they loved it!",2023-07-14,False,POSITIVE,6,SOURCE_G_REVIEWS,reviews_2023.csv,2023-07-15T02:13:03.859171011,BATCH-G-20230714
REV-00101905,SKU-0010112,,Anonymous,5,"Absolutely love it, works perfectly!",2023-12-23,True,POSITIVE,2,SOURCE_G_REVIEWS,reviews_2023.csv,2023-12-23T05:04:47.456722093,BATCH-G-20231223
REV-00101909,SKU-0001639,user_9028789,Gregory,4,Exceeded my expectations.,2023-01-03,True,POSITIVE,3,SOURCE_G_REVIEWS,reviews_2023.csv,2023-01-03T11:13:33.393808089,BATCH-G-20230103
REV-00101913,SKU-0016696,,Anonymous,5,"Solid build quality, no complaints.",2023-07-04,False,POSITIVE,0,SOURCE_G_REVIEWS,reviews_2023.csv,2023-07-04T08:03:22.268936832,BATCH-G-20230704
REV-00101923,SKU-0019458,user_34006,Adam Kirk,4,"Perfect gift, they loved it!",2023-07-02,False,POSITIVE,28,SOURCE_G_REVIEWS,reviews_2023.csv,2023-07-02T23:44:54.910856746,BATCH-G-20230702
REV-00101924,SKU-0008361,user_9026090,Sara Miller,5,No cumplió mis expectativas.,2023-09-08,True,POSITIVE,5,SOURCE_G_REVIEWS,reviews_2023.csv,2023-09-08T04:53:04.059523010,BATCH-G-20230908
REV-00101936,SKU-0002215,user_12660,Tamara,3,"<i>edited</i>Matches the description, no issues.<br>",2023-05-27,True,NEUTRAL,4,SOURCE_G_REVIEWS,reviews_2023.csv,2023-05-28T02:54:00.338447519,BATCH-G-20230527
REV-00101942,SKU-0010255,user_53044,Jacob,4,"Perfect gift, they loved it!",2023-01-06,True,POSITIVE,-9,SOURCE_G_REVIEWS,reviews_2023.csv,2023-01-07T05:54:36.909629630,BATCH-G-20230106
REV-00101946,SKU-0017323,user_18991,Andrew Copeland,5,Great value for money.,2023-03-06,True,POSITIVE,0,SOURCE_G_REVIEWS,reviews_2023.csv,2023-03-06T06:50:28.241514228,BATCH-G-20230306
REV-00101954,SKU-0001784,user_9028430,James Johnson,4,Will definitely buy again.,2023-01-15,False,POSITIVE,6,SOURCE_G_REVIEWS,reviews_2023.csv,2023-01-15T21:27:15.796310854,BATCH-G-20230115
REV-00101982,SKU-0017468,,Anonymous,5,No cumplió mis expectativas.,2023-01-31,False,POSITIVE,4,SOURCE_G_REVIEWS,reviews_2023.csv,2023-01-31T23:44:09.230455503,BATCH-G-20230131
REV-00101985,SKU-0009614,user_55371,Frederick Wilson,1,Wrong item was shipped to me.,2023-04-08,False,NEGATIVE,5,SOURCE_G_REVIEWS,reviews_2023.csv,2023-04-08T05:56:08.910814570,BATCH-G-20230408
REV-00101990,SKU-0019496,user_64842,Sarah,4,   गुणवत्ता  ठीक  नहीं  थी।   ,2023-02-25,False,POSITIVE,1,SOURCE_G_REVIEWS,reviews_2023.csv,2023-02-25T22:18:59.565997468,BATCH-G-20230225
REV-00101995,SKU-0001475,user_69019,Melissa Smith,3,"It's okay, does the job.",2023-03-17,False,NEUTRAL,0,SOURCE_G_REVIEWS,reviews_2023.csv,2023-03-18T04:18:12.926704995,BATCH-G-20230317
REV-00101998,SKU-0011178,,Anonymous,5,Stopped working after a week.,2023-02-21,True,NEGATIVE,1,SOURCE_G_REVIEWS,reviews_2023.csv,2023-02-22T05:22:17.757827229,BATCH-G-20230221
REV-00102001,SKU-0014296,user_42527,Carlos,3,"बहुत अच्छा उत्पाद है, पैसा वसूल!",2023-11-14,False,NEUTRAL,12,SOURCE_G_REVIEWS,reviews_2023.csv,2023-11-14T15:30:06.663256214,BATCH-G-20231114
REV-00102006,SKU-0002285,user_26582,Kathleen Thompson,3,Decent but overpriced a bit.,2023-12-21,True,NEUTRAL,3,SOURCE_G_REVIEWS,reviews_2023.csv,2023-12-22T01:40:07.085500371,BATCH-G-20231221
REV-00102010,SKU-0006624,user_9022665,Samantha,5,"Perfect gift, they loved it!",2023-09-09,True,POSITIVE,3,SOURCE_G_REVIEWS,reviews_2023.csv,2023-09-09T10:49:51.980501211,BATCH-G-20230909
REV-00102011,SKU-0004603,user_52443,Arthur,3,"Average quality, nothing special.",2023-10-19,False,NEUTRAL,3,SOURCE_G_REVIEWS,reviews_2023.csv,2023-10-19T21:26:26.020389668,BATCH-G-20231019
REV-00102019,SKU-0004583,,Anonymous,5,"Solid build quality, no complaints.",2023-03-14,True,POSITIVE,8,SOURCE_G_REVIEWS,reviews_2023.csv,2023-03-14T17:38:50.666520070,BATCH-G-20230314
REV-00102024,SKU-0003565,user_9003711,Penny Murray,3,"Average quality, nothing special.",2023-02-03,True,NEUTRAL,0,SOURCE_G_REVIEWS,reviews_2023.csv,2023-02-03T01:38:50.491275305,BATCH-G-20230203
REV-00102027,SKU-0006738,user_58988,Dr. Ronald Cherry,5,"Exactly as described, very happy.",2023-05-17,False,POSITIVE,2,SOURCE_G_REVIEWS,reviews_2023.csv,2023-05-18T00:31:13.508824073,BATCH-G-20230517
REV-00102028,SKU-9997229,user_34860,Johnny Fuentes,4,"बहुत अच्छा उत्पाद है, पैसा वसूल!",2023-11-20,False,POSITIVE,10,SOURCE_G_REVIEWS,reviews_2023.csv,2023-11-20T07:05:33.074023557,BATCH-G-20231120
REV-00102041,SKU-0016293,user_9000311,Daniel Watkins,5,Great value for money.,2023-03-09,True,POSITIVE,4,SOURCE_G_REVIEWS,reviews_2023.csv,2023-03-09T21:42:54.679386967,BATCH-G-20230309
REV-00102042,SKU-0013142,user_9017275,Brittany Mayer,5,Great value for money. 😐,2023-03-23,False,POSITIVE,1,SOURCE_G_REVIEWS,reviews_2023.csv,2023-03-23T18:17:38.361283319,BATCH-G-20230323
REV-00102042-DUP,SKU-0013142,user_9017275,Brittany Mayer,5,Great value for money. 😐,2023-03-23,False,POSITIVE,1,SOURCE_G_REVIEWS,reviews_2023.csv,2023-03-23T18:52:38.361283319,BATCH-G-20230323
REV-00102056,SKU-0011442,user_9028570,Ana Andrews,5,Fast delivery and great quality.,2023-03-10,True,POSITIVE,3,SOURCE_G_REVIEWS,reviews_2023.csv,2023-03-11T00:05:14.772586670,BATCH-G-20230310
REV-00102060,SKU-0007080,,Anonymous,4,"Absolutely love it, works perfectly!",2023-07-19,True,POSITIVE,0,SOURCE_G_REVIEWS,reviews_2023.csv,2023-07-20T01:21:52.105952204,BATCH-G-20230719
REV-00102063,SKU-0005182,user_28067,Rita Perez,4,"Average quality, nothing special.",2023-03-10,False,NEUTRAL,5,SOURCE_G_REVIEWS,reviews_2023.csv,2023-03-10T22:12:00.602871266,BATCH-G-20230310
REV-00102065,SKU-0019624,user_37962,Heather Johnson,4,गुणवत्ता ठीक नहीं थी।,2023-05-18,True,POSITIVE,4,SOURCE_G_REVIEWS,reviews_2023.csv,2023-05-19T03:34:55.800773007,BATCH-G-20230518
REV-00102068,SKU-0015534,user_60623,Yvonne,4,Better than I expected for the price.,2023-01-04,True,POSITIVE,1,SOURCE_G_REVIEWS,reviews_2023.csv,2023-01-05T03:48:25.952895488,BATCH-G-20230104
REV-00102079,SKU-9995117,user_51435,Michael Hernandez,4,Better than I expected for the price.,2023-05-06,True,POSITIVE,2,SOURCE_G_REVIEWS,reviews_2023.csv,2023-05-06T16:12:14.632959933,BATCH-G-20230506
REV-00102080,SKU-0012986,user_9029589,Emily Cochran,4,"Perfect gift, they loved it!",2023-03-25,True,POSITIVE,5,SOURCE_G_REVIEWS,reviews_2023.csv,2023-03-25T07:07:31.854641770,BATCH-G-20230325
REV-00102092,SKU-0018928,,Anonymous,5,Better than I expected for the price.,2023-08-02,False,POSITIVE,0,SOURCE_G_REVIEWS,reviews_2023.csv,2023-08-03T04:06:33.753539966,BATCH-G-20230802
REV-00102110,SKU-0016722,user_24221,Kelly,4,Will definitely buy again.,2023-03-13,True,POSITIVE,0,SOURCE_G_REVIEWS,reviews_2023.csv,2023-03-13T01:33:31.200041379,BATCH-G-20230313
REV-00102113,SKU-0001369,,Anonymous,3,"Average quality, nothing special.",2023-06-27,True,NEUTRAL,6,SOURCE_G_REVIEWS,reviews_2023.csv,2023-06-27T13:15:10.543084480,BATCH-G-20230627
REV-00102114,SKU-0004221,user_69114,Eric,3,Works fine but delivery was slow.,2023-10-14,True,NEUTRAL,0,SOURCE_G_REVIEWS,reviews_2023.csv,2023-10-14T02:52:35.321781252,BATCH-G-20231014
REV-00102119,SKU-0018706,,Anonymous,4,Fast delivery and great quality.,2023-11-19,True,POSITIVE,4,SOURCE_G_REVIEWS,reviews_2023.csv,2023-11-20T00:38:54.504685159,BATCH-G-20231119
REV-00102126,SKU-9976697,user_9004562,Michelle Garcia,4,Highly recommend this product.,2023-02-15,True,POSITIVE,6,SOURCE_G_REVIEWS,reviews_2023.csv,2023-02-16T01:14:56.862204630,BATCH-G-20230215
REV-00102135,SKU-0012265,user_9007891,Mrs. Tina Strickland,5,"बहुत अच्छा उत्पाद है, पैसा वसूल! Highly recommend this product.",2023-09-23,True,POSITIVE,3,SOURCE_G_REVIEWS,reviews_2023.csv,2023-09-23T22:19:01.509457906,BATCH-G-20230923
REV-00102141,SKU-0016626,,Anonymous,4,"Not bad, not great either. 💯",2023-02-23,False,NEUTRAL,0,SOURCE_G_REVIEWS,reviews_2023.csv,2023-02-23T14:02:03.002186631,BATCH-G-20230223
REV-00102142,SKU-0000701,user_9002317,Julian,4,Will definitely buy again.,2023-10-30,False,POSITIVE,0,SOURCE_G_REVIEWS,reviews_2023.csv,2023-10-30T16:26:41.397802747,BATCH-G-20231030
REV-00102168,SKU-0010973,user_38494,Tracy Washington,5,"बहुत अच्छा उत्पाद है, पैसा वसूल!",2023-03-28,True,POSITIVE,3,SOURCE_G_REVIEWS,reviews_2023.csv,2023-03-28T04:36:34.631769067,BATCH-G-20230328
REV-00102179,SKU-0018963,user_9018477,Christopher,5,"Perfect gift, they loved it!",2023-01-04,True,POSITIVE,0,SOURCE_G_REVIEWS,reviews_2023.csv,2023-01-04T19:54:40.927013270,BATCH-G-20230104
REV-00102188,SKU-0006409,user_9027781,Carolyn Wilkins,5,Fast delivery and great quality.,2023-12-01,True,POSITIVE,0,SOURCE_G_REVIEWS,reviews_2023.csv,2023-12-01T19:39:38.926375653,BATCH-G-20231201
REV-00102194,SKU-0006533,user_45476,Calvin Cisneros,4,"Perfect gift, they loved it! ⭐",2023-03-24,False,POSITIVE,0,SOURCE_G_REVIEWS,reviews_2023.csv,2023-03-25T01:34:59.925663827,BATCH-G-20230324
REV-00102196,SKU-0016691,user_19772,Brandon Herrera,5,Exceeded my expectations.,2023-06-16,False,POSITIVE,0,SOURCE_G_REVIEWS,reviews_2023.csv,2023-06-17T05:27:53.113782735,BATCH-G-20230616
REV-00102205,SKU-9940022,user_9000934,Ashley Bryant,4,"Absolutely love it, works perfectly!",2023-02-22,True,POSITIVE,7,SOURCE_G_REVIEWS,reviews_2023.csv,2023-02-22T04:38:43.713173365,BATCH-G-20230222
REV-00102215,SKU-0014195,user_9123,Jeffrey Mendez,4,Will definitely buy again. 😢💯,2023-05-20,True,POSITIVE,1,SOURCE_G_REVIEWS,reviews_2023.csv,2023-05-20T21:15:53.210599719,BATCH-G-20230520
REV-00102216,SKU-0013225,,Anonymous,4,Fast delivery and great quality.,2023-08-07,False,POSITIVE,2,SOURCE_G_REVIEWS,reviews_2023.csv,2023-08-07T22:03:56.650940070,BATCH-G-20230807
REV-00102218,SKU-0008253,user_9007892,Danielle Richardson,5,Exceeded my expectations.,2023-10-29,True,POSITIVE,0,SOURCE_G_REVIEWS,reviews_2023.csv,2023-10-29T04:05:38.480259330,BATCH-G-20231029
REV-00102232,SKU-0005423,user_34315,Cynthia Harrison,2,"It's okay, does the job.",2023-06-30,False,NEUTRAL,3,SOURCE_G_REVIEWS,reviews_2023.csv,2023-06-30T17:01:50.168468606,BATCH-G-20230630
REV-00102235,SKU-0012538,user_9001573,Joshua Pugh,5,"Solid build quality, no complaints.",2023-05-14,True,POSITIVE,0,SOURCE_G_REVIEWS,reviews_2023.csv,2023-05-19T20:00:00,BATCH-G-20230514
REV-00102242,SKU-0011995,user_50975,Amanda Little,5,"Absolutely love it, works perfectly!",2023-03-06,True,POSITIVE,1,SOURCE_G_REVIEWS,reviews_2023.csv,2023-03-06T22:15:31.363277202,BATCH-G-20230306
REV-00102243,SKU-0007463,user_9008532,Bradley,5,No cumplió mis expectativas. Highly recommend this product.,2023-02-22,True,POSITIVE,0,SOURCE_G_REVIEWS,reviews_2023.csv,2023-02-22T20:55:02.378487252,BATCH-G-20230222
REV-00102244,SKU-9963657,user_17800,Troy Jimenez,4,Great value for money.,2023-05-28,False,POSITIVE,4,SOURCE_G_REVIEWS,reviews_2023.csv,2023-05-28T13:22:55.861834335,BATCH-G-20230528
REV-00102248,SKU-0015909,,Anonymous,3,"Average quality, nothing special.",2023-02-16,True,NEUTRAL,0,SOURCE_G_REVIEWS,reviews_2023.csv,2023-02-16T17:31:20.339820757,BATCH-G-20230216
REV-00102260,SKU-0000414,user_1718,Herbert Collier,5,"Perfect gift, they loved it!",2023-12-29,True,POSITIVE,16,SOURCE_G_REVIEWS,reviews_2023.csv,2023-12-29T05:07:58.086178106,BATCH-G-20231229
REV-00102267,SKU-0009056,,Anonymous,5,Great value for money.,2023-09-07,False,POSITIVE,1,SOURCE_G_REVIEWS,reviews_2023.csv,2023-09-08T03:22:23.529653440,BATCH-G-20230907
REV-00102280,SKU-9961631,user_60848,Jeffrey,-1,Wrong item was shipped to me.,2023-09-20,False,NEGATIVE,4,SOURCE_G_REVIEWS,reviews_2023.csv,2023-09-20T02:37:59.626924541,BATCH-G-20230920
REV-00102288,SKU-0014739,user_41214,John Snyder,3,"   Not  bad,  not  great  either.   ",2023-07-28,True,NEUTRAL,1,SOURCE_G_REVIEWS,reviews_2023.csv,2023-08-03T19:00:00,BATCH-G-20230728
REV-00102290,SKU-0011204,,Anonymous,2,Stopped working after a week.,2023-08-03,True,NEGATIVE,3,SOURCE_G_REVIEWS,reviews_2023.csv,2023-08-04T00:07:11.430294944,BATCH-G-20230803
REV-00102292,SKU-0019547,,Anonymous,2,Wrong item was shipped to me. 🙏,2023-07-09,True,NEGATIVE,0,SOURCE_G_REVIEWS,reviews_2023.csv,2023-07-10T01:04:51.379930932,BATCH-G-20230709
REV-00102310,SKU-0019351,user_9002202,Daniel,3,"Not bad, not great either.",2023-05-06,True,NEUTRAL,1,SOURCE_G_REVIEWS,reviews_2023.csv,2023-05-16T13:00:00,BATCH-G-20230506
REV-00102313,SKU-0004083,user_9019046,Jonathan,2,Arrived damaged and support was unhelpful.,2023-01-24,True,NEGATIVE,1,SOURCE_G_REVIEWS,reviews_2023.csv,2023-01-24T20:37:54.155885759,BATCH-G-20230124
REV-00102315,SKU-0011023,user_9003588,Derrick Clark,5,Exceeded my expectations.,2023-06-26,True,POSITIVE,3,SOURCE_G_REVIEWS,reviews_2023.csv,2023-06-26T22:12:54.287200850,BATCH-G-20230626
REV-00102319,SKU-0006331,user_9023213,Joshua,1,Not as described at all.,2023-06-12,True,NEGATIVE,7,SOURCE_G_REVIEWS,reviews_2023.csv,2023-06-13T00:35:47.816480702,BATCH-G-20230612
REV-00102321,SKU-0004352,,Anonymous,4,Exceeded my expectations.,2023-02-24,True,POSITIVE,0,SOURCE_G_REVIEWS,reviews_2023.csv,2023-02-25T03:27:54.130537048,BATCH-G-20230224
REV-00102327,SKU-0012428,,Anonymous,2,"Waste of money, do not buy.",2023-06-01,False,NEGATIVE,1,SOURCE_G_REVIEWS,reviews_2023.csv,2023-06-01T07:09:24.083117835,BATCH-G-20230601
REV-00102334,SKU-0015721,user_2836,Angel Lee,NA,Better than I expected for the price.,2023-01-10,True,POSITIVE,2,SOURCE_G_REVIEWS,reviews_2023.csv,2023-01-10T17:32:09.922384915,BATCH-G-20230110
REV-00102356,SKU-0014219,,Anonymous,4,&nbsp;Highly recommend this product.<b>Update:</b>,2023-02-14,True,POSITIVE,5,SOURCE_G_REVIEWS,reviews_2023.csv,2023-02-14T04:29:39.938224804,BATCH-G-20230214
REV-00102357,SKU-0003423,user_9028616,Julie Carter,5,Great value for money.,2023-05-16,False,POSITIVE,0,SOURCE_G_REVIEWS,reviews_2023.csv,2023-05-16T09:49:04.492988881,BATCH-G-20230516
REV-00102369,SKU-0002829,user_38138,Patrick Mcdonald,1,Arrived damaged and support was unhelpful.,2023-01-02,True,NEGATIVE,2,SOURCE_G_REVIEWS,reviews_2023.csv,2023-01-02T12:26:54.753967114,BATCH-G-20230102
REV-00102371,SKU-9956088,user_40041,Daniel Fisher,3,Decent but overpriced a bit.,2023-05-09,False,NEUTRAL,0,SOURCE_G_REVIEWS,reviews_2023.csv,2023-05-09T01:13:24.735994211,BATCH-G-20230509
REV-00102377,SKU-0015335,,Anonymous,4,"Exactly as described, very happy.",2023-11-19,False,POSITIVE,-21,SOURCE_G_REVIEWS,reviews_2023.csv,2023-11-19T18:47:46.906184857,BATCH-G-20231119
REV-00102388,SKU-0013496,user_3695,Matthew,5,Fast delivery and great quality.,2023-03-29,True,POSITIVE,1,SOURCE_G_REVIEWS,reviews_2023.csv,2023-03-30T01:34:49.921159828,BATCH-G-20230329
REV-00102393,SKU-0016763,user_9020216,Hunter,4,No cumplió mis expectativas. Wrong item was shipped to me.,2023-09-22,True,NEGATIVE,1,SOURCE_G_REVIEWS,reviews_2023.csv,2023-09-22T17:14:31.902357896,BATCH-G-20230922
REV-00102408,SKU-0012765,user_46251,Mr. Kenneth Ferrell DDS,5,   Fast  delivery  and  great  quality.   ,2023-09-08,True,POSITIVE,2,SOURCE_G_REVIEWS,reviews_2023.csv,2023-09-08T17:07:18.277361450,BATCH-G-20230908
REV-00102408-DUP,SKU-0012765,user_46251,Mr. Kenneth Ferrell DDS,5,   Fast  delivery  and  great  quality.   ,2023-09-08,True,POSITIVE,2,SOURCE_G_REVIEWS,reviews_2023.csv,2023-09-08T17:28:18.277361450,BATCH-G-20230908
REV-00102415,SKU-0019821,user_9018801,Andrew,3,गुणवत्ता ठीक नहीं थी।,2023-12-25,True,NEUTRAL,7,SOURCE_G_REVIEWS,reviews_2023.csv,2023-12-25T16:09:06.568812042,BATCH-G-20231225
REV-00102419,SKU-0015405,user_45691,Keith Douglas DDS,4,Fast delivery and great quality.,2023-07-07,True,POSITIVE,3,SOURCE_G_REVIEWS,reviews_2023.csv,2023-07-07T12:10:09.051683337,BATCH-G-20230707
REV-00102425,SKU-0009531,user_13564,Shawn West,3,"Not bad, not great either.",2023-08-31,True,NEUTRAL,1,SOURCE_G_REVIEWS,reviews_2023.csv,2023-08-31T21:25:28.811229314,BATCH-G-20230831
REV-00102429,SKU-0014363,user_65726,Bryce,1,<b>Update:</b>Stopped working after a week.<b>Update:</b>,2023-07-06,True,NEGATIVE,0,SOURCE_G_REVIEWS,reviews_2023.csv,2023-07-06T07:55:32.508765315,BATCH-G-20230706
REV-00102438,SKU-0003663,user_25006,Ricky Gonzalez,4,"Absolutely love it, works perfectly!",2023-02-12,True,POSITIVE,0,SOURCE_G_REVIEWS,reviews_2023.csv,2023-02-12T22:06:12.931822156,BATCH-G-20230212
REV-00102439,SKU-0016655,user_9034335,Mary Anderson,5,"It's okay, does the job.",2023-12-31,True,NEUTRAL,0,SOURCE_G_REVIEWS,reviews_2023.csv,2023-12-31T22:51:34.507203641,BATCH-G-20231231
REV-00102449,SKU-0011389,user_20188,Tyler,2,"<b>Update:</b>Poor packaging, item was defective.&nbsp;",2023-02-27,False,NEGATIVE,2,SOURCE_G_REVIEWS,reviews_2023.csv,2023-02-27T00:59:30.194977799,BATCH-G-20230227
REV-00102452,SKU-0009472,,Anonymous,2,"Muy buen producto, lo recomiendo.",2023-03-16,True,NEGATIVE,0,SOURCE_G_REVIEWS,reviews_2023.csv,2023-03-16T19:11:03.304502767,BATCH-G-20230316
REV-00102481,SKU-0008665,user_54714,Kelly,2,Stopped working after a week.,2023-01-20,True,NEGATIVE,1,SOURCE_G_REVIEWS,reviews_2023.csv,2023-01-20T03:32:51.508568785,BATCH-G-20230120
REV-00102484,SKU-0012856,user_67356,Raymond Hicks,1,Wrong item was shipped to me.,2023-12-10,False,NEGATIVE,6,SOURCE_G_REVIEWS,reviews_2023.csv,2023-12-10T07:49:28.862109724,BATCH-G-20231210
REV-00102492,SKU-0012652,user_9010619,Renee Hill,7,Highly recommend this product.,2023-08-09,False,POSITIVE,1,SOURCE_G_REVIEWS,reviews_2023.csv,2023-08-09T11:50:53.031967811,BATCH-G-20230809
REV-00102493,SKU-0004426,user_9022442,Amanda Cook,5,"Exactly as described, very happy.",2023-02-11,True,POSITIVE,7,SOURCE_G_REVIEWS,reviews_2023.csv,2023-02-11T14:37:33.596862471,BATCH-G-20230211
REV-00102502,SKU-0007785,user_9025216,Eric,1,Arrived damaged and support was unhelpful.,2023-10-06,True,NEGATIVE,8,SOURCE_G_REVIEWS,reviews_2023.csv,2023-10-16T19:00:00,BATCH-G-20231006
REV-00102503,SKU-0007754,user_9010221,Alexander Rodriguez,3,"Matches the description, no issues.",2023-12-11,True,NEUTRAL,0,SOURCE_G_REVIEWS,reviews_2023.csv,2023-12-12T03:36:59.091780180,BATCH-G-20231211
REV-00102505,SKU-0012438,user_14575,Theresa Poole,2,Wrong item was shipped to me.,2023-11-08,False,NEGATIVE,0,SOURCE_G_REVIEWS,reviews_2023.csv,2023-11-08T10:21:03.498219672,BATCH-G-20231108
REV-00102508,SKU-0019456,,Anonymous,5,"Absolutely love it, works perfectly!",2023-02-10,True,POSITIVE,2,SOURCE_G_REVIEWS,reviews_2023.csv,2023-02-10T05:18:33.883016976,BATCH-G-20230210
REV-00102510,SKU-0007457,user_9013444,Adam,2,Stopped working after a week.,2023-01-08,True,NEGATIVE,3,SOURCE_G_REVIEWS,reviews_2023.csv,2023-01-08T20:59:53.439974204,BATCH-G-20230108
REV-00102511,SKU-0013239,user_43215,Ryan Meadows,3,Works fine but delivery was slow.,2023-08-07,True,NEUTRAL,4,SOURCE_G_REVIEWS,reviews_2023.csv,2023-08-07T18:12:39.319454685,BATCH-G-20230807
REV-00102515,SKU-0014651,user_199,Sarah Farrell,1,Fast delivery and great quality.,2023-01-27,True,POSITIVE,4,SOURCE_G_REVIEWS,reviews_2023.csv,2023-01-27T05:14:50.277979081,BATCH-G-20230127
REV-00102518,SKU-0007478,user_51835,Tina,3,"Average quality, nothing special.",2023-01-05,False,NEUTRAL,1,SOURCE_G_REVIEWS,reviews_2023.csv,2023-01-06T00:16:30.711038093,BATCH-G-20230105
REV-00102525,SKU-0017619,user_9027506,Olivia,2,Not as described at all.,2023-11-30,True,NEGATIVE,6,SOURCE_G_REVIEWS,reviews_2023.csv,2023-11-30T09:07:52.664293959,BATCH-G-20231130
REV-00102542,SKU-0004484,user_11432,Jack Benson,2,Stopped working after a week.,2023-11-11,False,NEGATIVE,10,SOURCE_G_REVIEWS,reviews_2023.csv,2023-11-12T04:15:04.540590607,BATCH-G-20231111
REV-00102555,SKU-0016468,user_16102,Wendy Nielsen,5,Exceeded my expectations.,2023-04-12,True,POSITIVE,9,SOURCE_G_REVIEWS,reviews_2023.csv,2023-04-12T12:46:23.137503661,BATCH-G-20230412
REV-00102559,SKU-0005995,user_9002438,Mr.,,"Perfect gift, they loved it!",2023-09-22,True,POSITIVE,5,SOURCE_G_REVIEWS,reviews_2023.csv,2023-09-22T03:48:43.294053165,BATCH-G-20230922
REV-00102560,SKU-0010765,user_59482,Christina,5,"   Absolutely  love  it,  works  perfectly!   ",2023-11-20,True,POSITIVE,8,SOURCE_G_REVIEWS,reviews_2023.csv,2023-11-20T06:37:49.472710322,BATCH-G-20231120
REV-00102564,SKU-0017201,,Anonymous,5,Will definitely buy again.,2023-08-18,True,POSITIVE,5,SOURCE_G_REVIEWS,reviews_2023.csv,2023-08-18T21:49:59.924366610,BATCH-G-20230818
REV-00102566,SKU-0011838,,Anonymous,5,"Perfect gift, they loved it!",2023-01-21,True,POSITIVE,3,SOURCE_G_REVIEWS,reviews_2023.csv,2023-01-22T01:09:52.547023768,BATCH-G-20230121
REV-00102568,SKU-0003841,user_9013017,Eric Davis,4,Exceeded my expectations.,2023-05-01,True,POSITIVE,8,SOURCE_G_REVIEWS,reviews_2023.csv,2023-05-01T06:32:03.272153536,BATCH-G-20230501
REV-00102575,SKU-0006730,user_46682,Alexander,4,Better than I expected for the price.,2023-05-15,True,POSITIVE,0,SOURCE_G_REVIEWS,reviews_2023.csv,2023-05-15T23:21:13.134199716,BATCH-G-20230515
REV-00102578,SKU-0013353,user_9010458,Kenneth Andrade,5,Better than I expected for the price.,2023-05-10,True,POSITIVE,0,SOURCE_G_REVIEWS,reviews_2023.csv,2023-05-10T20:54:24.142340642,BATCH-G-20230510
REV-00102583,SKU-0000399,user_9023006,Alexander Miller,1,"Cheaply made, broke immediately.",2023-09-28,True,NEGATIVE,2,SOURCE_G_REVIEWS,reviews_2023.csv,2023-09-28T06:09:41.616854547,BATCH-G-20230928
REV-00102587,SKU-0012647,user_9017303,Carl,4,Fast delivery and great quality.,2023-04-26,True,POSITIVE,0,SOURCE_G_REVIEWS,reviews_2023.csv,2023-04-26T23:55:15.699905350,BATCH-G-20230426
REV-00102590,SKU-0004946,user_9001214,Ronald Obrien,1,Stopped working after a week.,2023-11-09,True,NEGATIVE,0,SOURCE_G_REVIEWS,reviews_2023.csv,2023-11-09T22:39:11.684543301,BATCH-G-20231109
REV-00102594,SKU-0007676,user_29913,Kimberly Carter,3,"Matches the description, no issues.",2023-02-11,True,NEUTRAL,6,SOURCE_G_REVIEWS,reviews_2023.csv,2023-02-12T01:24:09.050466180,BATCH-G-20230211
REV-00102605,SKU-0006786,user_7898,Andrew Hoffman,5,Fast delivery and great quality.,2023-04-30,True,POSITIVE,6,SOURCE_G_REVIEWS,reviews_2023.csv,2023-04-30T02:00:22.916429273,BATCH-G-20230430
REV-00102643,SKU-0019137,user_9020616,Aaron Waller,5,"Matches the description, no issues.",2023-03-03,False,NEUTRAL,0,SOURCE_G_REVIEWS,reviews_2023.csv,2023-03-04T04:30:54.108733900,BATCH-G-20230303
REV-00102644,SKU-0007284,user_20717,Connie,4,"Exactly as described, very happy.",2023-01-06,True,POSITIVE,0,SOURCE_G_REVIEWS,reviews_2023.csv,2023-01-06T08:54:55.668015406,BATCH-G-20230106
REV-00102660,SKU-0003513,,Anonymous,3,"Not bad, not great either.",2023-11-01,True,NEUTRAL,0,SOURCE_G_REVIEWS,reviews_2023.csv,2023-11-02T01:44:51.260383314,BATCH-G-20231101
REV-00102663,SKU-0000406,user_23034,Kimberly Anderson DDS,3,"&nbsp;Average quality, nothing special.<p>",2023-10-27,True,NEUTRAL,0,SOURCE_G_REVIEWS,reviews_2023.csv,2023-10-27T15:52:16.873873661,BATCH-G-20231027
REV-00102677,SKU-0015266,user_39829,James,4,"Solid build quality, no complaints.",2023-10-04,True,POSITIVE,8,SOURCE_G_REVIEWS,reviews_2023.csv,2023-10-04T03:36:23.868343932,BATCH-G-20231004
REV-00102688,SKU-0012181,user_21638,Frank Allen,5,Exceeded my expectations.,2023-03-20,True,POSITIVE,0,SOURCE_G_REVIEWS,reviews_2023.csv,2023-03-20T21:39:50.383468688,BATCH-G-20230320
REV-00102698,SKU-0019176,user_9001968,Jordan,4,"Solid build quality, no complaints.",2023-08-28,True,POSITIVE,1,SOURCE_G_REVIEWS,reviews_2023.csv,2023-08-28T09:26:27.076562266,BATCH-G-20230828
REV-00102719,SKU-0014731,user_9023636,Jessica Singh,5,"Absolutely love it, works perfectly!",2023-12-09,False,POSITIVE,2,SOURCE_G_REVIEWS,reviews_2023.csv,2023-12-09T03:03:24.949514597,BATCH-G-20231209
REV-00102721,SKU-0014812,user_9028360,Michaela Brown,4,"बहुत अच्छा उत्पाद है, पैसा वसूल!",2023-06-05,True,POSITIVE,1,SOURCE_G_REVIEWS,reviews_2023.csv,2023-06-06T01:18:07.735509360,BATCH-G-20230605
REV-00102731,SKU-0004417,user_9012736,Sean Myers,2,Wrong item was shipped to me.,2023-01-27,False,NEGATIVE,1,SOURCE_G_REVIEWS,reviews_2023.csv,2023-01-28T05:13:44.399349592,BATCH-G-20230127
REV-00102751,SKU-9971094,user_3569,Victoria,5,"Average quality, nothing special.",2023-09-03,True,NEUTRAL,1,SOURCE_G_REVIEWS,reviews_2023.csv,2023-09-03T03:01:21.768140336,BATCH-G-20230903
REV-00102753,SKU-0017925,user_68146,Abigail Taylor,5,"Perfect gift, they loved it!",2023-01-14,True,POSITIVE,0,SOURCE_G_REVIEWS,reviews_2023.csv,2023-01-14T11:05:06.114076470,BATCH-G-20230114
REV-00102766,SKU-0008816,user_9000709,Jeremy Ray,5,   Exceeded  my  expectations.   ,2023-12-21,False,POSITIVE,3,SOURCE_G_REVIEWS,reviews_2023.csv,2023-12-21T10:25:23.276495125,BATCH-G-20231221
REV-00102771,SKU-0005238,user_9023627,Jessica Garcia,5,Excellent rapport qualité-prix.,2023-01-24,True,POSITIVE,1,SOURCE_G_REVIEWS,reviews_2023.csv,2023-01-24T07:05:01.745832860,BATCH-G-20230124
REV-00102776,SKU-0002921,user_6706,Diane,5,Fast delivery and great quality.,2023-01-18,True,POSITIVE,13,SOURCE_G_REVIEWS,reviews_2023.csv,2023-01-19T00:56:31.954624737,BATCH-G-20230118
REV-00102777,SKU-0009471,,Anonymous,1,"Cheaply made, broke immediately.",2023-01-31,False,NEGATIVE,6,SOURCE_G_REVIEWS,reviews_2023.csv,2023-01-31T16:10:21.318360640,BATCH-G-20230131
REV-00102781,SKU-0019023,,Anonymous,3,"</p>Average quality, nothing special.</p>",2023-07-31,True,NEUTRAL,0,SOURCE_G_REVIEWS,reviews_2023.csv,2023-07-31T05:24:58.269096232,BATCH-G-20230731
REV-00102786,SKU-0011375,user_9010826,Bryan Anderson,N/A,गुणवत्ता ठीक नहीं थी। Works fine but delivery was slow.,2023-08-13,True,NEUTRAL,3,SOURCE_G_REVIEWS,reviews_2023.csv,2023-08-13T04:29:18.498053051,BATCH-G-20230813
REV-00102787,SKU-0008538,user_9024431,Michael,1,Arrived damaged and support was unhelpful.,2023-07-04,True,NEGATIVE,3,SOURCE_G_REVIEWS,reviews_2023.csv,2023-07-04T14:04:16.412984172,BATCH-G-20230704
REV-00102791,SKU-0005304,user_24841,Erica Andrade,1,"<i>edited</i>Poor packaging, item was defective.</p>",2023-05-24,True,NEGATIVE,4,SOURCE_G_REVIEWS,reviews_2023.csv,2023-05-24T09:25:25.452136254,BATCH-G-20230524
REV-00102793,SKU-0005075,user_9006902,Joseph Cain,5,Highly recommend this product.,2023-08-26,False,POSITIVE,8,SOURCE_G_REVIEWS,reviews_2023.csv,2023-08-26T22:32:20.397971129,BATCH-G-20230826
REV-00102795,SKU-0016528,user_66236,Wesley Rodriguez,2,Stopped working after a week.,2023-07-13,False,NEGATIVE,1,SOURCE_G_REVIEWS,reviews_2023.csv,2023-07-13T09:59:11.306651148,BATCH-G-20230713
REV-00102801,SKU-0020167,,Anonymous,4,गुणवत्ता ठीक नहीं थी। Great value for money.,2023-01-22,True,POSITIVE,2,SOURCE_G_REVIEWS,reviews_2023.csv,2023-01-22T04:03:20.641017208,BATCH-G-20230122
REV-00102806,SKU-0009838,user_9360,David Edwards,4,No cumplió mis expectativas. Fast delivery and great quality.,2023-10-08,True,POSITIVE,0,SOURCE_G_REVIEWS,reviews_2023.csv,2023-10-08T07:08:00.908304284,BATCH-G-20231008
REV-00102808,SKU-0006046,user_58138,Brooke,1,Not as described at all.,2023-08-18,True,NEGATIVE,2,SOURCE_G_REVIEWS,reviews_2023.csv,2023-08-18T16:21:53.826893314,BATCH-G-20230818
REV-00102815,SKU-0014459,user_9033920,Emily Greene,4,"Absolutely love it, works perfectly!",2023-07-28,False,POSITIVE,0,SOURCE_G_REVIEWS,reviews_2023.csv,2023-07-28T21:38:49.732157975,BATCH-G-20230728
REV-00102816,SKU-0000391,user_9013988,Sharon Young,2,"Cheaply made, broke immediately.",2023-08-22,True,NEGATIVE,-5,SOURCE_G_REVIEWS,reviews_2023.csv,2023-08-22T22:31:12.569959113,BATCH-G-20230822
REV-00102818,SKU-0000722,user_48907,Nathaniel Davis,4,"Perfect gift, they loved it!",2023-11-28,True,POSITIVE,3,SOURCE_G_REVIEWS,reviews_2023.csv,2023-11-28T00:59:36.345841969,BATCH-G-20231128
REV-00102819,SKU-9961548,user_3915,Donna,5,"Absolutely love it, works perfectly!",2023-11-25,False,POSITIVE,0,SOURCE_G_REVIEWS,reviews_2023.csv,2023-11-25T15:38:17.160018469,BATCH-G-20231125
REV-00102852,SKU-0016355,user_32284,Curtis,3,"Average quality, nothing special.",2023-11-03,True,NEUTRAL,4,SOURCE_G_REVIEWS,reviews_2023.csv,2023-11-21T07:00:00,BATCH-G-20231103
REV-00102864,SKU-0010613,user_47813,Bryce,4,Fast delivery and great quality.,2023-04-11,True,POSITIVE,2,SOURCE_G_REVIEWS,reviews_2023.csv,2023-04-11T07:37:54.104597098,BATCH-G-20230411
REV-00102874,SKU-0004694,user_9031608,Daniel,5,"   Exactly  as  described,  very  happy.   ",2023-01-02,True,POSITIVE,1,SOURCE_G_REVIEWS,reviews_2023.csv,2023-01-02T01:26:24.604817320,BATCH-G-20230102
REV-00102875,SKU-0018408,user_9010320,Renee Smith,4,"Absolutely love it, works perfectly!",2023-08-21,True,POSITIVE,1,SOURCE_G_REVIEWS,reviews_2023.csv,2023-08-21T14:52:19.787902400,BATCH-G-20230821
REV-00102875-DUP,SKU-0018408,user_9010320,Renee Smith,4,"Absolutely love it, works perfectly!",2023-08-21,True,POSITIVE,1,SOURCE_G_REVIEWS,reviews_2023.csv,2023-08-21T15:03:19.787902400,BATCH-G-20230821
REV-00102883,SKU-0004817,user_9993,Dr. Anne Booker,1,"Poor packaging, item was defective.",2023-07-27,False,NEGATIVE,0,SOURCE_G_REVIEWS,reviews_2023.csv,2023-07-28T05:27:53.940034526,BATCH-G-20230727
REV-00102886,SKU-0016963,user_9013843,Derrick Green,4,No cumplió mis expectativas.,2023-12-24,True,POSITIVE,1,SOURCE_G_REVIEWS,reviews_2023.csv,2023-12-24T15:11:04.415126442,BATCH-G-20231224
REV-00102909,SKU-0007447,user_61618,Jennifer Hamilton,5,"Exactly as described, very happy.",2023-10-13,False,POSITIVE,0,SOURCE_G_REVIEWS,reviews_2023.csv,2023-10-13T19:48:30.430173356,BATCH-G-20231013
REV-00102910,SKU-0009911,user_9016054,Rachel,3,"Matches the description, no issues.",2023-09-19,True,NEUTRAL,0,SOURCE_G_REVIEWS,reviews_2023.csv,2023-09-19T11:31:17.858719494,BATCH-G-20230919
REV-00102917,SKU-0016500,user_9002328,Elizabeth Boyd,2,Not as described at all.,2023-09-01,False,NEGATIVE,1,SOURCE_G_REVIEWS,reviews_2023.csv,2023-09-01T23:37:32.598106648,BATCH-G-20230901
REV-00102919,SKU-0016655,user_9028906,Michelle Pham,5,"Matches the description, no issues.",2023-05-24,True,NEUTRAL,3,SOURCE_G_REVIEWS,reviews_2023.csv,2023-05-25T00:24:53.090975875,BATCH-G-20230524
REV-00102924,SKU-0002548,user_46297,Ryan,3,"Cheaply made, broke immediately.",2023-06-20,True,NEGATIVE,1,SOURCE_G_REVIEWS,reviews_2023.csv,2023-06-20T09:37:26.997544048,BATCH-G-20230620
REV-00102936,SKU-0002965,user_18411,Christine,5,Great value for money.,2023-10-07,False,POSITIVE,2,SOURCE_G_REVIEWS,reviews_2023.csv,2023-10-07T07:02:59.863828979,BATCH-G-20231007
REV-00102948,SKU-0015873,user_55292,Cynthia Wilson,1,Not as described at all.,2023-04-27,True,NEGATIVE,3,SOURCE_G_REVIEWS,reviews_2023.csv,2023-04-28T03:36:48.610199172,BATCH-G-20230427
REV-00102948-BOT,SKU-0015873,user_24990,Philip,1,Not as described at all.,2023-04-27,False,NEGATIVE,0,SOURCE_G_REVIEWS,reviews_2023.csv,2023-04-28T03:36:48.610199172,BATCH-G-20230427
REV-00102962,SKU-0004428,user_9008624,Ms.,5,"Perfect gift, they loved it! 😡",2023-01-09,True,POSITIVE,0,SOURCE_G_REVIEWS,reviews_2023.csv,2023-01-09T20:36:02.845187295,BATCH-G-20230109
REV-00102970,SKU-0016175,user_60529,Jeffrey,5,Better than I expected for the price.,2023-01-17,True,POSITIVE,0,SOURCE_G_REVIEWS,reviews_2023.csv,2023-01-18T02:45:09.207096342,BATCH-G-20230117
REV-00102977,SKU-0003094,,Anonymous,5,Works fine but delivery was slow.,2023-10-27,True,NEUTRAL,0,SOURCE_G_REVIEWS,reviews_2023.csv,2023-10-28T00:28:35.127335473,BATCH-G-20231027
REV-00102978,SKU-0013146,user_55088,William Price,2,Arrived damaged and support was unhelpful.,2023-12-19,True,NEGATIVE,1,SOURCE_G_REVIEWS,reviews_2023.csv,2023-12-19T16:50:35.297979950,BATCH-G-20231219
REV-00102982,SKU-0006725,,Anonymous,4,"Absolutely love it, works perfectly!",2023-06-06,True,POSITIVE,2,SOURCE_G_REVIEWS,reviews_2023.csv,2023-06-06T01:24:59.862616467,BATCH-G-20230606
REV-00102987,SKU-0002700,user_9004312,Elizabeth Kelly,3,"Average quality, nothing special.",2023-06-18,True,NEUTRAL,1,SOURCE_G_REVIEWS,reviews_2023.csv,2023-06-18T06:19:56.995970364,BATCH-G-20230618
REV-00102998,SKU-0007752,,Anonymous,4,"Perfect gift, they loved it!",2023-03-16,True,POSITIVE,0,SOURCE_G_REVIEWS,reviews_2023.csv,2023-03-16T02:58:03.610237571,BATCH-G-20230316
REV-00103016,SKU-0003605,user_33702,Samuel Smith,5,"Exactly as described, very happy.",2023-11-18,False,POSITIVE,2,SOURCE_G_REVIEWS,reviews_2023.csv,2023-11-19T03:47:47.411391026,BATCH-G-20231118
REV-00103021,SKU-0016095,user_33705,Amy,5,   Will  definitely  buy  again.   ,2023-12-26,True,POSITIVE,1,SOURCE_G_REVIEWS,reviews_2023.csv,2023-12-27T04:55:46.747225430,BATCH-G-20231226
REV-00103028,SKU-0014748,user_35372,Angelica Lee,4,"Exactly as described, very happy.",2023-01-30,True,POSITIVE,0,SOURCE_G_REVIEWS,reviews_2023.csv,2023-01-30T06:13:42.147937113,BATCH-G-20230130
REV-00103051,SKU-9977033,,Anonymous,4,<br>Will definitely buy again. 😐&nbsp;,2023-10-17,True,POSITIVE,1,SOURCE_G_REVIEWS,reviews_2023.csv,2023-10-17T12:07:10.535043954,BATCH-G-20231017
REV-00103054,SKU-0007571,user_4982,Brooke Chandler,5,"Exactly as described, very happy.",2023-12-04,True,POSITIVE,2,SOURCE_G_REVIEWS,reviews_2023.csv,2023-12-04T09:03:51.444045362,BATCH-G-20231204
REV-00103067,SKU-0005519,user_11074,Samantha,5,Excellent rapport qualité-prix. 😡,2023-07-29,False,POSITIVE,1,SOURCE_G_REVIEWS,reviews_2023.csv,2023-07-29T19:38:59.271574620,BATCH-G-20230729
REV-00103078,SKU-0000053,,Anonymous,1,Very disappointed with the quality.,2023-05-25,True,NEGATIVE,2,SOURCE_G_REVIEWS,reviews_2023.csv,2023-05-25T14:40:04.249805852,BATCH-G-20230525
REV-00103083,SKU-0004049,user_9030567,Stephanie,4,Better than I expected for the price.,2023-01-13,True,POSITIVE,3,SOURCE_G_REVIEWS,reviews_2023.csv,2023-01-13T10:59:23.899211740,BATCH-G-20230113
REV-00103090,SKU-0017562,user_9027854,Evan,4,Better than I expected for the price.,2023-11-09,True,POSITIVE,3,SOURCE_G_REVIEWS,reviews_2023.csv,2023-11-09T23:32:08.991316965,BATCH-G-20231109
REV-00103093,SKU-9936167,user_34601,Janice,5,Highly recommend this product.,2023-10-25,False,POSITIVE,1,SOURCE_G_REVIEWS,reviews_2023.csv,2023-10-25T10:57:27.234879975,BATCH-G-20231025
REV-00103094,SKU-0003268,,Anonymous,4,"Perfect gift, they loved it!",2023-02-09,False,POSITIVE,0,SOURCE_G_REVIEWS,reviews_2023.csv,2023-02-09T10:23:20.678968927,BATCH-G-20230209
REV-00103114,SKU-0003220,user_9014628,Brandy Hill,3,"No cumplió mis expectativas. It's okay, does the job.",2023-12-27,False,NEUTRAL,0,SOURCE_G_REVIEWS,reviews_2023.csv,2023-12-27T12:43:34.433669770,BATCH-G-20231227
REV-00103119,SKU-0018151,,Anonymous,2,"Cheaply made, broke immediately.",2023-09-11,False,NEGATIVE,3,SOURCE_G_REVIEWS,reviews_2023.csv,2023-09-11T23:32:06.135152488,BATCH-G-20230911
REV-00103126,SKU-0001213,user_9012702,Jose,2,Very disappointed with the quality.,2023-08-10,True,NEGATIVE,4,SOURCE_G_REVIEWS,reviews_2023.csv,2023-08-10T09:54:21.309108564,BATCH-G-20230810
REV-00103142,SKU-0016035,user_48875,Dana Johnson,4,<b>Update:</b>गुणवत्ता ठीक नहीं थी।<br>,2023-12-15,True,POSITIVE,5,SOURCE_G_REVIEWS,reviews_2023.csv,2023-12-16T00:23:59.916323198,BATCH-G-20231215
REV-00103147,SKU-0002249,user_8500,Joseph Watkins,5,गुणवत्ता ठीक नहीं थी।,2023-04-15,False,POSITIVE,0,SOURCE_G_REVIEWS,reviews_2023.csv,2023-04-15T03:09:34.213752157,BATCH-G-20230415
REV-00103150,SKU-0009348,user_3134,Kerry Wade,2,"Waste of money, do not buy.",2023-07-31,True,NEGATIVE,1,SOURCE_G_REVIEWS,reviews_2023.csv,2023-08-01T05:18:25.131518231,BATCH-G-20230731
REV-00103152,SKU-9912240,user_30452,David Hall,5,"Exactly as described, very happy.",2023-05-07,False,POSITIVE,1,SOURCE_G_REVIEWS,reviews_2023.csv,2023-05-07T04:02:52.236536916,BATCH-G-20230507
REV-00103159,SKU-0001852,,Anonymous,5,Highly recommend this product.,2023-10-06,True,POSITIVE,4,SOURCE_G_REVIEWS,reviews_2023.csv,2023-10-19T07:00:00,BATCH-G-20231006
REV-00103160,SKU-0017796,user_9027296,Rhonda Foster,6,Great value for money.,2023-01-21,True,POSITIVE,0,SOURCE_G_REVIEWS,reviews_2023.csv,2023-01-21T11:11:46.502305483,BATCH-G-20230121
REV-00103178,SKU-0004313,user_9028488,Kayla Haynes,3,Decent but overpriced a bit.,2023-02-05,True,NEUTRAL,2,SOURCE_G_REVIEWS,reviews_2023.csv,2023-02-05T23:36:36.597251282,BATCH-G-20230205
REV-00103181,SKU-0007334,user_60673,Linda Malone,4,Great value for money.,2023-12-16,False,POSITIVE,2,SOURCE_G_REVIEWS,reviews_2023.csv,2023-12-16T07:23:04.483701461,BATCH-G-20231216
REV-00103182,SKU-0005263,,Anonymous,1,"Cheaply made, broke immediately.",2023-09-10,False,NEGATIVE,0,SOURCE_G_REVIEWS,reviews_2023.csv,2023-09-10T23:16:45.886127462,BATCH-G-20230910
REV-00103185,SKU-0011440,user_9016066,Dakota Martin,5,Highly recommend this product.,2023-03-18,False,POSITIVE,0,SOURCE_G_REVIEWS,reviews_2023.csv,2023-03-18T16:37:41.091406508,BATCH-G-20230318
REV-00103186,SKU-0000177,user_30077,Nicole,4,Exceeded my expectations.,2023-11-25,False,POSITIVE,0,SOURCE_G_REVIEWS,reviews_2023.csv,2023-11-26T00:06:45.604702908,BATCH-G-20231125
REV-00103193,SKU-0019095,user_25709,John Suarez,5,"Livraison très lente, déçu.",2023-06-29,True,POSITIVE,3,SOURCE_G_REVIEWS,reviews_2023.csv,2023-06-29T19:06:55.732704339,BATCH-G-20230629
REV-00103196,SKU-0018909,user_9032424,Mason Holland,2,"Cheaply made, broke immediately.",2023-06-02,True,NEGATIVE,5,SOURCE_G_REVIEWS,reviews_2023.csv,2023-06-03T05:13:06.619770391,BATCH-G-20230602
REV-00103204,SKU-9971094,user_9033768,Clinton Clark,1,"Cheaply made, broke immediately.",2023-10-15,True,NEGATIVE,2,SOURCE_G_REVIEWS,reviews_2023.csv,2023-10-15T10:53:12.917303418,BATCH-G-20231015
REV-00103211,SKU-0011830,user_9025732,Michael Dunn,1,<b>Update:</b>Very disappointed with the quality.&nbsp;,2023-06-10,True,NEGATIVE,3,SOURCE_G_REVIEWS,reviews_2023.csv,2023-06-11T03:58:57.833849820,BATCH-G-20230610
REV-00103213,SKU-0017420,user_55969,Stacey Gray,5,Highly recommend this product.,2023-12-21,True,POSITIVE,6,SOURCE_G_REVIEWS,reviews_2023.csv,2023-12-21T05:21:03.629111488,BATCH-G-20231221
REV-00103218,SKU-0018818,,Anonymous,4,Fast delivery and great quality.,2023-07-27,True,POSITIVE,2,SOURCE_G_REVIEWS,reviews_2023.csv,2023-07-27T10:49:40.782564628,BATCH-G-20230727
REV-00103220,SKU-9941746,user_9012935,Joseph,4,Highly recommend this product.,2023-04-07,True,POSITIVE,4,SOURCE_G_REVIEWS,reviews_2023.csv,2023-04-07T02:04:08.152536438,BATCH-G-20230407
REV-00103222,SKU-0010558,user_9007112,Stephanie Shaw,2,"Cheaply made, broke immediately.",2023-01-04,True,NEGATIVE,8,SOURCE_G_REVIEWS,reviews_2023.csv,2023-01-04T17:08:10.636731746,BATCH-G-20230104
REV-00103239,SKU-0000703,,Anonymous,5,Exceeded my expectations.,2023-01-28,True,POSITIVE,1,SOURCE_G_REVIEWS,reviews_2023.csv,2023-01-28T23:09:07.353674570,BATCH-G-20230128
REV-00103256,SKU-0014509,user_17517,Melody,4,Exceeded my expectations.,2023-06-30,True,POSITIVE,1,SOURCE_G_REVIEWS,reviews_2023.csv,2023-06-30T22:38:56.424906329,BATCH-G-20230630
REV-00103263,SKU-0013896,,Anonymous,5,Highly recommend this product.,2023-09-05,False,POSITIVE,2,SOURCE_G_REVIEWS,reviews_2023.csv,2023-09-05T10:26:39.892603090,BATCH-G-20230905
REV-00103275,SKU-0003554,user_30851,Michelle,5,"Solid build quality, no complaints.",2023-11-16,False,POSITIVE,14,SOURCE_G_REVIEWS,reviews_2023.csv,2023-11-16T19:21:44.170647086,BATCH-G-20231116
REV-00103293,SKU-0011246,user_24302,Jonathan Spence,5,Exceeded my expectations.,2023-05-07,False,POSITIVE,0,SOURCE_G_REVIEWS,reviews_2023.csv,2023-05-14T14:00:00,BATCH-G-20230507
REV-00103306,SKU-0016611,,Anonymous,3,"Not bad, not great either.",2023-11-21,True,NEUTRAL,5,SOURCE_G_REVIEWS,reviews_2023.csv,2023-11-21T04:27:19.564515216,BATCH-G-20231121
REV-00103318,SKU-0015805,user_20788,Connor Chapman,4,Exceeded my expectations.,2023-12-17,True,POSITIVE,0,SOURCE_G_REVIEWS,reviews_2023.csv,2023-12-17T06:15:36.268390384,BATCH-G-20231217
REV-00103328,SKU-0006098,,Anonymous,5,"Perfect gift, they loved it!",2023-06-20,True,POSITIVE,4,SOURCE_G_REVIEWS,reviews_2023.csv,2023-06-20T17:44:46.790126631,BATCH-G-20230620
REV-00103329,SKU-0012364,user_9034752,Theresa Mccarthy,5,"Absolutely love it, works perfectly!",2023-02-15,True,POSITIVE,0,SOURCE_G_REVIEWS,reviews_2023.csv,2023-02-15T20:18:44.839182367,BATCH-G-20230215
REV-00103334,SKU-0006234,,Anonymous,,"Absolutely love it, works perfectly!",2023-08-12,True,POSITIVE,3,SOURCE_G_REVIEWS,reviews_2023.csv,2023-08-13T05:39:11.079123016,BATCH-G-20230812
REV-00103362,SKU-0000341,user_9033788,Michele,4,"Solid build quality, no complaints.",2023-11-15,False,POSITIVE,1,SOURCE_G_REVIEWS,reviews_2023.csv,2023-11-15T19:50:19.884641004,BATCH-G-20231115
REV-00103364,SKU-0013864,user_12509,Zachary Donovan,4,Highly recommend this product.,2023-05-02,True,POSITIVE,2,SOURCE_G_REVIEWS,reviews_2023.csv,2023-05-02T16:13:21.595190420,BATCH-G-20230502
REV-00103365,SKU-0003632,user_39007,Barbara Erickson,5,"<i>edited</i>Exactly as described, very happy.<p>",2023-03-24,True,POSITIVE,3,SOURCE_G_REVIEWS,reviews_2023.csv,2023-03-24T04:01:41.618805293,BATCH-G-20230324
REV-00103371,SKU-0004138,,Anonymous,5,Exceeded my expectations.,2023-03-14,False,POSITIVE,4,SOURCE_G_REVIEWS,reviews_2023.csv,2023-03-14T11:34:27.562431165,BATCH-G-20230314
REV-00103373,SKU-0009279,user_23722,Christopher,4,Will definitely buy again.,2023-08-08,True,POSITIVE,3,SOURCE_G_REVIEWS,reviews_2023.csv,2023-08-08T09:58:31.908378274,BATCH-G-20230808
REV-00103378,SKU-0004225,,Anonymous,5,Exceeded my expectations.,2023-05-08,True,POSITIVE,1,SOURCE_G_REVIEWS,reviews_2023.csv,2023-05-08T22:25:23.775338106,BATCH-G-20230508
REV-00103382,SKU-0016016,user_9034242,Michael Nichols,4,Decent but overpriced a bit.,2023-01-21,True,NEUTRAL,3,SOURCE_G_REVIEWS,reviews_2023.csv,2023-01-21T13:54:22.128723396,BATCH-G-20230121
REV-00103383,SKU-0003309,,Anonymous,?,Exceeded my expectations.,2023-03-12,True,POSITIVE,2,SOURCE_G_REVIEWS,reviews_2023.csv,2023-03-13T00:37:10.186427323,BATCH-G-20230312
REV-00103384,SKU-0006009,,Anonymous,4,Great value for money.,2023-06-20,False,POSITIVE,2,SOURCE_G_REVIEWS,reviews_2023.csv,2023-06-20T19:01:18.594019526,BATCH-G-20230620
REV-00103390,SKU-0014868,user_9023101,Jason Mata,5,Fast delivery and great quality.,2023-05-29,True,POSITIVE,3,SOURCE_G_REVIEWS,reviews_2023.csv,2023-05-29T01:09:43.370724180,BATCH-G-20230529
REV-00103392,SKU-0015140,,Anonymous,4,Will definitely buy again.,2023-03-12,False,POSITIVE,1,SOURCE_G_REVIEWS,reviews_2023.csv,2023-03-12T16:25:30.551688610,BATCH-G-20230312
REV-00103404,SKU-0019445,,Anonymous,5,Great value for money.,2023-11-17,True,POSITIVE,1,SOURCE_G_REVIEWS,reviews_2023.csv,2023-11-18T03:06:13.635952028,BATCH-G-20231117
REV-00103405,SKU-0000448,user_9013834,Rachel Randall,0,Stopped working after a week.,2023-12-18,False,NEGATIVE,5,SOURCE_G_REVIEWS,reviews_2023.csv,2023-12-19T01:55:04.353141383,BATCH-G-20231218
REV-00103406,SKU-0005956,user_43662,Mr. Joshua Bell,4,Exceeded my expectations.,2023-03-31,True,POSITIVE,10,SOURCE_G_REVIEWS,reviews_2023.csv,2023-03-31T11:05:57.137438251,BATCH-G-20230331
REV-00103407,SKU-0000916,user_31634,Jeremy,4,"Perfect gift, they loved it!",2023-11-10,False,POSITIVE,0,SOURCE_G_REVIEWS,reviews_2023.csv,2023-11-10T07:48:50.276208872,BATCH-G-20231110
REV-00103409,SKU-0002194,user_9005503,Barbara,5,Better than I expected for the price.,2023-08-30,True,POSITIVE,2,SOURCE_G_REVIEWS,reviews_2023.csv,2023-08-30T05:25:10.906897937,BATCH-G-20230830
REV-00103422,SKU-0012811,user_22297,Natalie Smith,5,"Absolutely love it, works perfectly!",2023-01-25,True,POSITIVE,1,SOURCE_G_REVIEWS,reviews_2023.csv,2023-01-25T18:47:12.069218798,BATCH-G-20230125
REV-00103423,SKU-0002335,user_64576,Amy Lopez,2,"Waste of money, do not buy.",2023-09-07,True,NEGATIVE,5,SOURCE_G_REVIEWS,reviews_2023.csv,2023-09-07T14:51:32.796446102,BATCH-G-20230907
REV-00103434,SKU-0003891,user_9030383,Amanda Smith,3,Decent but overpriced a bit.,2023-03-14,True,NEUTRAL,2,SOURCE_G_REVIEWS,reviews_2023.csv,2023-03-14T11:22:55.134853884,BATCH-G-20230314
REV-00103437,SKU-0018596,user_65759,Nathan,5,Better than I expected for the price.,2023-09-20,False,POSITIVE,0,SOURCE_G_REVIEWS,reviews_2023.csv,2023-09-21T02:59:12.490859666,BATCH-G-20230920
REV-00103441,SKU-0001667,user_5371,Eugene Brock,4,Great value for money.,2023-02-15,False,POSITIVE,4,SOURCE_G_REVIEWS,reviews_2023.csv,2023-02-15T07:14:57.075148988,BATCH-G-20230215
REV-00103447,SKU-0017095,user_9003491,Daniel Meza,4,"Exactly as described, very happy.",2023-03-02,True,POSITIVE,8,SOURCE_G_REVIEWS,reviews_2023.csv,2023-03-02T20:20:35.943290664,BATCH-G-20230302
REV-00103452,SKU-0000939,user_9012102,Karl Martinez,4,Highly recommend this product.,2023-02-14,True,POSITIVE,1,SOURCE_G_REVIEWS,reviews_2023.csv,2023-02-14T05:09:10.366261591,BATCH-G-20230214
REV-00103485,SKU-0015355,user_9030695,Gary Thomas,1,Wrong item was shipped to me.,2023-01-20,True,NEGATIVE,2,SOURCE_G_REVIEWS,reviews_2023.csv,2023-01-20T16:56:02.652472316,BATCH-G-20230120
REV-00103495,SKU-0013951,user_49089,Randy,3,"It's okay, does the job.",2023-12-03,True,NEUTRAL,3,SOURCE_G_REVIEWS,reviews_2023.csv,2023-12-04T00:43:53.055502403,BATCH-G-20231203
REV-00103504,SKU-0018989,user_62308,Maria Bishop,5,Exceeded my expectations.,2023-07-19,True,POSITIVE,0,SOURCE_G_REVIEWS,reviews_2023.csv,2023-07-19T07:42:16.228923476,BATCH-G-20230719
REV-00103551,SKU-0004268,,Anonymous,3,"Matches the description, no issues.",2023-01-18,True,NEUTRAL,3,SOURCE_G_REVIEWS,reviews_2023.csv,2023-01-18T20:03:37.694559558,BATCH-G-20230118
REV-00103554,SKU-0001155,user_722,Douglas Carroll,5,Decent but overpriced a bit.,2023-10-24,True,NEUTRAL,5,SOURCE_G_REVIEWS,reviews_2023.csv,2023-10-24T14:27:28.431978214,BATCH-G-20231024
REV-00103575,SKU-0019550,user_9034740,Jacqueline Price,4,Highly recommend this product.,2023-10-12,True,POSITIVE,0,SOURCE_G_REVIEWS,reviews_2023.csv,2023-10-13T04:09:05.929571740,BATCH-G-20231012
REV-00103575-DUP,SKU-0019550,user_9034740,Jacqueline Price,4,Highly recommend this product.,2023-10-12,True,POSITIVE,0,SOURCE_G_REVIEWS,reviews_2023.csv,2023-10-13T04:59:05.929571740,BATCH-G-20231012
REV-00103578,SKU-0006205,,Anonymous,4,"Absolutely love it, works perfectly!",2023-01-20,True,POSITIVE,0,SOURCE_G_REVIEWS,reviews_2023.csv,2023-01-20T15:32:36.298294457,BATCH-G-20230120
REV-00103579,SKU-0008954,user_9030113,Steven Deleon,4,"Solid build quality, no complaints.",2023-08-24,False,POSITIVE,0,SOURCE_G_REVIEWS,reviews_2023.csv,2023-08-24T17:26:23.916122690,BATCH-G-20230824
REV-00103588,SKU-0006828,user_18285,Tyler Arnold,3,"It's okay, does the job.",2023-10-04,False,NEUTRAL,2,SOURCE_G_REVIEWS,reviews_2023.csv,2023-10-05T00:39:16.403533605,BATCH-G-20231004
REV-00103590,SKU-0013622,user_24853,Victoria Lutz,2,Very disappointed with the quality.,2023-11-11,False,NEGATIVE,5,SOURCE_G_REVIEWS,reviews_2023.csv,2023-11-11T08:55:41.611149480,BATCH-G-20231111
REV-00103602,SKU-0013805,user_9014873,Katherine Tate,5,"Absolutely love it, works perfectly!",2023-01-02,True,POSITIVE,5,SOURCE_G_REVIEWS,reviews_2023.csv,2023-01-02T09:54:18.743044018,BATCH-G-20230102
REV-00103602-DUP,SKU-0013805,user_9014873,Katherine Tate,5,"Absolutely love it, works perfectly!",2023-01-02,True,POSITIVE,5,SOURCE_G_REVIEWS,reviews_2023.csv,2023-01-02T10:11:18.743044018,BATCH-G-20230102
REV-00103611,SKU-0013220,user_44388,Theresa Stokes,5,Highly recommend this product.,2023-12-14,False,POSITIVE,0,SOURCE_G_REVIEWS,reviews_2023.csv,2023-12-14T01:49:23.669266455,BATCH-G-20231214
REV-00103616,SKU-0009883,user_9023104,Adam Edwards,3,"Matches the description, no issues.",2023-02-05,True,NEUTRAL,3,SOURCE_G_REVIEWS,reviews_2023.csv,2023-02-05T22:46:58.232721676,BATCH-G-20230205
REV-00103618,SKU-0009834,user_9030560,Ms. Nancy Diaz MD,4,Great value for money.,2023-12-27,True,POSITIVE,0,SOURCE_G_REVIEWS,reviews_2023.csv,2023-12-28T00:33:54.596257945,BATCH-G-20231227
REV-00103626,SKU-0003113,user_36350,Shannon Stuart,5,Great value for money.,2023-06-26,False,POSITIVE,0,SOURCE_G_REVIEWS,reviews_2023.csv,2023-06-26T15:20:01.483384777,BATCH-G-20230626
REV-00103633,SKU-0014970,,Anonymous,4,Highly recommend this product.,2023-08-27,False,POSITIVE,2,SOURCE_G_REVIEWS,reviews_2023.csv,2023-08-27T16:35:55.223234111,BATCH-G-20230827
REV-00103640,SKU-0017621,user_9013665,Margaret Gallagher,4,Better than I expected for the price.,2023-02-03,True,POSITIVE,0,SOURCE_G_REVIEWS,reviews_2023.csv,2023-02-03T08:07:48.888411294,BATCH-G-20230203
REV-00103641,SKU-9907704,user_9004054,Victoria,5,Highly recommend this product.,2023-12-24,True,POSITIVE,7,SOURCE_G_REVIEWS,reviews_2023.csv,2023-12-24T07:25:50.579171075,BATCH-G-20231224
REV-00103649,SKU-0013744,user_9006755,Amber Spence,5,"Perfect gift, they loved it!",2023-06-10,True,POSITIVE,1,SOURCE_G_REVIEWS,reviews_2023.csv,2023-06-10T18:52:06.978570478,BATCH-G-20230610
REV-00103653,SKU-0016572,user_9008903,Peter Hansen,4,Will definitely buy again. 😀,2023-10-28,True,POSITIVE,0,SOURCE_G_REVIEWS,reviews_2023.csv,2023-10-28T01:49:58.819341359,BATCH-G-20231028
REV-00103664,SKU-0001413,user_45760,Cameron Sanford,4,"Exactly as described, very happy.",2023-10-14,False,POSITIVE,0,SOURCE_G_REVIEWS,reviews_2023.csv,2023-10-15T05:25:43.198884994,BATCH-G-20231014
REV-00103666,SKU-0008956,user_9008861,Shannon Rose,5,"Absolutely love it, works perfectly!",2023-05-02,False,POSITIVE,1,SOURCE_G_REVIEWS,reviews_2023.csv,2023-05-02T06:13:26.088007555,BATCH-G-20230502
REV-00103677,SKU-0009391,user_51811,Michael Wood,5,Great value for money.,2023-04-18,True,POSITIVE,1,SOURCE_G_REVIEWS,reviews_2023.csv,2023-04-18T13:04:40.356349530,BATCH-G-20230418
REV-00103690,SKU-0016859,user_69961,Johnny,3,"Matches the description, no issues.",2023-01-11,True,NEUTRAL,1,SOURCE_G_REVIEWS,reviews_2023.csv,2023-01-11T16:50:45.215778598,BATCH-G-20230111
REV-00103692,SKU-0001033,user_53499,Peter Flores,5,Great value for money.,2023-08-19,False,POSITIVE,2,SOURCE_G_REVIEWS,reviews_2023.csv,2023-08-19T07:22:58.419728745,BATCH-G-20230819
REV-00103698,SKU-0016168,user_28461,Jennifer Brown,5,</p>Fast delivery and great quality.<b>Update:</b>,2023-12-16,False,POSITIVE,0,SOURCE_G_REVIEWS,reviews_2023.csv,2023-12-16T02:47:32.846704053,BATCH-G-20231216
REV-00103708,SKU-0017630,,Anonymous,5,"Perfect gift, they loved it!",2023-11-27,True,POSITIVE,2,SOURCE_G_REVIEWS,reviews_2023.csv,2023-11-28T05:46:51.220926183,BATCH-G-20231127
REV-00103709,SKU-0009535,user_37646,Miguel,4,"Solid build quality, no complaints.",2023-06-16,True,POSITIVE,5,SOURCE_G_REVIEWS,reviews_2023.csv,2023-06-16T22:24:44.403211578,BATCH-G-20230616
REV-00103724,SKU-0013012,user_17987,Shane Larson,1,"Cheaply made, broke immediately.",2023-07-04,True,NEGATIVE,0,SOURCE_G_REVIEWS,reviews_2023.csv,2023-07-04T11:20:36.752605735,BATCH-G-20230704
REV-00103730,SKU-0002937,,Anonymous,4,"Waste of money, do not buy.",2023-07-11,False,NEGATIVE,0,SOURCE_G_REVIEWS,reviews_2023.csv,2023-07-11T00:48:03.431550801,BATCH-G-20230711
REV-00103737,SKU-0003949,user_5683,Charles,5,Great value for money.,2023-12-16,False,POSITIVE,1,SOURCE_G_REVIEWS,reviews_2023.csv,2023-12-17T01:15:13.222701767,BATCH-G-20231216
REV-00103745,SKU-0007014,user_33096,Ryan,4,"Solid build quality, no complaints.",2023-10-25,False,POSITIVE,4,SOURCE_G_REVIEWS,reviews_2023.csv,2023-10-25T08:44:34.602469092,BATCH-G-20231025
REV-00103748,SKU-0014433,user_67842,Brandy Spence,5,"Exactly as described, very happy.",2023-01-16,False,POSITIVE,3,SOURCE_G_REVIEWS,reviews_2023.csv,2023-01-17T04:08:28.892090337,BATCH-G-20230116
REV-00103764,SKU-0001715,user_9002168,April Campbell,5,Exceeded my expectations.,2023-12-19,False,POSITIVE,0,SOURCE_G_REVIEWS,reviews_2023.csv,2023-12-19T17:14:03.524453435,BATCH-G-20231219
REV-00103766,SKU-0004410,user_22390,Stephanie Wade,4,Better than I expected for the price.,2023-10-21,True,POSITIVE,0,SOURCE_G_REVIEWS,reviews_2023.csv,2023-10-21T01:13:05.266201846,BATCH-G-20231021
REV-00103770,SKU-0002074,user_24886,Alicia,4,Highly recommend this product.,2023-07-09,False,POSITIVE,0,SOURCE_G_REVIEWS,reviews_2023.csv,2023-07-09T06:17:22.435960434,BATCH-G-20230709
REV-00103774,SKU-0005146,user_49922,Christian Davis,4,"Perfect gift, they loved it!",2023-03-12,False,POSITIVE,0,SOURCE_G_REVIEWS,reviews_2023.csv,2023-03-13T00:29:15.895574871,BATCH-G-20230312
REV-00103787,SKU-0016840,user_9003721,Mark Everett,3,"Matches the description, no issues.",2023-10-02,False,NEUTRAL,2,SOURCE_G_REVIEWS,reviews_2023.csv,2023-10-02T15:38:51.225299455,BATCH-G-20231002
REV-00103788,SKU-0000644,,Anonymous,4,"Solid build quality, no complaints.",2023-12-29,True,POSITIVE,2,SOURCE_G_REVIEWS,reviews_2023.csv,2023-12-29T19:40:46.045263104,BATCH-G-20231229
REV-00103796,SKU-0001668,user_33298,Vanessa Flores,5,Exceeded my expectations.,2023-02-19,True,POSITIVE,3,SOURCE_G_REVIEWS,reviews_2023.csv,2023-02-19T06:33:32.277749833,BATCH-G-20230219
REV-00103806,SKU-0006864,user_48952,Cindy Macdonald,4,Better than I expected for the price.,2023-07-07,False,POSITIVE,1,SOURCE_G_REVIEWS,reviews_2023.csv,2023-07-08T05:24:29.653556509,BATCH-G-20230707
REV-00103817,SKU-0010081,user_49927,Diane Olsen,1,Very disappointed with the quality.,2023-01-27,True,NEGATIVE,0,SOURCE_G_REVIEWS,reviews_2023.csv,2023-01-27T03:23:06.154703111,BATCH-G-20230127
REV-00103821,SKU-0002861,user_46897,William Cowan,5,"Absolutely love it, works perfectly!",2023-09-13,True,POSITIVE,7,SOURCE_G_REVIEWS,reviews_2023.csv,2023-09-14T01:14:24.782214088,BATCH-G-20230913
REV-00103822,SKU-0013577,user_9008198,Jason Graves,5,Will definitely buy again.,2023-12-12,True,POSITIVE,2,SOURCE_G_REVIEWS,reviews_2023.csv,2023-12-13T01:51:06.568165609,BATCH-G-20231212
REV-00103825,SKU-0001497,user_63439,Kristin Quinn,3,"Not bad, not great either.",2023-06-24,False,NEUTRAL,1,SOURCE_G_REVIEWS,reviews_2023.csv,2023-06-24T22:42:50.657451544,BATCH-G-20230624
REV-00103827,SKU-0007599,,Anonymous,5,Highly recommend this product.,2023-09-08,True,POSITIVE,0,SOURCE_G_REVIEWS,reviews_2023.csv,2023-09-09T04:24:47.293885642,BATCH-G-20230908
REV-00103829,SKU-0005086,user_21226,Jennifer,5,Will definitely buy again.,2023-04-27,True,POSITIVE,5,SOURCE_G_REVIEWS,reviews_2023.csv,2023-04-27T19:16:13.302749531,BATCH-G-20230427
REV-00103831,SKU-0003927,user_34447,Matthew Bishop,5,"Exactly as described, very happy.",2023-05-10,True,POSITIVE,1,SOURCE_G_REVIEWS,reviews_2023.csv,2023-05-10T07:17:28.975972432,BATCH-G-20230510
REV-00103834,SKU-0012958,user_37179,Larry,5,"Solid build quality, no complaints.",2023-10-01,False,POSITIVE,2,SOURCE_G_REVIEWS,reviews_2023.csv,2023-10-01T23:35:37.471404063,BATCH-G-20231001
REV-00103834-DUP,SKU-0012958,user_37179,Larry,5,"Solid build quality, no complaints.",2023-10-01,False,POSITIVE,2,SOURCE_G_REVIEWS,reviews_2023.csv,2023-10-01T23:48:37.471404063,BATCH-G-20231001
REV-00103835,SKU-0001687,,Anonymous,5,"Solid build quality, no complaints.",2023-02-12,True,POSITIVE,4,SOURCE_G_REVIEWS,reviews_2023.csv,2023-02-12T23:34:45.476635051,BATCH-G-20230212
REV-00103841,SKU-0010875,,Anonymous,3,"Matches the description, no issues.",2023-07-13,True,NEUTRAL,7,SOURCE_G_REVIEWS,reviews_2023.csv,2023-07-13T12:19:30.229643925,BATCH-G-20230713
REV-00103850,SKU-0001652,user_64784,Edwin Brady DDS,5,Great value for money.,2023-10-25,True,POSITIVE,2,SOURCE_G_REVIEWS,reviews_2023.csv,2023-10-25T00:51:41.694613003,BATCH-G-20231025
REV-00103851,SKU-0019943,user_9025006,Samantha Marks,2,Arrived damaged and support was unhelpful. 😐,2023-06-23,True,NEGATIVE,1,SOURCE_G_REVIEWS,reviews_2023.csv,2023-06-23T01:52:25.479562846,BATCH-G-20230623
REV-00103857,SKU-0017484,user_49394,Amber Davis,0,"Absolutely love it, works perfectly!",2023-03-21,True,POSITIVE,3,SOURCE_G_REVIEWS,reviews_2023.csv,2023-03-21T01:01:19.752170195,BATCH-G-20230321
REV-00103877,SKU-0011357,,Anonymous,unknown,Great value for money.,2023-11-29,False,POSITIVE,3,SOURCE_G_REVIEWS,reviews_2023.csv,2023-11-29T12:32:12.379140115,BATCH-G-20231129
REV-00103885,SKU-0008218,user_9002956,Mr. Ricky Sharp,2,"Poor packaging, item was defective.",2023-11-18,True,NEGATIVE,1,SOURCE_G_REVIEWS,reviews_2023.csv,2023-11-18T12:20:10.036262075,BATCH-G-20231118
REV-00103888,SKU-0020193,user_9004971,Robert Gallegos,3,"It's okay, does the job.",2023-09-17,True,NEUTRAL,0,SOURCE_G_REVIEWS,reviews_2023.csv,2023-09-27T02:00:00,BATCH-G-20230917
REV-00103889,SKU-0019145,user_66683,Patricia,5,"Solid build quality, no complaints.",2023-12-21,True,POSITIVE,3,SOURCE_G_REVIEWS,reviews_2023.csv,2023-12-21T23:40:43.883051670,BATCH-G-20231221
REV-00103900,SKU-0005353,,Anonymous,1,Stopped working after a week.,2023-01-22,True,NEGATIVE,0,SOURCE_G_REVIEWS,reviews_2023.csv,2023-01-22T18:58:04.304658115,BATCH-G-20230122
REV-00103906,SKU-0010403,user_9001855,Brandon,5,Exceeded my expectations.,2023-10-23,False,POSITIVE,1,SOURCE_G_REVIEWS,reviews_2023.csv,2023-10-23T14:10:56.696255726,BATCH-G-20231023
REV-00103915,SKU-9909724,user_9011954,Alison Flores,4,"Exactly as described, very happy.",2023-08-29,True,POSITIVE,0,SOURCE_G_REVIEWS,reviews_2023.csv,2023-08-30T03:35:01.049379604,BATCH-G-20230829
REV-00103916,SKU-0008199,,Anonymous,1,Arrived damaged and support was unhelpful.,2023-11-26,False,NEGATIVE,2,SOURCE_G_REVIEWS,reviews_2023.csv,2023-11-26T04:37:07.533289756,BATCH-G-20231126
REV-00103917,SKU-0002247,user_19089,Carol Joseph,4,"Cheaply made, broke immediately.",2023-12-16,False,NEGATIVE,1,SOURCE_G_REVIEWS,reviews_2023.csv,2023-12-16T01:54:12.065607990,BATCH-G-20231216
REV-00103919,SKU-0018599,,Anonymous,1,Very disappointed with the quality.,2023-06-25,True,NEGATIVE,0,SOURCE_G_REVIEWS,reviews_2023.csv,2023-06-25T02:38:07.502392362,BATCH-G-20230625
REV-00103924,SKU-0007314,,Anonymous,4,"Solid build quality, no complaints.",2023-05-27,True,POSITIVE,0,SOURCE_G_REVIEWS,reviews_2023.csv,2023-05-27T19:16:26.498896365,BATCH-G-20230527
REV-00103932,SKU-0001764,user_47458,Dr. William Burgess,1,"Poor packaging, item was defective.",2023-07-05,True,NEGATIVE,8,SOURCE_G_REVIEWS,reviews_2023.csv,2023-07-05T04:29:17.269968275,BATCH-G-20230705
REV-00103935,SKU-0011676,user_10638,Christopher,1,<p>Very disappointed with the quality.<p>,2023-09-23,True,NEGATIVE,0,SOURCE_G_REVIEWS,reviews_2023.csv,2023-09-23T16:31:49.313104862,BATCH-G-20230923
REV-00103944,SKU-0004644,user_9004494,Robert Alexander Jr.,3,"Not bad, not great either.",2023-12-16,False,NEUTRAL,9,SOURCE_G_REVIEWS,reviews_2023.csv,2023-12-16T02:38:27.561549189,BATCH-G-20231216
REV-00103955,SKU-0019764,user_64155,Travis,5,गुणवत्ता ठीक नहीं थी।,2023-01-10,True,POSITIVE,2,SOURCE_G_REVIEWS,reviews_2023.csv,2023-01-10T08:53:16.227572801,BATCH-G-20230110
REV-00103970,SKU-0002300,user_19,Ryan Williams,5,"Perfect gift, they loved it!",2023-08-04,True,POSITIVE,3,SOURCE_G_REVIEWS,reviews_2023.csv,2023-08-04T09:47:18.293125913,BATCH-G-20230804
REV-00103972,SKU-0018306,user_9024263,Nicole,4,"Exactly as described, very happy.",2023-10-25,True,POSITIVE,9,SOURCE_G_REVIEWS,reviews_2023.csv,2023-10-25T12:08:09.514661965,BATCH-G-20231025
REV-00103973,SKU-0007754,user_798,Darrell,4,Will definitely buy again.,2023-03-30,True,POSITIVE,0,SOURCE_G_REVIEWS,reviews_2023.csv,2023-03-30T09:03:39.477474018,BATCH-G-20230330
REV-00103976,SKU-0014032,user_9002006,Tanner,5,Decent but overpriced a bit.,2023-12-13,True,NEUTRAL,1,SOURCE_G_REVIEWS,reviews_2023.csv,2023-12-13T15:19:45.123197413,BATCH-G-20231213
REV-00103977,SKU-0013880,user_9001003,Bailey Davis,3,"Matches the description, no issues.",2023-01-07,True,NEUTRAL,0,SOURCE_G_REVIEWS,reviews_2023.csv,2023-01-08T03:18:27.985048520,BATCH-G-20230107
REV-00103980,SKU-0016550,user_9031202,Laura Gibson,4,"Absolutely love it, works perfectly!",2023-02-01,True,POSITIVE,0,SOURCE_G_REVIEWS,reviews_2023.csv,2023-02-01T15:13:50.426363409,BATCH-G-20230201
REV-00103983,SKU-0001386,user_54676,Kayla,4,Better than I expected for the price.,2023-09-08,False,POSITIVE,0,SOURCE_G_REVIEWS,reviews_2023.csv,2023-09-08T20:20:53.377330480,BATCH-G-20230908
REV-00103988,SKU-0017946,,Anonymous,2,"Cheaply made, broke immediately.",2023-11-14,True,NEGATIVE,3,SOURCE_G_REVIEWS,reviews_2023.csv,2023-11-14T04:18:56.828230881,BATCH-G-20231114
REV-00103990,SKU-0014740,user_9023911,Melissa Schmitt,4,"Exactly as described, very happy.",2023-12-20,True,POSITIVE,0,SOURCE_G_REVIEWS,reviews_2023.csv,2023-12-20T02:48:03.938754703,BATCH-G-20231220
REV-00103992,SKU-0013698,user_9005645,Dalton May,3,Works fine but delivery was slow.,2023-07-27,False,NEUTRAL,0,SOURCE_G_REVIEWS,reviews_2023.csv,2023-07-26T16:00:00,BATCH-G-20230727
REV-00104001,SKU-0012434,user_9032128,Benjamin,4,"Solid build quality, no complaints. 😐👍",2023-04-24,True,POSITIVE,1,SOURCE_G_REVIEWS,reviews_2023.csv,2023-04-24T11:11:02.550016721,BATCH-G-20230424
REV-00104005,SKU-0019236,user_65177,Crystal Paul,4,Exceeded my expectations.,2023-11-20,True,POSITIVE,0,SOURCE_G_REVIEWS,reviews_2023.csv,2023-11-21T02:56:28.228142630,BATCH-G-20231120
REV-00104006,SKU-0003779,,Anonymous,3,Works fine but delivery was slow.,2023-03-08,False,NEUTRAL,7,SOURCE_G_REVIEWS,reviews_2023.csv,2023-03-08T20:11:09.666613345,BATCH-G-20230308
REV-00104010,SKU-0000580,user_9012926,Timothy Johnston,5,Better than I expected for the price.,2023-02-25,False,POSITIVE,0,SOURCE_G_REVIEWS,reviews_2023.csv,2023-02-25T09:53:49.350705637,BATCH-G-20230225
REV-00104013,SKU-0001382,user_940,Andrew,4,Better than I expected for the price.,2023-04-08,False,POSITIVE,0,SOURCE_G_REVIEWS,reviews_2023.csv,2023-04-08T18:16:21.394201506,BATCH-G-20230408
REV-00104023,SKU-0017087,user_9022015,Jeffrey Franklin,2,"Cheaply made, broke immediately.",2023-11-10,False,NEGATIVE,0,SOURCE_G_REVIEWS,reviews_2023.csv,2023-11-10T14:53:45.885407548,BATCH-G-20231110
REV-00104024,SKU-0015055,user_19797,Anthony,2,Stopped working after a week.,2023-07-02,True,NEGATIVE,1,SOURCE_G_REVIEWS,reviews_2023.csv,2023-07-03T02:54:51.366454508,BATCH-G-20230702
REV-00104036,SKU-0000751,,Anonymous,5,Fast delivery and great quality.,2023-05-23,False,POSITIVE,1,SOURCE_G_REVIEWS,reviews_2023.csv,2023-05-23T12:12:28.952549548,BATCH-G-20230523
REV-00104038,SKU-0003130,user_40439,Melissa Alexander,2,"Poor packaging, item was defective.",2023-05-26,True,NEGATIVE,0,SOURCE_G_REVIEWS,reviews_2023.csv,2023-05-26T01:48:42.282715512,BATCH-G-20230526
REV-00104040,SKU-0015663,user_9009627,Danny,5,"Absolutely love it, works perfectly!",2023-03-23,True,POSITIVE,0,SOURCE_G_REVIEWS,reviews_2023.csv,2023-03-23T10:21:20.489517778,BATCH-G-20230323
REV-00104041,SKU-0002245,user_68251,Ashley Hall,3,"Matches the description, no issues.",2023-10-16,True,NEUTRAL,4,SOURCE_G_REVIEWS,reviews_2023.csv,2023-10-17T02:35:15.803203746,BATCH-G-20231016
REV-00104048,SKU-0004550,user_69451,Tiffany Greene,4,Fast delivery and great quality.,2023-09-29,True,POSITIVE,2,SOURCE_G_REVIEWS,reviews_2023.csv,2023-09-29T05:19:45.884814497,BATCH-G-20230929
REV-00104058,SKU-0000752,user_27268,Juan,5,Better than I expected for the price.,2023-01-08,False,POSITIVE,2,SOURCE_G_REVIEWS,reviews_2023.csv,2023-01-08T23:36:08.053813889,BATCH-G-20230108
REV-00104060,SKU-0017921,user_9001161,Kevin Cline,NULL,"Exactly as described, very happy.",2023-01-31,True,POSITIVE,1,SOURCE_G_REVIEWS,reviews_2023.csv,2023-01-31T09:26:46.063175620,BATCH-G-20230131
REV-00104060-BOT,SKU-0017921,user_10050,Erik Johnson,NULL,"Exactly as described, very happy.",2023-01-31,False,POSITIVE,0,SOURCE_G_REVIEWS,reviews_2023.csv,2023-01-31T09:26:46.063175620,BATCH-G-20230131
REV-00104061,SKU-0009054,user_3012,Tyler Bradshaw,5,Better than I expected for the price.,2023-02-03,True,POSITIVE,2,SOURCE_G_REVIEWS,reviews_2023.csv,2023-02-03T10:12:53.842196735,BATCH-G-20230203
REV-00104083,SKU-0001671,,Anonymous,5,</p>Highly recommend this product.</p>,2023-09-01,True,POSITIVE,7,SOURCE_G_REVIEWS,reviews_2023.csv,2023-09-02T00:09:40.806421370,BATCH-G-20230901
REV-00104101,SKU-0014088,user_9031865,Megan Mccoy,3,"It's okay, does the job.",2023-03-18,False,NEUTRAL,18,SOURCE_G_REVIEWS,reviews_2023.csv,2023-03-18T21:49:01.829898495,BATCH-G-20230318
REV-00104109,SKU-0007691,user_60838,Jacqueline Weaver,5,Fast delivery and great quality.,2023-09-24,True,POSITIVE,1,SOURCE_G_REVIEWS,reviews_2023.csv,2023-09-24T07:04:18.732077588,BATCH-G-20230924
REV-00104116,SKU-0001142,,Anonymous,5,Highly recommend this product.,2023-04-20,False,POSITIVE,2,SOURCE_G_REVIEWS,reviews_2023.csv,2023-04-20T11:14:15.427314239,BATCH-G-20230420
REV-00104121,SKU-0016957,,Anonymous,5,"Perfect gift, they loved it!",2023-06-05,True,POSITIVE,1,SOURCE_G_REVIEWS,reviews_2023.csv,2023-06-05T15:23:49.984598478,BATCH-G-20230605
REV-00104133,SKU-0001063,user_58154,Daniel Watson,4,"   Solid  build  quality,  no  complaints.   ",2023-06-22,True,POSITIVE,1,SOURCE_G_REVIEWS,reviews_2023.csv,2023-06-22T14:14:27.995725238,BATCH-G-20230622
REV-00104141,SKU-0018127,,Anonymous,5,   <br>Better  than  I  expected  for  the  price.<p>   ,2023-08-26,True,POSITIVE,2,SOURCE_G_REVIEWS,reviews_2023.csv,2023-08-26T17:40:09.947734046,BATCH-G-20230826
REV-00104144,SKU-0015594,user_9001524,Matthew,4,Great value for money.,2023-07-30,True,POSITIVE,0,SOURCE_G_REVIEWS,reviews_2023.csv,2023-07-30T18:12:48.891181521,BATCH-G-20230730
REV-00104145,SKU-0010711,,Anonymous,3,Decent but overpriced a bit.,2023-11-19,True,NEUTRAL,0,SOURCE_G_REVIEWS,reviews_2023.csv,2023-11-19T22:50:36.552160774,BATCH-G-20231119
REV-00104145-DUP,SKU-0010711,,Anonymous,3,Decent but overpriced a bit.,2023-11-19,True,NEUTRAL,0,SOURCE_G_REVIEWS,reviews_2023.csv,2023-11-19T23:01:36.552160774,BATCH-G-20231119
REV-00104159,SKU-0017946,,Anonymous,5,"Absolutely love it, works perfectly!",2023-10-07,True,POSITIVE,3,SOURCE_G_REVIEWS,reviews_2023.csv,2023-10-08T04:50:49.741089888,BATCH-G-20231007
REV-00104162,SKU-0019167,user_9014661,Michael,5,Highly recommend this product.,2023-12-12,False,POSITIVE,5,SOURCE_G_REVIEWS,reviews_2023.csv,2023-12-12T02:19:26.767642309,BATCH-G-20231212
REV-00104165,SKU-0013310,user_12501,Keith Smith,3,Works fine but delivery was slow.,2023-10-28,True,NEUTRAL,2,SOURCE_G_REVIEWS,reviews_2023.csv,2023-10-28T11:20:03.767787068,BATCH-G-20231028
REV-00104173,SKU-0002517,user_53889,Linda,5,Fast delivery and great quality.,2023-10-03,True,POSITIVE,2,SOURCE_G_REVIEWS,reviews_2023.csv,2023-10-03T12:53:45.689130139,BATCH-G-20231003
REV-00104175,SKU-0017339,user_9003145,Elizabeth,3,?,2023-10-19,True,NEUTRAL,2,SOURCE_G_REVIEWS,reviews_2023.csv,2023-10-19T20:53:22.376612868,BATCH-G-20231019
REV-00104179,SKU-0004956,user_52725,Paul,5,   Great  value  for  money.   ,2023-12-11,False,POSITIVE,0,SOURCE_G_REVIEWS,reviews_2023.csv,2023-12-11T11:40:59.235227560,BATCH-G-20231211
REV-00104180,SKU-0001641,user_9019674,Joanne Stephens,5,"Perfect gift, they loved it!",2023-08-02,False,POSITIVE,4,SOURCE_G_REVIEWS,reviews_2023.csv,2023-08-02T07:58:31.992583068,BATCH-G-20230802
REV-00104190,SKU-0007725,user_9024755,Mrs. Martha Johnson MD,5,Better than I expected for the price.,2023-05-07,True,POSITIVE,2,SOURCE_G_REVIEWS,reviews_2023.csv,2023-05-07T04:42:37.567590311,BATCH-G-20230507
REV-00104198,SKU-0017620,,Anonymous,5,Fast delivery and great quality.,2023-09-30,True,POSITIVE,5,SOURCE_G_REVIEWS,reviews_2023.csv,2023-09-30T09:26:31.879990711,BATCH-G-20230930
REV-00104202,SKU-0002598,user_20523,Bethany Warren,1,"Cheaply made, broke immediately.",2023-02-28,True,NEGATIVE,1,SOURCE_G_REVIEWS,reviews_2023.csv,2023-02-28T12:06:06.809020314,BATCH-G-20230228
REV-00104209,SKU-0018144,user_11616,Jacob Griffin,5,"Perfect gift, they loved it!",2023-12-24,False,POSITIVE,4,SOURCE_G_REVIEWS,reviews_2023.csv,2023-12-24T16:15:10.920749726,BATCH-G-20231224
REV-00104216,SKU-0007802,user_14753,Michael Johnson,5,Great value for money.,2023-09-21,True,POSITIVE,0,SOURCE_G_REVIEWS,reviews_2023.csv,2023-10-02T23:00:00,BATCH-G-20230921
REV-00104218,SKU-0015879,user_47487,Aimee Perez,4,Highly recommend this product.,2023-07-15,False,POSITIVE,1,SOURCE_G_REVIEWS,reviews_2023.csv,2023-07-15T05:46:05.777104151,BATCH-G-20230715
REV-00104223,SKU-0012464,user_9006902,Joseph Cain,4,"Absolutely love it, works perfectly!",2023-04-11,False,POSITIVE,3,SOURCE_G_REVIEWS,reviews_2023.csv,2023-04-12T01:23:42.729408293,BATCH-G-20230411
REV-00104234,SKU-0008815,user_22673,Caroline,3,"बहुत अच्छा उत्पाद है, पैसा वसूल!",2023-09-13,False,NEUTRAL,0,SOURCE_G_REVIEWS,reviews_2023.csv,2023-09-13T01:19:16.155112800,BATCH-G-20230913
REV-00104254,SKU-0007207,,Anonymous,5,"बहुत अच्छा उत्पाद है, पैसा वसूल!",2023-06-16,True,POSITIVE,7,SOURCE_G_REVIEWS,reviews_2023.csv,2023-06-16T01:58:04.996772652,BATCH-G-20230616
REV-00104257,SKU-0014660,user_9025639,Virginia,5,unknown,2023-11-18,False,POSITIVE,2,SOURCE_G_REVIEWS,reviews_2023.csv,2023-11-18T12:43:18.028703493,BATCH-G-20231118
REV-00104266,SKU-0017884,,Anonymous,4,"Exactly as described, very happy.",2023-04-12,False,POSITIVE,1,SOURCE_G_REVIEWS,reviews_2023.csv,2023-04-12T08:19:07.441932932,BATCH-G-20230412
REV-00104273,SKU-0003591,,Anonymous,5,Fast delivery and great quality.,2023-03-20,True,POSITIVE,7,SOURCE_G_REVIEWS,reviews_2023.csv,2023-03-20T14:59:06.324795711,BATCH-G-20230320
REV-00104275,SKU-0016368,user_9023760,Matthew,4,Better than I expected for the price.,2023-02-09,True,POSITIVE,0,SOURCE_G_REVIEWS,reviews_2023.csv,2023-02-10T01:48:06.635137543,BATCH-G-20230209
REV-00104295,SKU-0002834,user_49531,Lauren,4,"   Exactly  as  described,  very  happy.   ",2023-04-08,True,POSITIVE,3,SOURCE_G_REVIEWS,reviews_2023.csv,2023-04-08T19:48:26.655427584,BATCH-G-20230408
REV-00104296,SKU-0019355,,Anonymous,5,Great value for money.,2023-05-06,True,POSITIVE,1,SOURCE_G_REVIEWS,reviews_2023.csv,2023-05-06T07:45:25.537162649,BATCH-G-20230506
REV-00104297,SKU-9926042,user_56667,Jonathan,4,Great value for money.,2023-05-23,True,POSITIVE,2,SOURCE_G_REVIEWS,reviews_2023.csv,2023-05-23T07:23:54.847052423,BATCH-G-20230523
REV-00104298,SKU-0004628,user_47610,Nicholas Combs,4,Better than I expected for the price.,2023-02-07,True,POSITIVE,2,SOURCE_G_REVIEWS,reviews_2023.csv,2023-02-07T02:00:06.086165042,BATCH-G-20230207
REV-00104303,SKU-0008199,user_9326,Susan Leon,5,Exceeded my expectations.,2023-02-01,True,POSITIVE,5,SOURCE_G_REVIEWS,reviews_2023.csv,2023-02-01T05:34:47.374267812,BATCH-G-20230201
REV-00104305,SKU-0016393,,Anonymous,1,Wrong item was shipped to me.,2023-02-09,True,NEGATIVE,1,SOURCE_G_REVIEWS,reviews_2023.csv,2023-02-09T13:57:48.805508023,BATCH-G-20230209
REV-00104307,SKU-0008987,user_44826,Stephen,1,"Cheaply made, broke immediately.",2023-02-20,True,NEGATIVE,5,SOURCE_G_REVIEWS,reviews_2023.csv,2023-02-20T14:22:53.942877367,BATCH-G-20230220
REV-00104321,SKU-0006580,user_1564,Lisa Wilson,5,Exceeded my expectations.,2023-09-28,True,POSITIVE,5,SOURCE_G_REVIEWS,reviews_2023.csv,2023-09-28T01:55:13.814801721,BATCH-G-20230928
REV-00104332,SKU-0004052,user_61940,Stanley,3,"Not bad, not great either.",2023-05-13,False,NEUTRAL,6,SOURCE_G_REVIEWS,reviews_2023.csv,2023-05-13T13:06:19.331197268,BATCH-G-20230513
REV-00104337,SKU-0015731,user_9028145,Daniel,3,"Average quality, nothing special.",2023-04-07,False,NEUTRAL,1,SOURCE_G_REVIEWS,reviews_2023.csv,2023-04-07T11:29:32.600905444,BATCH-G-20230407
REV-00104370,SKU-0014528,,Anonymous,2,"Cheaply made, broke immediately.",2023-08-24,False,NEGATIVE,0,SOURCE_G_REVIEWS,reviews_2023.csv,2023-08-24T10:21:43.990961717,BATCH-G-20230824
REV-00104375,SKU-0017655,user_30999,Gregory,5,No cumplió mis expectativas.,2023-12-13,True,POSITIVE,4,SOURCE_G_REVIEWS,reviews_2023.csv,2023-12-14T00:17:42.903060891,BATCH-G-20231213
REV-00104382,SKU-0009492,user_33335,Matthew,4,Fast delivery and great quality.,2023-04-05,True,POSITIVE,2,SOURCE_G_REVIEWS,reviews_2023.csv,2023-04-05T13:43:29.394109175,BATCH-G-20230405
REV-00104383,SKU-0012328,,Anonymous,4,Better than I expected for the price.,2023-07-11,True,POSITIVE,0,SOURCE_G_REVIEWS,reviews_2023.csv,2023-07-11T07:35:11.373461745,BATCH-G-20230711
REV-00104388,SKU-0010870,,Anonymous,4,"Exactly as described, very happy.",2023-07-15,True,POSITIVE,2,SOURCE_G_REVIEWS,reviews_2023.csv,2023-07-15T15:57:03.746871581,BATCH-G-20230715
REV-00104391,SKU-0006069,user_4855,Megan Roberts,4,Better than I expected for the price.,2023-03-14,False,POSITIVE,5,SOURCE_G_REVIEWS,reviews_2023.csv,2023-03-14T08:57:45.567747173,BATCH-G-20230314
REV-00104395,SKU-0013143,user_4896,Charles Thompson,4,"Exactly as described, very happy.",2023-08-09,True,POSITIVE,0,SOURCE_G_REVIEWS,reviews_2023.csv,2023-08-09T15:18:19.617884402,BATCH-G-20230809
REV-00104421,SKU-0013259,,Anonymous,2,"Waste of money, do not buy.",2023-03-05,True,NEGATIVE,1,SOURCE_G_REVIEWS,reviews_2023.csv,2023-03-05T20:54:40.236800339,BATCH-G-20230305
REV-00104427,SKU-0006196,user_18181,Gary Murray,3,"Not bad, not great either.",2023-02-20,True,NEUTRAL,4,SOURCE_G_REVIEWS,reviews_2023.csv,2023-02-21T02:44:09.841901829,BATCH-G-20230220
REV-00104431,SKU-0006231,user_9027388,Jason Crawford,4,Better than I expected for the price.,2023-11-13,False,POSITIVE,1,SOURCE_G_REVIEWS,reviews_2023.csv,2023-11-13T23:24:27.103981555,BATCH-G-20231113
REV-00104432,SKU-0016776,,Anonymous,3,"Matches the description, no issues.",2023-03-12,True,NEUTRAL,2,SOURCE_G_REVIEWS,reviews_2023.csv,2023-03-12T07:09:35.133057359,BATCH-G-20230312
REV-00104438,SKU-0019469,user_16894,Joe,2,Very disappointed with the quality.,2023-08-23,True,NEGATIVE,0,SOURCE_G_REVIEWS,reviews_2023.csv,2023-08-23T20:21:36.897132353,BATCH-G-20230823
REV-00104454,SKU-0013850,user_55923,Samantha Cannon,5,"Absolutely love it, works perfectly!",2023-09-30,True,POSITIVE,3,SOURCE_G_REVIEWS,reviews_2023.csv,2023-09-30T19:28:24.678341105,BATCH-G-20230930
REV-00104473,SKU-0005580,user_9024696,Deanna Robinson,4,Fast delivery and great quality.,2023-10-14,False,POSITIVE,2,SOURCE_G_REVIEWS,reviews_2023.csv,2023-10-14T02:51:15.614542922,BATCH-G-20231014
REV-00104475,SKU-0007590,,Anonymous,unknown,"Average quality, nothing special.",2023-10-22,True,NEUTRAL,2,SOURCE_G_REVIEWS,reviews_2023.csv,2023-10-23T05:53:31.452892395,BATCH-G-20231022
REV-00104477,SKU-0004668,user_46775,Austin Higgins,5,"Exactly as described, very happy.",2023-05-03,False,POSITIVE,3,SOURCE_G_REVIEWS,reviews_2023.csv,2023-05-03T12:14:20.398302800,BATCH-G-20230503
REV-00104480,SKU-0018195,user_64020,Charles Haney,5,Fast delivery and great quality.,2023-04-13,True,POSITIVE,0,SOURCE_G_REVIEWS,reviews_2023.csv,2023-04-13T04:25:21.516924376,BATCH-G-20230413
REV-00104482,SKU-0006890,user_9021598,Lynn Mcdonald,1,"Cheaply made, broke immediately.",2023-09-27,False,NEGATIVE,0,SOURCE_G_REVIEWS,reviews_2023.csv,2023-09-27T06:40:46.818231660,BATCH-G-20230927
REV-00104513,SKU-0001835,user_9012820,Albert Humphrey,5,"बहुत अच्छा उत्पाद है, पैसा वसूल!",2023-07-01,False,POSITIVE,2,SOURCE_G_REVIEWS,reviews_2023.csv,2023-07-01T09:38:07.832690726,BATCH-G-20230701
REV-00104516,SKU-0006531,,Anonymous,3,"It's okay, does the job.",2023-05-10,True,NEUTRAL,0,SOURCE_G_REVIEWS,reviews_2023.csv,2023-05-11T01:35:01.476486114,BATCH-G-20230510
REV-00104522,SKU-0019486,user_9033245,Nicole Johnson,4,Exceeded my expectations.,2023-07-26,True,POSITIVE,3,SOURCE_G_REVIEWS,reviews_2023.csv,2023-07-27T01:29:53.631386607,BATCH-G-20230726
REV-00104537,SKU-0013844,user_9018082,Linda Sanders,4,<br>Highly recommend this product.<i>edited</i>,2023-10-08,False,POSITIVE,11,SOURCE_G_REVIEWS,reviews_2023.csv,2023-10-09T03:01:07.013385992,BATCH-G-20231008
REV-00104539,SKU-0009298,user_9017638,Blake,4,गुणवत्ता ठीक नहीं थी।,2023-08-02,True,POSITIVE,1,SOURCE_G_REVIEWS,reviews_2023.csv,2023-08-02T16:42:38.308940577,BATCH-G-20230802
REV-00104550,SKU-0002217,user_23103,Jenna Fuller,3,Works fine but delivery was slow.,2023-12-07,True,NEUTRAL,2,SOURCE_G_REVIEWS,reviews_2023.csv,2023-12-07T21:58:04.553596832,BATCH-G-20231207
REV-00104552,SKU-0015372,user_33477,Nicholas Hudson,5,Excellent rapport qualité-prix. Exceeded my expectations.,2023-06-06,True,POSITIVE,1,SOURCE_G_REVIEWS,reviews_2023.csv,2023-06-06T18:45:54.833184863,BATCH-G-20230606
REV-00104553,SKU-0015122,user_9023803,Heather Long,5,Highly recommend this product.,2023-11-08,False,POSITIVE,5,SOURCE_G_REVIEWS,reviews_2023.csv,2023-11-08T16:03:53.853965979,BATCH-G-20231108
REV-00104556,SKU-0010962,user_1674,Heather Parker,3,Decent but overpriced a bit.,2023-03-13,True,NEUTRAL,0,SOURCE_G_REVIEWS,reviews_2023.csv,2023-03-13T01:13:09.318849524,BATCH-G-20230313
REV-00104559,SKU-0001148,user_29858,Ashley,5,"बहुत अच्छा उत्पाद है, पैसा वसूल! 😍",2023-11-21,True,POSITIVE,3,SOURCE_G_REVIEWS,reviews_2023.csv,2023-11-21T11:49:20.872302609,BATCH-G-20231121
REV-00104566,SKU-0012948,user_55099,Sarah,3,"Not bad, not great either.",2023-02-03,True,NEUTRAL,5,SOURCE_G_REVIEWS,reviews_2023.csv,2023-02-03T10:58:47.694181352,BATCH-G-20230203
REV-00104568,SKU-0013607,,Anonymous,4,Will definitely buy again.,2023-12-08,True,POSITIVE,9,SOURCE_G_REVIEWS,reviews_2023.csv,2023-12-08T03:58:13.339546648,BATCH-G-20231208
REV-00104569,SKU-0011674,user_67579,Craig Anderson,4,Highly recommend this product.,2023-04-04,False,POSITIVE,3,SOURCE_G_REVIEWS,reviews_2023.csv,2023-04-04T22:27:18.346363272,BATCH-G-20230404
REV-00104571,SKU-0018753,user_48265,Tara Juarez,5,   Highly  recommend  this  product.   ,2023-12-09,True,POSITIVE,1,SOURCE_G_REVIEWS,reviews_2023.csv,2023-12-09T06:32:00.433052860,BATCH-G-20231209
REV-00104582,SKU-0017831,user_43803,Annette,5,Great value for money.,2023-10-24,True,POSITIVE,2,SOURCE_G_REVIEWS,reviews_2023.csv,2023-10-24T20:34:50.854452582,BATCH-G-20231024
REV-00104588,SKU-0015095,user_9002818,David Tran,4,Fast delivery and great quality.,2023-12-23,False,POSITIVE,0,SOURCE_G_REVIEWS,reviews_2023.csv,2023-12-23T18:39:58.089840280,BATCH-G-20231223
REV-00104598,SKU-0001110,user_9006103,Tim Yates,5,Will definitely buy again.,2023-11-07,True,POSITIVE,0,SOURCE_G_REVIEWS,reviews_2023.csv,2023-11-08T02:18:56.480470928,BATCH-G-20231107
REV-00104601,SKU-0015361,user_52808,Emma Mullins,4,"Absolutely love it, works perfectly!",2023-02-16,False,POSITIVE,1,SOURCE_G_REVIEWS,reviews_2023.csv,2023-02-16T19:21:58.804498456,BATCH-G-20230216
REV-00104612,SKU-0015420,user_9027550,Nathaniel,4,"   Solid  build  quality,  no  complaints.   ",2023-10-16,True,POSITIVE,2,SOURCE_G_REVIEWS,reviews_2023.csv,2023-10-16T06:32:09.066034852,BATCH-G-20231016
REV-00104617,SKU-0018634,user_9034530,Donald Gutierrez,5,"Exactly as described, very happy.",2023-10-17,True,POSITIVE,1,SOURCE_G_REVIEWS,reviews_2023.csv,2023-10-17T08:44:16.328055011,BATCH-G-20231017
REV-00104622,SKU-0018586,user_9009037,Devin Glass,5,"Exactly as described, very happy.",2023-08-22,True,POSITIVE,4,SOURCE_G_REVIEWS,reviews_2023.csv,2023-08-23T05:59:21.562721802,BATCH-G-20230822
REV-00104637,SKU-0002601,user_60145,Raven Burton,4,Exceeded my expectations.,2023-10-15,True,POSITIVE,3,SOURCE_G_REVIEWS,reviews_2023.csv,2023-10-15T11:41:53.499359895,BATCH-G-20231015
REV-00104643,SKU-0009899,user_62940,Patrick James,4,"Absolutely love it, works perfectly! 😡",2023-02-19,False,POSITIVE,6,SOURCE_G_REVIEWS,reviews_2023.csv,2023-02-19T03:55:07.164663561,BATCH-G-20230219
REV-00104655,SKU-0000784,user_9010397,Stacy,3,No cumplió mis expectativas.,2023-10-15,True,NEGATIVE,2,SOURCE_G_REVIEWS,reviews_2023.csv,2023-10-16T03:42:06.475379855,BATCH-G-20231015
REV-00104663,SKU-0002624,,Anonymous, ,Arrived damaged and support was unhelpful.,2023-03-24,False,NEGATIVE,0,SOURCE_G_REVIEWS,reviews_2023.csv,2023-03-24T21:34:12.215942948,BATCH-G-20230324
REV-00104667,SKU-0013401,user_61711,Rachel Blevins,4,"Absolutely love it, works perfectly!",2023-09-11,False,POSITIVE,10,SOURCE_G_REVIEWS,reviews_2023.csv,2023-09-12T01:55:41.983253513,BATCH-G-20230911
REV-00104677,SKU-0017121,user_9029133,Patrick Greene,5,Better than I expected for the price.,2023-12-12,True,POSITIVE,2,SOURCE_G_REVIEWS,reviews_2023.csv,2023-12-12T19:40:45.099246299,BATCH-G-20231212
REV-00104681,SKU-0015290,user_9009265,Jasmine,4,"Solid build quality, no complaints.",2023-02-09,True,POSITIVE,5,SOURCE_G_REVIEWS,reviews_2023.csv,2023-02-09T17:10:56.733789666,BATCH-G-20230209
REV-00104684,SKU-0019607,user_10043,Ian Patel,1,"Average quality, nothing special.",2023-12-08,True,NEUTRAL,10,SOURCE_G_REVIEWS,reviews_2023.csv,2023-12-09T04:11:53.294133138,BATCH-G-20231208
REV-00104690,SKU-0005667,user_4421,Emily Davis,3,"Not bad, not great either.",2023-08-05,False,NEUTRAL,2,SOURCE_G_REVIEWS,reviews_2023.csv,2023-08-05T04:30:29.419646424,BATCH-G-20230805
REV-00104702,SKU-0009903,,Anonymous,5,Will definitely buy again.,2023-06-04,True,POSITIVE,5,SOURCE_G_REVIEWS,reviews_2023.csv,2023-06-05T02:02:36.318273519,BATCH-G-20230604
REV-00104730,SKU-0014861,user_9032110,Jessica Rodriguez,3,"Not bad, not great either.",2023-08-28,True,NEUTRAL,0,SOURCE_G_REVIEWS,reviews_2023.csv,2023-08-28T23:16:54.622647831,BATCH-G-20230828
REV-00104736,SKU-0000818,user_59881,Grant,3,"Not bad, not great either.",2023-06-25,True,NEUTRAL,2,SOURCE_G_REVIEWS,reviews_2023.csv,2023-06-25T22:21:26.237265070,BATCH-G-20230625
REV-00104742,SKU-0002406,user_9008449,Albert Smith,4,Fast delivery and great quality. 😀🔥,2023-12-14,False,POSITIVE,3,SOURCE_G_REVIEWS,reviews_2023.csv,2023-12-14T11:42:30.667527459,BATCH-G-20231214
REV-00104745,SKU-0017798,user_24186,Walter Wright,4,"Perfect gift, they loved it!",2023-11-25,False,POSITIVE,12,SOURCE_G_REVIEWS,reviews_2023.csv,2023-11-26T04:02:07.556000003,BATCH-G-20231125
REV-00104754,SKU-0011452,user_52135,Matthew Thomas,3,"<i>edited</i>Matches the description, no issues.</p>",2023-11-22,False,NEUTRAL,0,SOURCE_G_REVIEWS,reviews_2023.csv,2023-11-22T23:32:57.610292085,BATCH-G-20231122
REV-00104763,SKU-0009178,,Anonymous,5,Fast delivery and great quality.,2023-09-16,False,POSITIVE,1,SOURCE_G_REVIEWS,reviews_2023.csv,2023-09-17T05:29:30.224327892,BATCH-G-20230916
REV-00104764,SKU-9925614,user_9005507,Patricia Blake,4,"Solid build quality, no complaints.",2023-06-08,True,POSITIVE,8,SOURCE_G_REVIEWS,reviews_2023.csv,2023-06-09T05:24:29.341688209,BATCH-G-20230608
REV-00104766,SKU-0014978,,Anonymous,2,Not as described at all.,2023-02-09,False,NEGATIVE,0,SOURCE_G_REVIEWS,reviews_2023.csv,2023-02-09T04:11:12.346724362,BATCH-G-20230209
REV-00104768,SKU-0015912,,Anonymous,4,Better than I expected for the price.,2023-11-24,False,POSITIVE,0,SOURCE_G_REVIEWS,reviews_2023.csv,2023-11-24T14:42:49.537271514,BATCH-G-20231124
REV-00104771,SKU-0014501,user_1635,Heather,3,"Matches the description, no issues.",2023-03-02,False,NEUTRAL,4,SOURCE_G_REVIEWS,reviews_2023.csv,2023-03-02T03:22:41.247454525,BATCH-G-20230302
REV-00104781,SKU-0011463,user_10659,Jeremy Marshall,2,"Waste of money, do not buy. 😍",2023-02-23,True,NEGATIVE,0,SOURCE_G_REVIEWS,reviews_2023.csv,2023-02-23T22:18:27.683402424,BATCH-G-20230223
REV-00104786,SKU-0000833,,Anonymous,5,"Absolutely love it, works perfectly!",2023-02-24,False,POSITIVE,1,SOURCE_G_REVIEWS,reviews_2023.csv,2023-02-24T16:05:41.482326703,BATCH-G-20230224
REV-00104792,SKU-0003848,user_9018982,Rebecca Smith,2,"&nbsp;Cheaply made, broke immediately.</p>",2023-05-02,True,NEGATIVE,9,SOURCE_G_REVIEWS,reviews_2023.csv,2023-05-03T00:58:41.011071635,BATCH-G-20230502
REV-00104813,SKU-9932906,user_9009452,Michael Perez,4,Will definitely buy again.,2023-10-25,False,POSITIVE,0,SOURCE_G_REVIEWS,reviews_2023.csv,2023-10-25T21:00:36.800427284,BATCH-G-20231025
REV-00104839,SKU-0018993,,Anonymous,5,Highly recommend this product.,2023-09-07,True,POSITIVE,2,SOURCE_G_REVIEWS,reviews_2023.csv,2023-09-07T08:00:32.157065049,BATCH-G-20230907
REV-00104848,SKU-0009485,,Anonymous,5,Great value for money. 😐,2023-12-09,True,POSITIVE,0,SOURCE_G_REVIEWS,reviews_2023.csv,2023-12-09T03:29:14.840710771,BATCH-G-20231209
REV-00104870,SKU-0013321,user_1441,Julian Fernandez,4,Great value for money.,2023-09-13,False,POSITIVE,1,SOURCE_G_REVIEWS,reviews_2023.csv,2023-09-13T03:10:45.817420421,BATCH-G-20230913
REV-00104875,SKU-0006242,user_29991,Michael Allen,1,"<b>Update:</b>Waste of money, do not buy.<br>",2023-11-03,True,NEGATIVE,0,SOURCE_G_REVIEWS,reviews_2023.csv,2023-11-03T10:15:08.849459362,BATCH-G-20231103
REV-00104886,SKU-0012593,user_9027061,Kyle,5,Great value for money.,2023-02-11,True,POSITIVE,3,SOURCE_G_REVIEWS,reviews_2023.csv,2023-02-12T02:59:04.816645644,BATCH-G-20230211
REV-00104891,SKU-0004695,user_50454,Christopher Lynch,4,"Perfect gift, they loved it!",2023-11-28,False,POSITIVE,6,SOURCE_G_REVIEWS,reviews_2023.csv,2023-11-28T18:07:10.334843592,BATCH-G-20231128
REV-00104894,SKU-0010192,user_48531,Valerie Russell,5,null,2023-12-18,True,NEUTRAL,0,SOURCE_G_REVIEWS,reviews_2023.csv,2023-12-19T05:07:07.422096019,BATCH-G-20231218
REV-00104900,SKU-0019593,user_21997,Sierra Reeves,5,Exceeded my expectations.,2023-04-25,True,POSITIVE,1,SOURCE_G_REVIEWS,reviews_2023.csv,2023-04-26T05:53:00.924711792,BATCH-G-20230425
REV-00104902,SKU-0015634,user_67227,Jessica Flores,3,"Matches the description, no issues.",2023-05-15,True,NEUTRAL,1,SOURCE_G_REVIEWS,reviews_2023.csv,2023-05-16T02:53:53.059885795,BATCH-G-20230515
REV-00104911,SKU-0008901,user_9034947,Natalie Haynes,4,"Exactly as described, very happy.",2023-04-05,False,POSITIVE,5,SOURCE_G_REVIEWS,reviews_2023.csv,2023-04-05T05:29:53.269084827,BATCH-G-20230405
REV-00104912,SKU-0015929,,Anonymous,4,"Solid build quality, no complaints.",2023-07-29,True,POSITIVE,9,SOURCE_G_REVIEWS,reviews_2023.csv,2023-07-29T06:32:03.688399635,BATCH-G-20230729
REV-00104913,SKU-0008571,,Anonymous,5,"Solid build quality, no complaints.",2023-06-29,True,POSITIVE,1,SOURCE_G_REVIEWS,reviews_2023.csv,2023-06-29T01:10:51.777088541,BATCH-G-20230629
REV-00104914,SKU-0006690,user_46895,Kristy,4,Exceeded my expectations.,2023-01-17,True,POSITIVE,3,SOURCE_G_REVIEWS,reviews_2023.csv,2023-01-17T05:42:31.367678979,BATCH-G-20230117
REV-00104922,SKU-0017562,user_43227,Tiffany Gonzalez,4,"   Solid  build  quality,  no  complaints.   ",2023-01-06,True,POSITIVE,4,SOURCE_G_REVIEWS,reviews_2023.csv,2023-01-06T21:19:17.356452205,BATCH-G-20230106
REV-00104926,SKU-0004410,user_16932,Thomas Dunlap,4,"   Exactly  as  described,  very  happy.   ",2023-05-25,True,POSITIVE,0,SOURCE_G_REVIEWS,reviews_2023.csv,2023-05-26T05:20:48.426868502,BATCH-G-20230525
REV-00104927,SKU-0013202,user_9023853,Brianna Ramos,5,Will definitely buy again.,2023-12-12,False,POSITIVE,5,SOURCE_G_REVIEWS,reviews_2023.csv,2023-12-12T01:33:18.281224429,BATCH-G-20231212
REV-00104931,SKU-0009754,user_44986,Becky Bennett,5,"Absolutely love it, works perfectly!",2023-12-10,True,POSITIVE,0,SOURCE_G_REVIEWS,reviews_2023.csv,2023-12-10T13:37:29.674957921,BATCH-G-20231210
REV-00104943,SKU-0004603,user_55596,Kyle Cruz,5,Exceeded my expectations.,2023-10-21,True,POSITIVE,2,SOURCE_G_REVIEWS,reviews_2023.csv,2023-10-22T02:12:02.274789600,BATCH-G-20231021
REV-00104953,SKU-0005485,user_7765,Jillian Perry,4,No cumplió mis expectativas.,2023-11-27,False,POSITIVE,0,SOURCE_G_REVIEWS,reviews_2023.csv,2023-11-27T23:51:50.240145065,BATCH-G-20231127
REV-00104962,SKU-0001293,user_22927,Eric Robinson,5,Exceeded my expectations.,2023-01-17,False,POSITIVE,0,SOURCE_G_REVIEWS,reviews_2023.csv,2023-01-17T05:07:55.229957578,BATCH-G-20230117
REV-00104968,SKU-0003882,,Anonymous,5,Will definitely buy again. 💯,2023-07-01,True,POSITIVE,1,SOURCE_G_REVIEWS,reviews_2023.csv,2023-07-01T14:49:37.538254430,BATCH-G-20230701
REV-00104970,SKU-0007440,user_31926,Deborah Moran,3,"Not bad, not great either.",2023-02-05,True,NEUTRAL,0,SOURCE_G_REVIEWS,reviews_2023.csv,2023-02-06T01:22:55.470792865,BATCH-G-20230205
REV-00104972,SKU-0004598,,Anonymous,3,"It's okay, does the job.",2023-01-19,True,NEUTRAL,5,SOURCE_G_REVIEWS,reviews_2023.csv,2023-01-19T08:47:22.429607496,BATCH-G-20230119
REV-00104975,SKU-0015419,user_53757,Dave Shaffer,5,Better than I expected for the price.,2023-06-09,False,POSITIVE,1,SOURCE_G_REVIEWS,reviews_2023.csv,2023-06-09T23:22:22.299033003,BATCH-G-20230609
REV-00104985,SKU-0002078,user_57264,Alexis Reyes,4,Fast delivery and great quality.,2023-05-23,True,POSITIVE,2,SOURCE_G_REVIEWS,reviews_2023.csv,2023-05-24T05:33:52.145996095,BATCH-G-20230523
REV-00104987,SKU-0011462,user_16033,Leslie Carpenter,5,   Great  value  for  money.   ,2023-08-23,True,POSITIVE,3,SOURCE_G_REVIEWS,reviews_2023.csv,2023-08-23T18:57:43.836105612,BATCH-G-20230823
REV-00104988,SKU-0006265,user_62944,Dustin,1,Arrived damaged and support was unhelpful.,2023-01-25,True,NEGATIVE,1,SOURCE_G_REVIEWS,reviews_2023.csv,2023-01-25T16:35:24.273976972,BATCH-G-20230125
REV-00104993,SKU-0017807,,Anonymous,1,Wrong item was shipped to me.,2023-07-10,True,NEGATIVE,2,SOURCE_G_REVIEWS,reviews_2023.csv,2023-07-10T13:15:48.824844570,BATCH-G-20230710
REV-00105013,SKU-0010188,user_39245,Amanda Moore,3,"It's okay, does the job. 😐",2023-05-16,True,NEUTRAL,5,SOURCE_G_REVIEWS,reviews_2023.csv,2023-05-17T04:26:09.651635309,BATCH-G-20230516
REV-00105029,SKU-0006573,,Anonymous,3,"बहुत अच्छा उत्पाद है, पैसा वसूल!",2023-09-24,False,NEUTRAL,8,SOURCE_G_REVIEWS,reviews_2023.csv,2023-09-24T14:05:53.465102889,BATCH-G-20230924
REV-00105035,SKU-0001374,user_1652,Michelle Phillips,2,Wrong item was shipped to me.,2023-11-21,False,NEGATIVE,0,SOURCE_G_REVIEWS,reviews_2023.csv,2023-11-21T13:45:53.005969363,BATCH-G-20231121
REV-00105036,SKU-0009721,user_67943,Katherine Warren,1,Not as described at all.,2023-08-23,True,NEGATIVE,3,SOURCE_G_REVIEWS,reviews_2023.csv,2023-08-23T13:27:36.852040099,BATCH-G-20230823
REV-00105044,SKU-0000809,user_9033768,Clinton Clark,3,"Matches the description, no issues.",2023-09-21,False,NEUTRAL,6,SOURCE_G_REVIEWS,reviews_2023.csv,2023-09-21T14:24:46.915612854,BATCH-G-20230921
REV-00105048,SKU-0008697,user_9006042,Debra,4,Highly recommend this product.,2023-03-14,True,POSITIVE,0,SOURCE_G_REVIEWS,reviews_2023.csv,2023-03-15T05:07:56.441184379,BATCH-G-20230314
REV-00105052,SKU-0013862,user_61616,Debbie,4,Will definitely buy again.,2023-01-19,True,POSITIVE,1,SOURCE_G_REVIEWS,reviews_2023.csv,2023-01-19T23:35:17.797618408,BATCH-G-20230119
REV-00105060,SKU-0001316,user_9001350,Jenna Martin, ,Exceeded my expectations.,2023-05-17,False,POSITIVE,0,SOURCE_G_REVIEWS,reviews_2023.csv,2023-05-17T20:20:30.360681400,BATCH-G-20230517
REV-00105060-DUP,SKU-0001316,user_9001350,Jenna Martin, ,Exceeded my expectations.,2023-05-17,False,POSITIVE,0,SOURCE_G_REVIEWS,reviews_2023.csv,2023-05-17T21:11:30.360681400,BATCH-G-20230517
REV-00105061,SKU-0014896,user_9002109,Heather Bell,5,"Exactly as described, very happy.",2023-10-24,True,POSITIVE,9,SOURCE_G_REVIEWS,reviews_2023.csv,2023-10-24T05:05:06.949340690,BATCH-G-20231024
REV-00105064,SKU-0016062,user_9034841,Gabriel,4,"<br>Absolutely love it, works perfectly! 🔥<i>edited</i>",2023-02-22,True,POSITIVE,2,SOURCE_G_REVIEWS,reviews_2023.csv,2023-02-23T01:47:37.637686433,BATCH-G-20230222
REV-00105079,SKU-0014056,user_9024162,Julia Oliver,5,"Solid build quality, no complaints.",2023-11-18,False,POSITIVE,0,SOURCE_G_REVIEWS,reviews_2023.csv,2023-11-18T03:55:29.597620986,BATCH-G-20231118
REV-00105081,SKU-0015286,,Anonymous,4,Exceeded my expectations. 💯,2023-11-19,True,POSITIVE,0,SOURCE_G_REVIEWS,reviews_2023.csv,2023-11-19T02:28:30.902747707,BATCH-G-20231119
REV-00105089,SKU-0004295,user_9024922,Jordan Massey,5,"बहुत अच्छा उत्पाद है, पैसा वसूल!",2023-06-17,True,POSITIVE,0,SOURCE_G_REVIEWS,reviews_2023.csv,2023-06-17T12:46:25.916324051,BATCH-G-20230617
REV-00105093,SKU-0018388,user_9013625,Latasha Lynch,5,Excellent rapport qualité-prix. Exceeded my expectations. 👍💯,2023-12-11,False,POSITIVE,2,SOURCE_G_REVIEWS,reviews_2023.csv,2023-12-11T04:30:23.678448704,BATCH-G-20231211
REV-00105097,SKU-0017856,user_61227,Richard Cortez,1,Wrong item was shipped to me.,2023-04-03,True,NEGATIVE,3,SOURCE_G_REVIEWS,reviews_2023.csv,2023-04-03T07:48:44.395502763,BATCH-G-20230403
REV-00105101,SKU-0004299,user_66679,Daniel Cortez,2,"Poor packaging, item was defective.",2023-12-30,False,NEGATIVE,4,SOURCE_G_REVIEWS,reviews_2023.csv,2023-12-30T03:45:24.648578661,BATCH-G-20231230
REV-00105118,SKU-0012063,user_9018654,Ashley,1,Stopped working after a week.,2023-05-30,True,NEGATIVE,2,SOURCE_G_REVIEWS,reviews_2023.csv,2023-05-30T10:19:50.747152623,BATCH-G-20230530
REV-00105125,SKU-0010988,,Anonymous,1,"Waste of money, do not buy. 😡",2023-12-20,True,NEGATIVE,0,SOURCE_G_REVIEWS,reviews_2023.csv,2023-12-20T22:01:03.312820623,BATCH-G-20231220
REV-00105138,SKU-0011863,,Anonymous,5,"Absolutely love it, works perfectly!",2023-07-31,True,POSITIVE,0,SOURCE_G_REVIEWS,reviews_2023.csv,2023-07-31T07:35:07.851097031,BATCH-G-20230731
REV-00105144,SKU-0016441,user_59010,Curtis Grimes,4,Great value for money.,2023-07-29,True,POSITIVE,1,SOURCE_G_REVIEWS,reviews_2023.csv,2023-07-30T02:17:09.437626368,BATCH-G-20230729
REV-00105152,SKU-0003438,user_2433,Kevin Smith,5,"   Perfect  gift,  they  loved  it!   ",2023-11-13,True,POSITIVE,0,SOURCE_G_REVIEWS,reviews_2023.csv,2023-11-14T03:21:21.946331238,BATCH-G-20231113
REV-00105171,SKU-0004878,user_29567,William,3,"Not bad, not great either.",2023-01-02,False,NEUTRAL,4,SOURCE_G_REVIEWS,reviews_2023.csv,2023-01-02T19:12:22.148570337,BATCH-G-20230102
REV-00105175,SKU-0001192,,Anonymous,4,Exceeded my expectations.,2023-06-16,True,POSITIVE,1,SOURCE_G_REVIEWS,reviews_2023.csv,2023-06-16T08:52:39.575686488,BATCH-G-20230616
REV-00105179,SKU-0008611,user_9028474,Danielle,1,Very disappointed with the quality.,2023-11-19,True,NEGATIVE,0,SOURCE_G_REVIEWS,reviews_2023.csv,2023-12-02T06:00:00,BATCH-G-20231119
REV-00105183,SKU-0004915,,Anonymous,5,Better than I expected for the price. 😐,2023-02-27,True,POSITIVE,8,SOURCE_G_REVIEWS,reviews_2023.csv,2023-02-27T09:20:40.489860653,BATCH-G-20230227
REV-00105185,SKU-0003534,user_14420,Howard Turner,-,Will definitely buy again.,2023-04-19,False,POSITIVE,0,SOURCE_G_REVIEWS,reviews_2023.csv,2023-04-20T05:26:28.298908102,BATCH-G-20230419
REV-00105194,SKU-0000741,user_67305,Julie Powers,4,"Solid build quality, no complaints.",2023-04-01,True,POSITIVE,6,SOURCE_G_REVIEWS,reviews_2023.csv,2023-04-01T10:35:39.231013248,BATCH-G-20230401
REV-00105203,SKU-0019589,user_9020314,David Schneider,2,Wrong item was shipped to me.,2023-03-13,True,NEGATIVE,2,SOURCE_G_REVIEWS,reviews_2023.csv,2023-03-13T01:05:55.375140437,BATCH-G-20230313
REV-00105211,SKU-0019598,user_9009278,Aaron Ward,5,Will definitely buy again.,2023-03-17,False,POSITIVE,3,SOURCE_G_REVIEWS,reviews_2023.csv,2023-03-17T18:31:33.598828056,BATCH-G-20230317
REV-00105212,SKU-0009072,user_9029318,Kaitlyn,5,Better than I expected for the price.,2023-05-19,True,POSITIVE,7,SOURCE_G_REVIEWS,reviews_2023.csv,2023-05-19T08:57:50.745662553,BATCH-G-20230519
REV-00105231,SKU-0016172,user_62880,Amanda Palmer,3,"Not bad, not great either.",2023-01-15,True,NEUTRAL,1,SOURCE_G_REVIEWS,reviews_2023.csv,2023-01-16T00:50:19.199596451,BATCH-G-20230115
REV-00105243,SKU-9937495,user_67176,Christine Adams,4,Exceeded my expectations.,2023-10-25,True,POSITIVE,0,SOURCE_G_REVIEWS,reviews_2023.csv,2023-10-26T05:04:40.344871433,BATCH-G-20231025
REV-00105244,SKU-0013797,,Anonymous,4,Fast delivery and great quality.,2023-11-03,False,POSITIVE,7,SOURCE_G_REVIEWS,reviews_2023.csv,2023-11-03T11:15:54.555076563,BATCH-G-20231103
REV-00105250,SKU-0002922,user_9029870,Tony Burke,3,"Average quality, nothing special.",2023-08-08,True,NEUTRAL,1,SOURCE_G_REVIEWS,reviews_2023.csv,2023-08-08T11:29:13.254043778,BATCH-G-20230808
REV-00105262,SKU-0006027,,Anonymous,5,"Average quality, nothing special.",2023-12-29,True,NEUTRAL,4,SOURCE_G_REVIEWS,reviews_2023.csv,2023-12-29T09:39:45.944066025,BATCH-G-20231229
REV-00105265,SKU-0015311,user_818,Dustin Nguyen,1,<p>Not as described at all.&nbsp;,2023-04-10,True,NEGATIVE,1,SOURCE_G_REVIEWS,reviews_2023.csv,2023-04-10T11:33:15.697327624,BATCH-G-20230410
REV-00105284,SKU-0012257,user_28976,Monica,5,Highly recommend this product.,2023-08-26,True,POSITIVE,1,SOURCE_G_REVIEWS,reviews_2023.csv,2023-08-26T01:42:54.945613500,BATCH-G-20230826
REV-00105285,SKU-0005959,user_30756,Curtis,5,"Perfect gift, they loved it!",2023-11-24,True,POSITIVE,6,SOURCE_G_REVIEWS,reviews_2023.csv,2023-11-24T17:11:46.626656979,BATCH-G-20231124
REV-00105301,SKU-0018029,user_9025725,John Wilson,5,Highly recommend this product.,2023-05-12,True,POSITIVE,3,SOURCE_G_REVIEWS,reviews_2023.csv,2023-05-12T08:51:57.113328659,BATCH-G-20230512
REV-00105321,SKU-0012415,user_40988,Michael Johnson,4,"Absolutely love it, works perfectly!",2023-04-12,False,POSITIVE,8,SOURCE_G_REVIEWS,reviews_2023.csv,2023-04-12T01:59:49.219537212,BATCH-G-20230412
REV-00105323,SKU-0009803,user_52398,Christopher Stuart,5,गुणवत्ता ठीक नहीं थी।,2023-06-30,False,POSITIVE,0,SOURCE_G_REVIEWS,reviews_2023.csv,2023-06-30T00:41:50.833048956,BATCH-G-20230630
REV-00105324,SKU-0002296,user_9018320,Thomas,3,Decent but overpriced a bit.,2023-11-05,False,NEUTRAL,0,SOURCE_G_REVIEWS,reviews_2023.csv,2023-11-05T09:27:03.329750019,BATCH-G-20231105
REV-00105337,SKU-0016804,user_9008145,Emily,5,Exceeded my expectations.,2023-02-03,True,POSITIVE,5,SOURCE_G_REVIEWS,reviews_2023.csv,2023-02-04T02:28:18.156902302,BATCH-G-20230203
REV-00105338,SKU-0008073,user_45940,Charlotte Arroyo,0,Excellent rapport qualité-prix.,2023-06-20,True,POSITIVE,3,SOURCE_G_REVIEWS,reviews_2023.csv,2023-06-21T01:04:40.169611529,BATCH-G-20230620
REV-00105339,SKU-0012250,user_68818,Justin,0,Fast delivery and great quality.,2023-01-09,False,POSITIVE,1,SOURCE_G_REVIEWS,reviews_2023.csv,2023-01-10T03:52:40.202761736,BATCH-G-20230109
REV-00105349,SKU-0004058,,Anonymous,3,"   Not  bad,  not  great  either.   ",2023-05-01,True,NEUTRAL,11,SOURCE_G_REVIEWS,reviews_2023.csv,2023-05-01T10:25:45.905961509,BATCH-G-20230501
REV-00105351,SKU-0012885,user_6259,David Brown,5,   Great  value  for  money.   ,2023-07-30,False,POSITIVE,0,SOURCE_G_REVIEWS,reviews_2023.csv,2023-07-30T05:45:42.613945943,BATCH-G-20230730
REV-00105358,SKU-0020225,user_9012546,Dr.,1,Wrong item was shipped to me.,2023-09-02,True,NEGATIVE,0,SOURCE_G_REVIEWS,reviews_2023.csv,2023-09-03T02:22:56.924386394,BATCH-G-20230902
REV-00105359,SKU-0013625,user_69420,Carrie Hall,2,"Cheaply made, broke immediately.",2023-11-13,False,NEGATIVE,0,SOURCE_G_REVIEWS,reviews_2023.csv,2023-11-13T06:53:41.037037693,BATCH-G-20231113
REV-00105361,SKU-9911055,,Anonymous,3,गुणवत्ता ठीक नहीं थी।,2023-06-06,True,NEUTRAL,2,SOURCE_G_REVIEWS,reviews_2023.csv,2023-06-06T02:38:01.155831274,BATCH-G-20230606
REV-00105362,SKU-0017063,user_9011710,Justin Smith,5,Highly recommend this product.,2023-12-03,False,POSITIVE,1,SOURCE_G_REVIEWS,reviews_2023.csv,2023-12-03T10:23:17.744478959,BATCH-G-20231203
REV-00105365,SKU-0005666,,Anonymous,4,"Perfect gift, they loved it!",2023-10-13,False,POSITIVE,15,SOURCE_G_REVIEWS,reviews_2023.csv,2023-10-13T22:25:58.519245120,BATCH-G-20231013
REV-00105373,SKU-0015799,,Anonymous,2,"Average quality, nothing special.",2023-06-24,True,NEUTRAL,0,SOURCE_G_REVIEWS,reviews_2023.csv,2023-06-24T21:54:53.795384475,BATCH-G-20230624
REV-00105379,SKU-0000913,,Anonymous,3,"Not bad, not great either.",2023-05-06,True,NEUTRAL,0,SOURCE_G_REVIEWS,reviews_2023.csv,2023-05-07T01:21:06.876390641,BATCH-G-20230506
REV-00105391,SKU-0008904,user_29424,Christopher Pham,5,Great value for money.,2023-10-31,False,POSITIVE,3,SOURCE_G_REVIEWS,reviews_2023.csv,2023-10-31T08:44:33.156807260,BATCH-G-20231031
REV-00105409,SKU-0009813,,Anonymous,4,Better than I expected for the price.,2023-12-10,True,POSITIVE,2,SOURCE_G_REVIEWS,reviews_2023.csv,2023-12-10T07:28:05.228672893,BATCH-G-20231210
REV-00105416,SKU-0014145,user_9009053,Bailey Kelly,2,Not as described at all.,2023-06-15,False,NEGATIVE,4,SOURCE_G_REVIEWS,reviews_2023.csv,2023-06-15T17:49:43.888571740,BATCH-G-20230615
REV-00105436,SKU-9934872,user_9000647,Matthew,5,Fast delivery and great quality.,2023-08-19,False,POSITIVE,2,SOURCE_G_REVIEWS,reviews_2023.csv,2023-08-20T01:12:09.233585130,BATCH-G-20230819
REV-00105444,SKU-0009287,user_25084,Raven Novak,4,"बहुत अच्छा उत्पाद है, पैसा वसूल!",2023-02-24,True,NEGATIVE,1,SOURCE_G_REVIEWS,reviews_2023.csv,2023-02-24T01:22:49.450544368,BATCH-G-20230224
REV-00105445,SKU-0004136,user_50948,Diana Henson,2,"Matches the description, no issues.",2023-12-15,True,NEUTRAL,3,SOURCE_G_REVIEWS,reviews_2023.csv,2023-12-15T21:55:12.701362041,BATCH-G-20231215
REV-00105449,SKU-0004247,user_9022849,Holly Livingston,1,Stopped working after a week.,2023-12-18,True,NEGATIVE,0,SOURCE_G_REVIEWS,reviews_2023.csv,2023-12-19T03:43:46.260340265,BATCH-G-20231218
REV-00105454,SKU-0012993,,Anonymous,1,"Waste of money, do not buy.",2023-06-29,False,NEGATIVE,1,SOURCE_G_REVIEWS,reviews_2023.csv,2023-06-29T05:55:25.765474035,BATCH-G-20230629
REV-00105455,SKU-0009635,user_9008132,Melanie,4,Highly recommend this product.,2023-03-12,True,POSITIVE,0,SOURCE_G_REVIEWS,reviews_2023.csv,2023-03-12T05:10:07.776452473,BATCH-G-20230312
REV-00105457,SKU-0013546,user_9025307,Jessica Summers,5,Exceeded my expectations.,2023-01-14,False,POSITIVE,3,SOURCE_G_REVIEWS,reviews_2023.csv,2023-01-14T01:21:18.065478664,BATCH-G-20230114
REV-00105464,SKU-0003356,,Anonymous,5,Better than I expected for the price.,2023-11-25,False,POSITIVE,4,SOURCE_G_REVIEWS,reviews_2023.csv,2023-11-25T11:17:48.222131578,BATCH-G-20231125
REV-00105465,SKU-9928726,user_9030609,Patrick Wallace,5,"Solid build quality, no complaints.",2023-03-02,False,POSITIVE,1,SOURCE_G_REVIEWS,reviews_2023.csv,2023-03-02T14:03:57.144398241,BATCH-G-20230302
REV-00105471,SKU-0019025,user_9032908,Natasha,5,<br>Highly recommend this product.<i>edited</i>,2023-07-14,False,POSITIVE,0,SOURCE_G_REVIEWS,reviews_2023.csv,2023-07-14T04:14:32.026401588,BATCH-G-20230714
REV-00105498,SKU-0011756,user_42596,Donna Francis,5,Exceeded my expectations.,2023-03-21,True,POSITIVE,6,SOURCE_G_REVIEWS,reviews_2023.csv,2023-03-22T04:08:01.897824284,BATCH-G-20230321
REV-00105509,SKU-0013086,user_9021101,Stacey Watson,3,"It's okay, does the job.",2023-04-10,True,NEUTRAL,8,SOURCE_G_REVIEWS,reviews_2023.csv,2023-04-11T04:58:44.708683550,BATCH-G-20230410
REV-00105519,SKU-0012822,user_46732,David,1,Not as described at all.,2023-02-09,False,NEGATIVE,6,SOURCE_G_REVIEWS,reviews_2023.csv,2023-02-25T09:00:00,BATCH-G-20230209
REV-00105532,SKU-9976005,user_9005862,Jeremy,1,"Cheaply made, broke immediately.",2023-08-24,True,NEGATIVE,2,SOURCE_G_REVIEWS,reviews_2023.csv,2023-08-24T04:32:17.636728019,BATCH-G-20230824
REV-00105535,SKU-0014960,user_9016275,Robin Aguilar,4,Exceeded my expectations.,2023-03-23,True,POSITIVE,1,SOURCE_G_REVIEWS,reviews_2023.csv,2023-03-24T04:13:48.685177772,BATCH-G-20230323
REV-00105539,SKU-0013262,user_58436,Susan,2,Stopped working after a week.,2023-08-02,True,NEGATIVE,0,SOURCE_G_REVIEWS,reviews_2023.csv,2023-08-02T14:56:19.527089984,BATCH-G-20230802
REV-00105556,SKU-0009098,user_21136,Jane Lawson,4,Decent but overpriced a bit. 👍,2023-03-04,True,NEUTRAL,9,SOURCE_G_REVIEWS,reviews_2023.csv,2023-03-04T10:00:30.271734209,BATCH-G-20230304
REV-00105558,SKU-0001971,user_9014204,Michelle,4,Highly recommend this product.,2023-12-05,False,POSITIVE,1,SOURCE_G_REVIEWS,reviews_2023.csv,2023-12-05T16:27:03.227124245,BATCH-G-20231205
REV-00105573,SKU-0000226,,Anonymous,5,Exceeded my expectations.,2023-12-05,True,POSITIVE,10,SOURCE_G_REVIEWS,reviews_2023.csv,2023-12-05T21:19:02.222078616,BATCH-G-20231205
REV-00105574,SKU-0012696,user_9023810,Amy Frazier,2,Arrived damaged and support was unhelpful.,2023-04-03,False,NEGATIVE,2,SOURCE_G_REVIEWS,reviews_2023.csv,2023-04-03T03:18:44.774417432,BATCH-G-20230403
REV-00105576,SKU-0015195,,Anonymous,5,Will definitely buy again.,2023-01-26,True,POSITIVE,2,SOURCE_G_REVIEWS,reviews_2023.csv,2023-01-26T09:40:03.191310837,BATCH-G-20230126
REV-00105586,SKU-0013883,,Anonymous,2,Very disappointed with the quality.,2023-01-12,True,NEGATIVE,2,SOURCE_G_REVIEWS,reviews_2023.csv,2023-01-12T08:47:53.413207699,BATCH-G-20230112
REV-00105593,SKU-0002391,user_9008746,Summer Evans,4,"Solid build quality, no complaints.",2023-06-23,True,POSITIVE,1,SOURCE_G_REVIEWS,reviews_2023.csv,2023-06-23T21:52:31.355162142,BATCH-G-20230623
REV-00105596,SKU-0009790,,Anonymous,5,"Exactly as described, very happy.",2023-10-13,True,POSITIVE,2,SOURCE_G_REVIEWS,reviews_2023.csv,2023-10-13T18:20:44.828245051,BATCH-G-20231013
REV-00105603,SKU-0008419,user_9024381,Beth Clark,3, ,2023-10-29,False,NEUTRAL,0,SOURCE_G_REVIEWS,reviews_2023.csv,2023-10-30T02:23:30.548746776,BATCH-G-20231029
REV-00105612,SKU-0005394,user_9019272,Renee Montoya,4,Exceeded my expectations.,2023-11-25,True,POSITIVE,4,SOURCE_G_REVIEWS,reviews_2023.csv,2023-11-26T04:47:50.913109460,BATCH-G-20231125
REV-00105617,SKU-0007372,,Anonymous,1,"Waste of money, do not buy.",2023-03-13,True,NEGATIVE,0,SOURCE_G_REVIEWS,reviews_2023.csv,2023-03-14T02:29:12.891127138,BATCH-G-20230313
REV-00105618,SKU-0002140,,Anonymous,1,"Poor packaging, item was defective.",2023-11-29,False,NEGATIVE,2,SOURCE_G_REVIEWS,reviews_2023.csv,2023-11-29T06:54:17.044356681,BATCH-G-20231129
REV-00105623,SKU-0012506,,Anonymous,4,Fast delivery and great quality. 😀🔥,2023-12-11,False,POSITIVE,0,SOURCE_G_REVIEWS,reviews_2023.csv,2023-12-11T10:40:48.832639281,BATCH-G-20231211
REV-00105628,SKU-0014971,user_3199,Lisa Weeks,5,Exceeded my expectations.,2023-11-26,True,POSITIVE,0,SOURCE_G_REVIEWS,reviews_2023.csv,2023-11-26T21:45:50.913898125,BATCH-G-20231126
REV-00105635,SKU-0011475,user_9009913,Joel Williams,NA,Fast delivery and great quality.,2023-12-25,True,POSITIVE,9,SOURCE_G_REVIEWS,reviews_2023.csv,2023-12-26T00:57:00.191167007,BATCH-G-20231225
REV-00105648,SKU-0007998,user_53849,Tim,4,"Exactly as described, very happy.",2023-08-30,True,POSITIVE,1,SOURCE_G_REVIEWS,reviews_2023.csv,2023-08-30T19:34:00.281044372,BATCH-G-20230830
REV-00105662,SKU-0013813,user_34894,Cynthia,4,"Perfect gift, they loved it!",2023-05-06,False,POSITIVE,4,SOURCE_G_REVIEWS,reviews_2023.csv,2023-05-06T21:06:18.841909770,BATCH-G-20230506
REV-00105666,SKU-9923357,user_9013114,Patricia,5,Better than I expected for the price.,2023-01-26,False,POSITIVE,0,SOURCE_G_REVIEWS,reviews_2023.csv,2023-01-26T04:28:21.693814595,BATCH-G-20230126
REV-00105667,SKU-0015443,user_9020351,Troy,2,Arrived damaged and support was unhelpful.,2023-11-16,False,NEGATIVE,0,SOURCE_G_REVIEWS,reviews_2023.csv,2023-11-16T07:39:05.447062312,BATCH-G-20231116
REV-00105668,SKU-0015331,user_9009150,Jasmine Bradford,4,Will definitely buy again.,2023-04-04,False,POSITIVE,2,SOURCE_G_REVIEWS,reviews_2023.csv,2023-04-04T13:17:41.838456864,BATCH-G-20230404
REV-00105679,SKU-9950661,user_9018327,Elizabeth,4,<b>Update:</b>Great value for money.<br>,2023-12-24,True,POSITIVE,2,SOURCE_G_REVIEWS,reviews_2023.csv,2023-12-25T02:13:47.488599608,BATCH-G-20231224
REV-00105688,SKU-0007328,user_44314,Leslie Nguyen,2,Very disappointed with the quality.,2023-12-05,True,NEGATIVE,10,SOURCE_G_REVIEWS,reviews_2023.csv,2023-12-06T05:21:20.364301131,BATCH-G-20231205
REV-00105700,SKU-0015562,user_9010654,Jeffery Sullivan,5,Highly recommend this product.,2023-11-26,False,POSITIVE,5,SOURCE_G_REVIEWS,reviews_2023.csv,2023-12-10T05:00:00,BATCH-G-20231126
REV-00105706,SKU-0003025,user_13177,Ashley Lewis,5,"Exactly as described, very happy.",2023-12-27,True,POSITIVE,2,SOURCE_G_REVIEWS,reviews_2023.csv,2023-12-27T18:23:25.893615467,BATCH-G-20231227
REV-00105712,SKU-0015998,user_9000522,Brett,4,"Solid build quality, no complaints.",2023-06-04,True,POSITIVE,7,SOURCE_G_REVIEWS,reviews_2023.csv,2023-06-04T02:11:37.300768598,BATCH-G-20230604
REV-00105714,SKU-0007444,user_9011616,Charles,3,"Average quality, nothing special.",2023-03-19,True,NEUTRAL,4,SOURCE_G_REVIEWS,reviews_2023.csv,2023-03-19T17:04:58.902047224,BATCH-G-20230319
REV-00105722,SKU-0012131,,Anonymous,5,Highly recommend this product.,2023-01-26,True,POSITIVE,3,SOURCE_G_REVIEWS,reviews_2023.csv,2023-01-27T05:25:50.791759572,BATCH-G-20230126
REV-00105749,SKU-9901827,user_8004,Brittany,4,"   <b>Update:</b>Absolutely  love  it,  works  perfectly!<b>Update:</b>   ",2023-12-06,False,POSITIVE,2,SOURCE_G_REVIEWS,reviews_2023.csv,2023-12-06T16:23:55.811769343,BATCH-G-20231206
REV-00105751,SKU-0007297,user_37026,Kimberly Anderson,4,"Solid build quality, no complaints.",2023-02-27,False,POSITIVE,0,SOURCE_G_REVIEWS,reviews_2023.csv,2023-02-27T16:02:28.733723968,BATCH-G-20230227
REV-00105766,SKU-0009273,user_57743,Matthew,1,Stopped working after a week.,2023-01-10,True,NEGATIVE,0,SOURCE_G_REVIEWS,reviews_2023.csv,2023-01-10T11:14:04.994573919,BATCH-G-20230110
REV-00105768,SKU-0015254,,Anonymous,4,"Exactly as described, very happy.",2023-11-28,False,POSITIVE,3,SOURCE_G_REVIEWS,reviews_2023.csv,2023-11-28T22:45:20.768886009,BATCH-G-20231128
REV-00105771,SKU-0019103,user_9009210,Michael Williams,4,Highly recommend this product.,2023-10-02,False,POSITIVE,0,SOURCE_G_REVIEWS,reviews_2023.csv,2023-10-02T06:58:03.426111374,BATCH-G-20231002
REV-00105781,SKU-0004039,user_34491,Janet,5,Exceeded my expectations.,2023-12-27,False,POSITIVE,4,SOURCE_G_REVIEWS,reviews_2023.csv,2023-12-27T18:21:48.729758152,BATCH-G-20231227
REV-00105791,SKU-0011311,user_9003945,Thomas,5,Exceeded my expectations.,2023-12-30,True,POSITIVE,7,SOURCE_G_REVIEWS,reviews_2023.csv,2023-12-31T03:05:43.056129234,BATCH-G-20231230
REV-00105800,SKU-0017977,user_65820,Julie Pitts,3,"Not bad, not great either.",2023-10-27,False,NEUTRAL,1,SOURCE_G_REVIEWS,reviews_2023.csv,2023-10-28T03:13:01.865945762,BATCH-G-20231027
REV-00105814,SKU-0011369,user_24357,Rodney Morgan,4,"Absolutely love it, works perfectly!",2023-09-26,True,POSITIVE,0,SOURCE_G_REVIEWS,reviews_2023.csv,2023-09-26T01:54:10.477443414,BATCH-G-20230926
REV-00105818,SKU-0017323,user_9016314,Kimberly Hart,5,"Average quality, nothing special.",2023-09-28,True,NEUTRAL,1,SOURCE_G_REVIEWS,reviews_2023.csv,2023-09-28T14:49:56.916319547,BATCH-G-20230928
REV-00105823,SKU-0004927,user_47985,Michael Kelly,4,Will definitely buy again.,2023-08-17,True,POSITIVE,6,SOURCE_G_REVIEWS,reviews_2023.csv,2023-08-18T04:28:57.204242495,BATCH-G-20230817
REV-00105830,SKU-0005470,user_9026399,Jared Atkinson,5,Fast delivery and great quality.,2023-06-04,False,POSITIVE,7,SOURCE_G_REVIEWS,reviews_2023.csv,2023-06-04T05:39:32.456944864,BATCH-G-20230604
REV-00105831,SKU-0014416,user_9022925,Monica Blanchard,4,Better than I expected for the price.,2023-07-07,True,POSITIVE,8,SOURCE_G_REVIEWS,reviews_2023.csv,2023-07-07T22:46:22.998473636,BATCH-G-20230707
REV-00105841,SKU-0013946,user_21051,Daniel Villarreal,5,Exceeded my expectations.,2023-06-17,False,POSITIVE,10,SOURCE_G_REVIEWS,reviews_2023.csv,2023-06-17T01:12:03.911438628,BATCH-G-20230617
REV-00105862,SKU-0010649,user_9013750,Kevin,1,   Very  disappointed  with  the  quality.   ,2023-12-24,False,NEGATIVE,3,SOURCE_G_REVIEWS,reviews_2023.csv,2023-12-24T01:33:01.330754088,BATCH-G-20231224
REV-00105865,SKU-0005360,user_68965,Joann,5,Better than I expected for the price.,2023-02-04,True,POSITIVE,7,SOURCE_G_REVIEWS,reviews_2023.csv,2023-02-04T16:35:54.398988978,BATCH-G-20230204
REV-00105867,SKU-0005354,user_14023,Stuart,5,Exceeded my expectations.,2023-11-26,False,POSITIVE,1,SOURCE_G_REVIEWS,reviews_2023.csv,2023-11-26T15:23:47.795915427,BATCH-G-20231126
REV-00105872,SKU-0005090,user_37820,Thomas,1,Stopped working after a week.,2023-01-27,True,NEGATIVE,1,SOURCE_G_REVIEWS,reviews_2023.csv,2023-01-27T03:42:16.941547075,BATCH-G-20230127
REV-00105887,SKU-0001187,user_9018500,Melissa Ward,5,Will definitely buy again.,2023-12-06,True,POSITIVE,3,SOURCE_G_REVIEWS,reviews_2023.csv,2023-12-06T07:49:05.935497129,BATCH-G-20231206
REV-00105888,SKU-0001215,user_60591,Caitlin Small,3,"Muy buen producto, lo recomiendo. Matches the description, no issues.",2023-12-13,False,NEUTRAL,5,SOURCE_G_REVIEWS,reviews_2023.csv,2023-12-14T03:59:21.421729164,BATCH-G-20231213
REV-00105894,SKU-9984001,user_44520,Caitlin Marshall,1,Not as described at all.,2023-08-29,True,NEGATIVE,1,SOURCE_G_REVIEWS,reviews_2023.csv,2023-08-30T01:44:11.671054540,BATCH-G-20230829
REV-00105896,SKU-0003399,user_63544,Jonathan,4,Highly recommend this product.,2023-05-02,True,POSITIVE,0,SOURCE_G_REVIEWS,reviews_2023.csv,2023-05-02T21:01:59.084408710,BATCH-G-20230502
REV-00105909,SKU-0012415,user_36567,Debbie,3,"Not bad, not great either.",2023-02-23,True,NEUTRAL,11,SOURCE_G_REVIEWS,reviews_2023.csv,2023-02-23T17:35:37.973079310,BATCH-G-20230223
REV-00105911,SKU-0016959,user_23417,Christina Massey,1,Not as described at all.,2023-05-07,True,NEGATIVE,9,SOURCE_G_REVIEWS,reviews_2023.csv,2023-05-07T03:52:38.415570799,BATCH-G-20230507
REV-00105913,SKU-0019233,user_9033644,Makayla Hart,4,   Will  definitely  buy  again.   ,2023-06-21,True,POSITIVE,3,SOURCE_G_REVIEWS,reviews_2023.csv,2023-06-21T13:18:51.446560032,BATCH-G-20230621
REV-00105917,SKU-0001116,user_9013788,Sean Joseph,5,"Absolutely love it, works perfectly!",2023-02-07,True,POSITIVE,0,SOURCE_G_REVIEWS,reviews_2023.csv,2023-02-08T00:33:13.744284084,BATCH-G-20230207
REV-00105920,SKU-0004388,user_9016175,Lee Anderson,4,Exceeded my expectations.,2023-11-25,True,POSITIVE,3,SOURCE_G_REVIEWS,reviews_2023.csv,2023-11-25T06:22:04.046130972,BATCH-G-20231125
REV-00105925,SKU-0014404,user_9023768,Christopher,3,"Poor packaging, item was defective.",2023-05-19,True,NEGATIVE,1,SOURCE_G_REVIEWS,reviews_2023.csv,2023-05-19T00:55:43.199223772,BATCH-G-20230519
REV-00105927,SKU-0017031,user_9007349,Miguel Archer,,Decent but overpriced a bit.,2023-04-27,False,NEUTRAL,0,SOURCE_G_REVIEWS,reviews_2023.csv,2023-04-28T00:41:30.757474586,BATCH-G-20230427
REV-00105933,SKU-0019685,user_9020612,Brian Davis DDS,3,"Average quality, nothing special.",2023-08-21,True,NEUTRAL,0,SOURCE_G_REVIEWS,reviews_2023.csv,2023-08-21T09:06:22.108084706,BATCH-G-20230821
REV-00105937,SKU-9948247,user_9014644,Jesse Mcmahon,5,"Solid build quality, no complaints.",2023-12-19,False,POSITIVE,0,SOURCE_G_REVIEWS,reviews_2023.csv,2023-12-19T18:53:58.504282837,BATCH-G-20231219
REV-00105939,SKU-0007909,,Anonymous,2,Arrived damaged and support was unhelpful.,2023-08-18,True,NEGATIVE,0,SOURCE_G_REVIEWS,reviews_2023.csv,2023-08-18T20:13:52.077852691,BATCH-G-20230818
REV-00105950,SKU-9989870,user_9025058,Becky Holland MD,5,"Perfect gift, they loved it!",2023-07-31,True,POSITIVE,4,SOURCE_G_REVIEWS,reviews_2023.csv,2023-07-31T06:00:38.930362125,BATCH-G-20230731
REV-00105977,SKU-0011100,user_38141,Angela Vasquez,4,"Solid build quality, no complaints.",2023-03-07,False,POSITIVE,4,SOURCE_G_REVIEWS,reviews_2023.csv,2023-03-07T14:46:36.836943074,BATCH-G-20230307
REV-00105986,SKU-0007586,user_9016782,Theresa Morales,2,   Arrived  damaged  and  support  was  unhelpful.   ,2023-12-30,True,NEGATIVE,2,SOURCE_G_REVIEWS,reviews_2023.csv,2023-12-30T12:00:01.972531457,BATCH-G-20231230
REV-00106001,SKU-0016330,user_9003816,Jacob Campbell,1,<i>edited</i>Wrong item was shipped to me.&nbsp;,2023-01-30,True,NEGATIVE,2,SOURCE_G_REVIEWS,reviews_2023.csv,2023-01-30T03:19:53.447957255,BATCH-G-20230130
REV-00106006,SKU-0000195,user_15708,David,-,Highly recommend this product.,2023-11-27,True,POSITIVE,5,SOURCE_G_REVIEWS,reviews_2023.csv,2023-11-27T06:42:43.575364345,BATCH-G-20231127
REV-00106011,SKU-0005562,user_19869,Jeffrey Livingston,4,Will definitely buy again.,2023-09-11,False,POSITIVE,1,SOURCE_G_REVIEWS,reviews_2023.csv,2023-09-11T03:20:37.249606878,BATCH-G-20230911
REV-00106024,SKU-0015503,user_52931,Shawn,5,Great value for money.,2023-01-17,True,POSITIVE,0,SOURCE_G_REVIEWS,reviews_2023.csv,2023-01-17T17:39:52.020916906,BATCH-G-20230117
REV-00106024-DUP,SKU-0015503,user_52931,Shawn,5,Great value for money.,2023-01-17,True,POSITIVE,0,SOURCE_G_REVIEWS,reviews_2023.csv,2023-01-17T18:23:52.020916906,BATCH-G-20230117
REV-00106026,SKU-0010233,user_48766,Dr. Alexander Adams,4,"   Perfect  gift,  they  loved  it!  😡   ",2023-04-05,False,POSITIVE,1,SOURCE_G_REVIEWS,reviews_2023.csv,2023-04-06T02:17:16.338259584,BATCH-G-20230405
REV-00106039,SKU-0006534,user_14205,David,4,"Perfect gift, they loved it!",2023-02-09,True,POSITIVE,6,SOURCE_G_REVIEWS,reviews_2023.csv,2023-02-09T10:09:14.881431733,BATCH-G-20230209
REV-00106043,SKU-0015158,user_28316,Cheryl Parrish,5,Better than I expected for the price.,2023-12-16,True,POSITIVE,2,SOURCE_G_REVIEWS,reviews_2023.csv,2023-12-16T07:01:51.822291548,BATCH-G-20231216
REV-00106044,SKU-0014796,,Anonymous,5,"Perfect gift, they loved it!",2023-06-11,True,POSITIVE,1,SOURCE_G_REVIEWS,reviews_2023.csv,2023-06-11T08:44:24.127796291,BATCH-G-20230611
REV-00106045,SKU-0012521,,Anonymous,5,"Absolutely love it, works perfectly!",2023-06-09,True,POSITIVE,2,SOURCE_G_REVIEWS,reviews_2023.csv,2023-06-09T20:06:56.361213497,BATCH-G-20230609
REV-00106045-DUP,SKU-0012521,,Anonymous,5,"Absolutely love it, works perfectly!",2023-06-09,True,POSITIVE,2,SOURCE_G_REVIEWS,reviews_2023.csv,2023-06-09T20:17:56.361213497,BATCH-G-20230609
REV-00106048,SKU-0000538,user_59203,Shawn Crawford,1,Very disappointed with the quality.,2023-11-25,False,NEGATIVE,1,SOURCE_G_REVIEWS,reviews_2023.csv,2023-11-25T14:03:25.135944529,BATCH-G-20231125
REV-00106054,SKU-0001355,user_29996,Teresa Johnson,5,Will definitely buy again.,2023-12-03,True,POSITIVE,0,SOURCE_G_REVIEWS,reviews_2023.csv,2023-12-04T04:00:18.231444193,BATCH-G-20231203
REV-00106061,SKU-0008747,user_6829,Bryan Ryan,3,Works fine but delivery was slow.,2023-12-08,True,NEUTRAL,4,SOURCE_G_REVIEWS,reviews_2023.csv,2023-12-08T08:39:50.807618692,BATCH-G-20231208
REV-00106076,SKU-0005304,,Anonymous,3,   Works  fine  but  delivery  was  slow.   ,2023-07-26,True,NEUTRAL,6,SOURCE_G_REVIEWS,reviews_2023.csv,2023-07-26T07:46:59.184146762,BATCH-G-20230726
REV-00106086,SKU-0018302,user_9005955,Thomas Dudley,5,"Muy buen producto, lo recomiendo.",2023-04-06,False,POSITIVE,5,SOURCE_G_REVIEWS,reviews_2023.csv,2023-04-06T11:10:35.186089967,BATCH-G-20230406
REV-00106090,SKU-0016299,user_385,Timothy Sheppard,Unknown,"बहुत अच्छा उत्पाद है, पैसा वसूल! Very disappointed with the quality. 👍",2023-09-01,True,NEGATIVE,1,SOURCE_G_REVIEWS,reviews_2023.csv,2023-09-01T10:59:14.587658149,BATCH-G-20230901
REV-00106092,SKU-0009133,user_9006702,Lisa Jordan,1,"Poor packaging, item was defective.",2023-04-16,False,NEGATIVE,2,SOURCE_G_REVIEWS,reviews_2023.csv,2023-04-16T18:12:06.003014455,BATCH-G-20230416
REV-00106093,SKU-0008832,user_50432,Chelsea Banks,4,Great value for money.,2023-05-29,False,POSITIVE,0,SOURCE_G_REVIEWS,reviews_2023.csv,2023-05-29T01:51:59.493792108,BATCH-G-20230529
REV-00106103,SKU-0003043,user_50474,Jeremiah Parker,4,Will definitely buy again.,2023-06-17,False,POSITIVE,1,SOURCE_G_REVIEWS,reviews_2023.csv,2023-06-17T16:58:50.353202798,BATCH-G-20230617
REV-00106106,SKU-0005923,user_9015084,Samantha,4,"Absolutely love it, works perfectly!",2023-05-03,True,POSITIVE,0,SOURCE_G_REVIEWS,reviews_2023.csv,2023-05-20T14:00:00,BATCH-G-20230503
REV-00106116,SKU-0003582,user_9015271,Henry,2,"Cheaply made, broke immediately.",2023-12-08,False,NEGATIVE,12,SOURCE_G_REVIEWS,reviews_2023.csv,2023-12-09T01:51:04.483365208,BATCH-G-20231208
REV-00106130,SKU-0006010,user_41425,Zachary Wolfe,4,"Exactly as described, very happy.",2023-11-08,True,POSITIVE,0,SOURCE_G_REVIEWS,reviews_2023.csv,2023-11-08T11:21:03.621399948,BATCH-G-20231108
REV-00106132,SKU-0008532,user_9030813,Taylor Paul,4,</p>Exceeded my expectations.<i>edited</i>,2023-08-19,True,POSITIVE,2,SOURCE_G_REVIEWS,reviews_2023.csv,2023-08-19T05:35:22.660051893,BATCH-G-20230819
REV-00106137,SKU-0003817,,Anonymous,4,   Better  than  I  expected  for  the  price.   ,2023-01-18,True,POSITIVE,0,SOURCE_G_REVIEWS,reviews_2023.csv,2023-01-19T02:08:45.350040698,BATCH-G-20230118
REV-00106139,SKU-0005668,user_66322,Richard Johnson,5,"Average quality, nothing special.",2023-01-14,False,NEUTRAL,0,SOURCE_G_REVIEWS,reviews_2023.csv,2023-01-14T11:41:40.505543832,BATCH-G-20230114
REV-00106145,SKU-0011866,user_44050,Jesse,4,"Average quality, nothing special.",2023-12-23,True,NEUTRAL,0,SOURCE_G_REVIEWS,reviews_2023.csv,2023-12-23T23:19:25.139421789,BATCH-G-20231223
REV-00106149,SKU-0004124,user_15848,Jennifer Hunter,5,   Highly  recommend  this  product.   ,2023-04-30,True,POSITIVE,0,SOURCE_G_REVIEWS,reviews_2023.csv,2023-05-01T03:43:05.710335629,BATCH-G-20230430
REV-00106164,SKU-0004495,,Anonymous,4,Fast delivery and great quality.,2023-11-24,False,POSITIVE,8,SOURCE_G_REVIEWS,reviews_2023.csv,2023-11-24T21:36:52.789555521,BATCH-G-20231124
REV-00106174,SKU-0019128,user_35496,Joseph,5,Exceeded my expectations.,2023-01-25,False,POSITIVE,0,SOURCE_G_REVIEWS,reviews_2023.csv,2023-01-25T11:13:06.600637613,BATCH-G-20230125
REV-00106174-BOT,SKU-0019128,user_9016199,Reginald,5,Exceeded my expectations.,2023-01-25,False,POSITIVE,0,SOURCE_G_REVIEWS,reviews_2023.csv,2023-01-25T11:13:06.600637613,BATCH-G-20230125
REV-00106176,SKU-0002303,user_9013949,Anthony Garcia,5,Better than I expected for the price.,2023-07-30,False,POSITIVE,12,SOURCE_G_REVIEWS,reviews_2023.csv,2023-07-30T08:41:50.951826961,BATCH-G-20230730
REV-00106187,SKU-0002540,user_16739,Andrew Davenport,4,गुणवत्ता ठीक नहीं थी।,2023-01-16,False,POSITIVE,5,SOURCE_G_REVIEWS,reviews_2023.csv,2023-01-16T01:37:53.107280143,BATCH-G-20230116
REV-00106190,SKU-0012367,user_41329,Barbara Ramsey,5,   Highly  recommend  this  product.   ,2023-07-11,True,POSITIVE,15,SOURCE_G_REVIEWS,reviews_2023.csv,2023-07-11T01:23:50.522026218,BATCH-G-20230711
REV-00106196,SKU-0017615,user_20214,Brandy,1,Stopped working after a week.,2023-02-20,True,NEGATIVE,5,SOURCE_G_REVIEWS,reviews_2023.csv,2023-02-20T02:42:22.719967524,BATCH-G-20230220
REV-00106198,SKU-0016368,user_9032076,Timothy,4,"Absolutely love it, works perfectly!",2023-09-26,True,POSITIVE,3,SOURCE_G_REVIEWS,reviews_2023.csv,2023-10-16T15:00:00,BATCH-G-20230926
REV-00106212,SKU-0004726,user_9033145,Billy Thompson,2,   Arrived  damaged  and  support  was  unhelpful.   ,2023-01-06,True,NEGATIVE,4,SOURCE_G_REVIEWS,reviews_2023.csv,2023-01-06T09:12:00.897929,BATCH-G-20230106
REV-00106215,SKU-0018904,user_50662,Scott Evans,1,Very disappointed with the quality. 😡,2023-04-21,True,NEGATIVE,0,SOURCE_G_REVIEWS,reviews_2023.csv,2023-04-21T02:07:09.380575916,BATCH-G-20230421
REV-00106217,SKU-0018898,user_9005052,Travis,5,गुणवत्ता ठीक नहीं थी।,2023-03-02,True,POSITIVE,3,SOURCE_G_REVIEWS,reviews_2023.csv,2023-03-03T02:40:41.265458112,BATCH-G-20230302
REV-00106219,SKU-0001319,user_9002629,Amy,5,Highly recommend this product. 😀,2023-09-11,True,POSITIVE,0,SOURCE_G_REVIEWS,reviews_2023.csv,2023-09-11T15:30:31.081609994,BATCH-G-20230911
REV-00106220,SKU-0013973,user_4100,Lisa,5,   &nbsp;Better  than  I  expected  for  the  price.  👍</p>   ,2023-12-20,True,POSITIVE,9,SOURCE_G_REVIEWS,reviews_2023.csv,2023-12-20T00:54:28.818424675,BATCH-G-20231220
REV-00106239,SKU-0005318,user_9020272,Sheila Watts,4,Better than I expected for the price.,2023-07-28,False,POSITIVE,2,SOURCE_G_REVIEWS,reviews_2023.csv,2023-07-28T08:48:27.657504726,BATCH-G-20230728
REV-00106248,SKU-0015006,user_17250,Paul Foley III,1,Stopped working after a week.,2023-07-06,False,NEGATIVE,0,SOURCE_G_REVIEWS,reviews_2023.csv,2023-07-06T05:59:35.244659493,BATCH-G-20230706
REV-00106252,SKU-0009926,user_9006451,John Montes,5,"Perfect gift, they loved it!",2023-06-20,True,POSITIVE,9,SOURCE_G_REVIEWS,reviews_2023.csv,2023-06-20T23:21:48.087070187,BATCH-G-20230620
REV-00106256,SKU-0016166,user_14885,Colleen,4,"Absolutely love it, works perfectly! 🔥🔥",2023-03-10,False,POSITIVE,1,SOURCE_G_REVIEWS,reviews_2023.csv,2023-03-10T17:15:48.575886579,BATCH-G-20230310
REV-00106269,SKU-0003465,user_9016750,Emily,3,"Average quality, nothing special. 🔥😐",2023-08-30,True,NEUTRAL,6,SOURCE_G_REVIEWS,reviews_2023.csv,2023-08-30T19:02:48.690041271,BATCH-G-20230830
REV-00106274,SKU-0014808,user_61083,Louis,4,Great value for money.,2023-08-01,False,POSITIVE,3,SOURCE_G_REVIEWS,reviews_2023.csv,2023-08-01T23:23:38.393339864,BATCH-G-20230801
REV-00106277,SKU-0002860,user_9006804,Susan Thompson,5,Great value for money.,2023-09-02,True,POSITIVE,0,SOURCE_G_REVIEWS,reviews_2023.csv,2023-09-02T07:39:59.087924814,BATCH-G-20230902
REV-00106289,SKU-0008400,user_9033948,Shannon Clark,5,Great value for money.,2023-07-31,False,POSITIVE,2,SOURCE_G_REVIEWS,reviews_2023.csv,2023-08-01T02:22:04.502039728,BATCH-G-20230731
REV-00106296,SKU-0002934,user_9019552,Brandy Diaz,2,Wrong item was shipped to me.,2023-12-27,True,NEGATIVE,1,SOURCE_G_REVIEWS,reviews_2023.csv,2023-12-27T23:56:24.506213449,BATCH-G-20231227
REV-00106301,SKU-0001650,user_10566,Eric Kaufman,4,"Absolutely love it, works perfectly!",2023-01-13,False,POSITIVE,10,SOURCE_G_REVIEWS,reviews_2023.csv,2023-01-13T02:25:02.507799263,BATCH-G-20230113
REV-00106306,SKU-0008601,user_9018138,Elizabeth Perez,5,"Exactly as described, very happy.",2023-06-17,True,POSITIVE,3,SOURCE_G_REVIEWS,reviews_2023.csv,2023-06-17T19:58:13.634485321,BATCH-G-20230617
REV-00106312,SKU-0005487,user_2283,Dan Castro,5,"Absolutely love it, works perfectly!",2023-12-04,True,POSITIVE,2,SOURCE_G_REVIEWS,reviews_2023.csv,2023-12-05T04:05:57.490764389,BATCH-G-20231204
REV-00106314,SKU-0003585,user_9027196,Jamie Ramos,1,"Cheaply made, broke immediately.",2023-12-21,False,NEGATIVE,15,SOURCE_G_REVIEWS,reviews_2023.csv,2023-12-22T05:03:16.557792640,BATCH-G-20231221
REV-00106316,SKU-0017723,user_69002,Amber,2,"Muy buen producto, lo recomiendo. Waste of money, do not buy.",2023-02-28,True,NEGATIVE,1,SOURCE_G_REVIEWS,reviews_2023.csv,2023-03-01T02:51:06.237862696,BATCH-G-20230228
REV-00106328,SKU-0013970,user_2282,Daniel Robinson,5,"Solid build quality, no complaints.",2023-08-06,True,POSITIVE,8,SOURCE_G_REVIEWS,reviews_2023.csv,2023-08-06T11:26:12.234634773,BATCH-G-20230806
REV-00106333,SKU-0005032,user_23073,John Sampson,5,"Perfect gift, they loved it!",2023-08-05,False,POSITIVE,4,SOURCE_G_REVIEWS,reviews_2023.csv,2023-08-06T05:54:09.412701450,BATCH-G-20230805
REV-00106344,SKU-0000648,user_4041,Kylie Andrews,1,Wrong item was shipped to me.,2023-11-24,False,NEGATIVE,1,SOURCE_G_REVIEWS,reviews_2023.csv,2023-11-24T08:55:09.538538386,BATCH-G-20231124
REV-00106345,SKU-0008326,user_68026,Emma Morris,5,Great value for money.,2023-04-03,False,POSITIVE,7,SOURCE_G_REVIEWS,reviews_2023.csv,2023-04-03T20:39:22.724074807,BATCH-G-20230403
REV-00106351,SKU-0009988,user_9018822,Kathy Campbell,5,Will definitely buy again.,2023-11-19,True,POSITIVE,1,SOURCE_G_REVIEWS,reviews_2023.csv,2023-11-19T12:44:54.412288630,BATCH-G-20231119
REV-00106356,SKU-0018635,,Anonymous,1,"Muy buen producto, lo recomiendo. Stopped working after a week.",2023-04-15,True,NEGATIVE,0,SOURCE_G_REVIEWS,reviews_2023.csv,2023-04-16T00:44:17.677595456,BATCH-G-20230415
REV-00106364,SKU-0010327,user_4710,Gregg Duncan,5,"Absolutely love it, works perfectly!",2023-12-12,True,POSITIVE,1,SOURCE_G_REVIEWS,reviews_2023.csv,2023-12-13T05:54:59.409925729,BATCH-G-20231212
REV-00106371,SKU-0007234,user_9032636,Richard Mcfarland,4,"Perfect gift, they loved it! 😢",2023-09-10,True,POSITIVE,0,SOURCE_G_REVIEWS,reviews_2023.csv,2023-09-10T22:53:26.987692816,BATCH-G-20230910
REV-00106382,SKU-0013789,user_21629,Charles,3,"Not bad, not great either.",2023-12-26,False,NEUTRAL,2,SOURCE_G_REVIEWS,reviews_2023.csv,2023-12-26T22:55:13.567140809,BATCH-G-20231226
REV-00106393,SKU-9931065,user_50114,Ronald Newman,2,"It's okay, does the job.",2023-06-02,True,NEUTRAL,3,SOURCE_G_REVIEWS,reviews_2023.csv,2023-06-03T03:21:08.404535679,BATCH-G-20230602
REV-00106395,SKU-0018432,user_68097,Stephanie Avery,4,"Absolutely love it, works perfectly!",2023-02-04,False,POSITIVE,1,SOURCE_G_REVIEWS,reviews_2023.csv,2023-02-05T05:14:01.888556833,BATCH-G-20230204
REV-00106403,SKU-0002120,user_4439,Lauren Douglas,3,Decent but overpriced a bit.,2023-02-10,True,NEUTRAL,3,SOURCE_G_REVIEWS,reviews_2023.csv,2023-02-11T01:02:05.700074253,BATCH-G-20230210
REV-00106408,SKU-0008757,user_49674,James Torres,1,Arrived damaged and support was unhelpful.,2023-08-20,False,NEGATIVE,3,SOURCE_G_REVIEWS,reviews_2023.csv,2023-08-20T21:20:39.826530501,BATCH-G-20230820
REV-00106410,SKU-0015248,,Anonymous,1,"Cheaply made, broke immediately.",2023-11-12,False,NEGATIVE,3,SOURCE_G_REVIEWS,reviews_2023.csv,2023-11-13T05:36:24.359720725,BATCH-G-20231112
REV-00106411,SKU-0010068,user_65864,Paul,5,Exceeded my expectations.,2023-11-14,False,POSITIVE,0,SOURCE_G_REVIEWS,reviews_2023.csv,2023-11-14T00:35:04.153873225,BATCH-G-20231114
REV-00106415,SKU-0019914,user_9001292,Frank,5,Great value for money.,2023-10-10,True,POSITIVE,1,SOURCE_G_REVIEWS,reviews_2023.csv,2023-10-10T14:05:19.210724366,BATCH-G-20231010
REV-00106429,SKU-0015227,,Anonymous,4,Will definitely buy again.,2023-11-13,False,POSITIVE,8,SOURCE_G_REVIEWS,reviews_2023.csv,2023-11-13T22:27:53.785557559,BATCH-G-20231113
REV-00106436,SKU-0004964,,Anonymous,4,"Perfect gift, they loved it!",2023-12-28,True,POSITIVE,2,SOURCE_G_REVIEWS,reviews_2023.csv,2023-12-29T01:35:00.624203135,BATCH-G-20231228
REV-00106437,SKU-0008547,user_9002642,Anna Peterson,2,Stopped working after a week.,2023-08-06,True,NEGATIVE,2,SOURCE_G_REVIEWS,reviews_2023.csv,2023-08-06T02:09:50.355370668,BATCH-G-20230806
REV-00106444,SKU-0007128,user_9503,Hannah Ball,4,Better than I expected for the price.,2023-03-18,True,POSITIVE,5,SOURCE_G_REVIEWS,reviews_2023.csv,2023-03-18T14:29:33.805839188,BATCH-G-20230318
REV-00106446,SKU-9939361,user_32851,Sandra Johnston,5,Excellent rapport qualité-prix.,2023-08-01,True,POSITIVE,2,SOURCE_G_REVIEWS,reviews_2023.csv,2023-08-01T02:45:40.515870813,BATCH-G-20230801
REV-00106472,SKU-0002687,user_9022665,Samantha,5,Fast delivery and great quality.,2023-06-22,False,POSITIVE,1,SOURCE_G_REVIEWS,reviews_2023.csv,2023-06-23T03:48:48.072391679,BATCH-G-20230622
REV-00106486,SKU-0019558,user_11339,James Williams,1,"Poor packaging, item was defective.",2023-07-30,True,NEGATIVE,5,SOURCE_G_REVIEWS,reviews_2023.csv,2023-07-30T00:38:57.716039567,BATCH-G-20230730
REV-00106487,SKU-0014447,user_13191,Timothy Mendoza,4,Excellent rapport qualité-prix.,2023-04-25,True,POSITIVE,0,SOURCE_G_REVIEWS,reviews_2023.csv,2023-04-25T04:37:13.971906616,BATCH-G-20230425
REV-00106489,SKU-9978998,,Anonymous,5,Exceeded my expectations.,2023-01-14,False,POSITIVE,0,SOURCE_G_REVIEWS,reviews_2023.csv,2023-01-14T15:10:14.966825351,BATCH-G-20230114
REV-00106494,SKU-0011947,user_9025051,Kayla Powell,4,"   Perfect  gift,  they  loved  it!   ",2023-03-03,True,POSITIVE,2,SOURCE_G_REVIEWS,reviews_2023.csv,2023-03-03T04:13:18.001936697,BATCH-G-20230303
REV-00106498,SKU-0003633,user_11147,Austin Nelson,5,Fast delivery and great quality.,2023-05-12,True,POSITIVE,1,SOURCE_G_REVIEWS,reviews_2023.csv,2023-05-13T03:03:57.505611501,BATCH-G-20230512
REV-00106502,SKU-0003231,user_56260,Lynn,1,"Poor packaging, item was defective.",2023-03-14,False,NEGATIVE,0,SOURCE_G_REVIEWS,reviews_2023.csv,2023-03-14T08:41:22.498263797,BATCH-G-20230314
REV-00106502-DUP,SKU-0003231,user_56260,Lynn,1,"Poor packaging, item was defective.",2023-03-14,False,NEGATIVE,0,SOURCE_G_REVIEWS,reviews_2023.csv,2023-03-14T09:13:22.498263797,BATCH-G-20230314
REV-00106514,SKU-0018420,user_9024127,Marcus Rose,5,Will definitely buy again.,2023-09-12,True,POSITIVE,2,SOURCE_G_REVIEWS,reviews_2023.csv,2023-09-13T05:01:31.661695318,BATCH-G-20230912
REV-00106520,SKU-0002768,user_25438,Erika,5,"Absolutely love it, works perfectly!",2023-10-24,False,POSITIVE,4,SOURCE_G_REVIEWS,reviews_2023.csv,2023-10-24T11:45:22.235752213,BATCH-G-20231024
REV-00106528,SKU-0007894,user_19324,William,4,"Muy buen producto, lo recomiendo.",2023-12-17,True,POSITIVE,0,SOURCE_G_REVIEWS,reviews_2023.csv,2023-12-17T04:16:32.344687172,BATCH-G-20231217
REV-00106529,SKU-0010328,user_9011455,Clifford Luna,6,"Average quality, nothing special.",2023-06-01,False,NEUTRAL,0,SOURCE_G_REVIEWS,reviews_2023.csv,2023-06-02T01:52:48.963257668,BATCH-G-20230601
REV-00106539,SKU-0020112,user_44993,Theresa,1,Arrived damaged and support was unhelpful.,2023-05-09,False,NEGATIVE,6,SOURCE_G_REVIEWS,reviews_2023.csv,2023-05-09T02:27:11.589500183,BATCH-G-20230509
REV-00106541,SKU-0008109,user_9026526,Amanda,5,"Exactly as described, very happy.",2023-09-15,True,POSITIVE,9,SOURCE_G_REVIEWS,reviews_2023.csv,2023-09-15T20:25:15.126780876,BATCH-G-20230915
REV-00106543,SKU-0015360,user_9029238,Dawn Ramsey,5,"Solid build quality, no complaints.",2023-04-13,True,POSITIVE,3,SOURCE_G_REVIEWS,reviews_2023.csv,2023-04-13T06:49:48.563766320,BATCH-G-20230413
REV-00106545,SKU-0018679,user_9029583,Jennifer Barber,5,   Will  definitely  buy  again.   ,2023-09-09,False,POSITIVE,0,SOURCE_G_REVIEWS,reviews_2023.csv,2023-09-09T20:42:35.478044693,BATCH-G-20230909
REV-00106552,SKU-0016388,user_17022,Joseph Cooke,4,Highly recommend this product.,2023-08-23,True,POSITIVE,1,SOURCE_G_REVIEWS,reviews_2023.csv,2023-08-23T10:14:11.781904360,BATCH-G-20230823
REV-00106555,SKU-0017356,user_30063,Kathryn,1,Will definitely buy again.,2023-12-02,True,POSITIVE,0,SOURCE_G_REVIEWS,reviews_2023.csv,2023-12-02T03:27:34.683172413,BATCH-G-20231202
REV-00106556,SKU-0007925,user_28983,Katie,4,Highly recommend this product.,2023-12-10,True,POSITIVE,1,SOURCE_G_REVIEWS,reviews_2023.csv,2023-12-11T02:30:43.847392736,BATCH-G-20231210
REV-00106560,SKU-0008614,user_9000283,Jasmine Campbell,2,Not as described at all.,2023-09-05,True,NEGATIVE,5,SOURCE_G_REVIEWS,reviews_2023.csv,2023-09-06T05:25:27.662068692,BATCH-G-20230905
REV-00106561,SKU-0011066,,Anonymous,5,"Absolutely love it, works perfectly!",2023-03-24,True,POSITIVE,0,SOURCE_G_REVIEWS,reviews_2023.csv,2023-03-25T01:29:20.663119346,BATCH-G-20230324
REV-00106562,SKU-9917564,,Anonymous,5,Highly recommend this product.,2023-01-30,True,POSITIVE,5,SOURCE_G_REVIEWS,reviews_2023.csv,2023-01-30T19:01:10.385228284,BATCH-G-20230130
REV-00106592,SKU-0013479,user_9015551,Jared Hamilton,4,Excellent rapport qualité-prix.,2023-09-23,True,POSITIVE,0,SOURCE_G_REVIEWS,reviews_2023.csv,2023-09-23T08:23:11.281127995,BATCH-G-20230923
REV-00106598,SKU-0011727,user_9018766,Jessica,5,Better than I expected for the price.,2023-12-15,False,POSITIVE,0,SOURCE_G_REVIEWS,reviews_2023.csv,2023-12-15T01:34:45.932731180,BATCH-G-20231215
REV-00106611,SKU-0018586,,Anonymous,5,Exceeded my expectations.,2023-07-02,False,POSITIVE,0,SOURCE_G_REVIEWS,reviews_2023.csv,2023-07-02T22:07:21.757950363,BATCH-G-20230702
REV-00106621,SKU-0019723,user_9014140,Stephen Jones,5,"   Perfect  gift,  they  loved  it!   ",2023-11-28,False,POSITIVE,6,SOURCE_G_REVIEWS,reviews_2023.csv,2023-11-28T15:20:30.798644358,BATCH-G-20231128
REV-00106624,SKU-0000806,user_51391,Brandi,3,"It's okay, does the job.",2023-10-14,True,NEUTRAL,0,SOURCE_G_REVIEWS,reviews_2023.csv,2023-10-14T15:31:22.968248257,BATCH-G-20231014
REV-00106631,SKU-0017920,,Anonymous,4,"Absolutely love it, works perfectly!",2023-04-26,True,POSITIVE,1,SOURCE_G_REVIEWS,reviews_2023.csv,2023-04-26T05:47:16.402759039,BATCH-G-20230426
REV-00106668,SKU-0015691,user_9023352,Brittany,4,"Absolutely love it, works perfectly!",2023-01-14,False,POSITIVE,0,SOURCE_G_REVIEWS,reviews_2023.csv,2023-01-24T09:00:00,BATCH-G-20230114
REV-00106672,SKU-0000976,user_9034336,Jamie,5,Great value for money.,2023-02-12,True,POSITIVE,0,SOURCE_G_REVIEWS,reviews_2023.csv,2023-02-13T04:01:46.012207316,BATCH-G-20230212
REV-00106681,SKU-0007996,user_45665,Nicholas Harrison,2,Works fine but delivery was slow.,2023-04-11,False,NEUTRAL,4,SOURCE_G_REVIEWS,reviews_2023.csv,2023-04-11T11:37:19.522531634,BATCH-G-20230411
REV-00106690,SKU-0013602,user_9007669,Kimberly Olson,5,"Muy buen producto, lo recomiendo.",2023-02-02,True,POSITIVE,2,SOURCE_G_REVIEWS,reviews_2023.csv,2023-02-03T05:29:00.721113680,BATCH-G-20230202
REV-00106693,SKU-0020178,user_46586,Eric Rogers,6,गुणवत्ता ठीक नहीं थी।,2023-12-18,True,NEUTRAL,2,SOURCE_G_REVIEWS,reviews_2023.csv,2023-12-18T19:45:12.793702212,BATCH-G-20231218
REV-00106720,SKU-0008434,,Anonymous,5,"Solid build quality, no complaints.",2023-04-30,True,POSITIVE,0,SOURCE_G_REVIEWS,reviews_2023.csv,2023-05-01T01:56:53.785148253,BATCH-G-20230430
REV-00106723,SKU-0014136,,Anonymous,5,"Solid build quality, no complaints.",2023-11-08,False,POSITIVE,3,SOURCE_G_REVIEWS,reviews_2023.csv,2023-11-09T00:30:27.648547267,BATCH-G-20231108
REV-00106732,SKU-0012733,user_9019879,Ana Petersen,5,Not as described at all.,2023-02-09,False,NEGATIVE,3,SOURCE_G_REVIEWS,reviews_2023.csv,2023-02-10T02:23:43.720025895,BATCH-G-20230209
REV-00106744,SKU-0019890,user_38410,Michael Russell,3,"It's okay, does the job.",2023-07-12,False,NEUTRAL,3,SOURCE_G_REVIEWS,reviews_2023.csv,2023-07-13T00:11:43.341537841,BATCH-G-20230712
REV-00106747,SKU-0007291,user_9010248,Pamela Thornton,4,Fast delivery and great quality.,2023-08-23,True,POSITIVE,5,SOURCE_G_REVIEWS,reviews_2023.csv,2023-08-23T02:21:23.050529022,BATCH-G-20230823
REV-00106755,SKU-0016764,user_36796,Donna,4,Great value for money.,2023-07-19,True,POSITIVE,3,SOURCE_G_REVIEWS,reviews_2023.csv,2023-07-20T00:24:43.726902040,BATCH-G-20230719
REV-00106765,SKU-0011202,user_9001473,Tim Hughes,NA,"Exactly as described, very happy.",2023-09-18,False,POSITIVE,2,SOURCE_G_REVIEWS,reviews_2023.csv,2023-09-19T05:22:13.393399921,BATCH-G-20230918
REV-00106770,SKU-0002380,,Anonymous,2,"Cheaply made, broke immediately.",2023-12-13,False,NEGATIVE,0,SOURCE_G_REVIEWS,reviews_2023.csv,2023-12-13T09:14:51.784149186,BATCH-G-20231213
REV-00106783,SKU-0004806,user_9006735,Kyle King,5,Very disappointed with the quality.,2023-10-28,True,NEGATIVE,0,SOURCE_G_REVIEWS,reviews_2023.csv,2023-10-28T21:44:53.019509859,BATCH-G-20231028
REV-00106834,SKU-0014187,,Anonymous,5,"Solid build quality, no complaints.",2023-08-13,False,POSITIVE,0,SOURCE_G_REVIEWS,reviews_2023.csv,2023-08-13T01:41:27.358460918,BATCH-G-20230813
REV-00106849,SKU-0012431,user_59182,Kevin,5,"Perfect gift, they loved it!",2023-08-09,False,POSITIVE,-1,SOURCE_G_REVIEWS,reviews_2023.csv,2023-08-09T06:26:31.986577600,BATCH-G-20230809
REV-00106855,SKU-0014286,user_9027407,Lorraine Parker,5,Fast delivery and great quality.,2023-03-28,True,POSITIVE,0,SOURCE_G_REVIEWS,reviews_2023.csv,2023-03-28T03:36:07.217788795,BATCH-G-20230328
REV-00106875,SKU-0015252,user_16163,Jennifer Weaver,4,Better than I expected for the price.,2023-08-08,True,POSITIVE,0,SOURCE_G_REVIEWS,reviews_2023.csv,2023-08-08T03:05:11.953647470,BATCH-G-20230808
REV-00106878,SKU-0007730,user_31026,Raymond,5,Fast delivery and great quality.,2023-07-16,True,POSITIVE,1,SOURCE_G_REVIEWS,reviews_2023.csv,2023-07-17T05:34:24.426838644,BATCH-G-20230716
REV-00106879,SKU-0006824,user_5346,Veronica Johnson,5,"Exactly as described, very happy.",2023-03-19,True,POSITIVE,2,SOURCE_G_REVIEWS,reviews_2023.csv,2023-03-19T02:59:11.503219529,BATCH-G-20230319
REV-00106880,SKU-0009791,user_4114,Joseph Moore,4,Great value for money.,2023-01-05,True,POSITIVE,17,SOURCE_G_REVIEWS,reviews_2023.csv,2023-01-05T20:05:11.668907176,BATCH-G-20230105
REV-00106887,SKU-0008878,user_9012068,Julie Welch,unknown,"Not bad, not great either.",2023-08-20,False,NEUTRAL,2,SOURCE_G_REVIEWS,reviews_2023.csv,2023-08-20T08:27:17.837101855,BATCH-G-20230820
REV-00106892,SKU-0002505,user_37626,Robert Larson,4,Better than I expected for the price.,2023-08-22,True,POSITIVE,1,SOURCE_G_REVIEWS,reviews_2023.csv,2023-08-22T13:33:19.066788118,BATCH-G-20230822
REV-00106892-DUP,SKU-0002505,user_37626,Robert Larson,4,Better than I expected for the price.,2023-08-22,True,POSITIVE,1,SOURCE_G_REVIEWS,reviews_2023.csv,2023-08-22T14:15:19.066788118,BATCH-G-20230822
REV-00106913,SKU-0010148,user_41914,Rebecca,5,Highly recommend this product.,2023-10-26,False,POSITIVE,1,SOURCE_G_REVIEWS,reviews_2023.csv,2023-10-26T09:41:47.946018917,BATCH-G-20231026
REV-00106915,SKU-0004449,,Anonymous,5,Exceeded my expectations. 😍,2023-01-09,True,POSITIVE,0,SOURCE_G_REVIEWS,reviews_2023.csv,2023-01-10T00:56:27.792959632,BATCH-G-20230109
REV-00106924,SKU-0006398,user_9029631,Tamara,5,"   Perfect  gift,  they  loved  it!   ",2023-10-24,True,POSITIVE,7,SOURCE_G_REVIEWS,reviews_2023.csv,2023-10-24T06:11:39.159177197,BATCH-G-20231024
REV-00106941,SKU-0015201,user_21136,Jane Lawson,1,Arrived damaged and support was unhelpful.,2023-09-03,False,NEGATIVE,1,SOURCE_G_REVIEWS,reviews_2023.csv,2023-09-04T03:47:17.107912662,BATCH-G-20230903
REV-00106955,SKU-0013986,user_25876,Jennifer Parsons,4,Better than I expected for the price.,2023-11-17,True,POSITIVE,4,SOURCE_G_REVIEWS,reviews_2023.csv,2023-11-18T03:00:37.350272768,BATCH-G-20231117
REV-00106955-BOT,SKU-0013986,user_9028303,Roy Zimmerman,4,Better than I expected for the price.,2023-11-17,False,POSITIVE,0,SOURCE_G_REVIEWS,reviews_2023.csv,2023-11-18T03:00:37.350272768,BATCH-G-20231117
REV-00106970,SKU-0017988,user_9016189,Desiree Ruiz,4,"Perfect gift, they loved it!",2023-09-15,False,POSITIVE,3,SOURCE_G_REVIEWS,reviews_2023.csv,2023-09-16T05:57:52.450149006,BATCH-G-20230915
REV-00106976,SKU-0016771,user_28238,Adam Harvey,5,"Absolutely love it, works perfectly!",2023-05-08,True,POSITIVE,1,SOURCE_G_REVIEWS,reviews_2023.csv,2023-05-08T18:24:41.770178950,BATCH-G-20230508
REV-00106978,SKU-0011746,user_9031472,Johnny,5,Fast delivery and great quality.,2023-09-26,False,POSITIVE,1,SOURCE_G_REVIEWS,reviews_2023.csv,2023-09-26T11:18:19.544241486,BATCH-G-20230926
REV-00106986,SKU-0008134,user_40733,James Pierce,4,Great value for money.,2023-12-09,False,POSITIVE,6,SOURCE_G_REVIEWS,reviews_2023.csv,2023-12-09T21:44:54.078818208,BATCH-G-20231209
REV-00106989,SKU-0018766,,Anonymous,4,NULL,2023-05-19,True,POSITIVE,2,SOURCE_G_REVIEWS,reviews_2023.csv,2023-05-19T12:50:43.659990318,BATCH-G-20230519
REV-00106995,SKU-0017072,user_16137,Michelle,3,"Average quality, nothing special.",2023-12-31,True,NEUTRAL,3,SOURCE_G_REVIEWS,reviews_2023.csv,2023-12-31T15:45:09.194563414,BATCH-G-20231231
REV-00106998,SKU-0014465,user_11168,Mckenzie,5,Better than I expected for the price.,2023-10-13,True,POSITIVE,2,SOURCE_G_REVIEWS,reviews_2023.csv,2023-10-14T01:03:10.134614646,BATCH-G-20231013
REV-00107000,SKU-0013575,user_53504,Charles Melendez,5,"बहुत अच्छा उत्पाद है, पैसा वसूल!",2023-01-09,True,POSITIVE,4,SOURCE_G_REVIEWS,reviews_2023.csv,2023-01-09T01:08:25.159678443,BATCH-G-20230109
REV-00107009,SKU-9951171,user_9006493,Loretta,4,Better than I expected for the price.,2023-11-11,False,POSITIVE,7,SOURCE_G_REVIEWS,reviews_2023.csv,2023-11-11T22:42:31.256554115,BATCH-G-20231111
REV-00107033,SKU-0009225,user_43164,Kathleen Patterson,3,Works fine but delivery was slow.,2023-01-16,True,NEUTRAL,3,SOURCE_G_REVIEWS,reviews_2023.csv,2023-01-17T02:16:26.855324381,BATCH-G-20230116
REV-00107067,SKU-0014624,,Anonymous,5,"Poor packaging, item was defective.",2023-07-20,False,NEGATIVE,1,SOURCE_G_REVIEWS,reviews_2023.csv,2023-07-20T11:24:41.538758130,BATCH-G-20230720
REV-00107086,SKU-0007982,user_22400,Melissa Knight,4,Fast delivery and great quality.,2023-06-15,False,POSITIVE,8,SOURCE_G_REVIEWS,reviews_2023.csv,2023-06-16T00:22:59.651327587,BATCH-G-20230615
REV-00107091,SKU-0015341,user_9008981,Kevin Barker,2,"बहुत अच्छा उत्पाद है, पैसा वसूल!",2023-12-18,False,NEGATIVE,0,SOURCE_G_REVIEWS,reviews_2023.csv,2023-12-18T01:20:05.309110067,BATCH-G-20231218
REV-00107092,SKU-0005634,user_9017669,Scott Barton,5,Exceeded my expectations.,2023-11-17,True,POSITIVE,1,SOURCE_G_REVIEWS,reviews_2023.csv,2023-11-18T02:27:39.227964189,BATCH-G-20231117
REV-00107094,SKU-0008484,,Anonymous,2,Arrived damaged and support was unhelpful.,2023-12-21,False,NEGATIVE,5,SOURCE_G_REVIEWS,reviews_2023.csv,2023-12-22T00:35:50.435329887,BATCH-G-20231221
REV-00107111,SKU-0011597,user_57658,John Wallace,1,"   Poor  packaging,  item  was  defective.   ",2023-02-17,False,NEGATIVE,6,SOURCE_G_REVIEWS,reviews_2023.csv,2023-02-17T07:35:18.284724239,BATCH-G-20230217
REV-00107132,SKU-0015229,user_42191,Henry,5,"   Exactly  as  described,  very  happy.   ",2023-06-04,False,POSITIVE,4,SOURCE_G_REVIEWS,reviews_2023.csv,2023-06-05T01:14:08.898312164,BATCH-G-20230604
REV-00107134,SKU-0004281,user_9028373,Jessica Nguyen,5,"Perfect gift, they loved it!",2023-08-25,True,POSITIVE,0,SOURCE_G_REVIEWS,reviews_2023.csv,2023-08-25T16:45:15.144658286,BATCH-G-20230825
REV-00107136,SKU-0001453,user_45434,John Levine,,Highly recommend this product.,2023-08-31,True,POSITIVE,0,SOURCE_G_REVIEWS,reviews_2023.csv,2023-08-31T11:32:40.739947579,BATCH-G-20230831
REV-00107145,SKU-0015719,user_9029301,Brandon Wilson,,Fast delivery and great quality.,2023-01-28,False,POSITIVE,1,SOURCE_G_REVIEWS,reviews_2023.csv,2023-01-28T06:56:38.583158263,BATCH-G-20230128
REV-00107151,SKU-0018848,user_45078,Jennifer,4,"Solid build quality, no complaints.",2023-09-12,True,POSITIVE,0,SOURCE_G_REVIEWS,reviews_2023.csv,2023-09-12T23:31:41.664519086,BATCH-G-20230912
REV-00107152,SKU-0011974,,Anonymous,3,"Matches the description, no issues.",2023-01-26,False,NEUTRAL,2,SOURCE_G_REVIEWS,reviews_2023.csv,2023-01-27T02:33:01.388381502,BATCH-G-20230126
REV-00107155,SKU-9984053,user_9001955,Justin Paul,5,<p>Highly recommend this product.</p>,2023-03-01,True,POSITIVE,0,SOURCE_G_REVIEWS,reviews_2023.csv,2023-03-01T04:55:07.291855596,BATCH-G-20230301
REV-00107159,SKU-0013162,,Anonymous,5,Fast delivery and great quality.,2023-03-29,True,POSITIVE,8,SOURCE_G_REVIEWS,reviews_2023.csv,2023-03-29T05:55:18.343304261,BATCH-G-20230329
REV-00107170,SKU-0008930,user_4765,Mr.,4,Highly recommend this product.,2023-10-14,True,POSITIVE,4,SOURCE_G_REVIEWS,reviews_2023.csv,2023-10-14T04:24:56.338936321,BATCH-G-20231014
REV-00107185,SKU-0013686,user_9009249,Jose,5,"Absolutely love it, works perfectly!",2023-10-14,False,POSITIVE,1,SOURCE_G_REVIEWS,reviews_2023.csv,2023-10-15T02:04:30.901769644,BATCH-G-20231014
REV-00107190,SKU-0009205,user_56261,Mark,1,Not as described at all.,2023-06-19,False,NEGATIVE,0,SOURCE_G_REVIEWS,reviews_2023.csv,2023-06-19T16:32:03.182820234,BATCH-G-20230619
REV-00107191,SKU-0012876,,Anonymous,Unknown,"Average quality, nothing special.",2023-12-21,False,NEUTRAL,1,SOURCE_G_REVIEWS,reviews_2023.csv,2023-12-21T20:01:17.739108272,BATCH-G-20231221
REV-00107197,SKU-0008610,,Anonymous,2,"Waste of money, do not buy.",2023-07-29,True,NEGATIVE,3,SOURCE_G_REVIEWS,reviews_2023.csv,2023-07-29T08:09:01.360828802,BATCH-G-20230729
REV-00107197-DUP,SKU-0008610,,Anonymous,2,"Waste of money, do not buy.",2023-07-29,True,NEGATIVE,3,SOURCE_G_REVIEWS,reviews_2023.csv,2023-07-29T08:59:01.360828802,BATCH-G-20230729
REV-00107206,SKU-9935442,user_67827,Kendra Chavez,-,"Poor packaging, item was defective.",2023-01-18,True,NEGATIVE,0,SOURCE_G_REVIEWS,reviews_2023.csv,2023-01-18T15:43:44.655300827,BATCH-G-20230118
REV-00107209,SKU-0013286,user_9002643,Audrey Bowen,4,Better than I expected for the price.,2023-12-30,True,POSITIVE,6,SOURCE_G_REVIEWS,reviews_2023.csv,2023-12-31T01:55:21.444547400,BATCH-G-20231230
REV-00107211,SKU-0006029,user_9021439,Michael,4,Better than I expected for the price.,2023-12-09,False,POSITIVE,6,SOURCE_G_REVIEWS,reviews_2023.csv,2023-12-09T20:14:47.402232904,BATCH-G-20231209
REV-00107217,SKU-0016753,user_22600,Tina Jones,5,Great value for money.,2023-03-23,True,POSITIVE,14,SOURCE_G_REVIEWS,reviews_2023.csv,2023-03-23T05:37:46.627215938,BATCH-G-20230323
REV-00107220,SKU-0001181,user_9116,Andrea,5,Will definitely buy again.,2023-08-12,True,POSITIVE,1,SOURCE_G_REVIEWS,reviews_2023.csv,2023-08-12T16:44:26.843717021,BATCH-G-20230812
REV-00107227,SKU-0006067,user_36171,Isaiah Carpenter,5,"Solid build quality, no complaints.",2023-07-09,False,POSITIVE,3,SOURCE_G_REVIEWS,reviews_2023.csv,2023-07-09T14:30:26.595476973,BATCH-G-20230709
REV-00107233,SKU-0013003,user_47734,Samantha Townsend,1,Very disappointed with the quality.,2023-12-21,True,NEGATIVE,0,SOURCE_G_REVIEWS,reviews_2023.csv,2023-12-21T06:23:58.167004427,BATCH-G-20231221
REV-00107234,SKU-0003984,,Anonymous,3,Works fine but delivery was slow. 👍🙏,2023-07-08,False,NEUTRAL,0,SOURCE_G_REVIEWS,reviews_2023.csv,2023-07-08T23:15:35.261229317,BATCH-G-20230708
REV-00107245,SKU-0003940,user_21370,Brandon Graham,3,"Not bad, not great either.",2023-12-03,False,NEUTRAL,1,SOURCE_G_REVIEWS,reviews_2023.csv,2023-12-04T00:26:41.219016950,BATCH-G-20231203
REV-00107247,SKU-0004868,user_9015455,Tina Davis,2,Stopped working after a week.,2023-10-22,False,NEGATIVE,0,SOURCE_G_REVIEWS,reviews_2023.csv,2023-10-23T04:46:28.531455679,BATCH-G-20231022
REV-00107254,SKU-0006143,user_9001857,Ralph Gill,2,"Cheaply made, broke immediately.",2023-12-03,True,NEGATIVE,4,SOURCE_G_REVIEWS,reviews_2023.csv,2023-12-03T14:16:30.684167401,BATCH-G-20231203
REV-00107255,SKU-0011523,user_9029602,Dr. Danielle Mooney,4,"Solid build quality, no complaints.",2023-02-28,False,POSITIVE,0,SOURCE_G_REVIEWS,reviews_2023.csv,2023-02-28T16:11:01.800399354,BATCH-G-20230228
REV-00107262,SKU-0009167,,Anonymous,4,Exceeded my expectations.,2023-03-03,True,POSITIVE,2,SOURCE_G_REVIEWS,reviews_2023.csv,2023-03-03T22:59:35.241389105,BATCH-G-20230303
REV-00107271,SKU-0016138,user_9002742,Jennifer Little,5,Will definitely buy again.,2023-09-18,True,POSITIVE,0,SOURCE_G_REVIEWS,reviews_2023.csv,2023-09-18T13:23:55.194376331,BATCH-G-20230918
REV-00107273,SKU-0016914,user_9020127,Kelly Mills,4,Exceeded my expectations.,2023-07-16,True,POSITIVE,7,SOURCE_G_REVIEWS,reviews_2023.csv,2023-07-16T07:10:44.832800480,BATCH-G-20230716
REV-00107276,SKU-0016748,,Anonymous,5,Highly recommend this product.,2023-01-30,True,POSITIVE,3,SOURCE_G_REVIEWS,reviews_2023.csv,2023-01-30T06:38:54.500848124,BATCH-G-20230130
REV-00107288,SKU-0007262,user_57835,Nathan,5,"Perfect gift, they loved it! 😀",2023-02-09,False,POSITIVE,0,SOURCE_G_REVIEWS,reviews_2023.csv,2023-02-10T00:24:11.027861088,BATCH-G-20230209
REV-00107298,SKU-0019888,user_9005014,Juan Cisneros,3,"Average quality, nothing special.",2023-01-31,True,NEUTRAL,3,SOURCE_G_REVIEWS,reviews_2023.csv,2023-01-31T01:09:12.291490441,BATCH-G-20230131
REV-00107314,SKU-0010016,user_9030124,Mark Hamilton,5,"Perfect gift, they loved it!",2023-12-27,True,POSITIVE,0,SOURCE_G_REVIEWS,reviews_2023.csv,2023-12-27T11:39:38.731306562,BATCH-G-20231227
REV-00107333,SKU-0003986,user_65310,Jonathon Roth,5,"Perfect gift, they loved it!",2023-02-21,True,POSITIVE,5,SOURCE_G_REVIEWS,reviews_2023.csv,2023-02-21T09:40:27.779259783,BATCH-G-20230221
REV-00107334,SKU-0012160,user_9006915,David Perry,5,Great value for money.,2023-12-31,True,POSITIVE,0,SOURCE_G_REVIEWS,reviews_2023.csv,2023-12-31T19:47:19.467450374,BATCH-G-20231231
REV-00107351,SKU-0002246,user_9014998,Brian,5,Exceeded my expectations.,2023-02-13,True,POSITIVE,0,SOURCE_G_REVIEWS,reviews_2023.csv,2023-02-13T02:11:49.196336614,BATCH-G-20230213
REV-00107355,SKU-0006854,,Anonymous,5,Will definitely buy again.,2023-06-24,True,POSITIVE,6,SOURCE_G_REVIEWS,reviews_2023.csv,2023-06-24T10:57:38.640980631,BATCH-G-20230624
REV-00107358,SKU-0002150,user_9014328,Wendy,5,"बहुत अच्छा उत्पाद है, पैसा वसूल! Fast delivery and great quality.",2023-04-10,True,POSITIVE,0,SOURCE_G_REVIEWS,reviews_2023.csv,2023-04-10T16:29:09.423886856,BATCH-G-20230410
REV-00107363,SKU-0006872,user_29447,John Chen MD,1,"Cheaply made, broke immediately.",2023-06-06,False,NEGATIVE,4,SOURCE_G_REVIEWS,reviews_2023.csv,2023-06-06T18:25:39.421089937,BATCH-G-20230606
REV-00107374,SKU-0018104,user_9016733,Debra Jones,4,"Poor packaging, item was defective.",2023-11-09,True,NEGATIVE,3,SOURCE_G_REVIEWS,reviews_2023.csv,2023-11-09T21:29:52.454112623,BATCH-G-20231109
REV-00107397,SKU-0002964,user_16470,Mark Gibson,5,Will definitely buy again.,2023-02-03,False,POSITIVE,0,SOURCE_G_REVIEWS,reviews_2023.csv,2023-02-03T10:46:39.127358377,BATCH-G-20230203
REV-00107400,SKU-0019832,user_9023652,Corey Santana,4,"Solid build quality, no complaints.",2023-09-09,False,POSITIVE,10,SOURCE_G_REVIEWS,reviews_2023.csv,2023-09-09T05:05:02.734088459,BATCH-G-20230909
REV-00107402,SKU-0002576,user_9020753,Mr. Roy Harris,3,"It's okay, does the job.",2023-05-19,False,NEUTRAL,16,SOURCE_G_REVIEWS,reviews_2023.csv,2023-05-19T17:47:52.053979098,BATCH-G-20230519
REV-00107412,SKU-0008054,user_54189,David,5,Great value for money.,2023-10-07,True,POSITIVE,3,SOURCE_G_REVIEWS,reviews_2023.csv,2023-10-07T15:00:19.485929353,BATCH-G-20231007
REV-00107419,SKU-0010619,user_9015560,Dawn Jimenez,1,"Cheaply made, broke immediately.",2023-11-20,True,NEGATIVE,0,SOURCE_G_REVIEWS,reviews_2023.csv,2023-11-20T02:28:58.453874439,BATCH-G-20231120
REV-00107424,SKU-0018705,user_9006444,Justin Fisher,4,Exceeded my expectations.,2023-09-23,False,POSITIVE,0,SOURCE_G_REVIEWS,reviews_2023.csv,2023-09-24T04:06:31.696593842,BATCH-G-20230923
REV-00107429,SKU-0013635,user_9024854,Jamie Greer,-1,Will definitely buy again.,2023-06-27,True,POSITIVE,4,SOURCE_G_REVIEWS,reviews_2023.csv,2023-06-27T23:45:04.059575261,BATCH-G-20230627
REV-00107434,SKU-0017006,user_9030873,Erica,4,   Will  definitely  buy  again.   ,2023-11-19,False,POSITIVE,4,SOURCE_G_REVIEWS,reviews_2023.csv,2023-11-19T17:46:14.243066508,BATCH-G-20231119
REV-00107435,SKU-0016114,user_9020495,Heather,3,Decent but overpriced a bit.,2023-10-09,True,NEUTRAL,0,SOURCE_G_REVIEWS,reviews_2023.csv,2023-10-10T04:37:48.027112643,BATCH-G-20231009
REV-00107437,SKU-0003236,user_9029233,David,3,Decent but overpriced a bit.,2023-11-25,False,NEUTRAL,2,SOURCE_G_REVIEWS,reviews_2023.csv,2023-11-26T03:41:43.345150186,BATCH-G-20231125
REV-00107455,SKU-0000881,,Anonymous,1,"   Cheaply  made,  broke  immediately.   ",2023-09-02,True,NEGATIVE,0,SOURCE_G_REVIEWS,reviews_2023.csv,2023-09-02T11:37:01.563083530,BATCH-G-20230902
REV-00107458,SKU-0016965,user_9020237,Juan,5,Great value for money. 🔥,2023-12-24,False,POSITIVE,2,SOURCE_G_REVIEWS,reviews_2023.csv,2023-12-24T12:08:22.556366296,BATCH-G-20231224
REV-00107469,SKU-0001935,user_42172,Jill Kirk,3,"Matches the description, no issues.",2023-03-28,True,NEUTRAL,10,SOURCE_G_REVIEWS,reviews_2023.csv,2023-03-28T10:01:10.138809572,BATCH-G-20230328
REV-00107470,SKU-0000443,user_9016646,Carol Dickerson,5,"Solid build quality, no complaints.",2023-10-24,True,POSITIVE,2,SOURCE_G_REVIEWS,reviews_2023.csv,2023-10-24T18:45:17.078556951,BATCH-G-20231024
REV-00107474,SKU-0007751,user_9018336,Denise,3,"Not bad, not great either.",2023-01-01,False,NEUTRAL,5,SOURCE_G_REVIEWS,reviews_2023.csv,2023-01-01T20:55:28.190498879,BATCH-G-20230101
REV-00107479,SKU-0008058,user_11612,Christopher,5,Will definitely buy again.,2023-05-09,True,POSITIVE,0,SOURCE_G_REVIEWS,reviews_2023.csv,2023-05-09T05:01:28.325416633,BATCH-G-20230509
REV-00107479-BOT,SKU-0008058,user_9031914,Jonathan Melendez,5,Will definitely buy again.,2023-05-09,False,POSITIVE,0,SOURCE_G_REVIEWS,reviews_2023.csv,2023-05-09T05:01:28.325416633,BATCH-G-20230509
REV-00107504,SKU-0006051,user_7845,Gina Ellis,2,Not as described at all.,2023-10-20,True,NEGATIVE,2,SOURCE_G_REVIEWS,reviews_2023.csv,2023-10-20T01:27:19.771946100,BATCH-G-20231020
REV-00107564,SKU-0003038,user_9018013,Patricia Daugherty,5,   Exceeded  my  expectations.   ,2023-08-22,False,POSITIVE,1,SOURCE_G_REVIEWS,reviews_2023.csv,2023-08-22T19:39:29.951590443,BATCH-G-20230822
REV-00107566,SKU-0012558,user_9021198,Rebecca Weaver,4,Better than I expected for the price.,2023-11-23,False,POSITIVE,1,SOURCE_G_REVIEWS,reviews_2023.csv,2023-11-23T19:36:55.159768435,BATCH-G-20231123
REV-00107580,SKU-0003874,,Anonymous,3,"Average quality, nothing special. 💯",2023-07-01,False,NEUTRAL,8,SOURCE_G_REVIEWS,reviews_2023.csv,2023-07-02T00:24:59.611309454,BATCH-G-20230701
REV-00107582,SKU-0006947,,Anonymous,5,"Exactly as described, very happy.",2023-10-20,True,POSITIVE,1,SOURCE_G_REVIEWS,reviews_2023.csv,2023-10-20T05:01:02.986694945,BATCH-G-20231020
REV-00107621,SKU-0007011,user_9024439,Karina Kirby,1,"Cheaply made, broke immediately.",2023-08-10,True,NEGATIVE,1,SOURCE_G_REVIEWS,reviews_2023.csv,2023-08-11T04:04:30.805101695,BATCH-G-20230810
REV-00107627,SKU-0012810,,Anonymous,4,"Perfect gift, they loved it! 😀",2023-03-03,True,POSITIVE,4,SOURCE_G_REVIEWS,reviews_2023.csv,2023-03-03T07:00:03.121236667,BATCH-G-20230303
REV-00107633,SKU-0004966,user_9025249,Monica Hamilton,5,   Exceeded  my  expectations.  🙏😍   ,2023-11-07,False,POSITIVE,1,SOURCE_G_REVIEWS,reviews_2023.csv,2023-11-08T03:10:40.771165716,BATCH-G-20231107
REV-00107635,SKU-0013166,user_9019173,Angelica,4,"Absolutely love it, works perfectly!",2023-08-30,True,POSITIVE,1,SOURCE_G_REVIEWS,reviews_2023.csv,2023-08-30T05:39:34.363128463,BATCH-G-20230830
REV-00107642,SKU-0003925,user_41869,Brenda Barnes,2,Stopped working after a week.,2023-02-17,True,NEGATIVE,20,SOURCE_G_REVIEWS,reviews_2023.csv,2023-02-18T03:55:25.811656269,BATCH-G-20230217
REV-00107645,SKU-0012783,user_6146,Christopher Cordova,5,Will definitely buy again.,2023-09-01,True,POSITIVE,5,SOURCE_G_REVIEWS,reviews_2023.csv,2023-09-02T00:30:22.013758943,BATCH-G-20230901
REV-00107648,SKU-0007055,,Anonymous,5,"Muy buen producto, lo recomiendo. Absolutely love it, works perfectly!",2023-08-24,True,POSITIVE,1,SOURCE_G_REVIEWS,reviews_2023.csv,2023-08-24T19:38:00.478467689,BATCH-G-20230824
REV-00107649,SKU-0006714,,Anonymous,3,"Average quality, nothing special.",2023-01-18,True,NEUTRAL,0,SOURCE_G_REVIEWS,reviews_2023.csv,2023-01-19T01:56:19.333699910,BATCH-G-20230118
REV-00107664,SKU-0006907,user_3736,Amanda Mckinney,3,"Livraison très lente, déçu. Cheaply made, broke immediately.",2023-05-19,True,NEGATIVE,0,SOURCE_G_REVIEWS,reviews_2023.csv,2023-05-19T08:52:27.702898500,BATCH-G-20230519
REV-00107668,SKU-9951251,user_9033062,Tammy Farrell,3,Decent but overpriced a bit.,2023-12-20,True,NEUTRAL,0,SOURCE_G_REVIEWS,reviews_2023.csv,2023-12-26T18:00:00,BATCH-G-20231220
REV-00107669,SKU-0000178,user_9032847,Melissa Morales,1,Stopped working after a week.,2023-01-07,True,NEGATIVE,4,SOURCE_G_REVIEWS,reviews_2023.csv,2023-01-07T23:52:51.689751227,BATCH-G-20230107
REV-00107671,SKU-0000673,user_9011234,Linda Mitchell,3,"Matches the description, no issues.",2023-11-28,False,NEUTRAL,0,SOURCE_G_REVIEWS,reviews_2023.csv,2023-11-28T15:19:22.854037069,BATCH-G-20231128
REV-00107674,SKU-0004366,user_46751,Zachary Martin,3,"Muy buen producto, lo recomiendo.",2023-09-12,True,POSITIVE,0,SOURCE_G_REVIEWS,reviews_2023.csv,2023-09-12T13:28:55.387659685,BATCH-G-20230912
REV-00107676,SKU-0014419,user_2733,Rebecca Wolfe,5,"Perfect gift, they loved it!",2023-12-26,True,POSITIVE,9,SOURCE_G_REVIEWS,reviews_2023.csv,2023-12-26T00:41:35.839481847,BATCH-G-20231226
REV-00107698,SKU-0005337,user_9002818,David Tran,3,Decent but overpriced a bit.,2023-02-26,True,NEUTRAL,3,SOURCE_G_REVIEWS,reviews_2023.csv,2023-02-26T15:32:14.559669688,BATCH-G-20230226
REV-00107715,SKU-0018078,user_9000270,Michael Hopkins,4,"&nbsp;Muy buen producto, lo recomiendo. Better than I expected for the price.<i>edited</i>",2023-05-17,True,POSITIVE,0,SOURCE_G_REVIEWS,reviews_2023.csv,2023-05-17T17:16:19.131414968,BATCH-G-20230517
REV-00107716,SKU-0012678,,Anonymous,2,Wrong item was shipped to me.,2023-05-03,False,NEGATIVE,7,SOURCE_G_REVIEWS,reviews_2023.csv,2023-05-04T02:20:03.603088475,BATCH-G-20230503
REV-00107720,SKU-0003750,user_30506,Robert Turner,5,Highly recommend this product.,2023-10-03,True,POSITIVE,0,SOURCE_G_REVIEWS,reviews_2023.csv,2023-10-03T15:39:22.519828217,BATCH-G-20231003
REV-00107728,SKU-0015751,user_9021132,Christine Perez,5,Arrived damaged and support was unhelpful.,2023-03-24,True,NEGATIVE,3,SOURCE_G_REVIEWS,reviews_2023.csv,2023-03-25T04:01:25.833991533,BATCH-G-20230324
REV-00107728-DUP,SKU-0015751,user_9021132,Christine Perez,5,Arrived damaged and support was unhelpful.,2023-03-24,True,NEGATIVE,3,SOURCE_G_REVIEWS,reviews_2023.csv,2023-03-25T04:30:25.833991533,BATCH-G-20230324
REV-00107738,SKU-0001908,user_34066,Matthew White,4,"Absolutely love it, works perfectly!",2023-03-12,True,POSITIVE,3,SOURCE_G_REVIEWS,reviews_2023.csv,2023-03-12T22:51:00.467271927,BATCH-G-20230312
REV-00107748,SKU-0017030,user_69382,Michelle Franco,5,"Perfect gift, they loved it!",2023-11-03,True,POSITIVE,0,SOURCE_G_REVIEWS,reviews_2023.csv,2023-11-03T20:25:04.743736590,BATCH-G-20231103
REV-00107755,SKU-9909247,,Anonymous,5,"Absolutely love it, works perfectly!",2023-08-06,True,POSITIVE,3,SOURCE_G_REVIEWS,reviews_2023.csv,2023-08-06T15:02:44.603425994,BATCH-G-20230806
REV-00107761,SKU-0017894,user_9022013,Daniel Stewart,2,<p>Arrived damaged and support was unhelpful.</p>,2023-03-25,True,NEGATIVE,0,SOURCE_G_REVIEWS,reviews_2023.csv,2023-03-25T18:27:45.002026838,BATCH-G-20230325
REV-00107767,SKU-0017738,user_9030692,Jessica,5,Fast delivery and great quality.,2023-09-24,False,POSITIVE,2,SOURCE_G_REVIEWS,reviews_2023.csv,2023-09-25T04:02:51.101741020,BATCH-G-20230924
REV-00107778,SKU-0019452,user_9009783,Andrea Nguyen,5,Fast delivery and great quality.,2023-09-19,True,POSITIVE,3,SOURCE_G_REVIEWS,reviews_2023.csv,2023-09-20T05:07:46.344455684,BATCH-G-20230919
REV-00107782,SKU-0005290,user_3510,Albert,1,"Waste of money, do not buy.",2023-02-08,False,NEGATIVE,0,SOURCE_G_REVIEWS,reviews_2023.csv,2023-02-08T13:07:25.337812929,BATCH-G-20230208
REV-00107792,SKU-0014961,user_9027419,Alexander Kim,4,Great value for money.,2023-01-18,False,POSITIVE,0,SOURCE_G_REVIEWS,reviews_2023.csv,2023-01-19T04:14:55.470957240,BATCH-G-20230118
REV-00107798,SKU-0011542,,Anonymous,5,Better than I expected for the price.,2023-07-15,False,POSITIVE,9,SOURCE_G_REVIEWS,reviews_2023.csv,2023-07-15T04:53:07.699133677,BATCH-G-20230715
REV-00107816,SKU-0018864,user_51248,Diane Harrison,5,Exceeded my expectations. 😀😡,2023-10-29,True,POSITIVE,2,SOURCE_G_REVIEWS,reviews_2023.csv,2023-10-30T00:12:35.690145244,BATCH-G-20231029
REV-00107826,SKU-0011215,user_9631,Michelle,4,Great value for money.,2023-08-28,False,POSITIVE,1,SOURCE_G_REVIEWS,reviews_2023.csv,2023-08-28T06:26:52.158360045,BATCH-G-20230828
REV-00107829,SKU-9947296,,Anonymous,4,"Absolutely love it, works perfectly!",2023-08-06,True,POSITIVE,0,SOURCE_G_REVIEWS,reviews_2023.csv,2023-08-06T16:39:21.003686930,BATCH-G-20230806
REV-00107832,SKU-0014166,user_9033378,Michaela Harris,5,Great value for money.,2023-06-19,True,POSITIVE,1,SOURCE_G_REVIEWS,reviews_2023.csv,2023-06-20T03:49:15.240166649,BATCH-G-20230619
REV-00107836,SKU-0016739,user_9029725,Robert,5,"Perfect gift, they loved it!",2023-12-08,True,POSITIVE,0,SOURCE_G_REVIEWS,reviews_2023.csv,2023-12-08T03:30:27.831202311,BATCH-G-20231208
REV-00107840,SKU-0003135,user_30196,William,2,"Waste of money, do not buy.",2023-05-05,True,NEGATIVE,0,SOURCE_G_REVIEWS,reviews_2023.csv,2023-05-05T01:17:43.275854629,BATCH-G-20230505
REV-00107857,SKU-0006501,user_9014917,James Brooks,3,Works fine but delivery was slow.,2023-09-03,False,NEUTRAL,0,SOURCE_G_REVIEWS,reviews_2023.csv,2023-09-03T18:23:03.315747748,BATCH-G-20230903
REV-00107878,SKU-0003758,,Anonymous,2,Not as described at all.,2023-12-05,True,NEGATIVE,1,SOURCE_G_REVIEWS,reviews_2023.csv,2023-12-05T22:37:36.438829111,BATCH-G-20231205
REV-00107891,SKU-0019394,,Anonymous,5,Great value for money.,2023-01-27,True,POSITIVE,0,SOURCE_G_REVIEWS,reviews_2023.csv,2023-01-27T21:23:16.947419471,BATCH-G-20230127
REV-00107906,SKU-0016408,user_9004831,Patty,null,Works fine but delivery was slow.,2023-07-08,False,NEUTRAL,1,SOURCE_G_REVIEWS,reviews_2023.csv,2023-07-08T03:36:29.468209507,BATCH-G-20230708
REV-00107919,SKU-0007730,user_50192,Mark Collins,4,Better than I expected for the price.,2023-08-09,False,POSITIVE,0,SOURCE_G_REVIEWS,reviews_2023.csv,2023-08-09T08:50:03.270450986,BATCH-G-20230809
REV-00107929,SKU-0004522,user_9010850,Andrew,4,Better than I expected for the price.,2023-03-15,False,POSITIVE,4,SOURCE_G_REVIEWS,reviews_2023.csv,2023-03-15T12:32:53.504690414,BATCH-G-20230315
REV-00107932,SKU-0008248,user_64444,Christopher Lopez,5,Highly recommend this product.,2023-11-11,False,POSITIVE,4,SOURCE_G_REVIEWS,reviews_2023.csv,2023-11-11T07:52:12.880462526,BATCH-G-20231111
REV-00107943,SKU-0015331,user_9033409,Ronald,5,Highly recommend this product.,2023-08-18,True,POSITIVE,0,SOURCE_G_REVIEWS,reviews_2023.csv,2023-08-18T21:51:20.938348051,BATCH-G-20230818
REV-00107950,SKU-0011632,user_9005613,Laura Meyer,5,Fast delivery and great quality.,2023-01-29,False,POSITIVE,4,SOURCE_G_REVIEWS,reviews_2023.csv,2023-01-29T02:27:00.052308380,BATCH-G-20230129
REV-00107965,SKU-0005005,user_52163,Gary Webster,4,Better than I expected for the price.,2023-08-29,False,POSITIVE,0,SOURCE_G_REVIEWS,reviews_2023.csv,2023-08-29T16:53:39.862210600,BATCH-G-20230829
REV-00107978,SKU-0004477,user_48366,Crystal,3,Very disappointed with the quality.,2023-01-14,True,NEGATIVE,1,SOURCE_G_REVIEWS,reviews_2023.csv,2023-01-15T04:35:12.026414538,BATCH-G-20230114
REV-00107989,SKU-0010059,,Anonymous,3,"Matches the description, no issues.",2023-09-06,False,NEUTRAL,0,SOURCE_G_REVIEWS,reviews_2023.csv,2023-09-06T06:20:14.035391735,BATCH-G-20230906
REV-00108014,SKU-0005022,user_9020408,Patricia Gallagher,5,Better than I expected for the price.,2023-04-11,True,POSITIVE,5,SOURCE_G_REVIEWS,reviews_2023.csv,2023-04-11T21:37:23.623560072,BATCH-G-20230411
REV-00108017,SKU-0008891,,Anonymous,4,Highly recommend this product.,2023-05-09,True,POSITIVE,2,SOURCE_G_REVIEWS,reviews_2023.csv,2023-05-28T02:00:00,BATCH-G-20230509
REV-00108019,SKU-0018067,user_9001248,Denise Thompson,5,Exceeded my expectations.,2023-08-06,True,POSITIVE,5,SOURCE_G_REVIEWS,reviews_2023.csv,2023-08-06T15:42:46.297090506,BATCH-G-20230806
REV-00108020,SKU-0015922,user_9008335,Ashley Johnson,5,Excellent rapport qualité-prix.,2023-02-08,True,POSITIVE,1,SOURCE_G_REVIEWS,reviews_2023.csv,2023-02-09T04:14:57.620057091,BATCH-G-20230208
REV-00108022,SKU-0017343,user_9020197,Nicole Ross,5,Great value for money.,2023-02-27,False,POSITIVE,3,SOURCE_G_REVIEWS,reviews_2023.csv,2023-02-27T23:56:22.579418483,BATCH-G-20230227
REV-00108023,SKU-0014675,user_9013023,Melissa,4,<p>Fast delivery and great quality.<b>Update:</b>,2023-05-28,False,POSITIVE,3,SOURCE_G_REVIEWS,reviews_2023.csv,2023-05-29T04:21:23.997842894,BATCH-G-20230528
REV-00108028,SKU-0019191,user_9001464,Robin Parks,1,"Muy buen producto, lo recomiendo. Poor packaging, item was defective. 😐",2023-01-28,True,NEGATIVE,2,SOURCE_G_REVIEWS,reviews_2023.csv,2023-01-28T20:40:26.680417444,BATCH-G-20230128
REV-00108058,SKU-0005998,user_46449,Joseph Vang,4,Fast delivery and great quality.,2023-03-29,False,POSITIVE,0,SOURCE_G_REVIEWS,reviews_2023.csv,2023-03-30T03:30:39.400871948,BATCH-G-20230329
REV-00108068,SKU-0004876,,Anonymous,4,Better than I expected for the price.,2023-11-26,False,POSITIVE,0,SOURCE_G_REVIEWS,reviews_2023.csv,2023-11-26T17:15:14.564842023,BATCH-G-20231126
REV-00108073,SKU-0018383,user_31043,Mary,4,Exceeded my expectations.,2023-08-15,False,POSITIVE,0,SOURCE_G_REVIEWS,reviews_2023.csv,2023-08-15T14:23:59.449326327,BATCH-G-20230815
REV-00108075,SKU-0008903,user_11144,Audrey,4,Better than I expected for the price.,2023-02-27,True,POSITIVE,8,SOURCE_G_REVIEWS,reviews_2023.csv,2023-02-27T00:39:23.418317520,BATCH-G-20230227
REV-00108087,SKU-0013443,user_28654,Daniel,4,"Exactly as described, very happy.",2023-01-22,True,POSITIVE,1,SOURCE_G_REVIEWS,reviews_2023.csv,2023-01-23T01:26:46.339224915,BATCH-G-20230122
REV-00108090,SKU-0018296,user_1667,Christine Fisher,4,Will definitely buy again.,2023-05-30,True,POSITIVE,0,SOURCE_G_REVIEWS,reviews_2023.csv,2023-05-30T15:10:23.447540836,BATCH-G-20230530
REV-00108104,SKU-0016738,user_53477,Michael Stone,4,Highly recommend this product.,2023-02-12,True,POSITIVE,0,SOURCE_G_REVIEWS,reviews_2023.csv,2023-02-13T01:13:17.477711189,BATCH-G-20230212
REV-00108105,SKU-0000399,user_69565,Billy,3,Excellent rapport qualité-prix.,2023-05-03,True,NEUTRAL,2,SOURCE_G_REVIEWS,reviews_2023.csv,2023-05-03T11:53:18.766426823,BATCH-G-20230503
REV-00108110,SKU-0016584,user_12605,Cathy Parrish,3,No cumplió mis expectativas.,2023-07-24,False,NEUTRAL,0,SOURCE_G_REVIEWS,reviews_2023.csv,2023-07-24T20:46:46.244933644,BATCH-G-20230724
REV-00108113,SKU-9964145,user_9012043,Christopher Mason,4,Exceeded my expectations.,2023-11-22,True,POSITIVE,4,SOURCE_G_REVIEWS,reviews_2023.csv,2023-11-22T09:32:09.224540951,BATCH-G-20231122
REV-00108128,SKU-0000657,,Anonymous,5,"Exactly as described, very happy.",2023-06-22,False,POSITIVE,1,SOURCE_G_REVIEWS,reviews_2023.csv,2023-06-22T10:50:02.733146228,BATCH-G-20230622
REV-00108163,SKU-0015701,user_9031577,Christopher Harris,5,"Solid build quality, no complaints. 😍",2023-12-15,False,POSITIVE,0,SOURCE_G_REVIEWS,reviews_2023.csv,2023-12-16T02:10:27.730250971,BATCH-G-20231215
REV-00108167,SKU-0017853,user_9019433,John Wright,5,Great value for money.,2023-02-27,False,POSITIVE,0,SOURCE_G_REVIEWS,reviews_2023.csv,2023-02-27T00:47:32.445927201,BATCH-G-20230227
REV-00108171,SKU-0006273,,Anonymous,4,Better than I expected for the price.,2023-07-17,True,POSITIVE,1,SOURCE_G_REVIEWS,reviews_2023.csv,2023-07-17T16:24:07.970565835,BATCH-G-20230717
REV-00108175,SKU-0009497,user_9277,Patricia,2,Stopped working after a week.,2023-12-15,False,NEGATIVE,0,SOURCE_G_REVIEWS,reviews_2023.csv,2023-12-15T17:26:58.480789714,BATCH-G-20231215
REV-00108186,SKU-0002287,user_9034675,Beverly,5,Will definitely buy again.,2023-09-07,False,POSITIVE,0,SOURCE_G_REVIEWS,reviews_2023.csv,2023-09-07T02:33:41.984561984,BATCH-G-20230907
REV-00108194,SKU-0003068,user_9016849,Mr. Joshua Wilson,4,"Solid build quality, no complaints.",2023-08-07,False,POSITIVE,1,SOURCE_G_REVIEWS,reviews_2023.csv,2023-08-07T14:06:59.874078779,BATCH-G-20230807
REV-00108207,SKU-0006647,,Anonymous,5,"Exactly as described, very happy.",2023-01-14,True,POSITIVE,7,SOURCE_G_REVIEWS,reviews_2023.csv,2023-01-14T01:40:56.429863272,BATCH-G-20230114
REV-00108210,SKU-0012040,user_9017558,Rachel,5,Fast delivery and great quality.,2023-04-23,False,POSITIVE,0,SOURCE_G_REVIEWS,reviews_2023.csv,2023-04-23T09:28:28.482602257,BATCH-G-20230423
REV-00108213,SKU-0012772,user_9027619,Randall,3,Decent but overpriced a bit.,2023-06-21,False,NEUTRAL,4,SOURCE_G_REVIEWS,reviews_2023.csv,2023-06-21T23:58:51.936821099,BATCH-G-20230621
REV-00108219,SKU-9930130,user_60838,Jacqueline Weaver,3,"Matches the description, no issues.",2023-04-21,False,NEUTRAL,0,SOURCE_G_REVIEWS,reviews_2023.csv,2023-04-21T07:49:35.231046512,BATCH-G-20230421
REV-00108222,SKU-0015191,user_9001097,Randall Wilson,3,"Muy buen producto, lo recomiendo.",2023-12-29,True,NEUTRAL,1,SOURCE_G_REVIEWS,reviews_2023.csv,2023-12-29T22:24:24.220092144,BATCH-G-20231229
REV-00108255,SKU-0011752,user_24990,Philip,3,"Matches the description, no issues.",2023-12-10,True,NEUTRAL,2,SOURCE_G_REVIEWS,reviews_2023.csv,2023-12-10T08:49:54.979306997,BATCH-G-20231210
REV-00108261,SKU-0012703,user_3012,Tyler Bradshaw,4,No cumplió mis expectativas.,2023-12-23,False,POSITIVE,0,SOURCE_G_REVIEWS,reviews_2023.csv,2023-12-23T15:19:52.826872666,BATCH-G-20231223
REV-00108268,SKU-0003087,user_9023859,Shannon Miles,4,Exceeded my expectations.,2023-11-12,False,POSITIVE,5,SOURCE_G_REVIEWS,reviews_2023.csv,2023-11-12T22:44:39.184925192,BATCH-G-20231112
REV-00108297,SKU-0013511,user_9010029,Alyssa Davis,5,Great value for money.,2023-03-13,True,POSITIVE,0,SOURCE_G_REVIEWS,reviews_2023.csv,2023-03-14T02:47:01.770751732,BATCH-G-20230313
REV-00108305,SKU-0013866,user_9019989,Jose,5,<br>Will definitely buy again. 😍😐<br>,2023-09-13,True,POSITIVE,6,SOURCE_G_REVIEWS,reviews_2023.csv,2023-09-13T09:23:32.430474538,BATCH-G-20230913
REV-00108311,SKU-0015120,user_9000869,Matthew Hicks,0,Not as described at all.,2023-02-12,False,NEGATIVE,0,SOURCE_G_REVIEWS,reviews_2023.csv,2023-02-13T00:06:42.053039751,BATCH-G-20230212
REV-00108314,SKU-0018290,user_9021929,Christopher Carpenter,4,"Absolutely love it, works perfectly!",2023-11-08,False,POSITIVE,1,SOURCE_G_REVIEWS,reviews_2023.csv,2023-11-08T17:31:01.537115289,BATCH-G-20231108
REV-00108315,SKU-0006464,,Anonymous,4,Fast delivery and great quality.,2023-12-13,False,POSITIVE,1,SOURCE_G_REVIEWS,reviews_2023.csv,2023-12-13T04:25:05.237009919,BATCH-G-20231213
REV-00108328,SKU-0006552,user_33425,Kaitlyn Bishop,5,Will definitely buy again.,2023-12-14,False,POSITIVE,9,SOURCE_G_REVIEWS,reviews_2023.csv,2023-12-14T22:11:33.547523883,BATCH-G-20231214
REV-00108338,SKU-0000397,user_56571,Alex Martin,4,Fast delivery and great quality.,2023-12-23,True,POSITIVE,3,SOURCE_G_REVIEWS,reviews_2023.csv,2023-12-24T05:37:47.448651312,BATCH-G-20231223
REV-00108345,SKU-0009078,user_9022311,Leah Cooley,5,"Absolutely love it, works perfectly!",2023-06-01,True,POSITIVE,5,SOURCE_G_REVIEWS,reviews_2023.csv,2023-06-01T02:05:49.089333636,BATCH-G-20230601
REV-00108354,SKU-0018958,user_65208,Michael Wilson,4,"Absolutely love it, works perfectly!",2023-10-07,True,POSITIVE,0,SOURCE_G_REVIEWS,reviews_2023.csv,2023-10-07T06:51:02.609215251,BATCH-G-20231007
REV-00108359,SKU-0004712,user_9010515,Timothy Lewis,5,"Absolutely love it, works perfectly!",2023-01-30,False,POSITIVE,1,SOURCE_G_REVIEWS,reviews_2023.csv,2023-01-31T05:13:09.930085914,BATCH-G-20230130
REV-00108370,SKU-0009277,,Anonymous,4,   Arrived  damaged  and  support  was  unhelpful.   ,2023-08-21,False,NEGATIVE,0,SOURCE_G_REVIEWS,reviews_2023.csv,2023-08-22T00:55:03.925268397,BATCH-G-20230821
REV-00108386,SKU-0004196,user_24754,Jeremiah,3,Works fine but delivery was slow.,2023-02-07,True,NEUTRAL,2,SOURCE_G_REVIEWS,reviews_2023.csv,2023-02-07T21:57:24.542585984,BATCH-G-20230207
REV-00108387,SKU-0005723,user_9028978,Jeanette,5,"Absolutely love it, works perfectly!",2023-01-21,True,POSITIVE,9,SOURCE_G_REVIEWS,reviews_2023.csv,2023-01-21T09:36:12.274589924,BATCH-G-20230121
REV-00108402,SKU-0012600,user_21355,Jeffrey Browning,3,Decent but overpriced a bit.,2023-08-16,True,NEUTRAL,0,SOURCE_G_REVIEWS,reviews_2023.csv,2023-08-17T04:08:40.704970649,BATCH-G-20230816
REV-00108415,SKU-0001303,user_9034500,Steven Walker,4,Fast delivery and great quality.,2023-07-31,False,POSITIVE,1,SOURCE_G_REVIEWS,reviews_2023.csv,2023-07-31T21:00:15.969112855,BATCH-G-20230731
REV-00108446,SKU-0015847,user_9007744,Danielle Patterson,4,"Exactly as described, very happy.",2023-10-16,True,POSITIVE,0,SOURCE_G_REVIEWS,reviews_2023.csv,2023-10-16T10:47:09.973358152,BATCH-G-20231016
REV-00108455,SKU-0019495,user_9008123,Mary Murray,2,Arrived damaged and support was unhelpful.,2023-09-22,False,NEGATIVE,3,SOURCE_G_REVIEWS,reviews_2023.csv,2023-09-22T13:31:10.383196792,BATCH-G-20230922
REV-00108470,SKU-9930290,user_9030249,Alexandra Johnson,1,Excellent rapport qualité-prix.,2023-01-13,True,NEGATIVE,2,SOURCE_G_REVIEWS,reviews_2023.csv,2023-01-13T21:38:31.858780774,BATCH-G-20230113
REV-00108477,SKU-0002907,user_7926,Mark Collins,4,"Perfect gift, they loved it!",2023-06-25,False,POSITIVE,1,SOURCE_G_REVIEWS,reviews_2023.csv,2023-06-26T03:43:57.277513683,BATCH-G-20230625
REV-00108484,SKU-0013987,user_22740,Barbara Friedman,1,"Waste of money, do not buy.",2023-08-07,False,NEGATIVE,0,SOURCE_G_REVIEWS,reviews_2023.csv,2023-08-07T18:32:12.239049195,BATCH-G-20230807
REV-00108488,SKU-0010443,user_68196,Amy Reed,4,Great value for money.,2023-12-10,False,POSITIVE,0,SOURCE_G_REVIEWS,reviews_2023.csv,2023-12-10T13:37:44.529351804,BATCH-G-20231210
REV-00108502,SKU-0010318,user_53738,Marisa Walters,1,Stopped working after a week.,2023-07-07,False,NEGATIVE,0,SOURCE_G_REVIEWS,reviews_2023.csv,2023-07-07T21:48:36.331732902,BATCH-G-20230707
REV-00108508,SKU-0002885,user_9016557,Destiny Jarvis,2,गुणवत्ता ठीक नहीं थी।,2023-07-21,True,NEGATIVE,1,SOURCE_G_REVIEWS,reviews_2023.csv,2023-07-22T00:10:07.730110995,BATCH-G-20230721
REV-00108511,SKU-0019301,user_9009721,Antonio Drake,5,Great value for money.,2023-01-10,True,POSITIVE,0,SOURCE_G_REVIEWS,reviews_2023.csv,2023-01-10T12:15:36.317887359,BATCH-G-20230110
REV-00108515,SKU-0002879,user_63488,Mark Brown,4,"Perfect gift, they loved it!",2023-08-26,True,POSITIVE,7,SOURCE_G_REVIEWS,reviews_2023.csv,2023-08-31T10:00:00,BATCH-G-20230826
REV-00108516,SKU-0015076,user_9029755,Mary Cohen,5,"Perfect gift, they loved it!",2023-01-09,True,POSITIVE,0,SOURCE_G_REVIEWS,reviews_2023.csv,2023-01-09T06:05:00.708744167,BATCH-G-20230109
REV-00108521,SKU-0018690,user_9027282,Michael Garcia,5,Exceeded my expectations.,2023-02-10,True,POSITIVE,1,SOURCE_G_REVIEWS,reviews_2023.csv,2023-02-10T11:02:12.446400543,BATCH-G-20230210
REV-00108522,SKU-0015145,user_1793,Jessica Gregory,5,Fast delivery and great quality. 👍,2023-10-26,False,POSITIVE,3,SOURCE_G_REVIEWS,reviews_2023.csv,2023-10-26T07:18:00.075837281,BATCH-G-20231026
REV-00108527,SKU-0009118,user_9032609,Sue Palmer,4,"Absolutely love it, works perfectly!",2023-06-15,False,POSITIVE,4,SOURCE_G_REVIEWS,reviews_2023.csv,2023-06-15T16:15:32.177039650,BATCH-G-20230615
REV-00108535,SKU-9900625,user_5453,David Mitchell,2,"Poor packaging, item was defective. 😢",2023-08-12,False,NEGATIVE,1,SOURCE_G_REVIEWS,reviews_2023.csv,2023-08-13T05:15:31.998421024,BATCH-G-20230812
REV-00108544,SKU-0006450,,Anonymous,5,"Exactly as described, very happy.",2023-06-01,False,POSITIVE,2,SOURCE_G_REVIEWS,reviews_2023.csv,2023-06-02T03:51:53.145242491,BATCH-G-20230601
REV-00108545,SKU-0015704,user_9019890,Robert,1,Very disappointed with the quality.,2023-04-18,True,NEGATIVE,0,SOURCE_G_REVIEWS,reviews_2023.csv,2023-04-18T08:20:01.240049411,BATCH-G-20230418
REV-00108555,SKU-0006762,user_9010727,Tiffany Davis,3,Works fine but delivery was slow.,2023-06-06,True,NEUTRAL,9,SOURCE_G_REVIEWS,reviews_2023.csv,2023-06-06T02:53:00.278764309,BATCH-G-20230606
REV-00108564,SKU-0017366,user_9020288,Jennifer,1,Wrong item was shipped to me.,2023-01-07,False,NEGATIVE,0,SOURCE_G_REVIEWS,reviews_2023.csv,2023-01-07T16:31:06.672597297,BATCH-G-20230107
REV-00108572,SKU-0000690,user_9013658,Timothy Gallegos,4,Highly recommend this product.,2023-03-23,True,POSITIVE,6,SOURCE_G_REVIEWS,reviews_2023.csv,2023-03-23T11:06:19.469338321,BATCH-G-20230323
REV-00108582,SKU-0018091,user_55579,Mario Garcia,5,गुणवत्ता ठीक नहीं थी। Exceeded my expectations.,2023-12-26,True,POSITIVE,4,SOURCE_G_REVIEWS,reviews_2023.csv,2023-12-26T06:28:12.508603131,BATCH-G-20231226
REV-00108590,SKU-0017026,,Anonymous,4,No cumplió mis expectativas.,2023-09-07,False,POSITIVE,5,SOURCE_G_REVIEWS,reviews_2023.csv,2023-09-07T07:54:35.641789978,BATCH-G-20230907
REV-00108598,SKU-0005099,user_29334,Lynn,1,Wrong item was shipped to me.,2023-04-18,False,NEGATIVE,0,SOURCE_G_REVIEWS,reviews_2023.csv,2023-04-18T03:21:35.803664220,BATCH-G-20230418
REV-00108609,SKU-0017136,user_439,Steven Matthews,1,Not as described at all.,2023-11-08,False,NEGATIVE,2,SOURCE_G_REVIEWS,reviews_2023.csv,2023-11-08T02:22:22.485561461,BATCH-G-20231108
REV-00108609-DUP,SKU-0017136,user_439,Steven Matthews,1,Not as described at all.,2023-11-08,False,NEGATIVE,2,SOURCE_G_REVIEWS,reviews_2023.csv,2023-11-08T02:39:22.485561461,BATCH-G-20231108
REV-00108610,SKU-9939541,user_59707,Cheryl,5,"Perfect gift, they loved it!",2023-12-17,False,POSITIVE,2,SOURCE_G_REVIEWS,reviews_2023.csv,2023-12-18T05:02:59.640962394,BATCH-G-20231217
REV-00108635,SKU-0009567,user_8099,Jennifer,5,Highly recommend this product.,2023-07-23,True,POSITIVE,1,SOURCE_G_REVIEWS,reviews_2023.csv,2023-07-23T07:11:14.838759355,BATCH-G-20230723
REV-00108645,SKU-0019340,,Anonymous,4,Highly recommend this product.,2023-02-27,True,POSITIVE,0,SOURCE_G_REVIEWS,reviews_2023.csv,2023-02-27T22:46:38.201257879,BATCH-G-20230227
REV-00108650,SKU-0003564,user_63850,Tammy Arias,5,Will definitely buy again.,2023-11-13,False,POSITIVE,2,SOURCE_G_REVIEWS,reviews_2023.csv,2023-11-14T01:58:51.209728761,BATCH-G-20231113
REV-00108651,SKU-0006406,user_28316,Cheryl Parrish,4,Exceeded my expectations.,2023-12-29,True,POSITIVE,3,SOURCE_G_REVIEWS,reviews_2023.csv,2023-12-29T13:16:58.330337640,BATCH-G-20231229
REV-00108660,SKU-0003993,user_9021292,Alexander Gonzales,4,"बहुत अच्छा उत्पाद है, पैसा वसूल!",2023-10-11,True,POSITIVE,3,SOURCE_G_REVIEWS,reviews_2023.csv,2023-10-11T01:51:43.064294892,BATCH-G-20231011
REV-00108665,SKU-0018511,,Anonymous,5,Works fine but delivery was slow.,2023-06-26,True,NEUTRAL,3,SOURCE_G_REVIEWS,reviews_2023.csv,2023-06-26T17:25:26.631177161,BATCH-G-20230626
REV-00108666,SKU-0008946,user_19647,Heather,,Will definitely buy again.,2023-10-28,False,POSITIVE,2,SOURCE_G_REVIEWS,reviews_2023.csv,2023-10-28T10:19:44.581423814,BATCH-G-20231028
REV-00108672,SKU-0019931,user_9033203,Austin,4,Better than I expected for the price.,2023-04-09,True,POSITIVE,3,SOURCE_G_REVIEWS,reviews_2023.csv,2023-04-09T17:19:59.995459489,BATCH-G-20230409
REV-00108673,SKU-0012658,user_36118,Joseph Williams,4,Better than I expected for the price.,2023-07-13,True,POSITIVE,0,SOURCE_G_REVIEWS,reviews_2023.csv,2023-07-13T05:15:30.787977974,BATCH-G-20230713
REV-00108677,SKU-0002530,,Anonymous,1,Very disappointed with the quality.,2023-12-11,False,NEGATIVE,2,SOURCE_G_REVIEWS,reviews_2023.csv,2023-12-11T15:54:47.867493386,BATCH-G-20231211
REV-00108686,SKU-0010755,,Anonymous,0,Decent but overpriced a bit.,2023-12-31,False,NEUTRAL,3,SOURCE_G_REVIEWS,reviews_2023.csv,2023-12-31T13:45:00.473521817,BATCH-G-20231231
REV-00108689,SKU-0012005,user_30158,Michelle Campbell,5,"<br>Livraison très lente, déçu. Better than I expected for the price.</p>",2023-03-03,False,POSITIVE,2,SOURCE_G_REVIEWS,reviews_2023.csv,2023-03-03T15:10:32.348452067,BATCH-G-20230303
REV-00108690,SKU-0009214,,Anonymous,4,"<p>Poor packaging, item was defective.</p>",2023-11-22,True,NEGATIVE,0,SOURCE_G_REVIEWS,reviews_2023.csv,2023-11-22T14:48:53.386127275,BATCH-G-20231122
REV-00108696,SKU-0011526,user_4549,James,3,"बहुत अच्छा उत्पाद है, पैसा वसूल!",2023-07-05,True,NEUTRAL,0,SOURCE_G_REVIEWS,reviews_2023.csv,2023-07-05T21:14:11.401285287,BATCH-G-20230705
REV-00108707,SKU-0013217,user_38266,Daniel,4,"Solid build quality, no complaints.",2023-01-01,True,POSITIVE,2,SOURCE_G_REVIEWS,reviews_2023.csv,2023-01-01T23:58:12.745927062,BATCH-G-20230101
REV-00108728,SKU-0015523,user_38781,Patrick Golden,3,"Not bad, not great either.",2023-04-23,False,NEUTRAL,7,SOURCE_G_REVIEWS,reviews_2023.csv,2023-04-23T17:29:40.933884896,BATCH-G-20230423
REV-00108730,SKU-0013876,user_9008371,Billy Wilson,4,Will definitely buy again.,2023-09-04,True,POSITIVE,1,SOURCE_G_REVIEWS,reviews_2023.csv,2023-09-04T21:07:16.761251884,BATCH-G-20230904
REV-00108732,SKU-0013538,user_9017167,Christina,5,NA,2023-12-10,True,POSITIVE,2,SOURCE_G_REVIEWS,reviews_2023.csv,2023-12-10T17:53:26.585889252,BATCH-G-20231210
REV-00108738,SKU-0013750,user_9031357,Angela Little,N/A,"Absolutely love it, works perfectly!",2023-09-16,True,POSITIVE,2,SOURCE_G_REVIEWS,reviews_2023.csv,2023-09-17T01:12:06.207390010,BATCH-G-20230916
REV-00108742,SKU-9996827,,Anonymous,3,"Not bad, not great either.",2023-02-18,False,NEUTRAL,0,SOURCE_G_REVIEWS,reviews_2023.csv,2023-02-18T07:02:28.766810643,BATCH-G-20230218
REV-00108749,SKU-0015642,,Anonymous,4,Fast delivery and great quality.,2023-05-25,True,POSITIVE,1,SOURCE_G_REVIEWS,reviews_2023.csv,2023-05-25T01:21:18.079196199,BATCH-G-20230525
REV-00108750,SKU-0005624,user_35324,Roger,5,Exceeded my expectations.,2023-11-12,True,POSITIVE,1,SOURCE_G_REVIEWS,reviews_2023.csv,2023-11-13T01:36:10.431637003,BATCH-G-20231112
REV-00108756,SKU-0004473,user_18723,Katelyn,5,Great value for money.,2023-12-17,False,POSITIVE,4,SOURCE_G_REVIEWS,reviews_2023.csv,2023-12-17T03:52:24.708801322,BATCH-G-20231217
REV-00108760,SKU-0020159,user_53875,Craig Mcmahon,5,Highly recommend this product.,2023-05-09,True,POSITIVE,1,SOURCE_G_REVIEWS,reviews_2023.csv,2023-05-09T04:44:30.127557972,BATCH-G-20230509
REV-00108762,SKU-0013712,user_30041,Rhonda Wheeler,0,   Will  definitely  buy  again.   ,2023-05-23,False,POSITIVE,2,SOURCE_G_REVIEWS,reviews_2023.csv,2023-05-23T20:08:13.410555837,BATCH-G-20230523
REV-00108764,SKU-0007289,user_69908,Ronald,5,"Absolutely love it, works perfectly!",2023-01-01,False,POSITIVE,1,SOURCE_G_REVIEWS,reviews_2023.csv,2023-01-01T11:21:22.771826557,BATCH-G-20230101
REV-00108765,SKU-0013301,,Anonymous,?,"Absolutely love it, works perfectly!",2023-07-16,True,POSITIVE,0,SOURCE_G_REVIEWS,reviews_2023.csv,2023-07-16T08:55:15.478043848,BATCH-G-20230716
REV-00108780,SKU-0008140,user_9025733,Christina,3,"   Average  quality,  nothing  special.   ",2023-04-08,False,NEUTRAL,0,SOURCE_G_REVIEWS,reviews_2023.csv,2023-04-08T10:51:16.073437484,BATCH-G-20230408
REV-00108781,SKU-0005431,user_47647,Willie Butler,5,Highly recommend this product.,2023-01-06,False,POSITIVE,4,SOURCE_G_REVIEWS,reviews_2023.csv,2023-01-06T13:30:09.735255279,BATCH-G-20230106
REV-00108783,SKU-0001659,user_9015324,Ronald Scott,4,Fast delivery and great quality.,2023-06-08,True,POSITIVE,3,SOURCE_G_REVIEWS,reviews_2023.csv,2023-06-08T12:32:23.166301356,BATCH-G-20230608
REV-00108789,SKU-0002435,,Anonymous,4,Exceeded my expectations.,2023-07-25,False,POSITIVE,3,SOURCE_G_REVIEWS,reviews_2023.csv,2023-07-25T20:23:35.109857871,BATCH-G-20230725
REV-00108793,SKU-0011617,user_24100,Daniel Jenkins,1,Arrived damaged and support was unhelpful.,2023-11-25,False,NEGATIVE,3,SOURCE_G_REVIEWS,reviews_2023.csv,2023-11-25T21:33:01.965881371,BATCH-G-20231125
REV-00108794,SKU-0007514,user_12845,Natasha Davis,4,"Absolutely love it, works perfectly!",2023-11-28,True,POSITIVE,2,SOURCE_G_REVIEWS,reviews_2023.csv,2023-11-28T13:26:23.569040451,BATCH-G-20231128
REV-00108795,SKU-0018886,user_9020851,Maria Robinson,4,Excellent rapport qualité-prix.,2023-03-02,False,POSITIVE,0,SOURCE_G_REVIEWS,reviews_2023.csv,2023-03-03T04:02:15.884841725,BATCH-G-20230302
REV-00108813,SKU-0008150,user_30000,Mark Nelson,4,"Perfect gift, they loved it!",2023-02-03,False,POSITIVE,2,SOURCE_G_REVIEWS,reviews_2023.csv,2023-02-03T18:16:23.706615802,BATCH-G-20230203
REV-00108817,SKU-0014222,user_9022356,Jessica Davis,4,"Solid build quality, no complaints.",2023-12-13,True,POSITIVE,0,SOURCE_G_REVIEWS,reviews_2023.csv,2023-12-13T07:27:24.639605719,BATCH-G-20231213
REV-00108819,SKU-0013619,user_44074,Ryan Greer,4,Great value for money.,2023-04-03,False,POSITIVE,1,SOURCE_G_REVIEWS,reviews_2023.csv,2023-04-03T19:02:14.667921063,BATCH-G-20230403
REV-00108824,SKU-0000125,user_63649,Alexander Rodgers,4,"Solid build quality, no complaints.",2023-02-06,True,POSITIVE,3,SOURCE_G_REVIEWS,reviews_2023.csv,2023-02-06T14:18:33.542343692,BATCH-G-20230206
REV-00108824-DUP,SKU-0000125,user_63649,Alexander Rodgers,4,"Solid build quality, no complaints.",2023-02-06,True,POSITIVE,3,SOURCE_G_REVIEWS,reviews_2023.csv,2023-02-06T15:12:33.542343692,BATCH-G-20230206
REV-00108831,SKU-0004196,,Anonymous,-1,Highly recommend this product.,2023-12-23,False,POSITIVE,2,SOURCE_G_REVIEWS,reviews_2023.csv,2023-12-23T13:27:08.982328847,BATCH-G-20231223
REV-00108833,SKU-0006096,user_40817,Michelle,1,Wrong item was shipped to me.,2023-03-11,False,NEGATIVE,1,SOURCE_G_REVIEWS,reviews_2023.csv,2023-03-12T03:14:54.706663461,BATCH-G-20230311
REV-00108836,SKU-0001505,user_62811,Melissa,4,Will definitely buy again.,2023-08-08,True,POSITIVE,1,SOURCE_G_REVIEWS,reviews_2023.csv,2023-08-08T19:15:10.921895585,BATCH-G-20230808
REV-00108839,SKU-0017700,user_59746,Nathan Mcbride,4,"Exactly as described, very happy.",2023-05-30,True,POSITIVE,2,SOURCE_G_REVIEWS,reviews_2023.csv,2023-05-30T09:48:40.624456954,BATCH-G-20230530
REV-00108848,SKU-0002806,user_23017,Brian Trevino,4,Wrong item was shipped to me.,2023-10-24,True,NEGATIVE,1,SOURCE_G_REVIEWS,reviews_2023.csv,2023-10-24T23:32:35.298836720,BATCH-G-20231024
REV-00108858,SKU-0010758,user_9031756,Nathan Garza,5,Exceeded my expectations.,2023-02-23,False,POSITIVE,0,SOURCE_G_REVIEWS,reviews_2023.csv,2023-02-23T19:04:01.768000947,BATCH-G-20230223
REV-00108864,SKU-0000197,user_31795,Jennifer Moore,4,Better than I expected for the price. 😀,2023-05-15,True,POSITIVE,12,SOURCE_G_REVIEWS,reviews_2023.csv,2023-05-15T08:01:30.667484594,BATCH-G-20230515
REV-00108865,SKU-0002108,,Anonymous,2,Arrived damaged and support was unhelpful.,2023-12-17,False,NEGATIVE,5,SOURCE_G_REVIEWS,reviews_2023.csv,2023-12-17T09:57:59.614196869,BATCH-G-20231217
REV-00108869,SKU-0016713,user_9030478,Brittany,5,Excellent rapport qualité-prix. Better than I expected for the price.,2023-04-19,True,POSITIVE,0,SOURCE_G_REVIEWS,reviews_2023.csv,2023-04-19T18:44:16.666359328,BATCH-G-20230419
REV-00108872,SKU-0014022,,Anonymous,3,"Matches the description, no issues.",2023-03-29,True,NEUTRAL,3,SOURCE_G_REVIEWS,reviews_2023.csv,2023-03-29T19:48:40.674608346,BATCH-G-20230329
REV-00108873,SKU-0005086,user_9032989,Amanda Compton,3,Decent but overpriced a bit.,2023-02-01,True,NEUTRAL,0,SOURCE_G_REVIEWS,reviews_2023.csv,2023-02-01T03:51:22.724651301,BATCH-G-20230201
REV-00108880,SKU-0005915,,Anonymous,5,"Absolutely love it, works perfectly!",2023-11-24,False,POSITIVE,5,SOURCE_G_REVIEWS,reviews_2023.csv,2023-11-24T04:37:47.962782167,BATCH-G-20231124
REV-00108892,SKU-0013683,user_29483,Chad White,3,"It's okay, does the job.",2023-01-19,False,NEUTRAL,4,SOURCE_G_REVIEWS,reviews_2023.csv,2023-01-20T01:31:47.097077152,BATCH-G-20230119
REV-00108892-DUP,SKU-0013683,user_29483,Chad White,3,"It's okay, does the job.",2023-01-19,False,NEUTRAL,4,SOURCE_G_REVIEWS,reviews_2023.csv,2023-01-20T02:21:47.097077152,BATCH-G-20230119
REV-00108896,SKU-0003159,user_29343,Ryan Fernandez,5,"Exactly as described, very happy.",2023-12-09,True,POSITIVE,2,SOURCE_G_REVIEWS,reviews_2023.csv,2023-12-09T19:17:49.454615641,BATCH-G-20231209
REV-00108902,SKU-0003007,,Anonymous,4,"Muy buen producto, lo recomiendo.",2023-11-16,False,POSITIVE,13,SOURCE_G_REVIEWS,reviews_2023.csv,2023-11-17T04:44:47.592664023,BATCH-G-20231116
REV-00108904,SKU-0013506,user_9000774,Tammy,5,"Perfect gift, they loved it!",2023-11-30,True,POSITIVE,2,SOURCE_G_REVIEWS,reviews_2023.csv,2023-11-30T21:11:04.160471145,BATCH-G-20231130
REV-00108919,SKU-0002644,user_69230,Megan Kennedy,1,Very disappointed with the quality.,2023-07-30,False,NEGATIVE,3,SOURCE_G_REVIEWS,reviews_2023.csv,2023-07-30T03:02:35.864897534,BATCH-G-20230730
REV-00108922,SKU-0017761,user_32546,David,7,Excellent rapport qualité-prix. Decent but overpriced a bit.,2023-11-17,True,NEUTRAL,5,SOURCE_G_REVIEWS,reviews_2023.csv,2023-11-18T05:57:41.162381304,BATCH-G-20231117
REV-00108927,SKU-0018084,user_9006295,Maria Figueroa,5,"   Absolutely  love  it,  works  perfectly!   ",2023-06-12,True,POSITIVE,0,SOURCE_G_REVIEWS,reviews_2023.csv,2023-06-12T00:41:15.195775435,BATCH-G-20230612
REV-00108941,SKU-0019698,user_68010,Rebecca,2,Very disappointed with the quality.,2023-05-16,True,NEGATIVE,7,SOURCE_G_REVIEWS,reviews_2023.csv,2023-05-16T06:07:58.526583826,BATCH-G-20230516
REV-00108956,SKU-0017588,user_9030132,Christine Kim,3,"Not bad, not great either.",2023-04-03,False,NEUTRAL,11,SOURCE_G_REVIEWS,reviews_2023.csv,2023-04-03T04:21:25.193725235,BATCH-G-20230403
REV-00108971,SKU-0015278,,Anonymous,1,"Poor packaging, item was defective.",2023-02-03,True,NEGATIVE,0,SOURCE_G_REVIEWS,reviews_2023.csv,2023-02-03T08:54:03.101026635,BATCH-G-20230203
REV-00108972,SKU-9929976,user_43608,Leonard Sanchez,2,"Poor packaging, item was defective.",2023-04-26,False,NEGATIVE,6,SOURCE_G_REVIEWS,reviews_2023.csv,2023-04-26T13:07:32.746707309,BATCH-G-20230426
REV-00108973,SKU-0002327,user_9027991,Amber Johnson,3,Stopped working after a week.,2023-05-03,False,NEGATIVE,0,SOURCE_G_REVIEWS,reviews_2023.csv,2023-05-03T01:51:17.753154276,BATCH-G-20230503
REV-00108980,SKU-0004150,user_11724,Sherri,2,"Livraison très lente, déçu.",2023-03-26,True,NEGATIVE,1,SOURCE_G_REVIEWS,reviews_2023.csv,2023-03-27T01:54:15.470768151,BATCH-G-20230326
REV-00108982,SKU-9984299,user_9015598,Kimberly,7,"Absolutely love it, works perfectly! 😀",2023-10-24,False,POSITIVE,4,SOURCE_G_REVIEWS,reviews_2023.csv,2023-10-24T18:00:21.877026984,BATCH-G-20231024
REV-00108987,SKU-0016222,user_60374,Robert Anderson,4,"Livraison très lente, déçu.",2023-06-14,True,POSITIVE,4,SOURCE_G_REVIEWS,reviews_2023.csv,2023-06-14T17:04:56.996131141,BATCH-G-20230614
REV-00108992,SKU-0003653,,Anonymous,5,"Exactly as described, very happy.",2023-11-23,True,POSITIVE,1,SOURCE_G_REVIEWS,reviews_2023.csv,2023-11-23T15:22:21.828852442,BATCH-G-20231123
REV-00109002,SKU-0018524,user_9023921,Heather Roberts,3,Very disappointed with the quality.,2023-03-17,True,NEGATIVE,0,SOURCE_G_REVIEWS,reviews_2023.csv,2023-03-18T05:37:36.570231895,BATCH-G-20230317
REV-00109005,SKU-0007670,,Anonymous,4,Great value for money.,2023-11-23,True,POSITIVE,2,SOURCE_G_REVIEWS,reviews_2023.csv,2023-11-23T17:41:57.367728723,BATCH-G-20231123
REV-00109027,SKU-0017785,user_44651,Randy Bartlett,5,"Solid build quality, no complaints.",2023-12-20,True,POSITIVE,1,SOURCE_G_REVIEWS,reviews_2023.csv,2023-12-20T21:26:37.591180376,BATCH-G-20231220
REV-00109028,SKU-0006843,,Anonymous,4,,2023-05-11,True,POSITIVE,0,SOURCE_G_REVIEWS,reviews_2023.csv,2023-05-12T03:08:45.291295140,BATCH-G-20230511
REV-00109038,SKU-0019074,,Anonymous,5,Excellent rapport qualité-prix. Fast delivery and great quality. 🔥,2023-01-08,True,POSITIVE,6,SOURCE_G_REVIEWS,reviews_2023.csv,2023-01-08T15:44:20.270258283,BATCH-G-20230108
REV-00109039,SKU-0017330,user_9014629,Bryan Taylor,3,"It's okay, does the job.",2023-08-02,False,NEUTRAL,0,SOURCE_G_REVIEWS,reviews_2023.csv,2023-08-02T19:41:33.424399947,BATCH-G-20230802
REV-00109048,SKU-0013324,,Anonymous,5,<p>Great value for money.<i>edited</i>,2023-10-03,True,POSITIVE,2,SOURCE_G_REVIEWS,reviews_2023.csv,2023-10-03T02:57:37.420975452,BATCH-G-20231003
REV-00109058,SKU-0002934,user_9002108,Ronald,2,Stopped working after a week.,2023-03-09,False,NEGATIVE,1,SOURCE_G_REVIEWS,reviews_2023.csv,2023-03-09T04:42:50.439826790,BATCH-G-20230309
REV-00109065,SKU-0006332,,Anonymous,4,Great value for money.,2023-06-28,False,POSITIVE,1,SOURCE_G_REVIEWS,reviews_2023.csv,2023-07-11T04:00:00,BATCH-G-20230628
REV-00109073,SKU-0003269,user_34943,Jennifer Smith,5,Great value for money.,2023-08-04,False,POSITIVE,4,SOURCE_G_REVIEWS,reviews_2023.csv,2023-08-04T20:47:29.125762014,BATCH-G-20230804
REV-00109075,SKU-0004175,user_7986,Sonya Watts,4,"It's okay, does the job.",2023-06-13,True,NEUTRAL,0,SOURCE_G_REVIEWS,reviews_2023.csv,2023-06-13T11:47:53.888568254,BATCH-G-20230613
REV-00109076,SKU-0001757,user_9020580,Andrew Meza,4,Will definitely buy again.,2023-06-26,False,POSITIVE,2,SOURCE_G_REVIEWS,reviews_2023.csv,2023-06-27T02:28:35.590042696,BATCH-G-20230626
REV-00109080,SKU-0016108,user_9004997,Cindy Morgan,5,Will definitely buy again.,2023-05-01,True,POSITIVE,0,SOURCE_G_REVIEWS,reviews_2023.csv,2023-05-01T01:40:17.531153959,BATCH-G-20230501
REV-00109085,SKU-0006195,user_10282,Marcus,5,Better than I expected for the price.,2023-08-19,False,POSITIVE,-1,SOURCE_G_REVIEWS,reviews_2023.csv,2023-08-19T23:29:51.109312706,BATCH-G-20230819
REV-00109087,SKU-0018629,user_9003710,Phillip Lewis,4,Great value for money.,2023-12-23,True,POSITIVE,1,SOURCE_G_REVIEWS,reviews_2023.csv,2023-12-23T04:26:32.813047960,BATCH-G-20231223
REV-00109099,SKU-0004004,user_46438,Kathleen Young DDS,3,"Average quality, nothing special.",2023-04-22,True,NEUTRAL,4,SOURCE_G_REVIEWS,reviews_2023.csv,2023-04-22T15:19:36.476690230,BATCH-G-20230422
REV-00109102,SKU-0006787,user_9015837,Christopher Smith,4,Exceeded my expectations.,2023-04-21,True,POSITIVE,0,SOURCE_G_REVIEWS,reviews_2023.csv,2023-04-21T19:50:56.903718998,BATCH-G-20230421
REV-00109103,SKU-0004155,user_9007466,Brenda,5,Better than I expected for the price.,2023-05-09,True,POSITIVE,0,SOURCE_G_REVIEWS,reviews_2023.csv,2023-05-09T04:27:30.088545825,BATCH-G-20230509
REV-00109113,SKU-9976842,user_20822,Edwin,3,"Average quality, nothing special.",2023-11-02,True,NEUTRAL,1,SOURCE_G_REVIEWS,reviews_2023.csv,2023-11-02T05:09:25.184673310,BATCH-G-20231102
REV-00109114,SKU-0014809,,Anonymous,4,Highly recommend this product.,2023-10-08,False,POSITIVE,4,SOURCE_G_REVIEWS,reviews_2023.csv,2023-10-08T02:49:54.243376083,BATCH-G-20231008
REV-00109119,SKU-0008505,user_9001467,Thomas,4,"Matches the description, no issues.",2023-02-09,True,NEUTRAL,1,SOURCE_G_REVIEWS,reviews_2023.csv,2023-02-09T01:02:27.698617321,BATCH-G-20230209
REV-00109130,SKU-0004664,user_44146,Jessica Gallegos,3,"Average quality, nothing special.",2023-03-21,True,NEUTRAL,3,SOURCE_G_REVIEWS,reviews_2023.csv,2023-03-21T05:02:03.624318574,BATCH-G-20230321
REV-00109134,SKU-9956291,user_9023825,Daniel Ward,4,"Absolutely love it, works perfectly!",2023-12-09,True,POSITIVE,2,SOURCE_G_REVIEWS,reviews_2023.csv,2023-12-09T18:50:25.979551821,BATCH-G-20231209
REV-00109137,SKU-0013528,user_9019972,Tiffany Herman,4,Great value for money.,2023-10-21,False,POSITIVE,0,SOURCE_G_REVIEWS,reviews_2023.csv,2023-10-21T14:13:08.325344583,BATCH-G-20231021
REV-00109145,SKU-0006372,,Anonymous,4,"Solid build quality, no complaints.",2023-05-29,True,POSITIVE,0,SOURCE_G_REVIEWS,reviews_2023.csv,2023-05-29T20:01:50.253427991,BATCH-G-20230529
REV-00109149,SKU-0015898,user_9005433,Jason Jackson,4,<b>Update:</b>Exceeded my expectations.<p>,2023-12-09,True,POSITIVE,3,SOURCE_G_REVIEWS,reviews_2023.csv,2023-12-09T19:45:38.385861897,BATCH-G-20231209
REV-00109150,SKU-0012745,,Anonymous,5,"Solid build quality, no complaints. 💯",2023-12-28,True,POSITIVE,2,SOURCE_G_REVIEWS,reviews_2023.csv,2023-12-29T02:18:42.240024070,BATCH-G-20231228
REV-00109160,SKU-0017058,user_9017894,Brooke Rodriguez,3,"It's okay, does the job.",2023-02-14,True,NEUTRAL,2,SOURCE_G_REVIEWS,reviews_2023.csv,2023-02-15T01:52:27.497566042,BATCH-G-20230214
REV-00109178,SKU-0001240,user_9853,Crystal Evans,3,"It's okay, does the job.",2023-08-25,True,NEUTRAL,1,SOURCE_G_REVIEWS,reviews_2023.csv,2023-08-26T05:24:16.878854776,BATCH-G-20230825
REV-00109179,SKU-0007057,user_45305,Brent Harris,5,Highly recommend this product.,2023-03-22,False,POSITIVE,0,SOURCE_G_REVIEWS,reviews_2023.csv,2023-03-22T11:58:54.182289947,BATCH-G-20230322
REV-00109187,SKU-9994571,user_32044,Bradley,5,"Solid build quality, no complaints.",2023-03-04,True,POSITIVE,0,SOURCE_G_REVIEWS,reviews_2023.csv,2023-03-04T07:54:14.824342067,BATCH-G-20230304
REV-00109187-DUP,SKU-9994571,user_32044,Bradley,5,"Solid build quality, no complaints.",2023-03-04,True,POSITIVE,0,SOURCE_G_REVIEWS,reviews_2023.csv,2023-03-04T08:18:14.824342067,BATCH-G-20230304
REV-00109193,SKU-0019185,user_9025018,Dan Williams,1,Works fine but delivery was slow.,2023-01-29,True,NEUTRAL,0,SOURCE_G_REVIEWS,reviews_2023.csv,2023-01-29T12:33:15.396879887,BATCH-G-20230129
REV-00109209,SKU-0011697,user_16275,Trevor Martinez II,1,No cumplió mis expectativas. Stopped working after a week.,2023-04-07,True,NEGATIVE,0,SOURCE_G_REVIEWS,reviews_2023.csv,2023-04-07T11:34:19.744886283,BATCH-G-20230407
REV-00109212,SKU-0008221,user_9006010,Michael,3,"<p>Average quality, nothing special.<i>edited</i>",2023-07-01,False,NEUTRAL,0,SOURCE_G_REVIEWS,reviews_2023.csv,2023-07-01T05:20:43.745750448,BATCH-G-20230701
REV-00109215,SKU-0010766,user_65637,Joseph,5,"Exactly as described, very happy.",2023-04-03,False,POSITIVE,13,SOURCE_G_REVIEWS,reviews_2023.csv,2023-04-03T07:48:30.711625608,BATCH-G-20230403
REV-00109218,SKU-0016237,user_9021782,Barbara Dominguez,1,गुणवत्ता ठीक नहीं थी।,2023-04-11,True,NEGATIVE,3,SOURCE_G_REVIEWS,reviews_2023.csv,2023-04-11T07:32:51.304726245,BATCH-G-20230411
REV-00109232,SKU-0017522,user_9027266,William Franklin,3,"It's okay, does the job.",2023-05-05,True,NEUTRAL,6,SOURCE_G_REVIEWS,reviews_2023.csv,2023-05-05T23:09:56.336479773,BATCH-G-20230505
REV-00109239,SKU-0009145,user_9030407,Dylan Anderson,5,Highly recommend this product.,2023-12-09,True,POSITIVE,0,SOURCE_G_REVIEWS,reviews_2023.csv,2023-12-09T23:56:27.561707781,BATCH-G-20231209
REV-00109241,SKU-0015238,user_9028345,Sarah,5,"गुणवत्ता ठीक नहीं थी। Absolutely love it, works perfectly!",2023-05-04,True,POSITIVE,11,SOURCE_G_REVIEWS,reviews_2023.csv,2023-05-04T13:02:14.557096768,BATCH-G-20230504
REV-00109241-DUP,SKU-0015238,user_9028345,Sarah,5,"गुणवत्ता ठीक नहीं थी। Absolutely love it, works perfectly!",2023-05-04,True,POSITIVE,11,SOURCE_G_REVIEWS,reviews_2023.csv,2023-05-04T13:49:14.557096768,BATCH-G-20230504
REV-00109250,SKU-0016401,user_9057,Emily Decker,,Exceeded my expectations.,2023-07-06,False,POSITIVE,2,SOURCE_G_REVIEWS,reviews_2023.csv,2023-07-07T05:18:16.490467448,BATCH-G-20230706
REV-00109256,SKU-0014586,user_9030813,Taylor Paul,4,"Absolutely love it, works perfectly!",2023-08-10,False,POSITIVE,1,SOURCE_G_REVIEWS,reviews_2023.csv,2023-08-10T18:12:51.890159772,BATCH-G-20230810
REV-00109258,SKU-9991804,user_9003275,Michele Wilkins DDS,5,Fast delivery and great quality.,2023-04-12,False,POSITIVE,0,SOURCE_G_REVIEWS,reviews_2023.csv,2023-04-12T03:47:30.216144437,BATCH-G-20230412
REV-00109263,SKU-0014760,user_9028016,Paul Cook,4,"&nbsp;Exactly as described, very happy. 😐<br>",2023-09-22,False,POSITIVE,0,SOURCE_G_REVIEWS,reviews_2023.csv,2023-09-23T00:28:36.444758153,BATCH-G-20230922
REV-00109273,SKU-0019313,user_9020961,Megan Lawson,5,"Exactly as described, very happy.",2023-10-25,True,POSITIVE,4,SOURCE_G_REVIEWS,reviews_2023.csv,2023-10-25T09:07:43.792480424,BATCH-G-20231025
REV-00109288,SKU-0007906,user_9007904,Jessica Mckinney,4,No cumplió mis expectativas.,2023-05-05,False,POSITIVE,2,SOURCE_G_REVIEWS,reviews_2023.csv,2023-05-05T19:01:00.928584223,BATCH-G-20230505
REV-00109295,SKU-0017156,user_41914,Rebecca,4,Fast delivery and great quality.,2023-09-19,False,POSITIVE,1,SOURCE_G_REVIEWS,reviews_2023.csv,2023-09-19T18:30:40.555269977,BATCH-G-20230919
REV-00109306,SKU-0000137,user_9009549,Danielle Price,1,"Waste of money, do not buy.",2023-02-27,True,NEGATIVE,0,SOURCE_G_REVIEWS,reviews_2023.csv,2023-02-28T04:27:42.954702074,BATCH-G-20230227
REV-00109308,SKU-0012746,user_9004112,Christopher Hicks,4,"Solid build quality, no complaints.",2023-06-11,True,POSITIVE,0,SOURCE_G_REVIEWS,reviews_2023.csv,2023-06-11T09:43:23.361755878,BATCH-G-20230611
REV-00109310,SKU-0014077,user_33822,Drew,4,Fast delivery and great quality.,2023-05-31,True,POSITIVE,2,SOURCE_G_REVIEWS,reviews_2023.csv,2023-05-31T00:39:20.037217917,BATCH-G-20230531
REV-00109319,SKU-0015685,user_9031027,Jason Boyer,4,Better than I expected for the price.,2023-05-17,False,POSITIVE,0,SOURCE_G_REVIEWS,reviews_2023.csv,2023-05-17T17:29:32.228630860,BATCH-G-20230517
REV-00109332,SKU-0003646,user_9032470,Robert,4,"Exactly as described, very happy.",2023-01-09,False,POSITIVE,6,SOURCE_G_REVIEWS,reviews_2023.csv,2023-01-09T08:24:32.668418067,BATCH-G-20230109
REV-00109336,SKU-0009770,user_9007971,Bryan Luna,4,Great value for money.,2023-07-11,True,POSITIVE,1,SOURCE_G_REVIEWS,reviews_2023.csv,2023-07-12T04:31:24.823505005,BATCH-G-20230711
REV-00109356,SKU-0019091,,Anonymous,5,"Perfect gift, they loved it!",2023-11-15,False,POSITIVE,3,SOURCE_G_REVIEWS,reviews_2023.csv,2023-11-16T05:14:29.365853498,BATCH-G-20231115
REV-00109361,SKU-0015675,,Anonymous,2,"Muy buen producto, lo recomiendo.",2023-01-14,False,NEGATIVE,4,SOURCE_G_REVIEWS,reviews_2023.csv,2023-01-14T15:53:13.690256809,BATCH-G-20230114
REV-00109387,SKU-0000718,user_66784,Kathleen Smith,4,"Perfect gift, they loved it!",2023-07-05,True,POSITIVE,8,SOURCE_G_REVIEWS,reviews_2023.csv,2023-07-05T09:41:59.779800189,BATCH-G-20230705
REV-00109388,SKU-0012361,,Anonymous,4,Fast delivery and great quality.,2023-12-31,False,POSITIVE,0,SOURCE_G_REVIEWS,reviews_2023.csv,2024-01-01T00:08:56.640638757,BATCH-G-20231231
REV-00109391,SKU-0009574,user_9011218,Steven Cox,4,"Solid build quality, no complaints.",2023-12-24,False,POSITIVE,2,SOURCE_G_REVIEWS,reviews_2023.csv,2023-12-24T05:07:19.480133281,BATCH-G-20231224
REV-00109405,SKU-9984207,user_64900,Samuel Garcia,5,"Solid build quality, no complaints.",2023-12-11,True,POSITIVE,2,SOURCE_G_REVIEWS,reviews_2023.csv,2023-12-11T22:28:08.601472995,BATCH-G-20231211
REV-00109406,SKU-9999335,,Anonymous,3,"It's okay, does the job.",2023-07-29,False,NEUTRAL,0,SOURCE_G_REVIEWS,reviews_2023.csv,2023-07-29T15:07:15.873374055,BATCH-G-20230729
REV-00109420,SKU-0013664,user_52201,Angela Phillips,3,"Average quality, nothing special.",2023-06-17,True,NEUTRAL,2,SOURCE_G_REVIEWS,reviews_2023.csv,2023-06-17T01:00:53.150783811,BATCH-G-20230617
REV-00109426,SKU-0016566,user_46125,Troy Bradley,5,"Perfect gift, they loved it!",2023-10-08,False,POSITIVE,1,SOURCE_G_REVIEWS,reviews_2023.csv,2023-10-08T12:57:35.022470034,BATCH-G-20231008
REV-00109426-BOT,SKU-0016566,user_50360,Paula,5,"Perfect gift, they loved it!",2023-10-08,False,POSITIVE,0,SOURCE_G_REVIEWS,reviews_2023.csv,2023-10-08T12:57:35.022470034,BATCH-G-20231008
REV-00109433,SKU-0012188,user_9000202,Brandon,5,"बहुत अच्छा उत्पाद है, पैसा वसूल! Better than I expected for the price.",2023-06-12,False,POSITIVE,2,SOURCE_G_REVIEWS,reviews_2023.csv,2023-06-12T10:01:15.385213038,BATCH-G-20230612
REV-00109435,SKU-0003267,,Anonymous,4,Highly recommend this product.,2023-08-27,False,POSITIVE,2,SOURCE_G_REVIEWS,reviews_2023.csv,2023-08-28T04:56:36.085722728,BATCH-G-20230827
REV-00109443,SKU-0007989,user_9005458,Maria Powell,3,Works fine but delivery was slow.,2023-11-29,True,NEUTRAL,4,SOURCE_G_REVIEWS,reviews_2023.csv,2023-11-29T17:58:15.548723594,BATCH-G-20231129
REV-00109459,SKU-0014983,user_9032241,Aaron Brewer,5,"Exactly as described, very happy.",2023-05-30,True,POSITIVE,9,SOURCE_G_REVIEWS,reviews_2023.csv,2023-05-30T16:42:48.456458378,BATCH-G-20230530
REV-00109473,SKU-0001042,,Anonymous,4,Great value for money.,2023-01-20,True,POSITIVE,0,SOURCE_G_REVIEWS,reviews_2023.csv,2023-01-21T04:07:17.615058247,BATCH-G-20230120
REV-00109475,SKU-0011572,user_9000650,Danielle Summers,1,Not as described at all.,2023-09-27,False,NEGATIVE,2,SOURCE_G_REVIEWS,reviews_2023.csv,2023-09-27T14:43:05.132570617,BATCH-G-20230927
REV-00109475-BOT,SKU-0011572,user_47963,Haley Taylor,1,Not as described at all.,2023-09-27,False,NEGATIVE,0,SOURCE_G_REVIEWS,reviews_2023.csv,2023-09-27T14:43:05.132570617,BATCH-G-20230927
REV-00109477,SKU-0007836,user_18241,Christine Hodge,5,Better than I expected for the price.,2023-05-15,False,POSITIVE,0,SOURCE_G_REVIEWS,reviews_2023.csv,2023-05-15T23:42:55.088354242,BATCH-G-20230515
REV-00109479,SKU-0012544,user_10297,Travis Newton,3,"It's okay, does the job.",2023-12-16,False,NEUTRAL,0,SOURCE_G_REVIEWS,reviews_2023.csv,2023-12-16T10:33:50.768730408,BATCH-G-20231216
REV-00109479-BOT,SKU-0012544,user_9025443,Kathryn Moore,3,"It's okay, does the job.",2023-12-16,False,NEUTRAL,0,SOURCE_G_REVIEWS,reviews_2023.csv,2023-12-16T10:33:50.768730408,BATCH-G-20231216
REV-00109516,SKU-0012939,user_9012900,Brandon Davis,5,Exceeded my expectations.,2023-03-31,True,POSITIVE,7,SOURCE_G_REVIEWS,reviews_2023.csv,2023-03-31T03:35:12.803070112,BATCH-G-20230331
REV-00109526,SKU-0013603,user_44774,Stacy Sanchez,5,"Solid build quality, no complaints.",2023-12-14,True,POSITIVE,2,SOURCE_G_REVIEWS,reviews_2023.csv,2023-12-15T02:31:33.451053960,BATCH-G-20231214
REV-00109527,SKU-0002787,,Anonymous,4,"Perfect gift, they loved it!",2023-04-20,False,POSITIVE,4,SOURCE_G_REVIEWS,reviews_2023.csv,2023-04-21T01:55:16.467438916,BATCH-G-20230420
REV-00109536,SKU-0008185,,Anonymous,3,Works fine but delivery was slow.,2023-05-18,True,NEUTRAL,1,SOURCE_G_REVIEWS,reviews_2023.csv,2023-05-18T16:36:04.478480721,BATCH-G-20230518
REV-00109541,SKU-0011561,user_9010638,Kimberly Buck,3,"Livraison très lente, déçu.",2023-11-26,False,NEUTRAL,0,SOURCE_G_REVIEWS,reviews_2023.csv,2023-11-26T02:29:23.901901742,BATCH-G-20231126
REV-00109543,SKU-0010337,user_51591,Michael,5,Exceeded my expectations.,2023-07-12,True,POSITIVE,6,SOURCE_G_REVIEWS,reviews_2023.csv,2023-07-12T05:44:43.975391666,BATCH-G-20230712
REV-00109553,SKU-0010908,user_9030371,Andrea Evans,3,"Not bad, not great either.",2023-02-04,False,NEUTRAL,1,SOURCE_G_REVIEWS,reviews_2023.csv,2023-02-05T03:57:57.192047250,BATCH-G-20230204
REV-00109558,SKU-0017376,user_1672,Lauren Gomez,2,Very disappointed with the quality.,2023-09-07,False,NEGATIVE,3,SOURCE_G_REVIEWS,reviews_2023.csv,2023-09-07T21:20:31.030053839,BATCH-G-20230907
REV-00109560,SKU-0007362,user_9031590,Colleen Hamilton,3,"It's okay, does the job.",2023-09-01,True,NEUTRAL,2,SOURCE_G_REVIEWS,reviews_2023.csv,2023-09-01T18:38:56.258414738,BATCH-G-20230901
REV-00109566,SKU-0014074,user_68881,Mrs. Sandra Rodriguez MD,3,"It's okay, does the job.",2023-12-26,True,NEUTRAL,0,SOURCE_G_REVIEWS,reviews_2023.csv,2023-12-26T15:18:53.412246248,BATCH-G-20231226
REV-00109571,SKU-0000432,,Anonymous,5,Fast delivery and great quality.,2023-05-11,True,POSITIVE,13,SOURCE_G_REVIEWS,reviews_2023.csv,2023-05-11T15:32:58.611394450,BATCH-G-20230511
REV-00109572,SKU-9980495,user_49578,Patricia Wilson MD,5,"Perfect gift, they loved it!",2023-02-10,True,POSITIVE,1,SOURCE_G_REVIEWS,reviews_2023.csv,2023-02-10T03:27:51.011765870,BATCH-G-20230210
REV-00109575,SKU-0017024,user_30585,Michael Preston,5,"<p>Absolutely love it, works perfectly!<b>Update:</b>",2023-08-02,True,POSITIVE,2,SOURCE_G_REVIEWS,reviews_2023.csv,2023-08-02T04:07:52.663346987,BATCH-G-20230802
REV-00109579,SKU-0001107,user_5849,Teresa,5,Exceeded my expectations.,2023-07-05,True,POSITIVE,3,SOURCE_G_REVIEWS,reviews_2023.csv,2023-07-05T16:07:25.010349052,BATCH-G-20230705
REV-00109581,SKU-0002032,user_46540,Tara Jones,4,Fast delivery and great quality.,2023-10-06,False,POSITIVE,5,SOURCE_G_REVIEWS,reviews_2023.csv,2023-10-06T04:52:52.626277862,BATCH-G-20231006
REV-00109582,SKU-0004025,user_41030,Larry Francis,5,"Absolutely love it, works perfectly!",2023-01-25,False,POSITIVE,4,SOURCE_G_REVIEWS,reviews_2023.csv,2023-01-26T05:35:44.721934389,BATCH-G-20230125
REV-00109586,SKU-0012644,user_9017189,Joseph Lewis,5,Highly recommend this product.,2023-07-05,True,POSITIVE,0,SOURCE_G_REVIEWS,reviews_2023.csv,2023-07-05T17:57:54.029544152,BATCH-G-20230705
REV-00109586-DUP,SKU-0012644,user_9017189,Joseph Lewis,5,Highly recommend this product.,2023-07-05,True,POSITIVE,0,SOURCE_G_REVIEWS,reviews_2023.csv,2023-07-05T18:13:54.029544152,BATCH-G-20230705
REV-00109590,SKU-0004874,user_9028685,William Miles,4,Better than I expected for the price. 🔥,2023-07-03,True,POSITIVE,2,SOURCE_G_REVIEWS,reviews_2023.csv,2023-07-03T02:42:44.467900398,BATCH-G-20230703
REV-00109593,SKU-0012767,,Anonymous,4,"Exactly as described, very happy.",2023-12-31,True,POSITIVE,2,SOURCE_G_REVIEWS,reviews_2023.csv,2023-12-31T11:49:44.189115552,BATCH-G-20231231
REV-00109598,SKU-0014518,user_25728,Andrew Lee,4,Will definitely buy again.,2023-12-15,True,POSITIVE,0,SOURCE_G_REVIEWS,reviews_2023.csv,2023-12-15T19:28:32.987282974,BATCH-G-20231215
REV-00109601,SKU-0012585,user_69799,Gregory Trevino,4,Will definitely buy again.,2023-11-09,True,POSITIVE,3,SOURCE_G_REVIEWS,reviews_2023.csv,2023-11-09T12:58:17.681648685,BATCH-G-20231109
REV-00109605,SKU-0018204,user_11271,Maria,5,"Exactly as described, very happy.",2023-08-25,True,POSITIVE,0,SOURCE_G_REVIEWS,reviews_2023.csv,2023-08-25T01:41:23.228333494,BATCH-G-20230825
REV-00109606,SKU-0017281,user_9003227,Jill Hunter,5,Better than I expected for the price.,2023-01-11,False,POSITIVE,0,SOURCE_G_REVIEWS,reviews_2023.csv,2023-01-11T04:48:23.070139220,BATCH-G-20230111
REV-00109630,SKU-9995600,user_5845,Holly,4,Exceeded my expectations.,2023-07-11,False,POSITIVE,8,SOURCE_G_REVIEWS,reviews_2023.csv,2023-07-11T10:37:20.420050290,BATCH-G-20230711
REV-00109635,SKU-0003595,user_45614,David Farrell,4,Fast delivery and great quality.,2023-06-30,True,POSITIVE,5,SOURCE_G_REVIEWS,reviews_2023.csv,2023-06-30T15:53:28.234962010,BATCH-G-20230630
REV-00109641,SKU-0007843,,Anonymous,4,No cumplió mis expectativas.,2023-10-26,True,POSITIVE,-2,SOURCE_G_REVIEWS,reviews_2023.csv,2023-10-26T13:30:45.882807361,BATCH-G-20231026
REV-00109644,SKU-0013561,,Anonymous,5,गुणवत्ता ठीक नहीं थी।,2023-12-10,True,NEGATIVE,1,SOURCE_G_REVIEWS,reviews_2023.csv,2023-12-10T19:47:26.409378818,BATCH-G-20231210
REV-00109645,SKU-0011159,user_9016883,Allen,5,"Perfect gift, they loved it!",2023-07-14,False,POSITIVE,3,SOURCE_G_REVIEWS,reviews_2023.csv,2023-07-15T00:32:37.556088346,BATCH-G-20230714
REV-00109656,SKU-0008480,user_9008117,Kathryn,5,"Exactly as described, very happy.",2023-07-18,True,POSITIVE,0,SOURCE_G_REVIEWS,reviews_2023.csv,2023-07-18T10:08:59.217840421,BATCH-G-20230718
REV-00109661,SKU-0010778,user_63267,Timothy Harris,4,"Matches the description, no issues.",2023-11-21,True,NEUTRAL,6,SOURCE_G_REVIEWS,reviews_2023.csv,2023-11-21T17:04:56.488091901,BATCH-G-20231121
REV-00109667,SKU-0014289,user_9014158,Blake Gonzales,3,"Average quality, nothing special.",2023-11-09,True,NEUTRAL,1,SOURCE_G_REVIEWS,reviews_2023.csv,2023-11-09T11:25:26.700073039,BATCH-G-20231109
REV-00109670,SKU-0016403,user_9019662,Audrey Anderson,1,Arrived damaged and support was unhelpful.,2023-02-26,True,NEGATIVE,0,SOURCE_G_REVIEWS,reviews_2023.csv,2023-02-26T15:46:05.505207917,BATCH-G-20230226
REV-00109674,SKU-0014506,user_9030495,Mackenzie,5,Highly recommend this product.,2023-09-15,False,POSITIVE,2,SOURCE_G_REVIEWS,reviews_2023.csv,2023-09-15T19:21:40.532707743,BATCH-G-20230915
REV-00109685,SKU-0010624,,Anonymous,4,NA,2023-02-02,True,POSITIVE,1,SOURCE_G_REVIEWS,reviews_2023.csv,2023-02-02T16:31:39.936867169,BATCH-G-20230202
REV-00109690,SKU-0005114,,Anonymous,5,Exceeded my expectations.,2023-12-19,True,POSITIVE,0,SOURCE_G_REVIEWS,reviews_2023.csv,2023-12-19T22:14:09.140194061,BATCH-G-20231219
REV-00109700,SKU-0017237,user_9031997,Erika Fisher,4,Great value for money.,2023-04-12,True,POSITIVE,1,SOURCE_G_REVIEWS,reviews_2023.csv,2023-04-12T10:39:54.101401619,BATCH-G-20230412
REV-00109712,SKU-0016599,user_9033199,Lori,2,Wrong item was shipped to me.,2023-12-19,False,NEGATIVE,6,SOURCE_G_REVIEWS,reviews_2023.csv,2023-12-19T07:00:55.007626732,BATCH-G-20231219
REV-00109715,SKU-0005695,user_9018027,Katherine Fleming,4,Better than I expected for the price.,2023-07-17,False,POSITIVE,2,SOURCE_G_REVIEWS,reviews_2023.csv,2023-07-18T05:42:38.393195599,BATCH-G-20230717
REV-00109727,SKU-9953210,user_65578,Diana,4,"Absolutely love it, works perfectly!",2023-11-10,False,POSITIVE,6,SOURCE_G_REVIEWS,reviews_2023.csv,2023-11-11T01:59:11.939448491,BATCH-G-20231110
REV-00109743,SKU-0001837,,Anonymous,5,Fast delivery and great quality.,2023-06-02,True,POSITIVE,2,SOURCE_G_REVIEWS,reviews_2023.csv,2023-06-02T03:52:42.712913351,BATCH-G-20230602
REV-00109749,SKU-0009366,user_9028233,Karen Martin,4,Fast delivery and great quality.,2023-01-04,False,POSITIVE,0,SOURCE_G_REVIEWS,reviews_2023.csv,2023-01-04T06:03:49.242226528,BATCH-G-20230104
REV-00109757,SKU-0013732,user_9024370,Emily Morgan,2,"Cheaply made, broke immediately.",2023-04-06,True,NEGATIVE,3,SOURCE_G_REVIEWS,reviews_2023.csv,2023-04-06T14:38:54.924104574,BATCH-G-20230406
REV-00109758,SKU-0002447,user_9000094,Rachel Sheppard,4,&nbsp;Highly recommend this product.<i>edited</i>,2023-09-13,False,POSITIVE,0,SOURCE_G_REVIEWS,reviews_2023.csv,2023-09-13T18:27:06.758702665,BATCH-G-20230913
REV-00109761,SKU-0006283,user_9023713,David Davenport,4,"Perfect gift, they loved it!",2023-02-01,False,POSITIVE,3,SOURCE_G_REVIEWS,reviews_2023.csv,2023-02-01T14:34:16.670757683,BATCH-G-20230201
REV-00109780,SKU-0011054,,Anonymous,5,"बहुत अच्छा उत्पाद है, पैसा वसूल!",2023-02-11,True,POSITIVE,1,SOURCE_G_REVIEWS,reviews_2023.csv,2023-02-11T16:17:02.462826053,BATCH-G-20230211
REV-00109798,SKU-0015564,user_69527,Michelle,5,Exceeded my expectations.,2023-01-20,True,POSITIVE,-3,SOURCE_G_REVIEWS,reviews_2023.csv,2023-01-20T07:04:02.995049660,BATCH-G-20230120
REV-00109800,SKU-0016687,user_9014845,Allison Cook,1,Stopped working after a week.,2023-09-07,False,NEGATIVE,1,SOURCE_G_REVIEWS,reviews_2023.csv,2023-09-08T01:38:30.610623358,BATCH-G-20230907
REV-00109815,SKU-0012458,,Anonymous,2,Not as described at all.,2023-04-23,False,NEGATIVE,0,SOURCE_G_REVIEWS,reviews_2023.csv,2023-04-23T03:20:49.163419254,BATCH-G-20230423
REV-00109821,SKU-0012128,user_42408,Theresa,4,Great value for money.,2023-01-18,True,POSITIVE,1,SOURCE_G_REVIEWS,reviews_2023.csv,2023-01-18T19:55:12.041859217,BATCH-G-20230118
REV-00109828,SKU-0019534,user_13127,Jennifer,5,Highly recommend this product.,2023-12-11,True,POSITIVE,0,SOURCE_G_REVIEWS,reviews_2023.csv,2023-12-11T21:51:34.133229432,BATCH-G-20231211
REV-00109834,SKU-0008195,,Anonymous,5,Excellent rapport qualité-prix.,2023-01-29,False,POSITIVE,1,SOURCE_G_REVIEWS,reviews_2023.csv,2023-01-29T17:11:17.324354519,BATCH-G-20230129
REV-00109846,SKU-9946910,user_43912,Emily Lane,5,"Exactly as described, very happy.",2023-06-05,True,POSITIVE,5,SOURCE_G_REVIEWS,reviews_2023.csv,2023-06-06T04:49:03.058243309,BATCH-G-20230605
REV-00109848,SKU-0001192,user_9028340,Krystal Mccann,5,Better than I expected for the price.,2023-06-20,True,POSITIVE,9,SOURCE_G_REVIEWS,reviews_2023.csv,2023-06-20T13:21:34.385433157,BATCH-G-20230620
REV-00109857,SKU-0002323,user_53375,Michael,5,unknown,2023-11-24,False,POSITIVE,2,SOURCE_G_REVIEWS,reviews_2023.csv,2023-11-24T07:14:03.680707455,BATCH-G-20231124
REV-00109862,SKU-0005437,user_24188,Kristi Patel,3,?,2023-09-30,False,NEUTRAL,0,SOURCE_G_REVIEWS,reviews_2023.csv,2023-09-30T11:18:34.220112981,BATCH-G-20230930
REV-00109872,SKU-0009899,user_49598,Amanda,4,"Perfect gift, they loved it!",2023-10-30,False,POSITIVE,9,SOURCE_G_REVIEWS,reviews_2023.csv,2023-10-30T05:21:01.433814744,BATCH-G-20231030
REV-00109896,SKU-0018911,user_48933,Christine Nelson,4,"Exactly as described, very happy.",2023-04-20,True,POSITIVE,0,SOURCE_G_REVIEWS,reviews_2023.csv,2023-04-20T22:08:31.216919998,BATCH-G-20230420
REV-00109898,SKU-0013760,user_39598,Krystal Gray,2,"Poor packaging, item was defective.",2023-01-04,True,NEGATIVE,2,SOURCE_G_REVIEWS,reviews_2023.csv,2023-01-04T08:24:23.946124462,BATCH-G-20230104
REV-00109903,SKU-0019438,user_9005372,Christine Simpson,3,Great value for money.,2023-05-29,True,POSITIVE,0,SOURCE_G_REVIEWS,reviews_2023.csv,2023-05-30T05:46:26.000752760,BATCH-G-20230529
REV-00109907,SKU-0015298,user_30081,Lisa Miller MD,5,Exceeded my expectations.,2023-06-13,True,POSITIVE,0,SOURCE_G_REVIEWS,reviews_2023.csv,2023-06-13T03:27:02.572388619,BATCH-G-20230613
REV-00109910,SKU-0015990,user_67002,Eric Morgan,4,Will definitely buy again.,2023-06-10,True,POSITIVE,0,SOURCE_G_REVIEWS,reviews_2023.csv,2023-06-10T03:10:40.692736620,BATCH-G-20230610
REV-00109915,SKU-0010946,user_9019292,Elizabeth Adams,4,"Exactly as described, very happy.",2023-08-27,True,POSITIVE,6,SOURCE_G_REVIEWS,reviews_2023.csv,2023-08-27T15:34:36.288371358,BATCH-G-20230827
REV-00109931,SKU-0012678,,Anonymous,5,Fast delivery and great quality.,2023-05-19,False,POSITIVE,2,SOURCE_G_REVIEWS,reviews_2023.csv,2023-05-19T07:02:12.010224405,BATCH-G-20230519
REV-00109932,SKU-0009043,user_44162,Susan,4,Better than I expected for the price.,2023-10-18,True,POSITIVE,2,SOURCE_G_REVIEWS,reviews_2023.csv,2023-10-18T02:54:41.949768328,BATCH-G-20231018
REV-00109937,SKU-0016667,user_9011282,Carlos Ball,5,"Exactly as described, very happy.",2023-10-04,True,POSITIVE,0,SOURCE_G_REVIEWS,reviews_2023.csv,2023-10-04T04:22:39.526545620,BATCH-G-20231004
REV-00109943,SKU-0006131,user_27851,Kenneth,?,Better than I expected for the price.,2023-02-28,False,POSITIVE,5,SOURCE_G_REVIEWS,reviews_2023.csv,2023-02-28T15:02:53.625494803,BATCH-G-20230228
REV-00109944,SKU-9984783,user_9017971,Ebony,5,"Absolutely love it, works perfectly!",2023-10-25,True,POSITIVE,5,SOURCE_G_REVIEWS,reviews_2023.csv,2023-10-25T14:33:41.315105497,BATCH-G-20231025
REV-00109961,SKU-9901395,,Anonymous,5,Exceeded my expectations.,2023-11-26,False,POSITIVE,0,SOURCE_G_REVIEWS,reviews_2023.csv,2023-11-26T14:34:59.686742756,BATCH-G-20231126
REV-00109966,SKU-0011181,user_9007915,Douglas Lawson,5,"   Exactly  as  described,  very  happy.   ",2023-05-25,True,POSITIVE,6,SOURCE_G_REVIEWS,reviews_2023.csv,2023-06-12T14:00:00,BATCH-G-20230525
REV-00109977,SKU-0010775,,Anonymous,5,Great value for money.,2023-01-02,True,POSITIVE,1,SOURCE_G_REVIEWS,reviews_2023.csv,2023-01-02T08:22:15.273131245,BATCH-G-20230102
REV-00109993,SKU-0019215,,Anonymous,5,"Perfect gift, they loved it! 😍😍",2023-11-11,False,POSITIVE,3,SOURCE_G_REVIEWS,reviews_2023.csv,2023-11-11T19:15:30.761599072,BATCH-G-20231111
REV-00109998,SKU-0010110,user_33035,Erik,4,Better than I expected for the price.,2023-12-03,False,POSITIVE,7,SOURCE_G_REVIEWS,reviews_2023.csv,2023-12-03T18:59:28.209517404,BATCH-G-20231203
REV-00110003,SKU-0018701,,Anonymous,4,"Exactly as described, very happy. 😡😡",2023-12-17,True,POSITIVE,7,SOURCE_G_REVIEWS,reviews_2023.csv,2023-12-17T16:21:56.444546912,BATCH-G-20231217
REV-00110014,SKU-0018537,,Anonymous,5,"Absolutely love it, works perfectly!",2023-09-02,False,POSITIVE,4,SOURCE_G_REVIEWS,reviews_2023.csv,2023-09-03T02:14:22.204355422,BATCH-G-20230902
REV-00110019,SKU-0008613,,Anonymous,4,"Exactly as described, very happy.",2023-08-26,True,POSITIVE,3,SOURCE_G_REVIEWS,reviews_2023.csv,2023-08-26T16:37:46.809464727,BATCH-G-20230826
REV-00110020,SKU-0003379,user_9024247,Paul Miller,5,"<i>edited</i>Absolutely love it, works perfectly!&nbsp;",2023-06-13,False,POSITIVE,0,SOURCE_G_REVIEWS,reviews_2023.csv,2023-06-14T00:22:49.204693133,BATCH-G-20230613
REV-00110039,SKU-0020025,,Anonymous,2,Not as described at all.,2023-06-17,False,NEGATIVE,4,SOURCE_G_REVIEWS,reviews_2023.csv,2023-06-17T04:49:00.665479604,BATCH-G-20230617
REV-00110059,SKU-0007034,user_59156,Ellen Cline,unknown,"Waste of money, do not buy.",2023-02-14,True,NEGATIVE,0,SOURCE_G_REVIEWS,reviews_2023.csv,2023-02-15T03:45:26.144846307,BATCH-G-20230214
REV-00110076,SKU-0017704,user_9638,Cristina Evans,4,"Perfect gift, they loved it!",2023-11-23,True,POSITIVE,1,SOURCE_G_REVIEWS,reviews_2023.csv,2023-11-23T20:55:33.660398675,BATCH-G-20231123
REV-00110077,SKU-0003313,user_9033802,Kathleen Barr,1,"Cheaply made, broke immediately.",2023-12-15,False,NEGATIVE,0,SOURCE_G_REVIEWS,reviews_2023.csv,2023-12-16T01:30:15.685181569,BATCH-G-20231215
REV-00110078,SKU-0003805,,Anonymous,3,&nbsp;गुणवत्ता ठीक नहीं थी।<b>Update:</b>,2023-11-21,True,NEUTRAL,2,SOURCE_G_REVIEWS,reviews_2023.csv,2023-11-21T03:13:50.865488686,BATCH-G-20231121
REV-00110094,SKU-0004675,user_9025226,Samantha Berry,4,"Absolutely love it, works perfectly!",2023-06-13,False,POSITIVE,4,SOURCE_G_REVIEWS,reviews_2023.csv,2023-06-13T10:14:57.655783380,BATCH-G-20230613
REV-00110114,SKU-0011234,user_34627,Daniel,4,Exceeded my expectations.,2023-03-29,False,POSITIVE,6,SOURCE_G_REVIEWS,reviews_2023.csv,2023-03-30T00:05:03.874788802,BATCH-G-20230329
REV-00110119,SKU-0008728,user_8586,Sandra Alexander,5,Better than I expected for the price.,2023-04-20,True,POSITIVE,1,SOURCE_G_REVIEWS,reviews_2023.csv,2023-04-20T13:59:12.769827082,BATCH-G-20230420
REV-00110126,SKU-0004391,,Anonymous,5,Fast delivery and great quality.,2023-05-05,True,POSITIVE,1,SOURCE_G_REVIEWS,reviews_2023.csv,2023-05-05T21:56:28.203493261,BATCH-G-20230505
REV-00110132,SKU-0013038,,Anonymous,4,Will definitely buy again. 🔥,2023-11-15,True,POSITIVE,6,SOURCE_G_REVIEWS,reviews_2023.csv,2023-11-16T02:04:25.323803153,BATCH-G-20231115
REV-00110140,SKU-0003679,user_9034956,Richard Brown,5,"   Solid  build  quality,  no  complaints.   ",2023-10-08,True,POSITIVE,0,SOURCE_G_REVIEWS,reviews_2023.csv,2023-10-08T18:38:51.860386248,BATCH-G-20231008
REV-00110141,SKU-0008232,user_35807,Laura Lopez,3,"Average quality, nothing special.",2023-07-22,False,NEUTRAL,3,SOURCE_G_REVIEWS,reviews_2023.csv,2023-07-22T17:33:28.270321363,BATCH-G-20230722
REV-00110143,SKU-0017821,,Anonymous,4,Fast delivery and great quality.,2023-04-24,False,POSITIVE,7,SOURCE_G_REVIEWS,reviews_2023.csv,2023-04-24T14:08:19.145999481,BATCH-G-20230424
REV-00110145,SKU-0013035,user_9025371,Larry Stewart,,Arrived damaged and support was unhelpful.,2023-10-12,True,NEGATIVE,0,SOURCE_G_REVIEWS,reviews_2023.csv,2023-10-12T19:56:19.922179211,BATCH-G-20231012
REV-00110158,SKU-0013025,,Anonymous,5,"Absolutely love it, works perfectly!",2023-12-31,True,POSITIVE,0,SOURCE_G_REVIEWS,reviews_2023.csv,2023-12-31T18:32:02.296036322,BATCH-G-20231231
REV-00110169,SKU-0014015,user_9031839,Cody Whitehead, ,"बहुत अच्छा उत्पाद है, पैसा वसूल! Better than I expected for the price.",2023-12-01,True,POSITIVE,10,SOURCE_G_REVIEWS,reviews_2023.csv,2023-12-01T17:26:17.636773660,BATCH-G-20231201
REV-00110179,SKU-0006562,user_9001610,Timothy Boyle,4,   Will  definitely  buy  again.   ,2023-06-24,True,POSITIVE,18,SOURCE_G_REVIEWS,reviews_2023.csv,2023-06-24T11:26:02.771098009,BATCH-G-20230624
REV-00110182,SKU-0002956,user_57159,Timothy Scott,5,Great value for money.,2023-11-06,True,POSITIVE,0,SOURCE_G_REVIEWS,reviews_2023.csv,2023-11-07T03:54:44.557860899,BATCH-G-20231106
REV-00110186,SKU-0014438,user_9026409,Angela Summers,4,Exceeded my expectations.,2023-09-01,False,POSITIVE,0,SOURCE_G_REVIEWS,reviews_2023.csv,2023-09-01T01:02:22.419032481,BATCH-G-20230901
REV-00110188,SKU-0005610,user_39620,Amanda,5,Will definitely buy again.,2023-05-03,True,POSITIVE,2,SOURCE_G_REVIEWS,reviews_2023.csv,2023-05-03T18:30:34.369557586,BATCH-G-20230503
REV-00110191,SKU-0012936,user_9011206,Diane Kim,3,Decent but overpriced a bit.,2023-11-04,False,NEUTRAL,2,SOURCE_G_REVIEWS,reviews_2023.csv,2023-11-04T20:57:17.923721528,BATCH-G-20231104
REV-00110205,SKU-0011222,user_37042,Angela Short,5,Not as described at all.,2023-07-01,True,NEGATIVE,0,SOURCE_G_REVIEWS,reviews_2023.csv,2023-07-01T16:13:25.113431601,BATCH-G-20230701
REV-00110223,SKU-0019825,,Anonymous,5,<br>Fast delivery and great quality.<i>edited</i>,2023-06-28,True,POSITIVE,5,SOURCE_G_REVIEWS,reviews_2023.csv,2023-06-28T17:58:48.824890359,BATCH-G-20230628
REV-00110228,SKU-0007630,,Anonymous,5,Highly recommend this product.,2023-04-14,True,POSITIVE,1,SOURCE_G_REVIEWS,reviews_2023.csv,2023-04-14T10:16:28.083621306,BATCH-G-20230414
REV-00110230,SKU-0000858,user_44084,Kathleen Thomas,5,Exceeded my expectations.,2023-10-15,True,POSITIVE,0,SOURCE_G_REVIEWS,reviews_2023.csv,2023-10-15T22:04:35.360196632,BATCH-G-20231015
REV-00110238,SKU-0003597,user_9018371,Marcia Roth,3,"   It's  okay,  does  the  job.   ",2023-07-05,False,NEUTRAL,1,SOURCE_G_REVIEWS,reviews_2023.csv,2023-07-05T04:15:09.594698692,BATCH-G-20230705
REV-00110245,SKU-0009939,user_9022409,Carol Solis,3,"Matches the description, no issues.",2023-08-18,False,NEUTRAL,0,SOURCE_G_REVIEWS,reviews_2023.csv,2023-08-18T10:36:01.830032982,BATCH-G-20230818
REV-00110255,SKU-0014402,user_9032508,Robin,4,Great value for money.,2023-04-17,True,POSITIVE,2,SOURCE_G_REVIEWS,reviews_2023.csv,2023-04-17T16:40:38.061770243,BATCH-G-20230417
REV-00110264,SKU-0008993,user_1405,Anthony Cruz,3,Works fine but delivery was slow.,2023-12-31,False,NEUTRAL,12,SOURCE_G_REVIEWS,reviews_2023.csv,2023-12-31T04:52:41.960599523,BATCH-G-20231231
REV-00110268,SKU-0001892,user_9013140,Hailey Terrell,5,Will definitely buy again. 🙏,2023-11-15,True,POSITIVE,0,SOURCE_G_REVIEWS,reviews_2023.csv,2023-11-15T06:27:42.099698111,BATCH-G-20231115
REV-00110276,SKU-9927698,user_32706,Jennifer Smith,5,"Perfect gift, they loved it! 😡",2023-09-14,False,POSITIVE,1,SOURCE_G_REVIEWS,reviews_2023.csv,2023-09-15T02:12:07.578356365,BATCH-G-20230914
REV-00110278,SKU-0015146,user_9009923,Chelsea,5,Highly recommend this product.,2023-05-11,True,POSITIVE,0,SOURCE_G_REVIEWS,reviews_2023.csv,2023-05-11T20:11:38.735598356,BATCH-G-20230511
REV-00110282,SKU-0007098,user_17729,Zachary Sanchez,5,Will definitely buy again.,2023-09-18,True,POSITIVE,1,SOURCE_G_REVIEWS,reviews_2023.csv,2023-09-18T02:43:28.759754095,BATCH-G-20230918
REV-00110293,SKU-0004160,user_9033022,John,2,Arrived damaged and support was unhelpful.,2023-05-23,True,NEGATIVE,0,SOURCE_G_REVIEWS,reviews_2023.csv,2023-05-23T05:56:02.395760076,BATCH-G-20230523
REV-00110296,SKU-0004271,user_9001745,Aaron,4,Better than I expected for the price.,2023-07-01,True,POSITIVE,2,SOURCE_G_REVIEWS,reviews_2023.csv,2023-07-02T00:32:00.198147128,BATCH-G-20230701
REV-00110316,SKU-0008609,user_9033853,Alexis,4,Will definitely buy again.,2023-11-08,False,POSITIVE,2,SOURCE_G_REVIEWS,reviews_2023.csv,2023-11-08T00:58:54.845423817,BATCH-G-20231108
REV-00110333,SKU-0015789,,Anonymous,5,Exceeded my expectations.,2023-10-05,False,POSITIVE,2,SOURCE_G_REVIEWS,reviews_2023.csv,2023-10-05T06:39:15.337659699,BATCH-G-20231005
REV-00110336,SKU-0014569,user_7272,Stacy Brown,5,,2023-03-08,True,POSITIVE,1,SOURCE_G_REVIEWS,reviews_2023.csv,2023-03-08T05:07:33.559571625,BATCH-G-20230308
REV-00110347,SKU-0015306,,Anonymous,4,Better than I expected for the price.,2023-12-19,True,POSITIVE,0,SOURCE_G_REVIEWS,reviews_2023.csv,2023-12-19T07:04:25.855327373,BATCH-G-20231219
REV-00110357,SKU-0007378,user_6768,Jamie Hall,5,Highly recommend this product.,2023-09-06,False,POSITIVE,1,SOURCE_G_REVIEWS,reviews_2023.csv,2023-09-06T04:24:54.599364920,BATCH-G-20230906
REV-00110359,SKU-0015077,user_9015164,Jaime,5,NA,2023-10-08,False,POSITIVE,4,SOURCE_G_REVIEWS,reviews_2023.csv,2023-10-08T03:27:19.243601505,BATCH-G-20231008
REV-00110361,SKU-9966446,user_9015951,Sara Johnson,3,"Matches the description, no issues.",2023-08-05,False,NEUTRAL,0,SOURCE_G_REVIEWS,reviews_2023.csv,2023-08-05T09:09:58.583131762,BATCH-G-20230805
REV-00110369,SKU-0002099,user_9018083,Julie Butler,5,Will definitely buy again.,2023-12-10,False,POSITIVE,3,SOURCE_G_REVIEWS,reviews_2023.csv,2023-12-10T10:25:48.132408987,BATCH-G-20231210
REV-00110381,SKU-0006997,user_9019189,Melanie Carter,4,Will definitely buy again.,2023-05-12,True,POSITIVE,1,SOURCE_G_REVIEWS,reviews_2023.csv,2023-05-12T18:07:54.776641672,BATCH-G-20230512
REV-00110393,SKU-0014215,user_9033014,Robert Lee,4,Fast delivery and great quality.,2023-04-02,False,POSITIVE,0,SOURCE_G_REVIEWS,reviews_2023.csv,2023-04-10T21:00:00,BATCH-G-20230402
REV-00110394,SKU-0009831,user_47738,Michael Evans,3,"Muy buen producto, lo recomiendo.",2023-04-05,False,NEUTRAL,4,SOURCE_G_REVIEWS,reviews_2023.csv,2023-04-06T03:57:54.140075202,BATCH-G-20230405
REV-00110395,SKU-9984892,,Anonymous,5,Better than I expected for the price.,2023-07-08,True,POSITIVE,1,SOURCE_G_REVIEWS,reviews_2023.csv,2023-07-08T05:25:56.985697657,BATCH-G-20230708
REV-00110396,SKU-0012021,user_28724,James Moore,3,"Average quality, nothing special.",2023-06-07,False,NEUTRAL,0,SOURCE_G_REVIEWS,reviews_2023.csv,2023-06-07T18:41:55.817708978,BATCH-G-20230607
REV-00110397,SKU-0010444,user_9015022,Katherine Howard,4,Fast delivery and great quality.,2023-12-20,False,POSITIVE,8,SOURCE_G_REVIEWS,reviews_2023.csv,2023-12-20T13:53:53.973880748,BATCH-G-20231220
REV-00110405,SKU-0015742,user_9015026,Stephanie Watkins,2,"Poor packaging, item was defective.",2023-01-27,True,NEGATIVE,0,SOURCE_G_REVIEWS,reviews_2023.csv,2023-01-27T11:48:06.505857856,BATCH-G-20230127
REV-00110407,SKU-9962881,user_9010868,Daniel Graham,5,Fast delivery and great quality.,2023-01-11,False,POSITIVE,12,SOURCE_G_REVIEWS,reviews_2023.csv,2023-01-11T10:14:12.075575184,BATCH-G-20230111
REV-00110412,SKU-0007927,user_9010826,Bryan Anderson,5,Exceeded my expectations.,2023-12-14,False,POSITIVE,8,SOURCE_G_REVIEWS,reviews_2023.csv,2023-12-14T20:31:06.739909939,BATCH-G-20231214
REV-00110426,SKU-9983520,user_9032530,Scott Cole,5,"   Absolutely  love  it,  works  perfectly!   ",2023-12-07,False,POSITIVE,10,SOURCE_G_REVIEWS,reviews_2023.csv,2023-12-27T09:00:00,BATCH-G-20231207
REV-00110441,SKU-0018126,user_9014164,Melissa,2,"Poor packaging, item was defective.",2023-05-20,True,NEGATIVE,3,SOURCE_G_REVIEWS,reviews_2023.csv,2023-05-20T18:08:32.810553586,BATCH-G-20230520
REV-00110448,SKU-0003207,user_9031306,David Glover,4,Better than I expected for the price.,2023-01-17,False,POSITIVE,1,SOURCE_G_REVIEWS,reviews_2023.csv,2023-01-17T20:12:02.483443324,BATCH-G-20230117
REV-00110452,SKU-0002492,user_9011477,David Peck,5,null,2023-12-31,False,POSITIVE,2,SOURCE_G_REVIEWS,reviews_2023.csv,2023-12-31T10:37:01.383239266,BATCH-G-20231231
REV-00110463,SKU-0005579,user_9000040,Hannah Willis,3,Works fine but delivery was slow.,2023-04-09,True,NEUTRAL,0,SOURCE_G_REVIEWS,reviews_2023.csv,2023-04-10T03:09:25.383868877,BATCH-G-20230409
REV-00110466,SKU-0006919,user_9033265,Joshua Alvarez,3,"Average quality, nothing special.",2023-09-30,True,NEUTRAL,1,SOURCE_G_REVIEWS,reviews_2023.csv,2023-09-30T04:11:01.839110225,BATCH-G-20230930
REV-00110467,SKU-0011096,,Anonymous,3,"Livraison très lente, déçu.",2023-12-31,True,NEUTRAL,3,SOURCE_G_REVIEWS,reviews_2023.csv,2024-01-01T04:41:53.254824388,BATCH-G-20231231
REV-00110470,SKU-9963657,user_9002482,Richard Martin,1,"Waste of money, do not buy.",2023-04-23,False,NEGATIVE,4,SOURCE_G_REVIEWS,reviews_2023.csv,2023-04-23T16:05:01.018603214,BATCH-G-20230423
REV-00110476,SKU-0019635,user_9022514,Jerry,5,Better than I expected for the price.,2023-09-10,True,POSITIVE,4,SOURCE_G_REVIEWS,reviews_2023.csv,2023-09-10T21:41:13.749823481,BATCH-G-20230910
REV-00110480,SKU-0019215,user_9015985,Megan Miller,4,"Exactly as described, very happy.",2023-09-10,True,POSITIVE,4,SOURCE_G_REVIEWS,reviews_2023.csv,2023-09-10T19:59:19.692906029,BATCH-G-20230910
REV-00110480-DUP,SKU-0019215,user_9015985,Megan Miller,4,"Exactly as described, very happy.",2023-09-10,True,POSITIVE,4,SOURCE_G_REVIEWS,reviews_2023.csv,2023-09-10T20:12:19.692906029,BATCH-G-20230910
REV-00110488,SKU-0006276,,Anonymous,5,"Solid build quality, no complaints.",2023-12-13,True,POSITIVE,9,SOURCE_G_REVIEWS,reviews_2023.csv,2023-12-14T05:41:33.963626679,BATCH-G-20231213
REV-00110495,SKU-0005999,user_9016307,Jerry Stout,4,Fast delivery and great quality.,2023-01-28,True,POSITIVE,6,SOURCE_G_REVIEWS,reviews_2023.csv,2023-01-28T01:35:54.030569652,BATCH-G-20230128
REV-00110508,SKU-0004625,user_9031467,Dawn Gentry,2,Decent but overpriced a bit.,2023-07-30,True,NEUTRAL,3,SOURCE_G_REVIEWS,reviews_2023.csv,2023-07-30T05:20:35.251265942,BATCH-G-20230730
REV-00110509,SKU-0011506,user_61025,Karen Parker,1,Very disappointed with the quality.,2023-01-17,True,NEGATIVE,0,SOURCE_G_REVIEWS,reviews_2023.csv,2023-01-17T21:12:22.430028672,BATCH-G-20230117
REV-00110510,SKU-0015014,,Anonymous,5,"Livraison très lente, déçu.",2023-04-13,False,POSITIVE,4,SOURCE_G_REVIEWS,reviews_2023.csv,2023-04-13T09:19:53.730016517,BATCH-G-20230413
REV-00110511,SKU-0020010,user_9000630,Kathryn Phillips,5,Highly recommend this product.,2023-12-30,True,POSITIVE,0,SOURCE_G_REVIEWS,reviews_2023.csv,2023-12-31T01:27:09.997947275,BATCH-G-20231230
REV-00110519,SKU-0016334,user_9021319,James Smith,3,"Not bad, not great either.",2023-12-16,True,NEUTRAL,0,SOURCE_G_REVIEWS,reviews_2023.csv,2023-12-16T01:33:28.363448629,BATCH-G-20231216
REV-00110522,SKU-0000989,user_65094,Steven,5,"Absolutely love it, works perfectly!",2023-07-04,True,POSITIVE,0,SOURCE_G_REVIEWS,reviews_2023.csv,2023-07-04T18:01:28.764673930,BATCH-G-20230704
REV-00110526,SKU-0013186,user_9025706,Dana Brandt,5,Exceeded my expectations.,2023-12-01,True,POSITIVE,7,SOURCE_G_REVIEWS,reviews_2023.csv,2023-12-01T19:15:53.897787730,BATCH-G-20231201
REV-00110542,SKU-0013616,,Anonymous,5,Highly recommend this product.,2023-12-20,True,POSITIVE,1,SOURCE_G_REVIEWS,reviews_2023.csv,2023-12-26T20:00:00,BATCH-G-20231220
REV-00110551,SKU-0000468,user_9026288,Ryan Williams,5,Fast delivery and great quality.,2023-01-10,True,POSITIVE,3,SOURCE_G_REVIEWS,reviews_2023.csv,2023-01-10T03:25:59.691099274,BATCH-G-20230110
REV-00110559,SKU-0005234,user_9026808,Jessica Schneider,5,Great value for money.,2023-12-13,False,POSITIVE,6,SOURCE_G_REVIEWS,reviews_2023.csv,2023-12-13T02:36:06.265842845,BATCH-G-20231213
REV-00110567,SKU-0017141,user_17687,Tamara Gutierrez,3,No cumplió mis expectativas.,2023-05-21,True,NEUTRAL,0,SOURCE_G_REVIEWS,reviews_2023.csv,2023-05-21T03:01:22.199347797,BATCH-G-20230521
REV-00110568,SKU-0004573,user_9004912,Michael Young,4,Better than I expected for the price.,2023-12-12,True,POSITIVE,4,SOURCE_G_REVIEWS,reviews_2023.csv,2023-12-12T20:54:03.232667753,BATCH-G-20231212
REV-00110574,SKU-0011926,,Anonymous,5,Fast delivery and great quality.,2023-12-24,False,POSITIVE,16,SOURCE_G_REVIEWS,reviews_2023.csv,2023-12-24T21:39:18.841487274,BATCH-G-20231224
REV-00110577,SKU-0011176,user_9034276,Alexander Brown DDS,4,Highly recommend this product.,2023-12-13,False,POSITIVE,1,SOURCE_G_REVIEWS,reviews_2023.csv,2023-12-14T01:13:29.016320196,BATCH-G-20231213
REV-00110600,SKU-0012737,,Anonymous,NA,Very disappointed with the quality.,2023-12-05,True,NEGATIVE,2,SOURCE_G_REVIEWS,reviews_2023.csv,2023-12-05T12:23:03.712687727,BATCH-G-20231205
REV-00110614,SKU-0006831,user_9020896,Timothy Kim,3,"It's okay, does the job.",2023-11-22,True,NEUTRAL,3,SOURCE_G_REVIEWS,reviews_2023.csv,2023-11-22T09:15:24.651981241,BATCH-G-20231122
REV-00110621,SKU-0007353,user_9001917,Richard Heath,5,"   Perfect  gift,  they  loved  it!   ",2023-11-05,True,POSITIVE,5,SOURCE_G_REVIEWS,reviews_2023.csv,2023-11-05T19:31:49.196883570,BATCH-G-20231105
REV-00110628,SKU-0014971,user_9033453,Lisa,5,"Absolutely love it, works perfectly!",2023-02-03,True,POSITIVE,2,SOURCE_G_REVIEWS,reviews_2023.csv,2023-02-03T21:05:40.133310614,BATCH-G-20230203
REV-00110633,SKU-0010001,user_33686,Deborah,5,Fast delivery and great quality.,2023-05-19,False,POSITIVE,17,SOURCE_G_REVIEWS,reviews_2023.csv,2023-05-20T02:07:04.909983654,BATCH-G-20230519
REV-00110640,SKU-0004268,,Anonymous,1,गुणवत्ता ठीक नहीं थी।,2023-12-17,False,NEGATIVE,6,SOURCE_G_REVIEWS,reviews_2023.csv,2023-12-17T18:14:04.837188840,BATCH-G-20231217
REV-00110649,SKU-0006568,user_16325,Karen Smith,2,Wrong item was shipped to me.,2023-05-15,True,NEGATIVE,8,SOURCE_G_REVIEWS,reviews_2023.csv,2023-05-15T06:13:49.898418446,BATCH-G-20230515
REV-00110656,SKU-0000223,user_19567,Jeremy Thornton,4,"It's okay, does the job.",2023-11-14,True,NEUTRAL,0,SOURCE_G_REVIEWS,reviews_2023.csv,2023-11-14T12:20:07.439514912,BATCH-G-20231114
REV-00110667,SKU-0015093,,Anonymous,4,Exceeded my expectations.,2023-05-07,True,POSITIVE,1,SOURCE_G_REVIEWS,reviews_2023.csv,2023-05-07T06:46:56.862588465,BATCH-G-20230507
REV-00110670,SKU-0003867,user_15770,Ronald Weber,5,"Solid build quality, no complaints.",2023-09-28,True,POSITIVE,1,SOURCE_G_REVIEWS,reviews_2023.csv,2023-09-28T17:11:36.967038060,BATCH-G-20230928
REV-00110678,SKU-0002311,user_9010224,Brittany,5,   Exceeded  my  expectations.   ,2023-03-31,True,POSITIVE,4,SOURCE_G_REVIEWS,reviews_2023.csv,2023-03-31T23:27:46.314199840,BATCH-G-20230331
REV-00110686,SKU-0012940,user_9015141,Christopher Jordan,4,Highly recommend this product.,2023-06-23,False,POSITIVE,6,SOURCE_G_REVIEWS,reviews_2023.csv,2023-06-23T03:50:49.347577001,BATCH-G-20230623
REV-00110687,SKU-9995104,,Anonymous,3,Works fine but delivery was slow.,2023-09-16,False,NEUTRAL,6,SOURCE_G_REVIEWS,reviews_2023.csv,2023-09-16T22:52:24.264928250,BATCH-G-20230916
REV-00110695,SKU-0019798,,Anonymous,4,Exceeded my expectations.,2023-01-12,True,POSITIVE,2,SOURCE_G_REVIEWS,reviews_2023.csv,2023-01-12T01:29:25.105441258,BATCH-G-20230112
REV-00110706,SKU-0006914,,Anonymous,1,Arrived damaged and support was unhelpful.,2023-07-23,False,NEGATIVE,1,SOURCE_G_REVIEWS,reviews_2023.csv,2023-07-24T01:09:07.205735428,BATCH-G-20230723
REV-00110706-DUP,SKU-0006914,,Anonymous,1,Arrived damaged and support was unhelpful.,2023-07-23,False,NEGATIVE,1,SOURCE_G_REVIEWS,reviews_2023.csv,2023-07-24T01:12:07.205735428,BATCH-G-20230723
REV-00110720,SKU-0015429,user_9008198,Jason Graves,5,Will definitely buy again.,2023-02-26,True,POSITIVE,0,SOURCE_G_REVIEWS,reviews_2023.csv,2023-02-26T05:45:24.465237885,BATCH-G-20230226
REV-00110732,SKU-0002885,user_9002651,Bryan King,2,"Cheaply made, broke immediately.",2023-07-21,True,NEGATIVE,5,SOURCE_G_REVIEWS,reviews_2023.csv,2023-07-21T19:14:00.944831950,BATCH-G-20230721
REV-00110744,SKU-0019505,user_54702,Kenneth Ramos,1,"Poor packaging, item was defective.",2023-08-13,False,NEGATIVE,1,SOURCE_G_REVIEWS,reviews_2023.csv,2023-08-13T10:55:39.264301850,BATCH-G-20230813
REV-00110783,SKU-0016110,,Anonymous,4,Fast delivery and great quality.,2023-06-12,True,POSITIVE,5,SOURCE_G_REVIEWS,reviews_2023.csv,2023-06-12T03:09:25.416723305,BATCH-G-20230612
REV-00110784,SKU-0005286,user_9031593,Jonathan,3,Decent but overpriced a bit.,2023-04-02,False,NEUTRAL,1,SOURCE_G_REVIEWS,reviews_2023.csv,2023-04-02T07:09:25.493352039,BATCH-G-20230402
REV-00110788,SKU-0008549,user_61710,Nicholas Hawkins,5,Fast delivery and great quality.,2023-03-11,True,POSITIVE,2,SOURCE_G_REVIEWS,reviews_2023.csv,2023-03-11T02:40:50.605272997,BATCH-G-20230311
REV-00110805,SKU-0013471,user_50752,Lauren,4,Exceeded my expectations.,2023-10-04,False,POSITIVE,0,SOURCE_G_REVIEWS,reviews_2023.csv,2023-10-04T10:49:45.522855829,BATCH-G-20231004
REV-00110806,SKU-0006864,user_52575,John Foster,3,"Livraison très lente, déçu. Works fine but delivery was slow.",2023-01-06,True,NEUTRAL,5,SOURCE_G_REVIEWS,reviews_2023.csv,2023-01-06T11:23:02.702338593,BATCH-G-20230106
REV-00110829,SKU-0016142,user_9029526,Rachel Thompson,4,"Absolutely love it, works perfectly!",2023-03-30,True,POSITIVE,6,SOURCE_G_REVIEWS,reviews_2023.csv,2023-03-30T14:51:12.405401049,BATCH-G-20230330
REV-00110832,SKU-0000299,user_9007567,Natalie Brown,5,Will definitely buy again.,2023-11-26,False,POSITIVE,2,SOURCE_G_REVIEWS,reviews_2023.csv,2023-11-26T17:31:31.209859155,BATCH-G-20231126
REV-00110839,SKU-0014946,user_63035,Sarah Robinson,4,"Exactly as described, very happy.",2023-06-20,True,POSITIVE,0,SOURCE_G_REVIEWS,reviews_2023.csv,2023-06-20T04:40:43.421792129,BATCH-G-20230620
REV-00110845,SKU-0014965,user_9016057,James Riddle,4,"Perfect gift, they loved it!",2023-08-19,False,POSITIVE,0,SOURCE_G_REVIEWS,reviews_2023.csv,2023-08-19T19:58:08.005814399,BATCH-G-20230819
REV-00110859,SKU-0000026,user_9024570,Molly Mendez,5,"Perfect gift, they loved it!",2023-11-06,False,POSITIVE,0,SOURCE_G_REVIEWS,reviews_2023.csv,2023-11-06T12:37:33.285637102,BATCH-G-20231106
REV-00110862,SKU-0006262,user_31566,Kathleen Hernandez,5,Highly recommend this product.,2023-11-24,False,POSITIVE,1,SOURCE_G_REVIEWS,reviews_2023.csv,2023-11-24T04:58:59.770943369,BATCH-G-20231124
REV-00110868,SKU-0003174,user_37122,Caitlin,4,"Perfect gift, they loved it!",2023-07-06,False,POSITIVE,2,SOURCE_G_REVIEWS,reviews_2023.csv,2023-07-06T08:37:44.812146423,BATCH-G-20230706
REV-00110870,SKU-0018339,,Anonymous,4,"Absolutely love it, works perfectly!",2023-11-12,True,POSITIVE,1,SOURCE_G_REVIEWS,reviews_2023.csv,2023-11-12T01:47:38.318244955,BATCH-G-20231112
REV-00110875,SKU-0005305,user_15965,Jennifer Gibson,5,"Perfect gift, they loved it!",2023-08-18,True,POSITIVE,7,SOURCE_G_REVIEWS,reviews_2023.csv,2023-08-18T00:41:49.200424243,BATCH-G-20230818
REV-00110881,SKU-0001819,user_18210,Johnny Peterson PhD,4,Great value for money.,2023-02-14,False,POSITIVE,0,SOURCE_G_REVIEWS,reviews_2023.csv,2023-02-14T02:15:56.695279029,BATCH-G-20230214
REV-00110883,SKU-0002063,user_51148,Ann Butler,5,Highly recommend this product.,2023-02-12,True,POSITIVE,2,SOURCE_G_REVIEWS,reviews_2023.csv,2023-02-12T10:29:09.983101215,BATCH-G-20230212
REV-00110889,SKU-0017053,user_9031748,Paul Haas,4,Exceeded my expectations.,2023-06-05,False,POSITIVE,0,SOURCE_G_REVIEWS,reviews_2023.csv,2023-06-05T09:06:05.153562432,BATCH-G-20230605
REV-00110903,SKU-0011862,user_9026112,Jamie King,5, ,2023-03-21,True,POSITIVE,0,SOURCE_G_REVIEWS,reviews_2023.csv,2023-03-21T16:35:28.359177629,BATCH-G-20230321
REV-00110905,SKU-0013853,user_9033611,Jeremiah Thompson,N/A,"Solid build quality, no complaints.",2023-04-25,True,POSITIVE,1,SOURCE_G_REVIEWS,reviews_2023.csv,2023-04-25T05:19:26.949146801,BATCH-G-20230425
REV-00110911,SKU-0011687,user_61017,Caitlin Davis,4,Wrong item was shipped to me.,2023-01-29,False,NEGATIVE,2,SOURCE_G_REVIEWS,reviews_2023.csv,2023-01-29T04:01:19.191846011,BATCH-G-20230129
REV-00110913,SKU-0006055,user_34739,Paul Johnston,5,Will definitely buy again.,2023-11-18,False,POSITIVE,1,SOURCE_G_REVIEWS,reviews_2023.csv,2023-11-18T11:14:03.528111417,BATCH-G-20231118
REV-00110925,SKU-0009403,user_67258,Brandy Anderson,2,Not as described at all.,2023-05-13,False,NEGATIVE,1,SOURCE_G_REVIEWS,reviews_2023.csv,2023-05-13T23:09:51.628775649,BATCH-G-20230513
REV-00110938,SKU-0015355,user_4995,Kenneth,5,Better than I expected for the price.,2023-03-22,False,POSITIVE,0,SOURCE_G_REVIEWS,reviews_2023.csv,2023-03-22T01:21:32.896857896,BATCH-G-20230322
REV-00110946,SKU-0014043,user_9008131,David Clark,4,unknown,2023-06-08,False,POSITIVE,1,SOURCE_G_REVIEWS,reviews_2023.csv,2023-06-11T22:00:00,BATCH-G-20230608
REV-00110955,SKU-9910794,user_9015309,Samuel Schmidt,5,Better than I expected for the price.,2023-06-29,False,POSITIVE,6,SOURCE_G_REVIEWS,reviews_2023.csv,2023-06-29T09:36:58.697825104,BATCH-G-20230629
REV-00110961,SKU-9946429,user_9001199,Lindsey Howard,4,"Exactly as described, very happy.",2023-11-21,True,POSITIVE,2,SOURCE_G_REVIEWS,reviews_2023.csv,2023-11-21T05:07:24.037924837,BATCH-G-20231121
REV-00110966,SKU-9920087,user_16325,Karen Smith,5,Will definitely buy again.,2023-11-04,True,POSITIVE,2,SOURCE_G_REVIEWS,reviews_2023.csv,2023-11-04T15:09:48.793492354,BATCH-G-20231104
REV-00110967,SKU-0006904,,Anonymous,4,Will definitely buy again.,2023-04-22,True,POSITIVE,4,SOURCE_G_REVIEWS,reviews_2023.csv,2023-04-22T00:31:30.228018174,BATCH-G-20230422
REV-00110976,SKU-0008447,user_9010653,Charles Smith,4,"Solid build quality, no complaints.",2023-12-14,False,POSITIVE,3,SOURCE_G_REVIEWS,reviews_2023.csv,2023-12-14T22:47:19.657510548,BATCH-G-20231214
REV-00110979,SKU-0001989,user_9007222,Timothy Reed,5,"Exactly as described, very happy.",2023-02-01,False,POSITIVE,2,SOURCE_G_REVIEWS,reviews_2023.csv,2023-02-01T16:37:39.943892895,BATCH-G-20230201
REV-00110983,SKU-0019602,user_9012608,Anthony Torres,2,"बहुत अच्छा उत्पाद है, पैसा वसूल!",2023-11-28,False,POSITIVE,2,SOURCE_G_REVIEWS,reviews_2023.csv,2023-11-28T17:18:26.563451425,BATCH-G-20231128
REV-00110988,SKU-0007472,user_9017997,Justin,4,Better than I expected for the price.,2023-12-27,True,POSITIVE,0,SOURCE_G_REVIEWS,reviews_2023.csv,2023-12-28T05:34:10.076104934,BATCH-G-20231227
REV-00110989,SKU-0018587,user_59340,Jason,3,"Average quality, nothing special.",2023-11-30,True,NEUTRAL,2,SOURCE_G_REVIEWS,reviews_2023.csv,2023-11-30T16:07:47.269370515,BATCH-G-20231130
REV-00110991,SKU-0013677,user_9022099,Erik,5,Fast delivery and great quality.,2023-02-03,True,POSITIVE,0,SOURCE_G_REVIEWS,reviews_2023.csv,2023-02-03T16:58:20.998020514,BATCH-G-20230203
REV-00110992,SKU-0012264,user_23991,Jorge Jenkins,1,Wrong item was shipped to me.,2023-10-29,True,NEGATIVE,4,SOURCE_G_REVIEWS,reviews_2023.csv,2023-10-29T06:19:31.583608321,BATCH-G-20231029
REV-00110995,SKU-9943636,user_9020567,Emily Payne,5,Decent but overpriced a bit.,2023-08-25,True,NEUTRAL,1,SOURCE_G_REVIEWS,reviews_2023.csv,2023-08-25T12:59:15.712975240,BATCH-G-20230825
REV-00111004,SKU-0018506,user_18036,Whitney,5,Will definitely buy again.,2023-05-15,False,POSITIVE,1,SOURCE_G_REVIEWS,reviews_2023.csv,2023-05-15T02:53:21.177533385,BATCH-G-20230515
REV-00111026,SKU-9904547,user_60071,Michael Smith,7,"Absolutely love it, works perfectly!",2023-06-13,False,POSITIVE,0,SOURCE_G_REVIEWS,reviews_2023.csv,2023-06-14T03:56:17.211821694,BATCH-G-20230613
REV-00111035,SKU-0018224,user_68206,Michael Hunter,1,Arrived damaged and support was unhelpful. 😀😀,2023-11-28,False,NEGATIVE,6,SOURCE_G_REVIEWS,reviews_2023.csv,2023-11-28T10:51:44.162884709,BATCH-G-20231128
REV-00111047,SKU-0019862,,Anonymous,3,"Matches the description, no issues.",2023-04-09,False,NEUTRAL,1,SOURCE_G_REVIEWS,reviews_2023.csv,2023-04-09T19:17:45.571913171,BATCH-G-20230409
REV-00111064,SKU-0008694,user_9017746,Melissa Allen,1,Stopped working after a week.,2023-04-15,True,NEGATIVE,3,SOURCE_G_REVIEWS,reviews_2023.csv,2023-04-15T13:31:16.946190926,BATCH-G-20230415
REV-00111076,SKU-0002609,user_9000066,Jenna Johnson,Unknown,Arrived damaged and support was unhelpful.,2023-04-28,False,NEGATIVE,1,SOURCE_G_REVIEWS,reviews_2023.csv,2023-04-28T23:39:29.654353574,BATCH-G-20230428
REV-00111080,SKU-9983351,user_9025299,David,5,Highly recommend this product.,2023-03-29,False,POSITIVE,5,SOURCE_G_REVIEWS,reviews_2023.csv,2023-03-29T09:05:12.673467334,BATCH-G-20230329
REV-00111085,SKU-0006443,user_8317,Crystal Anderson,1,NULL,2023-04-08,True,NEGATIVE,0,SOURCE_G_REVIEWS,reviews_2023.csv,2023-04-08T14:23:29.923344795,BATCH-G-20230408
REV-00111087,SKU-0015985,,Anonymous,2,Stopped working after a week.,2023-11-02,False,NEGATIVE,0,SOURCE_G_REVIEWS,reviews_2023.csv,2023-11-02T05:06:57.476935039,BATCH-G-20231102
REV-00111088,SKU-0007719,user_9003865,Jennifer Sanchez,5,"Livraison très lente, déçu. Exceeded my expectations.",2023-03-16,True,POSITIVE,7,SOURCE_G_REVIEWS,reviews_2023.csv,2023-03-16T22:40:56.847999008,BATCH-G-20230316
REV-00111093,SKU-0015812,user_9970,Paula,NULL,"It's okay, does the job.",2023-12-10,False,NEUTRAL,0,SOURCE_G_REVIEWS,reviews_2023.csv,2023-12-11T05:02:57.981572896,BATCH-G-20231210
REV-00111101,SKU-0000817,user_25195,Tammy Cole,4,Better than I expected for the price.,2023-02-15,True,POSITIVE,1,SOURCE_G_REVIEWS,reviews_2023.csv,2023-02-15T07:55:29.498367653,BATCH-G-20230215
REV-00111108,SKU-0014182,,Anonymous,1,Stopped working after a week.,2023-01-21,True,NEGATIVE,2,SOURCE_G_REVIEWS,reviews_2023.csv,2023-01-21T21:28:12.730962123,BATCH-G-20230121
REV-00111110,SKU-0013944,user_9015885,Lisa Green,3,"Excellent rapport qualité-prix. Matches the description, no issues.",2023-07-12,False,NEUTRAL,1,SOURCE_G_REVIEWS,reviews_2023.csv,2023-07-13T05:58:52.966345682,BATCH-G-20230712
REV-00111113,SKU-0004977,user_9010633,Thomas Valdez,5,   Exceeded  my  expectations.   ,2023-07-31,False,POSITIVE,5,SOURCE_G_REVIEWS,reviews_2023.csv,2023-07-31T06:46:27.920818094,BATCH-G-20230731
REV-00111132,SKU-0005243,user_21874,Kenneth Morton,4,Works fine but delivery was slow.,2023-07-11,True,NEUTRAL,5,SOURCE_G_REVIEWS,reviews_2023.csv,2023-07-11T03:28:23.311698071,BATCH-G-20230711
REV-00111142,SKU-0000769,user_9008973,Jonathan,5,Great value for money.,2023-02-04,False,POSITIVE,4,SOURCE_G_REVIEWS,reviews_2023.csv,2023-02-04T10:46:22.126441763,BATCH-G-20230204
REV-00111148,SKU-9984850,user_8976,William,5,Highly recommend this product.,2023-01-06,True,POSITIVE,0,SOURCE_G_REVIEWS,reviews_2023.csv,2023-01-06T22:33:30.931157993,BATCH-G-20230106
REV-00111155,SKU-0017957,user_53267,David Morgan DVM,4,Will definitely buy again.,2023-10-04,True,POSITIVE,1,SOURCE_G_REVIEWS,reviews_2023.csv,2023-10-04T04:11:26.258381689,BATCH-G-20231004
REV-00111164,SKU-0012152,,Anonymous,4,   Great  value  for  money.   ,2023-10-01,True,POSITIVE,5,SOURCE_G_REVIEWS,reviews_2023.csv,2023-10-01T17:21:10.407585039,BATCH-G-20231001
REV-00111174,SKU-0010715,user_9009151,Katie Campbell,5,Great value for money.,2023-06-24,False,POSITIVE,1,SOURCE_G_REVIEWS,reviews_2023.csv,2023-06-25T05:22:03.071804170,BATCH-G-20230624
REV-00111179,SKU-0003751,,Anonymous,5,"Not bad, not great either. 🙏",2023-11-01,True,NEUTRAL,2,SOURCE_G_REVIEWS,reviews_2023.csv,2023-11-01T01:55:08.487663707,BATCH-G-20231101
REV-00111180,SKU-0011814,user_63631,Alexis Johnson,4,Exceeded my expectations. 🔥,2023-03-31,True,POSITIVE,7,SOURCE_G_REVIEWS,reviews_2023.csv,2023-03-31T17:34:24.975131575,BATCH-G-20230331
REV-00111181,SKU-0000157,user_9021007,Paige,5,"बहुत अच्छा उत्पाद है, पैसा वसूल! Will definitely buy again.",2023-10-09,True,POSITIVE,0,SOURCE_G_REVIEWS,reviews_2023.csv,2023-10-09T13:15:02.154842213,BATCH-G-20231009
REV-00111189,SKU-0000404,user_13755,Ann Richard,5,Fast delivery and great quality.,2023-07-14,False,POSITIVE,0,SOURCE_G_REVIEWS,reviews_2023.csv,2023-07-14T13:26:09.574561452,BATCH-G-20230714
REV-00111190,SKU-9994290,user_43685,Richard,3,"Matches the description, no issues.",2023-06-08,True,NEUTRAL,4,SOURCE_G_REVIEWS,reviews_2023.csv,2023-06-09T03:22:47.438092478,BATCH-G-20230608
REV-00111193,SKU-0011943,user_9015947,John Contreras,5,Fast delivery and great quality.,2023-03-12,True,POSITIVE,2,SOURCE_G_REVIEWS,reviews_2023.csv,2023-03-13T00:21:07.542153486,BATCH-G-20230312
REV-00111201,SKU-0017858,user_9003294,James Galloway,3,Works fine but delivery was slow.,2023-09-30,False,NEUTRAL,3,SOURCE_G_REVIEWS,reviews_2023.csv,2023-10-01T03:18:24.331632576,BATCH-G-20230930
REV-00111206,SKU-0014542,,Anonymous,5,Exceeded my expectations.,2023-08-06,True,POSITIVE,4,SOURCE_G_REVIEWS,reviews_2023.csv,2023-08-06T13:15:56.455784746,BATCH-G-20230806
REV-00111212,SKU-0008884,user_9030346,Natalie Sparks,3,"<p>Not bad, not great either.<i>edited</i>",2023-10-27,True,NEUTRAL,4,SOURCE_G_REVIEWS,reviews_2023.csv,2023-10-27T18:39:04.893158190,BATCH-G-20231027
REV-00111216,SKU-0012172,user_28654,Daniel,4,Great value for money. 👍,2023-08-03,True,POSITIVE,0,SOURCE_G_REVIEWS,reviews_2023.csv,2023-08-03T21:55:18.339927696,BATCH-G-20230803
REV-00111225,SKU-0010362,user_935,Madison Baker,4,Fast delivery and great quality.,2023-12-31,True,POSITIVE,3,SOURCE_G_REVIEWS,reviews_2023.csv,2023-12-31T08:29:15.066614269,BATCH-G-20231231
REV-00111230,SKU-0018249,user_9017795,Terri Vasquez,unknown,"बहुत अच्छा उत्पाद है, पैसा वसूल! 😐👍",2023-08-13,False,POSITIVE,5,SOURCE_G_REVIEWS,reviews_2023.csv,2023-08-13T06:14:12.706031724,BATCH-G-20230813
REV-00111239,SKU-0000928,user_9030410,Mark Morgan,4,Fast delivery and great quality. ⭐,2023-08-17,True,POSITIVE,1,SOURCE_G_REVIEWS,reviews_2023.csv,2023-08-17T04:35:21.795904398,BATCH-G-20230817
REV-00111240,SKU-0002547,user_4017,Robert,5,"बहुत अच्छा उत्पाद है, पैसा वसूल! Perfect gift, they loved it!",2023-03-12,True,POSITIVE,5,SOURCE_G_REVIEWS,reviews_2023.csv,2023-03-12T08:49:50.039304697,BATCH-G-20230312
REV-00111249,SKU-0002808,user_9032984,Kelsey Johnson,4,"Exactly as described, very happy.",2023-12-25,True,POSITIVE,1,SOURCE_G_REVIEWS,reviews_2023.csv,2023-12-25T13:58:57.083083382,BATCH-G-20231225
REV-00111250,SKU-0001414,user_9028637,Shirley Garcia,5,"Absolutely love it, works perfectly!",2023-10-24,True,POSITIVE,4,SOURCE_G_REVIEWS,reviews_2023.csv,2023-10-25T02:08:17.014841034,BATCH-G-20231024
REV-00111253,SKU-9984001,user_65347,Catherine Bishop,2,"Poor packaging, item was defective.",2023-09-14,True,NEGATIVE,1,SOURCE_G_REVIEWS,reviews_2023.csv,2023-09-14T13:49:50.237582100,BATCH-G-20230914
REV-00111282,SKU-0014053,,Anonymous,5,</p>Great value for money.<i>edited</i>,2023-12-28,True,POSITIVE,4,SOURCE_G_REVIEWS,reviews_2023.csv,2023-12-28T18:58:20.223599135,BATCH-G-20231228
REV-00111290,SKU-0007231,,Anonymous,1,Not as described at all.,2023-08-30,True,NEGATIVE,7,SOURCE_G_REVIEWS,reviews_2023.csv,2023-08-31T04:08:54.509803255,BATCH-G-20230830
REV-00111291,SKU-0004133,user_9008214,Robin Watson,Unknown,"Not bad, not great either.",2023-12-03,True,NEUTRAL,8,SOURCE_G_REVIEWS,reviews_2023.csv,2023-12-03T01:57:15.291555661,BATCH-G-20231203
REV-00111296,SKU-0000354,user_58529,Michelle Young,5,"Absolutely love it, works perfectly!",2023-08-30,False,POSITIVE,1,SOURCE_G_REVIEWS,reviews_2023.csv,2023-08-30T01:51:31.958588992,BATCH-G-20230830
REV-00111297,SKU-0004932,user_47997,David Allen,5,"It's okay, does the job.",2023-12-16,True,NEUTRAL,8,SOURCE_G_REVIEWS,reviews_2023.csv,2023-12-16T11:42:18.178551123,BATCH-G-20231216
REV-00111304,SKU-0018754,user_9010581,Darrell Barker,2,"Poor packaging, item was defective.",2023-10-26,True,NEGATIVE,3,SOURCE_G_REVIEWS,reviews_2023.csv,2023-10-26T01:25:22.881654212,BATCH-G-20231026
REV-00111305,SKU-0016358,user_9000101,Desiree Fox,5,Will definitely buy again.,2023-02-08,True,POSITIVE,2,SOURCE_G_REVIEWS,reviews_2023.csv,2023-02-08T15:22:54.473938632,BATCH-G-20230208
REV-00111332,SKU-0006304,,Anonymous,5,Better than I expected for the price.,2023-09-04,True,POSITIVE,0,SOURCE_G_REVIEWS,reviews_2023.csv,2023-09-04T10:42:01.823493321,BATCH-G-20230904
REV-00111335,SKU-9986876,user_30278,Caitlyn Patrick,5,&nbsp;Excellent rapport qualité-prix.<b>Update:</b>,2023-05-22,False,POSITIVE,2,SOURCE_G_REVIEWS,reviews_2023.csv,2023-05-22T18:19:06.844727862,BATCH-G-20230522
REV-00111338,SKU-0009668,user_9030732,Rebecca Olson,5,"Absolutely love it, works perfectly!",2023-11-06,True,POSITIVE,5,SOURCE_G_REVIEWS,reviews_2023.csv,2023-11-06T15:09:35.436003387,BATCH-G-20231106
REV-00111354,SKU-0007328,user_12458,Michael,5,Will definitely buy again.,2023-11-21,True,POSITIVE,1,SOURCE_G_REVIEWS,reviews_2023.csv,2023-11-21T01:18:32.308748357,BATCH-G-20231121
REV-00111363,SKU-0006191,user_9008622,Anna,4,"Perfect gift, they loved it!",2023-02-07,True,POSITIVE,0,SOURCE_G_REVIEWS,reviews_2023.csv,2023-02-07T12:30:10.207434973,BATCH-G-20230207
REV-00111373,SKU-0013593,user_9031070,Deborah,5,</p>Wrong item was shipped to me.</p>,2023-06-03,False,NEGATIVE,2,SOURCE_G_REVIEWS,reviews_2023.csv,2023-06-03T10:49:30.235083549,BATCH-G-20230603
REV-00111374,SKU-0006871,user_9009512,Stephanie Hoffman,5,"Livraison très lente, déçu.",2023-09-20,True,POSITIVE,5,SOURCE_G_REVIEWS,reviews_2023.csv,2023-10-05T16:00:00,BATCH-G-20230920
REV-00111379,SKU-0005765,user_9007910,Pam Martin,2,Arrived damaged and support was unhelpful.,2023-11-02,True,NEGATIVE,0,SOURCE_G_REVIEWS,reviews_2023.csv,2023-11-03T01:47:28.692965825,BATCH-G-20231102
REV-00111380,SKU-0010285,user_9022797,James,5,"Solid build quality, no complaints.",2023-08-20,True,POSITIVE,4,SOURCE_G_REVIEWS,reviews_2023.csv,2023-08-20T08:14:33.383283926,BATCH-G-20230820
REV-00111383,SKU-0002876,,Anonymous,5,Highly recommend this product.,2023-09-23,True,POSITIVE,4,SOURCE_G_REVIEWS,reviews_2023.csv,2023-09-23T03:52:55.326216152,BATCH-G-20230923
REV-00111388,SKU-0014103,user_9026641,Carolyn Moore,4,"Exactly as described, very happy.",2023-04-21,False,POSITIVE,0,SOURCE_G_REVIEWS,reviews_2023.csv,2023-04-22T05:34:09.023097893,BATCH-G-20230421
REV-00111389,SKU-0012385,user_40886,Mrs. Tina Ashley,3,"Not bad, not great either.",2023-05-29,False,NEUTRAL,3,SOURCE_G_REVIEWS,reviews_2023.csv,2023-05-29T17:36:19.714385432,BATCH-G-20230529
REV-00111396,SKU-0013358,user_9014466,Daniel Schneider,1,<p>Wrong item was shipped to me.&nbsp;,2023-03-31,True,NEGATIVE,8,SOURCE_G_REVIEWS,reviews_2023.csv,2023-03-31T15:17:25.397394649,BATCH-G-20230331
REV-00111439,SKU-0013109,user_20472,Misty Oneal,4,Highly recommend this product.,2023-01-10,True,POSITIVE,1,SOURCE_G_REVIEWS,reviews_2023.csv,2023-01-10T11:23:31.276889482,BATCH-G-20230110
REV-00111479,SKU-0013351,user_8835,Kelly Davis,3,"गुणवत्ता ठीक नहीं थी। Average quality, nothing special.",2023-06-07,True,NEUTRAL,1,SOURCE_G_REVIEWS,reviews_2023.csv,2023-06-07T06:26:50.899667058,BATCH-G-20230607
REV-00111482,SKU-0008640,user_55969,Stacey Gray,2,"Cheaply made, broke immediately.",2023-11-13,False,NEGATIVE,4,SOURCE_G_REVIEWS,reviews_2023.csv,2023-11-13T16:54:17.855490954,BATCH-G-20231113
REV-00111488,SKU-9969834,,Anonymous,5,   Better  than  I  expected  for  the  price.   ,2023-05-23,True,POSITIVE,2,SOURCE_G_REVIEWS,reviews_2023.csv,2023-05-23T15:26:46.205910457,BATCH-G-20230523
REV-00111488-BOT,SKU-9969834,user_9001703,Michael Graves,5,   Better  than  I  expected  for  the  price.   ,2023-05-23,False,POSITIVE,0,SOURCE_G_REVIEWS,reviews_2023.csv,2023-05-23T15:26:46.205910457,BATCH-G-20230523
REV-00111491,SKU-0004362,,Anonymous,5,Fast delivery and great quality.,2023-07-08,True,POSITIVE,3,SOURCE_G_REVIEWS,reviews_2023.csv,2023-07-08T15:11:14.176742800,BATCH-G-20230708
REV-00111494,SKU-0004364,user_9030632,Nathan Garcia,3,Works fine but delivery was slow.,2023-03-12,False,NEUTRAL,0,SOURCE_G_REVIEWS,reviews_2023.csv,2023-03-12T02:01:45.437756080,BATCH-G-20230312
REV-00111495,SKU-0003061,,Anonymous,4,"<p>Solid build quality, no complaints.</p>",2023-12-27,True,POSITIVE,3,SOURCE_G_REVIEWS,reviews_2023.csv,2023-12-27T06:42:06.869156996,BATCH-G-20231227
REV-00111496,SKU-0001869,user_9023905,Mary Anderson DVM,4,"Exactly as described, very happy.",2023-11-13,False,POSITIVE,6,SOURCE_G_REVIEWS,reviews_2023.csv,2023-11-13T15:27:19.024006115,BATCH-G-20231113
REV-00111498,SKU-0007611,,Anonymous,2,Wrong item was shipped to me.,2023-06-08,False,NEGATIVE,9,SOURCE_G_REVIEWS,reviews_2023.csv,2023-06-08T20:16:09.841728361,BATCH-G-20230608
REV-00111514,SKU-0018659,user_9010893,Melanie Lopez,4,Great value for money.,2023-10-21,False,POSITIVE,0,SOURCE_G_REVIEWS,reviews_2023.csv,2023-10-21T22:42:21.522529693,BATCH-G-20231021
REV-00111528,SKU-0020183,user_15107,Michael,4,"Absolutely love it, works perfectly!",2023-01-18,True,POSITIVE,0,SOURCE_G_REVIEWS,reviews_2023.csv,2023-01-18T06:40:50.091290937,BATCH-G-20230118
REV-00111534,SKU-0019993,user_11097,Colleen Williamson,4,Exceeded my expectations.,2023-05-11,True,POSITIVE,1,SOURCE_G_REVIEWS,reviews_2023.csv,2023-05-11T23:33:00.122404371,BATCH-G-20230511
REV-00111544,SKU-0003454,,Anonymous,5,Highly recommend this product.,2023-12-24,True,POSITIVE,2,SOURCE_G_REVIEWS,reviews_2023.csv,2023-12-24T01:33:03.022448987,BATCH-G-20231224
REV-00111545,SKU-0012167,user_9013004,Erika Schultz,3,Great value for money.,2023-08-23,True,POSITIVE,1,SOURCE_G_REVIEWS,reviews_2023.csv,2023-08-23T06:35:51.114047767,BATCH-G-20230823
REV-00111547,SKU-0003377,,Anonymous,4,"Perfect gift, they loved it!",2023-03-21,False,POSITIVE,0,SOURCE_G_REVIEWS,reviews_2023.csv,2023-03-21T16:19:58.628608173,BATCH-G-20230321
REV-00111553,SKU-9948137,user_36173,Richard Brennan,4,Will definitely buy again.,2023-03-16,True,POSITIVE,1,SOURCE_G_REVIEWS,reviews_2023.csv,2023-03-16T17:41:11.148667118,BATCH-G-20230316
REV-00111562,SKU-0015553,user_9021550,Pamela,5,Exceeded my expectations.,2023-03-25,False,POSITIVE,1,SOURCE_G_REVIEWS,reviews_2023.csv,2023-03-25T07:24:32.619776584,BATCH-G-20230325
REV-00111569,SKU-0004091,user_9016579,Carly,4,Highly recommend this product.,2023-08-21,True,POSITIVE,2,SOURCE_G_REVIEWS,reviews_2023.csv,2023-08-21T14:44:21.043671905,BATCH-G-20230821
REV-00111586,SKU-0005308,user_8789,Anthony,5,"Solid build quality, no complaints.",2023-05-10,True,POSITIVE,1,SOURCE_G_REVIEWS,reviews_2023.csv,2023-05-10T00:31:28.865290169,BATCH-G-20230510
REV-00111593,SKU-0019391,,Anonymous,5,"Absolutely love it, works perfectly!",2023-08-14,False,POSITIVE,3,SOURCE_G_REVIEWS,reviews_2023.csv,2023-08-14T02:44:55.613780286,BATCH-G-20230814
REV-00111608,SKU-0003471,user_9031569,Steven Anderson,3,"It's okay, does the job.",2023-10-27,False,NEUTRAL,0,SOURCE_G_REVIEWS,reviews_2023.csv,2023-10-27T23:19:21.442470513,BATCH-G-20231027
REV-00111609,SKU-0012387,user_26209,George Brown,5,Decent but overpriced a bit.,2023-06-08,False,NEUTRAL,1,SOURCE_G_REVIEWS,reviews_2023.csv,2023-06-08T12:28:22.821603392,BATCH-G-20230608
REV-00111621,SKU-0019821,user_19444,Briana Howell,5,"Solid build quality, no complaints.",2023-09-23,False,POSITIVE,3,SOURCE_G_REVIEWS,reviews_2023.csv,2023-09-23T15:09:02.026926260,BATCH-G-20230923
REV-00111623,SKU-0003469,,Anonymous,4,"Perfect gift, they loved it!",2023-07-23,True,POSITIVE,2,SOURCE_G_REVIEWS,reviews_2023.csv,2023-07-23T23:42:11.145208707,BATCH-G-20230723
REV-00111624,SKU-0011506,user_9019147,Michael Johnson,4,Fast delivery and great quality.,2023-09-25,True,POSITIVE,3,SOURCE_G_REVIEWS,reviews_2023.csv,2023-09-25T15:15:36.654320796,BATCH-G-20230925
REV-00111626,SKU-0017443,user_2705,Brandy Perry,5,"Absolutely love it, works perfectly!",2023-12-23,True,POSITIVE,3,SOURCE_G_REVIEWS,reviews_2023.csv,2023-12-23T18:49:01.701428323,BATCH-G-20231223
REV-00111626-DUP,SKU-0017443,user_2705,Brandy Perry,5,"Absolutely love it, works perfectly!",2023-12-23,True,POSITIVE,3,SOURCE_G_REVIEWS,reviews_2023.csv,2023-12-23T19:25:01.701428323,BATCH-G-20231223
REV-00111629,SKU-0018282,user_17408,Tanya Reed,5,Better than I expected for the price.,2023-06-08,True,POSITIVE,1,SOURCE_G_REVIEWS,reviews_2023.csv,2023-06-09T03:35:45.030978803,BATCH-G-20230608
REV-00111636,SKU-0008710,user_9003939,Kayla Leon,2,<p>Arrived damaged and support was unhelpful.&nbsp;,2023-01-29,False,NEGATIVE,5,SOURCE_G_REVIEWS,reviews_2023.csv,2023-01-29T18:15:45.192499355,BATCH-G-20230129
REV-00111638,SKU-0016432,user_27677,Emily Griffin,4,Fast delivery and great quality.,2023-07-01,True,POSITIVE,5,SOURCE_G_REVIEWS,reviews_2023.csv,2023-07-02T01:04:25.812056227,BATCH-G-20230701
REV-00111644,SKU-0014652,user_67219,Stephen,7,Exceeded my expectations.,2023-10-06,False,POSITIVE,1,SOURCE_G_REVIEWS,reviews_2023.csv,2023-10-06T04:43:19.358434949,BATCH-G-20231006
REV-00111646,SKU-0005213,user_149,Kerry Ford,1,Not as described at all.,2023-10-06,True,NEGATIVE,2,SOURCE_G_REVIEWS,reviews_2023.csv,2023-10-06T05:25:22.257615961,BATCH-G-20231006
REV-00111649,SKU-0001371,user_56257,Kristin,5,"Solid build quality, no complaints.",2023-10-22,True,POSITIVE,18,SOURCE_G_REVIEWS,reviews_2023.csv,2023-10-22T19:53:53.670802056,BATCH-G-20231022
REV-00111654,SKU-0001159,user_9018056,Shannon,4,Great value for money.,2023-07-23,False,POSITIVE,0,SOURCE_G_REVIEWS,reviews_2023.csv,2023-07-23T05:10:20.592017236,BATCH-G-20230723
REV-00111663,SKU-9930438,user_12982,Mr. Michael Rowe,5,"Average quality, nothing special.",2023-07-01,False,NEUTRAL,2,SOURCE_G_REVIEWS,reviews_2023.csv,2023-07-01T02:41:23.769192023,BATCH-G-20230701
REV-00111669,SKU-0004042,user_9006509,Gabriel Owen,4,Better than I expected for the price.,2023-04-08,False,POSITIVE,2,SOURCE_G_REVIEWS,reviews_2023.csv,2023-04-08T15:19:38.060384552,BATCH-G-20230408
REV-00111672,SKU-0005066,user_9027327,Nicolas Burton,5,Will definitely buy again.,2023-08-21,False,POSITIVE,0,SOURCE_G_REVIEWS,reviews_2023.csv,2023-08-21T07:07:22.068055549,BATCH-G-20230821
REV-00111675,SKU-0014561,user_9001221,Hayley Colon,7,Very disappointed with the quality. 😀,2023-10-12,True,NEGATIVE,2,SOURCE_G_REVIEWS,reviews_2023.csv,2023-10-12T04:23:58.839179586,BATCH-G-20231012
REV-00111700,SKU-0002398,user_1579,Brandon Phillips,5,Highly recommend this product.,2023-07-17,True,POSITIVE,1,SOURCE_G_REVIEWS,reviews_2023.csv,2023-07-18T01:32:08.400130854,BATCH-G-20230717
REV-00111702,SKU-0019248,,Anonymous,5,Will definitely buy again.,2023-07-15,True,POSITIVE,0,SOURCE_G_REVIEWS,reviews_2023.csv,2023-07-16T02:00:18.715238273,BATCH-G-20230715
REV-00111712,SKU-0009615,user_4309,Carol Jones,4,   Fast  delivery  and  great  quality.   ,2023-05-06,True,POSITIVE,5,SOURCE_G_REVIEWS,reviews_2023.csv,2023-05-06T03:21:58.549734138,BATCH-G-20230506
REV-00111721,SKU-0009837,user_12508,Meagan Scott,5,-,2023-11-27,False,POSITIVE,5,SOURCE_G_REVIEWS,reviews_2023.csv,2023-11-27T17:56:14.884783949,BATCH-G-20231127
REV-00111727,SKU-0000302,,Anonymous,2,"Poor packaging, item was defective.",2023-01-17,True,NEGATIVE,4,SOURCE_G_REVIEWS,reviews_2023.csv,2023-01-17T20:09:51.461008308,BATCH-G-20230117
REV-00111735,SKU-0010290,user_9029311,Mr. James Rubio,3,"It's okay, does the job.",2023-01-28,True,NEUTRAL,5,SOURCE_G_REVIEWS,reviews_2023.csv,2023-01-28T03:15:25.154373637,BATCH-G-20230128
REV-00111737,SKU-0004382,user_9016821,Jerry Calderon,5,Highly recommend this product.,2023-04-19,True,POSITIVE,4,SOURCE_G_REVIEWS,reviews_2023.csv,2023-04-20T01:55:35.842575402,BATCH-G-20230419
REV-00111739,SKU-0006536,user_7337,Jessica Cantrell,5,&nbsp;Better than I expected for the price.</p>,2023-09-22,False,POSITIVE,4,SOURCE_G_REVIEWS,reviews_2023.csv,2023-09-22T15:09:04.779639776,BATCH-G-20230922
REV-00111749,SKU-0017256,user_22881,Samantha Reynolds,5,"Absolutely love it, works perfectly!",2023-10-17,True,POSITIVE,5,SOURCE_G_REVIEWS,reviews_2023.csv,2023-10-17T08:01:43.575265503,BATCH-G-20231017
REV-00111750,SKU-0011127,user_9002976,Larry Osborn,4,"Solid build quality, no complaints.",2023-01-06,True,POSITIVE,13,SOURCE_G_REVIEWS,reviews_2023.csv,2023-01-06T01:18:08.449787479,BATCH-G-20230106
REV-00111756,SKU-0005470,user_9027370,Sharon Saunders,5,"Muy buen producto, lo recomiendo.",2023-01-10,True,POSITIVE,1,SOURCE_G_REVIEWS,reviews_2023.csv,2023-01-10T00:38:04.876722,BATCH-G-20230110
REV-00111763,SKU-9956291,,Anonymous,5,"Solid build quality, no complaints.",2023-08-18,False,POSITIVE,0,SOURCE_G_REVIEWS,reviews_2023.csv,2023-08-18T14:06:13.235275135,BATCH-G-20230818
REV-00111776,SKU-0019914,user_9029385,Michael,4,Highly recommend this product.,2023-11-05,True,POSITIVE,0,SOURCE_G_REVIEWS,reviews_2023.csv,2023-11-05T05:32:52.022289951,BATCH-G-20231105
REV-00111818,SKU-0004703,user_4408,Joshua Wilson DVM,5,Stopped working after a week.,2023-11-28,True,NEGATIVE,5,SOURCE_G_REVIEWS,reviews_2023.csv,2023-11-29T03:11:14.557032425,BATCH-G-20231128
REV-00111826,SKU-0017347,user_31673,Kelly Flores,4,"Absolutely love it, works perfectly!",2023-04-25,True,POSITIVE,5,SOURCE_G_REVIEWS,reviews_2023.csv,2023-04-25T07:05:39.438805016,BATCH-G-20230425
REV-00111837,SKU-0015070,user_9028243,Jared Smith,4,Will definitely buy again.,2023-02-06,True,POSITIVE,0,SOURCE_G_REVIEWS,reviews_2023.csv,2023-02-07T03:24:38.945684784,BATCH-G-20230206
REV-00111858,SKU-0016760,,Anonymous,3,"Not bad, not great either.",2023-11-15,True,NEUTRAL,10,SOURCE_G_REVIEWS,reviews_2023.csv,2023-11-15T11:57:15.462185356,BATCH-G-20231115
REV-00111860,SKU-0015649,user_9032834,Shane,2,Wrong item was shipped to me.,2023-08-21,True,NEGATIVE,6,SOURCE_G_REVIEWS,reviews_2023.csv,2023-08-21T18:19:15.336829930,BATCH-G-20230821
REV-00111863,SKU-0003630,user_9021056,Christina Willis,4,Fast delivery and great quality.,2023-10-26,True,POSITIVE,2,SOURCE_G_REVIEWS,reviews_2023.csv,2023-10-26T10:58:54.454950474,BATCH-G-20231026
REV-00111865,SKU-0013633,user_9005571,Jason Obrien,4,"Exactly as described, very happy.",2023-06-17,True,POSITIVE,6,SOURCE_G_REVIEWS,reviews_2023.csv,2023-06-18T04:52:36.604099621,BATCH-G-20230617
REV-00111890,SKU-0003745,,Anonymous,1,Very disappointed with the quality.,2023-07-06,True,NEGATIVE,5,SOURCE_G_REVIEWS,reviews_2023.csv,2023-07-06T14:11:43.027337867,BATCH-G-20230706
REV-00111891,SKU-0004018,user_9023696,Carol,2,"Waste of money, do not buy.",2023-05-29,False,NEGATIVE,11,SOURCE_G_REVIEWS,reviews_2023.csv,2023-05-30T05:12:44.651507747,BATCH-G-20230529
REV-00111909,SKU-0011646,user_9031084,Sandra,1,Not as described at all.,2023-08-13,False,NEGATIVE,1,SOURCE_G_REVIEWS,reviews_2023.csv,2023-08-13T10:35:53.804445604,BATCH-G-20230813
REV-00111928,SKU-0003368,user_9033628,Charles Blevins,4,Great value for money. 😢,2023-03-31,True,POSITIVE,3,SOURCE_G_REVIEWS,reviews_2023.csv,2023-03-31T04:21:43.210087549,BATCH-G-20230331
REV-00111951,SKU-0008511,user_9023220,Bryan Watts,5,Highly recommend this product.,2023-01-12,True,POSITIVE,1,SOURCE_G_REVIEWS,reviews_2023.csv,2023-01-12T18:24:44.237371763,BATCH-G-20230112
REV-00111954,SKU-0003479,user_26914,Julie Conrad,4,Will definitely buy again.,2023-07-04,True,POSITIVE,0,SOURCE_G_REVIEWS,reviews_2023.csv,2023-07-05T02:41:38.703741426,BATCH-G-20230704
REV-00111968,SKU-0008039,,Anonymous,3,"Matches the description, no issues.",2023-04-17,True,NEUTRAL,0,SOURCE_G_REVIEWS,reviews_2023.csv,2023-04-17T01:28:21.378968677,BATCH-G-20230417
REV-00111976,SKU-0014448,user_26368,Cynthia,4,"Solid build quality, no complaints.",2023-11-20,True,POSITIVE,2,SOURCE_G_REVIEWS,reviews_2023.csv,2023-11-20T19:53:08.951075246,BATCH-G-20231120
REV-00111987,SKU-0015961,user_9000995,Alexis,1,Very disappointed with the quality.,2023-02-25,False,NEGATIVE,0,SOURCE_G_REVIEWS,reviews_2023.csv,2023-02-26T01:17:03.019102725,BATCH-G-20230225
REV-00111993,SKU-0017501,user_9025736,Darren,4,?,2023-12-31,True,POSITIVE,1,SOURCE_G_REVIEWS,reviews_2023.csv,2023-12-31T03:37:43.639756491,BATCH-G-20231231
REV-00111997,SKU-0008974,user_16948,Adam,5,"Exactly as described, very happy.",2023-02-02,True,POSITIVE,0,SOURCE_G_REVIEWS,reviews_2023.csv,2023-02-02T15:32:33.933332318,BATCH-G-20230202
REV-00112012,SKU-0004517,user_1296,Jeffrey,,"It's okay, does the job.",2023-11-28,False,NEUTRAL,3,SOURCE_G_REVIEWS,reviews_2023.csv,2023-11-28T05:57:40.073706237,BATCH-G-20231128
REV-00112020,SKU-0012601,user_34251,Susan Mcdonald,4,Highly recommend this product.,2023-04-14,False,POSITIVE,0,SOURCE_G_REVIEWS,reviews_2023.csv,2023-04-15T04:52:19.158274362,BATCH-G-20230414
REV-00112022,SKU-0011015,user_9008998,Crystal Castillo,4,Will definitely buy again.,2023-07-02,False,POSITIVE,6,SOURCE_G_REVIEWS,reviews_2023.csv,2023-07-02T13:54:15.945577213,BATCH-G-20230702
REV-00112025,SKU-0014832,user_9010802,Deborah Moore,3,"It's okay, does the job.",2023-11-07,True,NEUTRAL,2,SOURCE_G_REVIEWS,reviews_2023.csv,2023-11-07T01:09:44.495211669,BATCH-G-20231107
REV-00112026,SKU-0016314,user_32404,Cassandra Mccullough,4,"Exactly as described, very happy.",2023-10-10,True,POSITIVE,2,SOURCE_G_REVIEWS,reviews_2023.csv,2023-10-10T12:40:42.314213803,BATCH-G-20231010
REV-00112034,SKU-0009089,user_32005,Margaret Maxwell,2,Arrived damaged and support was unhelpful.,2023-03-16,True,NEGATIVE,1,SOURCE_G_REVIEWS,reviews_2023.csv,2023-03-16T16:13:13.326666173,BATCH-G-20230316
REV-00112046,SKU-0015205,user_45741,Steven Hebert,5,"Perfect gift, they loved it!",2023-08-18,True,POSITIVE,5,SOURCE_G_REVIEWS,reviews_2023.csv,2023-08-19T04:52:34.136758205,BATCH-G-20230818
REV-00112048,SKU-0006042,user_9016894,William Brown,4,Fast delivery and great quality.,2023-11-11,True,POSITIVE,1,SOURCE_G_REVIEWS,reviews_2023.csv,2023-11-11T12:25:30.507655549,BATCH-G-20231111
REV-00112057,SKU-0006138,,Anonymous,5,Fast delivery and great quality.,2023-07-09,True,POSITIVE,1,SOURCE_G_REVIEWS,reviews_2023.csv,2023-07-09T18:09:44.525028258,BATCH-G-20230709
REV-00112058,SKU-0017513,user_9030668,Nicole Taylor,4,Fast delivery and great quality. 👍😐,2023-09-27,True,POSITIVE,2,SOURCE_G_REVIEWS,reviews_2023.csv,2023-09-27T00:58:43.665640081,BATCH-G-20230927
REV-00112061,SKU-0002174,user_10687,Ryan Hernandez,2,Very disappointed with the quality.,2023-08-17,True,NEGATIVE,14,SOURCE_G_REVIEWS,reviews_2023.csv,2023-08-18T02:16:29.788172092,BATCH-G-20230817
REV-00112065,SKU-0016502,user_18253,Manuel Gregory,4,Will definitely buy again.,2023-04-15,True,POSITIVE,2,SOURCE_G_REVIEWS,reviews_2023.csv,2023-04-15T01:14:03.142384640,BATCH-G-20230415
REV-00112067,SKU-0019387,user_5625,Nathan,5,Great value for money.,2023-05-15,True,POSITIVE,1,SOURCE_G_REVIEWS,reviews_2023.csv,2023-05-16T03:31:14.569771099,BATCH-G-20230515
REV-00112073,SKU-0016437,,Anonymous,4,Great value for money.,2023-01-21,True,POSITIVE,1,SOURCE_G_REVIEWS,reviews_2023.csv,2023-01-21T12:55:16.709711314,BATCH-G-20230121
REV-00112083,SKU-0014096,user_13690,Jason Owens,3,"Not bad, not great either.",2023-05-09,True,NEUTRAL,1,SOURCE_G_REVIEWS,reviews_2023.csv,2023-05-09T04:49:10.390746594,BATCH-G-20230509
REV-00112085,SKU-9924459,user_9017117,Sarah Mahoney,5,Fast delivery and great quality.,2023-04-25,False,POSITIVE,4,SOURCE_G_REVIEWS,reviews_2023.csv,2023-04-25T07:54:45.330911229,BATCH-G-20230425
REV-00112088,SKU-0004661,user_9000419,Kristine Hill,5,Excellent rapport qualité-prix.,2023-05-01,True,POSITIVE,0,SOURCE_G_REVIEWS,reviews_2023.csv,2023-05-01T02:48:23.533693199,BATCH-G-20230501
REV-00112091,SKU-0004089,user_53241,Carol Martin,5,Will definitely buy again.,2023-10-11,True,POSITIVE,0,SOURCE_G_REVIEWS,reviews_2023.csv,2023-10-11T09:58:28.039158692,BATCH-G-20231011
REV-00112105,SKU-0011144,user_9001605,Kristen Cantu,5,Decent but overpriced a bit.,2023-11-23,False,NEUTRAL,4,SOURCE_G_REVIEWS,reviews_2023.csv,2023-11-23T09:50:08.596020704,BATCH-G-20231123
REV-00112109,SKU-0001783,user_2320,Alexa Smith,5,Exceeded my expectations.,2023-09-09,True,POSITIVE,0,SOURCE_G_REVIEWS,reviews_2023.csv,2023-09-10T03:25:52.296612938,BATCH-G-20230909
REV-00112118,SKU-0011974,,Anonymous,3,"Not bad, not great either.",2023-11-14,False,NEUTRAL,3,SOURCE_G_REVIEWS,reviews_2023.csv,2023-11-14T23:33:07.363879574,BATCH-G-20231114
REV-00112130,SKU-0006732,user_38322,Charles Lamb,1,Very disappointed with the quality.,2023-11-24,False,NEGATIVE,0,SOURCE_G_REVIEWS,reviews_2023.csv,2023-11-24T01:36:23.429792168,BATCH-G-20231124
REV-00112136,SKU-9977784,user_62649,Matthew Ferguson,2,"Cheaply made, broke immediately.",2023-09-09,False,NEGATIVE,0,SOURCE_G_REVIEWS,reviews_2023.csv,2023-09-09T23:56:27.749902614,BATCH-G-20230909
REV-00112155,SKU-0005859,user_9015613,Julie Best,3,Decent but overpriced a bit.,2023-01-24,False,NEUTRAL,1,SOURCE_G_REVIEWS,reviews_2023.csv,2023-01-25T05:19:43.308120908,BATCH-G-20230124
REV-00112159,SKU-0017328,,Anonymous,4,"बहुत अच्छा उत्पाद है, पैसा वसूल! Great value for money. 😢",2023-02-11,True,POSITIVE,0,SOURCE_G_REVIEWS,reviews_2023.csv,2023-02-12T03:41:39.879741351,BATCH-G-20230211
REV-00112165,SKU-0011362,user_57397,James Velazquez,5,"Absolutely love it, works perfectly!",2023-01-04,False,POSITIVE,0,SOURCE_G_REVIEWS,reviews_2023.csv,2023-01-04T15:56:31.551275390,BATCH-G-20230104
REV-00112170,SKU-0019450,user_7825,Martha Smith,5,   Not  as  described  at  all.   ,2023-06-10,False,NEGATIVE,0,SOURCE_G_REVIEWS,reviews_2023.csv,2023-06-11T01:50:32.288472987,BATCH-G-20230610
REV-00112185,SKU-0014615,,Anonymous,4,Better than I expected for the price.,2023-03-22,True,POSITIVE,0,SOURCE_G_REVIEWS,reviews_2023.csv,2023-03-22T22:47:12.362284965,BATCH-G-20230322
REV-00112189,SKU-9956291,user_20911,Christine,4,Exceeded my expectations.,2023-11-17,True,POSITIVE,0,SOURCE_G_REVIEWS,reviews_2023.csv,2023-11-17T07:22:13.794432686,BATCH-G-20231117
REV-00112203,SKU-0019823,user_2658,Olivia,5,"   Exactly  as  described,  very  happy.   ",2023-10-22,False,POSITIVE,7,SOURCE_G_REVIEWS,reviews_2023.csv,2023-10-22T16:58:40.005010047,BATCH-G-20231022
REV-00112223,SKU-0006017,,Anonymous,5,Fast delivery and great quality.,2023-10-19,False,POSITIVE,0,SOURCE_G_REVIEWS,reviews_2023.csv,2023-10-19T10:37:38.307278147,BATCH-G-20231019
REV-00112225,SKU-0012426,user_33151,Larry Foster,5,Better than I expected for the price.,2023-12-17,False,POSITIVE,0,SOURCE_G_REVIEWS,reviews_2023.csv,2023-12-17T17:31:12.546587620,BATCH-G-20231217
REV-00112227,SKU-0000017,user_6448,Donald Farmer,4,"Absolutely love it, works perfectly!",2023-11-08,True,POSITIVE,9,SOURCE_G_REVIEWS,reviews_2023.csv,2023-11-08T13:48:38.232174912,BATCH-G-20231108
REV-00112233,SKU-0005498,user_9005930,Collin,4,Exceeded my expectations.,2023-12-13,False,POSITIVE,9,SOURCE_G_REVIEWS,reviews_2023.csv,2023-12-14T01:18:09.565044840,BATCH-G-20231213
REV-00112242,SKU-9969431,user_31516,Kimberly,5,Fast delivery and great quality.,2023-04-19,False,POSITIVE,5,SOURCE_G_REVIEWS,reviews_2023.csv,2023-04-19T01:29:05.051289479,BATCH-G-20230419
REV-00112253,SKU-9960589,,Anonymous,5,"Solid build quality, no complaints.",2023-08-21,False,POSITIVE,1,SOURCE_G_REVIEWS,reviews_2023.csv,2023-08-21T18:55:05.053779072,BATCH-G-20230821
REV-00112256,SKU-0000247,user_9030693,Katie Robinson,3,   Decent  but  overpriced  a  bit.   ,2023-11-25,True,NEUTRAL,1,SOURCE_G_REVIEWS,reviews_2023.csv,2023-11-25T22:16:16.275879134,BATCH-G-20231125
REV-00112258,SKU-0019766,user_9007453,Beth Austin,4,Better than I expected for the price.,2023-07-25,False,POSITIVE,2,SOURCE_G_REVIEWS,reviews_2023.csv,2023-07-25T22:05:40.263451691,BATCH-G-20230725
REV-00112259,SKU-0002842,user_9020234,Kelly Brooks,1,Arrived damaged and support was unhelpful.,2023-05-30,True,NEGATIVE,7,SOURCE_G_REVIEWS,reviews_2023.csv,2023-05-31T00:06:57.604191058,BATCH-G-20230530
REV-00112262,SKU-0019680,,Anonymous,4,&nbsp;Highly recommend this product.<b>Update:</b>,2023-07-11,False,POSITIVE,0,SOURCE_G_REVIEWS,reviews_2023.csv,2023-07-11T12:21:54.166545948,BATCH-G-20230711
REV-00112268,SKU-0017076,user_9022271,Alyssa Burgess,5,Exceeded my expectations. 🙏,2023-01-05,True,POSITIVE,1,SOURCE_G_REVIEWS,reviews_2023.csv,2023-01-05T03:48:58.508907352,BATCH-G-20230105
REV-00112271,SKU-0019628,user_16266,Edward Nielsen,1,</p>Arrived damaged and support was unhelpful.&nbsp;,2023-12-31,False,NEGATIVE,0,SOURCE_G_REVIEWS,reviews_2023.csv,2024-01-01T02:36:25.400747805,BATCH-G-20231231
REV-00112279,SKU-0017035,user_9003834,Kimberly,3,"Average quality, nothing special.",2023-06-15,True,NEUTRAL,1,SOURCE_G_REVIEWS,reviews_2023.csv,2023-06-15T18:58:25.078160902,BATCH-G-20230615
REV-00112280,SKU-0015164,user_9007831,Maria Benjamin,4,"Exactly as described, very happy.",2023-06-11,True,POSITIVE,3,SOURCE_G_REVIEWS,reviews_2023.csv,2023-06-12T05:55:45.861884062,BATCH-G-20230611
REV-00112281,SKU-0008089,user_45868,Michael Ellis MD,2,Not as described at all.,2023-09-04,True,NEGATIVE,0,SOURCE_G_REVIEWS,reviews_2023.csv,2023-09-04T15:09:59.130808902,BATCH-G-20230904
REV-00112291,SKU-0010633,user_9028977,Brittany,2,"Cheaply made, broke immediately.",2023-01-05,True,NEGATIVE,5,SOURCE_G_REVIEWS,reviews_2023.csv,2023-01-06T00:09:49.443664291,BATCH-G-20230105
REV-00112297,SKU-0006092,user_50654,Misty Sutton,3,"It's okay, does the job.",2023-09-22,False,NEUTRAL,1,SOURCE_G_REVIEWS,reviews_2023.csv,2023-09-22T17:48:15.278644270,BATCH-G-20230922
REV-00112334,SKU-9943478,user_9015632,Sarah Jones,5,Fast delivery and great quality.,2023-09-21,False,POSITIVE,0,SOURCE_G_REVIEWS,reviews_2023.csv,2023-09-21T05:24:13.250132199,BATCH-G-20230921
REV-00112334-BOT,SKU-9943478,user_32020,Diane Evans,5,Fast delivery and great quality.,2023-09-21,False,POSITIVE,0,SOURCE_G_REVIEWS,reviews_2023.csv,2023-09-21T05:24:13.250132199,BATCH-G-20230921
REV-00112341,SKU-0018857,user_9003974,Jasmine,5,Will definitely buy again.,2023-09-13,False,POSITIVE,2,SOURCE_G_REVIEWS,reviews_2023.csv,2023-09-13T23:12:08.055737432,BATCH-G-20230913
REV-00112342,SKU-0016386,user_9034714,Aaron,5,Highly recommend this product.,2023-06-08,True,POSITIVE,0,SOURCE_G_REVIEWS,reviews_2023.csv,2023-06-09T02:23:42.180658581,BATCH-G-20230608
REV-00112349,SKU-0016233,,Anonymous,5,"<p>Exactly as described, very happy.&nbsp;",2023-03-30,True,POSITIVE,6,SOURCE_G_REVIEWS,reviews_2023.csv,2023-03-31T00:55:24.625580468,BATCH-G-20230330
REV-00112388,SKU-0000589,user_34175,Alex,4,Fast delivery and great quality. 😀💯,2023-11-25,False,POSITIVE,1,SOURCE_G_REVIEWS,reviews_2023.csv,2023-11-25T13:19:41.840732952,BATCH-G-20231125
REV-00112390,SKU-0008076,user_34775,Mary,4,"Muy buen producto, lo recomiendo.",2023-11-15,True,POSITIVE,1,SOURCE_G_REVIEWS,reviews_2023.csv,2023-11-15T21:38:46.909805660,BATCH-G-20231115
REV-00112413,SKU-0012761,user_32207,Robert,4,Exceeded my expectations.,2023-02-18,True,POSITIVE,3,SOURCE_G_REVIEWS,reviews_2023.csv,2023-02-18T11:51:51.990592795,BATCH-G-20230218
REV-00112416,SKU-0009930,user_9020503,Shannon,4,"   Solid  build  quality,  no  complaints.   ",2023-02-18,True,POSITIVE,2,SOURCE_G_REVIEWS,reviews_2023.csv,2023-02-18T03:08:51.854298036,BATCH-G-20230218
REV-00112420,SKU-0015340,user_65525,Anna Cruz,4,"Solid build quality, no complaints.",2023-01-26,True,POSITIVE,1,SOURCE_G_REVIEWS,reviews_2023.csv,2023-02-06T21:00:00,BATCH-G-20230126
REV-00112426,SKU-0011381,user_9007918,Todd Maldonado,1,"गुणवत्ता ठीक नहीं थी। Waste of money, do not buy.",2023-09-17,False,NEGATIVE,2,SOURCE_G_REVIEWS,reviews_2023.csv,2023-09-17T03:30:41.751116013,BATCH-G-20230917
REV-00112435,SKU-0005359,user_9018909,Paula Leonard,5,"Solid build quality, no complaints.",2023-04-06,False,POSITIVE,0,SOURCE_G_REVIEWS,reviews_2023.csv,2023-04-07T00:41:40.082589685,BATCH-G-20230406
REV-00112441,SKU-0003807,user_29049,Ryan Chen,3,Works fine but delivery was slow.,2023-10-05,True,NEUTRAL,0,SOURCE_G_REVIEWS,reviews_2023.csv,2023-10-06T00:53:11.782931175,BATCH-G-20231005
REV-00112447,SKU-9938567,user_9019091,Michael Barr,5,&nbsp;Highly recommend this product.&nbsp;,2023-01-20,True,POSITIVE,1,SOURCE_G_REVIEWS,reviews_2023.csv,2023-01-20T11:40:02.049423287,BATCH-G-20230120
REV-00112448,SKU-0015118,user_9025034,Kevin Campos,2,"Average quality, nothing special.",2023-04-08,True,NEUTRAL,19,SOURCE_G_REVIEWS,reviews_2023.csv,2023-04-09T00:49:59.983616476,BATCH-G-20230408
REV-00112455,SKU-0008274,user_9033291,Miguel,5,"Solid build quality, no complaints.",2023-10-30,True,POSITIVE,2,SOURCE_G_REVIEWS,reviews_2023.csv,2023-10-31T03:20:20.995208131,BATCH-G-20231030
REV-00112457,SKU-0000288,user_9002180,Brittany Jones,5,Exceeded my expectations.,2023-03-10,True,POSITIVE,0,SOURCE_G_REVIEWS,reviews_2023.csv,2023-03-10T10:26:20.952495897,BATCH-G-20230310
REV-00112462,SKU-0019796,user_43983,Tiffany,4,NA,2023-12-22,False,NEGATIVE,0,SOURCE_G_REVIEWS,reviews_2023.csv,2023-12-22T07:47:41.438835952,BATCH-G-20231222
REV-00112471,SKU-0017726,user_9015802,Audrey Henry,4,"Solid build quality, no complaints.",2023-08-17,True,POSITIVE,4,SOURCE_G_REVIEWS,reviews_2023.csv,2023-08-17T05:48:01.363905204,BATCH-G-20230817
REV-00112479,SKU-0006756,user_9022511,Yolanda,5,Will definitely buy again.,2023-12-21,True,POSITIVE,0,SOURCE_G_REVIEWS,reviews_2023.csv,2023-12-22T02:50:41.042970913,BATCH-G-20231221
REV-00112480,SKU-0009326,user_9001357,Sandra Williams,1,Wrong item was shipped to me.,2023-06-13,True,NEGATIVE,5,SOURCE_G_REVIEWS,reviews_2023.csv,2023-06-13T10:14:32.644982911,BATCH-G-20230613
REV-00112482,SKU-0007043,,Anonymous,3,"Livraison très lente, déçu. Matches the description, no issues.",2023-01-22,True,NEUTRAL,3,SOURCE_G_REVIEWS,reviews_2023.csv,2023-01-22T08:59:15.889103865,BATCH-G-20230122
REV-00112494,SKU-0004216,user_9005417,Jessica,5,?,2023-06-03,False,POSITIVE,0,SOURCE_G_REVIEWS,reviews_2023.csv,2023-06-03T06:31:14.687817722,BATCH-G-20230603
REV-00112495,SKU-0014539,user_67002,Eric Morgan,5,"Solid build quality, no complaints.",2023-01-06,False,POSITIVE,1,SOURCE_G_REVIEWS,reviews_2023.csv,2023-01-06T17:00:50.505097939,BATCH-G-20230106
REV-00112503,SKU-0015776,,Anonymous,5,"Absolutely love it, works perfectly!",2023-02-20,True,POSITIVE,2,SOURCE_G_REVIEWS,reviews_2023.csv,2023-02-21T04:03:14.963400569,BATCH-G-20230220
REV-00112515,SKU-0013020,user_9012132,Stephanie,5,   Will  definitely  buy  again.   ,2023-10-16,True,POSITIVE,0,SOURCE_G_REVIEWS,reviews_2023.csv,2023-10-16T21:51:39.917630623,BATCH-G-20231016
REV-00112521,SKU-0003248,user_9024926,Nancy,5,Great value for money.,2023-01-16,False,POSITIVE,2,SOURCE_G_REVIEWS,reviews_2023.csv,2023-01-17T04:44:06.256751577,BATCH-G-20230116
REV-00112533,SKU-0010468,user_9025523,Ricky,4,Great value for money.,2023-02-25,True,POSITIVE,4,SOURCE_G_REVIEWS,reviews_2023.csv,2023-02-25T06:07:34.343394937,BATCH-G-20230225
REV-00112547,SKU-0002949,,Anonymous,5,Exceeded my expectations.,2023-01-23,True,POSITIVE,0,SOURCE_G_REVIEWS,reviews_2023.csv,2023-01-24T02:41:37.788569242,BATCH-G-20230123
REV-00112550,SKU-0006801,,Anonymous,5,"Absolutely love it, works perfectly!",2023-04-30,False,POSITIVE,0,SOURCE_G_REVIEWS,reviews_2023.csv,2023-04-30T12:30:12.634131941,BATCH-G-20230430
REV-00112556,SKU-0001371,user_9029924,Tim Reid,6,Wrong item was shipped to me.,2023-03-04,True,NEGATIVE,8,SOURCE_G_REVIEWS,reviews_2023.csv,2023-03-04T00:33:44.577239698,BATCH-G-20230304
REV-00112558,SKU-0017731,user_24530,Brandon,5,"Absolutely love it, works perfectly!",2023-10-25,True,POSITIVE,8,SOURCE_G_REVIEWS,reviews_2023.csv,2023-10-25T12:38:59.048027801,BATCH-G-20231025
REV-00112567,SKU-0001896,user_37662,Danielle Romero,5,"Perfect gift, they loved it!",2023-01-15,True,POSITIVE,5,SOURCE_G_REVIEWS,reviews_2023.csv,2023-01-15T02:08:32.091168493,BATCH-G-20230115
REV-00112568,SKU-0013200,,Anonymous,5,Highly recommend this product.,2023-10-10,True,POSITIVE,0,SOURCE_G_REVIEWS,reviews_2023.csv,2023-10-10T17:26:07.391275278,BATCH-G-20231010
REV-00112569,SKU-0007402,user_7369,Susan,3,"Livraison très lente, déçu. Decent but overpriced a bit. 😍",2023-10-03,False,NEUTRAL,6,SOURCE_G_REVIEWS,reviews_2023.csv,2023-10-03T17:49:31.386936408,BATCH-G-20231003
REV-00112570,SKU-0015374,user_9000979,Christina Reyes,4,Fast delivery and great quality.,2023-02-11,False,POSITIVE,1,SOURCE_G_REVIEWS,reviews_2023.csv,2023-02-11T02:12:19.915731331,BATCH-G-20230211
REV-00112571,SKU-0018497,user_38049,Diane Davis,2,"Cheaply made, broke immediately.",2023-02-04,True,NEGATIVE,0,SOURCE_G_REVIEWS,reviews_2023.csv,2023-02-04T18:47:33.992636301,BATCH-G-20230204
REV-00112581,SKU-0010270,user_41215,Kristina Tanner,4,Will definitely buy again.,2023-08-09,True,POSITIVE,1,SOURCE_G_REVIEWS,reviews_2023.csv,2023-08-09T05:32:04.107946394,BATCH-G-20230809
REV-00112587,SKU-0019313,user_9030440,Daniel,4,"Not bad, not great either.",2023-10-14,True,NEUTRAL,2,SOURCE_G_REVIEWS,reviews_2023.csv,2023-10-14T16:47:39.989124679,BATCH-G-20231014
REV-00112590,SKU-0019186,user_9029474,Lauren,5,Fast delivery and great quality.,2023-12-17,True,POSITIVE,1,SOURCE_G_REVIEWS,reviews_2023.csv,2023-12-17T22:43:02.562900958,BATCH-G-20231217
REV-00112591,SKU-0008893,user_9010214,Brenda Guerrero,4,"Perfect gift, they loved it!",2023-01-26,True,POSITIVE,5,SOURCE_G_REVIEWS,reviews_2023.csv,2023-01-26T22:53:19.597561490,BATCH-G-20230126
REV-00112597,SKU-0003947,user_9025529,Charles,1,Arrived damaged and support was unhelpful.,2023-07-13,True,NEGATIVE,2,SOURCE_G_REVIEWS,reviews_2023.csv,2023-07-14T05:00:28.596649284,BATCH-G-20230713
REV-00112600,SKU-0010549,user_33595,Robert,5,No cumplió mis expectativas.,2023-01-09,False,POSITIVE,6,SOURCE_G_REVIEWS,reviews_2023.csv,2023-01-09T01:28:42.311571121,BATCH-G-20230109
REV-00112608,SKU-0019236,user_2411,Cody,-,"Absolutely love it, works perfectly!",2023-05-22,True,POSITIVE,3,SOURCE_G_REVIEWS,reviews_2023.csv,2023-05-23T00:30:30.305219464,BATCH-G-20230522
REV-00112612,SKU-0018401,user_9029920,Mark,5,Better than I expected for the price.,2023-04-03,True,POSITIVE,9,SOURCE_G_REVIEWS,reviews_2023.csv,2023-04-03T22:00:15.091051820,BATCH-G-20230403
REV-00112622,SKU-0014889,user_9007248,Mark Thompson,4,Exceeded my expectations.,2023-11-14,False,POSITIVE,0,SOURCE_G_REVIEWS,reviews_2023.csv,2023-11-15T01:22:26.057305011,BATCH-G-20231114
REV-00112623,SKU-0019846,user_9017127,Stephanie,5,Highly recommend this product. 😡,2023-01-07,False,POSITIVE,1,SOURCE_G_REVIEWS,reviews_2023.csv,2023-01-08T04:11:35.889999521,BATCH-G-20230107
REV-00112624,SKU-0014195,user_9011677,James Boyle,2,Arrived damaged and support was unhelpful.,2023-07-29,False,NEGATIVE,5,SOURCE_G_REVIEWS,reviews_2023.csv,2023-07-29T14:06:43.236130833,BATCH-G-20230729
REV-00112644,SKU-0007395,user_9013027,Cynthia Levy,4,Great value for money.,2023-01-07,True,POSITIVE,1,SOURCE_G_REVIEWS,reviews_2023.csv,2023-01-07T14:07:27.931564269,BATCH-G-20230107
REV-00112644-BOT,SKU-0007395,user_22590,Emily Lindsey,4,Great value for money.,2023-01-07,False,POSITIVE,0,SOURCE_G_REVIEWS,reviews_2023.csv,2023-01-07T14:07:27.931564269,BATCH-G-20230107
REV-00112645,SKU-0019860,user_9010188,Samuel Anderson,5,Will definitely buy again.,2023-07-25,True,POSITIVE,3,SOURCE_G_REVIEWS,reviews_2023.csv,2023-07-25T18:35:33.261911797,BATCH-G-20230725
REV-00112646,SKU-0000708,user_9022748,Sarah Sanders,3,Works fine but delivery was slow.,2023-11-24,False,NEUTRAL,5,SOURCE_G_REVIEWS,reviews_2023.csv,2023-11-24T05:55:10.810950178,BATCH-G-20231124
REV-00112647,SKU-0000156,user_13366,Lisa,5,"Absolutely love it, works perfectly!",2023-03-26,False,POSITIVE,1,SOURCE_G_REVIEWS,reviews_2023.csv,2023-03-26T02:03:59.339108800,BATCH-G-20230326
REV-00112659,SKU-0004253,user_9008837,Samuel Mueller,4,Highly recommend this product.,2023-11-20,False,POSITIVE,0,SOURCE_G_REVIEWS,reviews_2023.csv,2023-11-21T04:36:59.257412421,BATCH-G-20231120
REV-00112671,SKU-0003429,user_37565,Sierra,5,"Exactly as described, very happy.",2023-11-07,True,POSITIVE,2,SOURCE_G_REVIEWS,reviews_2023.csv,2023-11-07T07:59:24.907901569,BATCH-G-20231107
REV-00112686,SKU-0016655,user_9034481,Cynthia,1,"Poor packaging, item was defective.",2023-07-08,False,NEGATIVE,1,SOURCE_G_REVIEWS,reviews_2023.csv,2023-07-09T03:21:02.563713449,BATCH-G-20230708
REV-00112695,SKU-0015003,user_9000441,Evan Doyle II,2,Very disappointed with the quality.,2023-04-16,False,NEGATIVE,1,SOURCE_G_REVIEWS,reviews_2023.csv,2023-04-16T23:29:45.331038759,BATCH-G-20230416
REV-00112725,SKU-0016488,user_9025364,Crystal Murray,4,Highly recommend this product.,2023-12-01,True,POSITIVE,3,SOURCE_G_REVIEWS,reviews_2023.csv,2023-12-01T23:14:50.394291010,BATCH-G-20231201
REV-00112732,SKU-0001590,user_9000368,Steven Cox,4,"Perfect gift, they loved it!",2023-08-04,True,POSITIVE,0,SOURCE_G_REVIEWS,reviews_2023.csv,2023-08-05T01:54:20.987006599,BATCH-G-20230804
REV-00112763,SKU-0005995,,Anonymous,5,"Perfect gift, they loved it!",2023-04-20,False,POSITIVE,0,SOURCE_G_REVIEWS,reviews_2023.csv,2023-04-20T22:47:46.744247602,BATCH-G-20230420
REV-00112769,SKU-0010975,,Anonymous,4,"Muy buen producto, lo recomiendo. Highly recommend this product.",2023-03-24,True,POSITIVE,4,SOURCE_G_REVIEWS,reviews_2023.csv,2023-03-24T12:03:12.532034170,BATCH-G-20230324
REV-00112790,SKU-0007036,user_9171,Charles Brown,5,"Exactly as described, very happy.",2023-04-23,False,POSITIVE,2,SOURCE_G_REVIEWS,reviews_2023.csv,2023-04-23T23:33:32.929863668,BATCH-G-20230423
REV-00112799,SKU-0007490,user_40903,Shane Stewart,1,"बहुत अच्छा उत्पाद है, पैसा वसूल!",2023-03-08,False,NEGATIVE,0,SOURCE_G_REVIEWS,reviews_2023.csv,2023-03-08T20:24:00.515831032,BATCH-G-20230308
REV-00112802,SKU-0009160,user_9000071,Bethany Johnson,3,Decent but overpriced a bit.,2023-12-19,False,NEUTRAL,0,SOURCE_G_REVIEWS,reviews_2023.csv,2023-12-19T15:35:10.674414321,BATCH-G-20231219
REV-00112804,SKU-0016564,user_9013096,Lauren Ford,4,Exceeded my expectations.,2023-08-29,False,POSITIVE,1,SOURCE_G_REVIEWS,reviews_2023.csv,2023-08-30T05:13:07.123056642,BATCH-G-20230829
REV-00112809,SKU-0008239,user_25200,Thomas,5,Highly recommend this product.,2023-03-04,False,POSITIVE,2,SOURCE_G_REVIEWS,reviews_2023.csv,2023-03-04T09:34:53.008314650,BATCH-G-20230304
REV-00112818,SKU-9912240,user_9033683,Wendy,5,Highly recommend this product.,2023-09-21,False,POSITIVE,0,SOURCE_G_REVIEWS,reviews_2023.csv,2023-10-02T22:00:00,BATCH-G-20230921
REV-00112833,SKU-9928003,user_3533,Daniel Castro,3,"Not bad, not great either.",2023-11-12,False,NEUTRAL,2,SOURCE_G_REVIEWS,reviews_2023.csv,2023-11-12T20:48:42.650271290,BATCH-G-20231112
REV-00112837,SKU-0014734,user_30458,Christian Gonzalez,5,"Perfect gift, they loved it!",2023-10-28,True,POSITIVE,2,SOURCE_G_REVIEWS,reviews_2023.csv,2023-10-28T17:18:01.460881672,BATCH-G-20231028
REV-00112848,SKU-0014050,user_24763,William Stewart,1,"   Poor  packaging,  item  was  defective.   ",2023-11-29,True,NEGATIVE,5,SOURCE_G_REVIEWS,reviews_2023.csv,2023-11-29T16:31:09.609743121,BATCH-G-20231129
REV-00112855,SKU-0008947,user_9026483,Jose,4,Will definitely buy again.,2023-11-17,True,POSITIVE,0,SOURCE_G_REVIEWS,reviews_2023.csv,2023-11-17T03:16:40.358479562,BATCH-G-20231117
REV-00112856,SKU-0015050,user_9005674,Wesley Kirk,5,"Absolutely love it, works perfectly!",2023-10-23,False,POSITIVE,1,SOURCE_G_REVIEWS,reviews_2023.csv,2023-10-23T05:25:31.004340031,BATCH-G-20231023
REV-00112870,SKU-0002399,user_9019193,Jennifer Carter,1,Stopped working after a week.,2023-12-10,False,NEGATIVE,1,SOURCE_G_REVIEWS,reviews_2023.csv,2023-12-10T12:56:12.040211869,BATCH-G-20231210
REV-00112874,SKU-0016407,user_9029761,Julie Robinson,5,Better than I expected for the price.,2023-06-01,True,POSITIVE,1,SOURCE_G_REVIEWS,reviews_2023.csv,2023-06-01T08:16:57.719585320,BATCH-G-20230601
REV-00112881,SKU-0016601,,Anonymous,4,Great value for money.,2023-11-06,True,POSITIVE,0,SOURCE_G_REVIEWS,reviews_2023.csv,2023-11-06T08:47:03.708060875,BATCH-G-20231106
REV-00112891,SKU-0018073,user_9021144,Bryan Burns,5,"Muy buen producto, lo recomiendo.",2023-08-26,False,POSITIVE,2,SOURCE_G_REVIEWS,reviews_2023.csv,2023-08-26T09:24:20.390377642,BATCH-G-20230826
REV-00112896,SKU-0014105,,Anonymous,3,Works fine but delivery was slow.,2023-05-03,False,NEUTRAL,2,SOURCE_G_REVIEWS,reviews_2023.csv,2023-05-03T23:15:27.940953202,BATCH-G-20230503
REV-00112904,SKU-0010430,user_9019322,Sandra,5,"Exactly as described, very happy.",2023-09-30,True,POSITIVE,1,SOURCE_G_REVIEWS,reviews_2023.csv,2023-09-30T05:41:03.412427152,BATCH-G-20230930
REV-00112925,SKU-0012182,user_12113,Krista Gay,,No cumplió mis expectativas.,2023-01-04,True,POSITIVE,0,SOURCE_G_REVIEWS,reviews_2023.csv,2023-01-04T06:18:24.943917730,BATCH-G-20230104
REV-00112929,SKU-9988685,user_10261,Michael Lewis,2,Very disappointed with the quality.,2023-11-18,True,NEGATIVE,0,SOURCE_G_REVIEWS,reviews_2023.csv,2023-11-18T09:48:41.649175420,BATCH-G-20231118
REV-00112947,SKU-0010905,,Anonymous,5,Highly recommend this product.,2023-05-02,True,POSITIVE,0,SOURCE_G_REVIEWS,reviews_2023.csv,2023-05-02T10:39:02.136020557,BATCH-G-20230502
REV-00112956,SKU-0000106,user_9014682,Jon Wise,-,Fast delivery and great quality.,2023-04-29,False,POSITIVE,0,SOURCE_G_REVIEWS,reviews_2023.csv,2023-04-29T17:10:25.401005667,BATCH-G-20230429
REV-00112986,SKU-0017995,user_68250,Nancy Moody,4,Will definitely buy again.,2023-12-24,True,POSITIVE,0,SOURCE_G_REVIEWS,reviews_2023.csv,2023-12-24T21:04:58.540169969,BATCH-G-20231224
REV-00112989,SKU-0007300,user_9008872,Cheryl Palmer,5,Fast delivery and great quality.,2023-06-27,True,POSITIVE,3,SOURCE_G_REVIEWS,reviews_2023.csv,2023-06-27T12:36:39.898878018,BATCH-G-20230627
REV-00112996,SKU-0020134,user_9005417,Jessica,5,"Exactly as described, very happy.",2023-12-03,True,POSITIVE,4,SOURCE_G_REVIEWS,reviews_2023.csv,2023-12-03T11:18:34.759350568,BATCH-G-20231203
REV-00113006,SKU-0000268,,Anonymous,4,<i>edited</i>Exceeded my expectations.&nbsp;,2023-06-07,True,POSITIVE,0,SOURCE_G_REVIEWS,reviews_2023.csv,2023-06-07T13:32:09.858845266,BATCH-G-20230607
REV-00113014,SKU-0018532,user_33070,James Morgan,4,Great value for money.,2023-06-06,True,POSITIVE,3,SOURCE_G_REVIEWS,reviews_2023.csv,2023-06-06T16:11:03.830573259,BATCH-G-20230606
REV-00113016,SKU-0005661,user_47983,Matthew Lang,4,Exceeded my expectations. 😢👍,2023-12-23,True,POSITIVE,1,SOURCE_G_REVIEWS,reviews_2023.csv,2023-12-23T17:00:39.678813311,BATCH-G-20231223
REV-00113023,SKU-0011888,user_9033502,Rhonda Ward,5,"Absolutely love it, works perfectly!",2023-03-15,True,POSITIVE,0,SOURCE_G_REVIEWS,reviews_2023.csv,2023-03-15T12:18:44.986506612,BATCH-G-20230315
REV-00113032,SKU-0004088,user_27532,Robert Barker,4,Highly recommend this product.,2023-01-18,True,POSITIVE,5,SOURCE_G_REVIEWS,reviews_2023.csv,2023-01-18T20:15:40.181945131,BATCH-G-20230118
REV-00113033,SKU-0008698,user_9006170,Nicole Anderson,-,"Absolutely love it, works perfectly!",2023-01-08,True,POSITIVE,0,SOURCE_G_REVIEWS,reviews_2023.csv,2023-01-08T21:23:58.257906940,BATCH-G-20230108
REV-00113040,SKU-0017833,user_9018251,Veronica Harding,2,Stopped working after a week.,2023-07-20,True,NEGATIVE,1,SOURCE_G_REVIEWS,reviews_2023.csv,2023-07-20T11:47:11.493524897,BATCH-G-20230720
REV-00113041,SKU-0011307,user_9021880,James Davis,4,Exceeded my expectations.,2023-05-04,True,POSITIVE,8,SOURCE_G_REVIEWS,reviews_2023.csv,2023-05-04T02:55:15.401261301,BATCH-G-20230504
REV-00113046,SKU-0007176,user_12404,Eugene,4,Fast delivery and great quality.,2023-09-14,True,POSITIVE,0,SOURCE_G_REVIEWS,reviews_2023.csv,2023-09-14T16:25:48.039600119,BATCH-G-20230914
REV-00113052,SKU-9900824,user_9009937,Rachel,Unknown,"Perfect gift, they loved it!",2023-03-28,True,POSITIVE,3,SOURCE_G_REVIEWS,reviews_2023.csv,2023-03-28T10:19:55.182562852,BATCH-G-20230328
REV-00113068,SKU-0016857,user_52042,Luis Gardner,5,"Absolutely love it, works perfectly!",2023-04-25,False,POSITIVE,4,SOURCE_G_REVIEWS,reviews_2023.csv,2023-04-25T04:06:14.030062799,BATCH-G-20230425
REV-00113075,SKU-0013258,user_9033977,Melissa Guzman,5,Great value for money.,2023-11-09,False,POSITIVE,2,SOURCE_G_REVIEWS,reviews_2023.csv,2023-11-09T04:14:19.852442690,BATCH-G-20231109
REV-00113076,SKU-0007592,,Anonymous,4,Great value for money.,2023-02-16,True,POSITIVE,5,SOURCE_G_REVIEWS,reviews_2023.csv,2023-02-16T08:38:40.786734117,BATCH-G-20230216
REV-00113077,SKU-0019627,,Anonymous,5,"Exactly as described, very happy.",2023-02-28,True,POSITIVE,1,SOURCE_G_REVIEWS,reviews_2023.csv,2023-03-01T01:29:29.140241636,BATCH-G-20230228
REV-00113081,SKU-0010808,user_3051,Erik Flores,5,"Solid build quality, no complaints. 😀",2023-09-15,True,POSITIVE,2,SOURCE_G_REVIEWS,reviews_2023.csv,2023-09-15T10:10:51.312163740,BATCH-G-20230915
REV-00113084,SKU-0014990,,Anonymous,5,Great value for money.,2023-01-09,True,POSITIVE,1,SOURCE_G_REVIEWS,reviews_2023.csv,2023-01-09T00:32:24.993520646,BATCH-G-20230109
REV-00113097,SKU-0017909,user_47971,Heather,5,Great value for money.,2023-02-10,True,POSITIVE,1,SOURCE_G_REVIEWS,reviews_2023.csv,2023-02-10T08:18:55.036964519,BATCH-G-20230210
REV-00113103,SKU-0013122,user_34045,Rebecca Anderson DDS,7,No cumplió mis expectativas.,2023-08-27,True,POSITIVE,1,SOURCE_G_REVIEWS,reviews_2023.csv,2023-08-27T20:01:56.763173090,BATCH-G-20230827
REV-00113116,SKU-0007424,user_3571,Gary Ware,4,Exceeded my expectations.,2023-09-07,True,POSITIVE,6,SOURCE_G_REVIEWS,reviews_2023.csv,2023-09-07T21:41:23.917979160,BATCH-G-20230907
REV-00113120,SKU-0011155,user_33382,Richard Fitzpatrick,3,Decent but overpriced a bit.,2023-10-10,True,NEUTRAL,1,SOURCE_G_REVIEWS,reviews_2023.csv,2023-10-10T04:45:15.417015833,BATCH-G-20231010
REV-00113133,SKU-9919237,user_44629,Michelle Jones,4,Will definitely buy again.,2023-01-16,True,POSITIVE,3,SOURCE_G_REVIEWS,reviews_2023.csv,2023-01-16T03:55:57.950208074,BATCH-G-20230116
REV-00113148,SKU-0019114,user_30041,Rhonda Wheeler,5,Excellent rapport qualité-prix.,2023-01-20,True,POSITIVE,1,SOURCE_G_REVIEWS,reviews_2023.csv,2023-01-20T07:56:13.342482715,BATCH-G-20230120
REV-00113149,SKU-0006147,user_17836,Patricia Smith,4,Highly recommend this product.,2023-06-14,True,POSITIVE,0,SOURCE_G_REVIEWS,reviews_2023.csv,2023-06-14T07:55:24.967353041,BATCH-G-20230614
REV-00113150,SKU-0009157,user_31031,April Roach,4,Great value for money.,2023-05-31,True,POSITIVE,1,SOURCE_G_REVIEWS,reviews_2023.csv,2023-05-31T12:29:03.177309491,BATCH-G-20230531
REV-00113173,SKU-0006343,user_69515,Steve Bailey,1,"Poor packaging, item was defective.",2023-04-25,True,NEGATIVE,2,SOURCE_G_REVIEWS,reviews_2023.csv,2023-04-25T21:07:48.635148080,BATCH-G-20230425
REV-00113189,SKU-0007804,user_3689,Michelle,1,No cumplió mis expectativas. Wrong item was shipped to me.,2023-05-17,False,NEGATIVE,3,SOURCE_G_REVIEWS,reviews_2023.csv,2023-05-17T02:38:24.996090892,BATCH-G-20230517
REV-00113198,SKU-0005726,user_50055,Carol Nichols,5,   Highly  recommend  this  product.   ,2023-11-27,True,POSITIVE,4,SOURCE_G_REVIEWS,reviews_2023.csv,2023-11-27T16:01:55.648294130,BATCH-G-20231127
REV-00113206,SKU-0019694,user_52317,Gregory Pena,5,Will definitely buy again.,2023-06-08,False,POSITIVE,0,SOURCE_G_REVIEWS,reviews_2023.csv,2023-06-08T01:07:53.958142744,BATCH-G-20230608
REV-00113207,SKU-0005957,user_9024426,Christopher Newton,5,"Perfect gift, they loved it!",2023-09-12,True,POSITIVE,1,SOURCE_G_REVIEWS,reviews_2023.csv,2023-09-13T03:41:12.935963805,BATCH-G-20230912
REV-00113210,SKU-0005188,,Anonymous,4,"Solid build quality, no complaints.",2023-06-12,True,POSITIVE,4,SOURCE_G_REVIEWS,reviews_2023.csv,2023-06-12T03:11:54.261555292,BATCH-G-20230612
REV-00113223,SKU-0013863,user_28077,Patricia Miller,1,"Cheaply made, broke immediately.",2023-03-10,True,NEGATIVE,0,SOURCE_G_REVIEWS,reviews_2023.csv,2023-03-10T12:00:18.002408974,BATCH-G-20230310
REV-00113234,SKU-0017763,user_52669,Paige Johnston,4,Highly recommend this product.,2023-11-01,True,POSITIVE,1,SOURCE_G_REVIEWS,reviews_2023.csv,2023-11-01T20:58:43.917271367,BATCH-G-20231101
REV-00113235,SKU-9977033,user_25743,Dwayne,4,Better than I expected for the price.,2023-10-17,True,POSITIVE,0,SOURCE_G_REVIEWS,reviews_2023.csv,2023-10-17T09:21:48.152591973,BATCH-G-20231017
REV-00113269,SKU-0014827,user_9031160,Allison Owen,5,Highly recommend this product.,2023-08-30,True,POSITIVE,0,SOURCE_G_REVIEWS,reviews_2023.csv,2023-08-31T01:43:09.635256970,BATCH-G-20230830
REV-00113274,SKU-0017112,user_63832,Kirsten,3,"Not bad, not great either.",2023-04-27,False,NEUTRAL,0,SOURCE_G_REVIEWS,reviews_2023.csv,2023-04-27T02:02:58.971921400,BATCH-G-20230427
REV-00113277,SKU-0007804,,Anonymous,4,"Solid build quality, no complaints.",2023-11-24,True,POSITIVE,1,SOURCE_G_REVIEWS,reviews_2023.csv,2023-11-24T18:03:13.461676122,BATCH-G-20231124
REV-00113284,SKU-0012572,user_31998,Jennifer,4,"Exactly as described, very happy.",2023-10-10,False,POSITIVE,3,SOURCE_G_REVIEWS,reviews_2023.csv,2023-10-10T20:35:42.851320800,BATCH-G-20231010
REV-00113289,SKU-0000925,user_46771,Michelle Watson,6,Wrong item was shipped to me.,2023-04-05,False,NEGATIVE,4,SOURCE_G_REVIEWS,reviews_2023.csv,2023-04-05T00:44:35.095488732,BATCH-G-20230405
REV-00113291,SKU-0019778,user_8980,Antonio Gonzalez,5,"Perfect gift, they loved it!",2023-02-08,True,POSITIVE,6,SOURCE_G_REVIEWS,reviews_2023.csv,2023-02-08T13:07:36.178838323,BATCH-G-20230208
REV-00113291-DUP,SKU-0019778,user_8980,Antonio Gonzalez,5,"Perfect gift, they loved it!",2023-02-08,True,POSITIVE,6,SOURCE_G_REVIEWS,reviews_2023.csv,2023-02-08T13:22:36.178838323,BATCH-G-20230208
REV-00113293,SKU-0007517,user_4822,Denise Higgins,4,Fast delivery and great quality.,2023-10-14,True,POSITIVE,1,SOURCE_G_REVIEWS,reviews_2023.csv,2023-10-15T03:29:59.027339021,BATCH-G-20231014
REV-00113293-DUP,SKU-0007517,user_4822,Denise Higgins,4,Fast delivery and great quality.,2023-10-14,True,POSITIVE,1,SOURCE_G_REVIEWS,reviews_2023.csv,2023-10-15T04:06:59.027339021,BATCH-G-20231014
REV-00113298,SKU-0000332,user_9021409,Kathleen Mclaughlin,2,Very disappointed with the quality. 👍,2023-08-18,True,NEGATIVE,3,SOURCE_G_REVIEWS,reviews_2023.csv,2023-08-18T17:25:32.919343969,BATCH-G-20230818
REV-00113302,SKU-9984207,user_49,Joseph Phillips,3,"It's okay, does the job.",2023-11-23,True,NEUTRAL,5,SOURCE_G_REVIEWS,reviews_2023.csv,2023-11-23T13:42:38.896738192,BATCH-G-20231123
REV-00113307,SKU-0001306,,Anonymous,5,"Perfect gift, they loved it!",2023-04-30,True,POSITIVE,0,SOURCE_G_REVIEWS,reviews_2023.csv,2023-04-30T09:02:11.554465358,BATCH-G-20230430
REV-00113314,SKU-9981148,user_16218,Amy Herrera,4,"Solid build quality, no complaints.",2023-08-06,True,POSITIVE,3,SOURCE_G_REVIEWS,reviews_2023.csv,2023-08-06T04:25:55.410340876,BATCH-G-20230806
REV-00113316,SKU-9970428,user_9007466,Brenda,4,Fast delivery and great quality.,2023-02-12,False,POSITIVE,1,SOURCE_G_REVIEWS,reviews_2023.csv,2023-02-12T03:26:07.000079048,BATCH-G-20230212
REV-00113327,SKU-0001634,user_4998,Brian,4,   Fast  delivery  and  great  quality.   ,2023-08-29,True,POSITIVE,18,SOURCE_G_REVIEWS,reviews_2023.csv,2023-08-29T07:54:42.003371827,BATCH-G-20230829
REV-00113331,SKU-0013098,user_9025862,Jill Smith,5,"Muy buen producto, lo recomiendo.",2023-02-18,True,POSITIVE,2,SOURCE_G_REVIEWS,reviews_2023.csv,2023-02-18T06:01:13.990530600,BATCH-G-20230218
REV-00113339,SKU-9980894,user_9003942,Lucas,5,"Excellent rapport qualité-prix. Absolutely love it, works perfectly!",2023-08-08,True,POSITIVE,3,SOURCE_G_REVIEWS,reviews_2023.csv,2023-08-08T21:10:24.582922737,BATCH-G-20230808
REV-00113340,SKU-0013722,user_60744,Samantha,5,"It's okay, does the job.",2023-02-26,True,NEUTRAL,0,SOURCE_G_REVIEWS,reviews_2023.csv,2023-02-26T02:02:56.060743378,BATCH-G-20230226
REV-00113343,SKU-0000680,,Anonymous,1,Not as described at all.,2023-04-12,True,NEGATIVE,4,SOURCE_G_REVIEWS,reviews_2023.csv,2023-04-13T04:44:53.425747974,BATCH-G-20230412
REV-00113344,SKU-0015614,user_19140,Dr. Richard Todd Jr.,5,"   Solid  build  quality,  no  complaints.   ",2023-05-11,True,POSITIVE,6,SOURCE_G_REVIEWS,reviews_2023.csv,2023-05-11T11:50:30.728903317,BATCH-G-20230511
REV-00113354,SKU-0005334,user_9006862,Barbara,5,Highly recommend this product.,2023-09-04,True,POSITIVE,2,SOURCE_G_REVIEWS,reviews_2023.csv,2023-09-04T09:57:46.269348116,BATCH-G-20230904
REV-00113382,SKU-0016545,user_9029685,Natasha,4,Exceeded my expectations.,2023-12-29,True,POSITIVE,5,SOURCE_G_REVIEWS,reviews_2023.csv,2023-12-29T18:06:09.137023559,BATCH-G-20231229
REV-00113385,SKU-0007353,user_53758,Edward Li,4,Better than I expected for the price.,2023-02-06,False,POSITIVE,0,SOURCE_G_REVIEWS,reviews_2023.csv,2023-02-06T21:53:23.252520625,BATCH-G-20230206
REV-00113409,SKU-0002905,,Anonymous,5,"Livraison très lente, déçu.",2023-03-01,True,POSITIVE,1,SOURCE_G_REVIEWS,reviews_2023.csv,2023-03-01T01:19:05.182463847,BATCH-G-20230301
REV-00113414,SKU-0018577,user_16081,Tracey Fernandez,4,"Absolutely love it, works perfectly!",2023-03-09,True,POSITIVE,2,SOURCE_G_REVIEWS,reviews_2023.csv,2023-03-09T19:49:16.141751298,BATCH-G-20230309
REV-00113421,SKU-0003903,,Anonymous,4,Great value for money.,2023-06-13,True,POSITIVE,1,SOURCE_G_REVIEWS,reviews_2023.csv,2023-06-13T19:06:17.042083348,BATCH-G-20230613
REV-00113423,SKU-0017254,user_9007977,Eric Fitzpatrick,5,Fast delivery and great quality.,2023-10-17,True,POSITIVE,4,SOURCE_G_REVIEWS,reviews_2023.csv,2023-10-18T05:54:46.720641450,BATCH-G-20231017
REV-00113439,SKU-0000507,user_9033080,Toni Neal DDS,4,Better than I expected for the price.,2023-12-14,False,POSITIVE,0,SOURCE_G_REVIEWS,reviews_2023.csv,2023-12-14T00:53:52.887347169,BATCH-G-20231214
REV-00113443,SKU-0001313,user_63957,Robert,1,Stopped working after a week.,2023-12-06,False,NEGATIVE,0,SOURCE_G_REVIEWS,reviews_2023.csv,2023-12-06T11:14:02.031070996,BATCH-G-20231206
REV-00113461,SKU-0012526,,Anonymous,3,Will definitely buy again.,2023-07-15,False,POSITIVE,1,SOURCE_G_REVIEWS,reviews_2023.csv,2023-07-15T00:41:40.609647510,BATCH-G-20230715
REV-00113461-DUP,SKU-0012526,,Anonymous,3,Will definitely buy again.,2023-07-15,False,POSITIVE,1,SOURCE_G_REVIEWS,reviews_2023.csv,2023-07-15T00:48:40.609647510,BATCH-G-20230715
REV-00113464,SKU-0017388,user_35203,Cynthia Crawford,N/A,Will definitely buy again.,2023-10-02,True,POSITIVE,0,SOURCE_G_REVIEWS,reviews_2023.csv,2023-10-02T01:06:54.728321748,BATCH-G-20231002
REV-00113465,SKU-0016207,user_9022129,Victoria Mejia,3,"Not bad, not great either.",2023-09-17,True,NEUTRAL,5,SOURCE_G_REVIEWS,reviews_2023.csv,2023-09-17T00:40:40.770916850,BATCH-G-20230917
REV-00113467,SKU-0000956,user_43684,Steven Romero,5,"Absolutely love it, works perfectly!",2023-12-14,False,POSITIVE,3,SOURCE_G_REVIEWS,reviews_2023.csv,2023-12-14T05:33:40.043814864,BATCH-G-20231214
REV-00113474,SKU-0014975,user_2488,Kimberly,5,"Cheaply made, broke immediately. 👍",2023-05-04,True,NEGATIVE,9,SOURCE_G_REVIEWS,reviews_2023.csv,2023-05-04T16:07:23.483327611,BATCH-G-20230504
REV-00113479,SKU-0019450,user_28699,Eric Bennett,3,"Not bad, not great either.",2023-02-20,True,NEUTRAL,1,SOURCE_G_REVIEWS,reviews_2023.csv,2023-02-20T23:20:55.743359426,BATCH-G-20230220
REV-00113481,SKU-0001188,user_9029693,Alexander Dominguez,4,Exceeded my expectations.,2023-01-16,False,POSITIVE,0,SOURCE_G_REVIEWS,reviews_2023.csv,2023-01-16T01:50:38.162659391,BATCH-G-20230116
REV-00113492,SKU-9982856,,Anonymous,3,"Matches the description, no issues.",2023-12-23,True,NEUTRAL,7,SOURCE_G_REVIEWS,reviews_2023.csv,2023-12-23T07:44:55.561975586,BATCH-G-20231223
REV-00113499,SKU-0014019,user_9011797,Kimberly Castillo,2,"Waste of money, do not buy.",2023-12-05,True,NEGATIVE,0,SOURCE_G_REVIEWS,reviews_2023.csv,2023-12-05T15:09:27.137139543,BATCH-G-20231205
REV-00113502,SKU-0011128,user_9026603,Lisa,6,Will definitely buy again.,2023-12-29,True,POSITIVE,0,SOURCE_G_REVIEWS,reviews_2023.csv,2023-12-29T00:55:08.222242796,BATCH-G-20231229
REV-00113538,SKU-0009473,user_9027306,Brandon,3,<i>edited</i>Decent but overpriced a bit.<b>Update:</b>,2023-12-19,True,NEUTRAL,0,SOURCE_G_REVIEWS,reviews_2023.csv,2023-12-19T09:33:44.060987241,BATCH-G-20231219
REV-00113554,SKU-0016145,user_9010242,Daniel,4,Highly recommend this product.,2023-12-27,True,POSITIVE,3,SOURCE_G_REVIEWS,reviews_2023.csv,2023-12-27T11:50:55.804085986,BATCH-G-20231227
REV-00113557,SKU-0013009,user_9013224,John,5,Fast delivery and great quality.,2023-05-12,True,POSITIVE,1,SOURCE_G_REVIEWS,reviews_2023.csv,2023-05-12T04:31:48.734534148,BATCH-G-20230512
REV-00113558,SKU-0000960,user_13008,James Simmons,2,Stopped working after a week.,2023-06-01,True,NEGATIVE,3,SOURCE_G_REVIEWS,reviews_2023.csv,2023-06-02T04:38:28.604788305,BATCH-G-20230601
REV-00113579,SKU-0005859,user_9027218,Dale,3,"It's okay, does the job. 😀",2023-07-09,True,NEUTRAL,0,SOURCE_G_REVIEWS,reviews_2023.csv,2023-07-09T04:37:24.313977310,BATCH-G-20230709
REV-00113593,SKU-0002235,user_61161,Steven,5,Will definitely buy again.,2023-11-06,True,POSITIVE,4,SOURCE_G_REVIEWS,reviews_2023.csv,2023-11-06T19:38:52.521839046,BATCH-G-20231106
REV-00113595,SKU-0020168,,Anonymous,-,"Average quality, nothing special.",2023-11-23,False,NEUTRAL,0,SOURCE_G_REVIEWS,reviews_2023.csv,2023-11-23T18:27:37.026268714,BATCH-G-20231123
REV-00113597,SKU-0002885,,Anonymous,5,"बहुत अच्छा उत्पाद है, पैसा वसूल!",2023-05-26,False,POSITIVE,0,SOURCE_G_REVIEWS,reviews_2023.csv,2023-05-26T17:33:21.999602913,BATCH-G-20230526
REV-00113600,SKU-9926816,user_62521,Andrea Acevedo,4,"Perfect gift, they loved it!",2023-01-22,True,POSITIVE,0,SOURCE_G_REVIEWS,reviews_2023.csv,2023-01-22T01:03:51.046624570,BATCH-G-20230122
REV-00113601,SKU-0008459,user_9022347,Christopher Weaver,5,   Great  value  for  money.   ,2023-06-19,True,POSITIVE,0,SOURCE_G_REVIEWS,reviews_2023.csv,2023-06-19T20:44:57.367724982,BATCH-G-20230619
REV-00113603,SKU-0002460,,Anonymous,3,"It's okay, does the job.",2023-12-26,False,NEUTRAL,1,SOURCE_G_REVIEWS,reviews_2023.csv,2023-12-26T10:27:47.853002315,BATCH-G-20231226
REV-00113619,SKU-0013492,user_35309,Mr. James Miller PhD,5,Highly recommend this product.,2023-11-14,False,POSITIVE,0,SOURCE_G_REVIEWS,reviews_2023.csv,2023-11-14T13:22:15.101318203,BATCH-G-20231114
REV-00113624,SKU-0001413,,Anonymous,4,"Solid build quality, no complaints.",2023-07-30,False,POSITIVE,3,SOURCE_G_REVIEWS,reviews_2023.csv,2023-07-30T11:59:41.664729659,BATCH-G-20230730
REV-00113628,SKU-0006131,,Anonymous,5,"Absolutely love it, works perfectly!",2023-04-22,True,POSITIVE,2,SOURCE_G_REVIEWS,reviews_2023.csv,2023-04-22T22:03:05.458542189,BATCH-G-20230422
REV-00113629,SKU-0015209,,Anonymous,4,Highly recommend this product.,2023-08-01,True,POSITIVE,2,SOURCE_G_REVIEWS,reviews_2023.csv,2023-08-01T23:58:02.222249725,BATCH-G-20230801
REV-00113635,SKU-0016939,user_9006513,Steven Mckinney,3,"It's okay, does the job.",2023-01-02,True,NEUTRAL,4,SOURCE_G_REVIEWS,reviews_2023.csv,2023-01-02T16:02:29.555228256,BATCH-G-20230102
REV-00113647,SKU-0009391,user_9023987,Connor Hensley,4,Great value for money.,2023-05-06,True,POSITIVE,4,SOURCE_G_REVIEWS,reviews_2023.csv,2023-05-06T10:13:55.913109375,BATCH-G-20230506
REV-00113658,SKU-0008076,user_13200,Kevin Andrade,4,Will definitely buy again.,2023-07-22,True,POSITIVE,0,SOURCE_G_REVIEWS,reviews_2023.csv,2023-07-22T04:29:29.902165306,BATCH-G-20230722
REV-00113674,SKU-0007234,user_9034962,James,4,"Perfect gift, they loved it!",2023-07-23,True,POSITIVE,1,SOURCE_G_REVIEWS,reviews_2023.csv,2023-07-23T16:40:06.090638879,BATCH-G-20230723
REV-00113676,SKU-0012020,,Anonymous,4, ,2023-11-15,True,POSITIVE,0,SOURCE_G_REVIEWS,reviews_2023.csv,2023-11-15T20:49:35.866275702,BATCH-G-20231115
REV-00113679,SKU-0001160,user_9023676,Mrs.,3,"Not bad, not great either.",2023-11-29,True,NEUTRAL,4,SOURCE_G_REVIEWS,reviews_2023.csv,2023-11-30T02:49:03.034636388,BATCH-G-20231129
REV-00113681,SKU-0010125,user_9008980,Tiffany,4,Highly recommend this product.,2023-04-23,True,POSITIVE,4,SOURCE_G_REVIEWS,reviews_2023.csv,2023-04-23T05:04:34.624708763,BATCH-G-20230423
REV-00113687,SKU-0006008,user_9018570,Willie Bowen,5,Highly recommend this product.,2023-12-22,False,POSITIVE,2,SOURCE_G_REVIEWS,reviews_2023.csv,2023-12-22T09:22:02.147505412,BATCH-G-20231222
REV-00113688,SKU-9908652,user_9019199,Debra Underwood,4,"Muy buen producto, lo recomiendo.",2023-02-27,False,POSITIVE,6,SOURCE_G_REVIEWS,reviews_2023.csv,2023-02-28T03:09:04.610817125,BATCH-G-20230227
REV-00113691,SKU-0018660,user_34464,Mr. David Peterson,5,Great value for money.,2023-01-16,False,POSITIVE,1,SOURCE_G_REVIEWS,reviews_2023.csv,2023-01-16T15:26:45.251044221,BATCH-G-20230116
REV-00113697,SKU-0005733,,Anonymous,5,"Solid build quality, no complaints.",2023-02-09,True,POSITIVE,3,SOURCE_G_REVIEWS,reviews_2023.csv,2023-02-09T18:09:42.475727616,BATCH-G-20230209
REV-00113697-DUP,SKU-0005733,,Anonymous,5,"Solid build quality, no complaints.",2023-02-09,True,POSITIVE,3,SOURCE_G_REVIEWS,reviews_2023.csv,2023-02-09T18:26:42.475727616,BATCH-G-20230209
REV-00113700,SKU-0004037,user_36533,James,1,Very disappointed with the quality.,2023-06-30,True,NEGATIVE,0,SOURCE_G_REVIEWS,reviews_2023.csv,2023-07-01T02:39:45.660995401,BATCH-G-20230630
REV-00113703,SKU-0016580,user_28864,Brian White, ,"Absolutely love it, works perfectly!",2023-12-13,True,POSITIVE,0,SOURCE_G_REVIEWS,reviews_2023.csv,2023-12-13T04:30:04.228669013,BATCH-G-20231213
REV-00113709,SKU-0014255,user_9008643,Christopher Robertson,5,"Solid build quality, no complaints.",2023-02-09,True,POSITIVE,9,SOURCE_G_REVIEWS,reviews_2023.csv,2023-02-09T10:50:27.539446188,BATCH-G-20230209
REV-00113722,SKU-0003508,user_9016295,Craig Roberts,5,"Solid build quality, no complaints.",2023-03-17,False,POSITIVE,0,SOURCE_G_REVIEWS,reviews_2023.csv,2023-03-17T04:04:34.432612013,BATCH-G-20230317
REV-00113723,SKU-0012335,user_67660,Dorothy,3,Works fine but delivery was slow.,2023-07-27,True,NEUTRAL,2,SOURCE_G_REVIEWS,reviews_2023.csv,2023-07-27T04:36:16.808325307,BATCH-G-20230727
REV-00113724,SKU-0018381,,Anonymous,4,   Highly  recommend  this  product.   ,2023-07-03,True,POSITIVE,0,SOURCE_G_REVIEWS,reviews_2023.csv,2023-07-03T06:28:00.949769468,BATCH-G-20230703
REV-00113726,SKU-0007611,user_21480,Taylor,5,Better than I expected for the price.,2023-03-22,True,POSITIVE,9,SOURCE_G_REVIEWS,reviews_2023.csv,2023-03-22T20:25:24.642771286,BATCH-G-20230322
REV-00113731,SKU-0019044,user_9014161,Karina,4,"Absolutely love it, works perfectly!",2023-11-20,True,POSITIVE,3,SOURCE_G_REVIEWS,reviews_2023.csv,2023-11-20T01:36:39.493849411,BATCH-G-20231120
REV-00113737,SKU-0010135,user_57193,Anthony Ruiz,3,Works fine but delivery was slow.,2023-11-29,False,NEUTRAL,4,SOURCE_G_REVIEWS,reviews_2023.csv,2023-11-29T19:59:26.434150016,BATCH-G-20231129
REV-00113739,SKU-0006034,user_9011489,James Simon,5,Fast delivery and great quality.,2023-08-01,False,POSITIVE,1,SOURCE_G_REVIEWS,reviews_2023.csv,2023-08-01T06:35:44.935869858,BATCH-G-20230801
REV-00113747,SKU-9974803,,Anonymous,4,Will definitely buy again.,2023-12-02,False,POSITIVE,0,SOURCE_G_REVIEWS,reviews_2023.csv,2023-12-02T00:37:10.329189222,BATCH-G-20231202
REV-00113749,SKU-0016272,user_14717,Ricky Gray,5,"Absolutely love it, works perfectly!",2023-12-03,False,POSITIVE,1,SOURCE_G_REVIEWS,reviews_2023.csv,2023-12-03T13:41:32.798386862,BATCH-G-20231203
REV-00113761,SKU-0000836,user_9031617,Michelle Baker,3,गुणवत्ता ठीक नहीं थी। 🙏😡,2023-12-06,True,NEUTRAL,0,SOURCE_G_REVIEWS,reviews_2023.csv,2023-12-06T23:36:21.730313431,BATCH-G-20231206
REV-00113773,SKU-0017878,user_9031177,Jennifer Fritz,4,"Solid build quality, no complaints.",2023-06-09,False,POSITIVE,2,SOURCE_G_REVIEWS,reviews_2023.csv,2023-06-09T19:51:18.495510791,BATCH-G-20230609
REV-00113775,SKU-0016935,user_9013753,Robert Bradley,2,Arrived damaged and support was unhelpful.,2023-08-06,True,NEGATIVE,5,SOURCE_G_REVIEWS,reviews_2023.csv,2023-08-07T03:49:07.127049807,BATCH-G-20230806
REV-00113781,SKU-0018007,,Anonymous,1,गुणवत्ता ठीक नहीं थी।,2023-09-02,False,NEGATIVE,0,SOURCE_G_REVIEWS,reviews_2023.csv,2023-09-02T08:05:31.400663519,BATCH-G-20230902
REV-00113787,SKU-0019197,user_9001605,Kristen Cantu,5,N/A,2023-12-02,True,POSITIVE,6,SOURCE_G_REVIEWS,reviews_2023.csv,2023-12-02T14:28:41.539010506,BATCH-G-20231202
REV-00113806,SKU-0012354,user_46301,Jeanette Neal,4,Fast delivery and great quality.,2023-12-19,True,POSITIVE,4,SOURCE_G_REVIEWS,reviews_2023.csv,2023-12-19T04:05:51.724576345,BATCH-G-20231219
REV-00113808,SKU-0019716,user_9024769,Emily Perez,5,Fast delivery and great quality.,2023-12-09,True,POSITIVE,0,SOURCE_G_REVIEWS,reviews_2023.csv,2023-12-09T17:21:01.805317134,BATCH-G-20231209
REV-00113812,SKU-0013543,user_20196,Cheryl Malone,4,Fast delivery and great quality.,2023-03-17,False,POSITIVE,3,SOURCE_G_REVIEWS,reviews_2023.csv,2023-03-17T17:00:35.346687042,BATCH-G-20230317
REV-00113822,SKU-0006646,,Anonymous,5,Fast delivery and great quality.,2023-09-05,False,POSITIVE,0,SOURCE_G_REVIEWS,reviews_2023.csv,2023-09-06T05:33:33.956778259,BATCH-G-20230905
REV-00113823,SKU-0007981,user_9624,James,5,Exceeded my expectations.,2023-09-25,False,POSITIVE,1,SOURCE_G_REVIEWS,reviews_2023.csv,2023-09-26T05:01:09.638320904,BATCH-G-20230925
REV-00113844,SKU-9986502,user_58478,Darius Gill,4,Exceeded my expectations.,2023-12-26,False,POSITIVE,7,SOURCE_G_REVIEWS,reviews_2023.csv,2023-12-26T17:05:05.179093492,BATCH-G-20231226
REV-00113847,SKU-0001291,user_9004491,Christopher Hurley,5,Highly recommend this product.,2023-08-21,True,POSITIVE,6,SOURCE_G_REVIEWS,reviews_2023.csv,2023-08-21T13:47:40.212569034,BATCH-G-20230821
REV-00113881,SKU-0015772,user_9003290,Jennifer Mckinney,5,"   Muy  buen  producto,  lo  recomiendo.  Perfect  gift,  they  loved  it!   ",2023-08-21,True,POSITIVE,1,SOURCE_G_REVIEWS,reviews_2023.csv,2023-08-21T17:34:36.743787304,BATCH-G-20230821
REV-00113888,SKU-0003487,user_22238,Wendy Atkins,5,Better than I expected for the price.,2023-01-30,False,POSITIVE,0,SOURCE_G_REVIEWS,reviews_2023.csv,2023-01-30T13:47:52.405855694,BATCH-G-20230130
REV-00113891,SKU-0003536,user_42542,Alexis Thompson,2,Not as described at all.,2023-11-25,False,NEGATIVE,2,SOURCE_G_REVIEWS,reviews_2023.csv,2023-11-25T09:48:05.385114129,BATCH-G-20231125
REV-00113892,SKU-0019995,user_9027538,Courtney,3,"बहुत अच्छा उत्पाद है, पैसा वसूल! Average quality, nothing special.",2023-01-01,False,NEUTRAL,7,SOURCE_G_REVIEWS,reviews_2023.csv,2023-01-01T18:01:58.910374067,BATCH-G-20230101
REV-00113915,SKU-0013514,,Anonymous,5,   Great  value  for  money.   ,2023-02-04,True,POSITIVE,3,SOURCE_G_REVIEWS,reviews_2023.csv,2023-02-04T09:51:17.797681941,BATCH-G-20230204
REV-00113916,SKU-0001671,user_9013464,Dr. Alexander Wood,5,"   बहुत  अच्छा  उत्पाद  है,  पैसा  वसूल!   ",2023-02-26,False,POSITIVE,0,SOURCE_G_REVIEWS,reviews_2023.csv,2023-02-26T06:22:43.952878404,BATCH-G-20230226
REV-00113917,SKU-0001487,user_9001575,Amanda,3,"Average quality, nothing special.",2023-07-13,True,NEUTRAL,3,SOURCE_G_REVIEWS,reviews_2023.csv,2023-07-14T02:20:11.667621349,BATCH-G-20230713
REV-00113924,SKU-0009079,user_9001933,Michael Lee, ,"Cheaply made, broke immediately.",2023-10-02,True,NEGATIVE,1,SOURCE_G_REVIEWS,reviews_2023.csv,2023-10-03T05:05:17.836635917,BATCH-G-20231002
REV-00113927,SKU-0007258,user_33740,Anna Armstrong,5,"It's okay, does the job.",2023-08-25,False,NEUTRAL,2,SOURCE_G_REVIEWS,reviews_2023.csv,2023-08-25T03:27:16.911819079,BATCH-G-20230825
REV-00113935,SKU-0008736,user_9006126,Robert,5,Better than I expected for the price.,2023-01-31,False,POSITIVE,0,SOURCE_G_REVIEWS,reviews_2023.csv,2023-01-31T21:20:36.264677449,BATCH-G-20230131
REV-00113941,SKU-9932542,,Anonymous,5,"Absolutely love it, works perfectly!",2023-01-16,True,POSITIVE,5,SOURCE_G_REVIEWS,reviews_2023.csv,2023-01-17T01:36:14.496254721,BATCH-G-20230116
REV-00113942,SKU-0014967,user_9017492,Mitchell Petty,5,Great value for money.,2023-08-15,True,POSITIVE,0,SOURCE_G_REVIEWS,reviews_2023.csv,2023-08-14T10:00:00,BATCH-G-20230815
REV-00113953,SKU-0002821,,Anonymous,3,"Average quality, nothing special. 💯",2023-11-04,True,NEUTRAL,16,SOURCE_G_REVIEWS,reviews_2023.csv,2023-11-04T04:17:33.389478473,BATCH-G-20231104
REV-00113954,SKU-0016304,user_44720,Ernest Koch,3,"It's okay, does the job.",2023-09-03,True,NEUTRAL,1,SOURCE_G_REVIEWS,reviews_2023.csv,2023-09-03T01:16:01.482908360,BATCH-G-20230903
REV-00113964,SKU-0010166,user_9015562,James Rodriguez,4,"Perfect gift, they loved it!",2023-03-05,False,POSITIVE,1,SOURCE_G_REVIEWS,reviews_2023.csv,2023-03-06T03:20:05.375961763,BATCH-G-20230305
REV-00113967,SKU-0000831,user_29826,Alicia Holmes,3,"Muy buen producto, lo recomiendo.",2023-03-30,True,NEUTRAL,1,SOURCE_G_REVIEWS,reviews_2023.csv,2023-03-30T03:46:35.800738240,BATCH-G-20230330
REV-00113971,SKU-0019907,user_61461,Roger Byrd,5,Great value for money.,2023-09-24,False,POSITIVE,1,SOURCE_G_REVIEWS,reviews_2023.csv,2023-09-24T10:18:33.167657830,BATCH-G-20230924
REV-00113979,SKU-0001108,user_49359,Ryan Lambert,4,Great value for money. 😍,2023-04-10,True,POSITIVE,0,SOURCE_G_REVIEWS,reviews_2023.csv,2023-04-11T00:19:16.386763854,BATCH-G-20230410
REV-00113988,SKU-0017936,user_26057,Ashley Cervantes MD,4,Will definitely buy again.,2023-04-03,True,POSITIVE,1,SOURCE_G_REVIEWS,reviews_2023.csv,2023-04-03T22:54:12.082498321,BATCH-G-20230403
REV-00113992,SKU-0002608,user_9016239,Shannon Hunter,5,"Solid build quality, no complaints.",2023-11-19,False,POSITIVE,0,SOURCE_G_REVIEWS,reviews_2023.csv,2023-11-19T21:59:39.711937505,BATCH-G-20231119
REV-00114006,SKU-0000996,user_11863,Veronica Ramirez,4,"Absolutely love it, works perfectly!",2023-09-08,False,POSITIVE,1,SOURCE_G_REVIEWS,reviews_2023.csv,2023-09-08T14:44:09.196454508,BATCH-G-20230908
REV-00114014,SKU-0015823,user_28847,Beverly Lynch,5,"Perfect gift, they loved it!",2023-05-29,True,POSITIVE,6,SOURCE_G_REVIEWS,reviews_2023.csv,2023-05-30T05:08:22.889749363,BATCH-G-20230529
REV-00114027,SKU-0008822,user_11701,Morgan Jackson,4,Better than I expected for the price.,2023-05-06,True,POSITIVE,4,SOURCE_G_REVIEWS,reviews_2023.csv,2023-05-06T10:46:33.213992080,BATCH-G-20230506
REV-00114037,SKU-0010169,user_9006169,Edward Nelson,3,"Not bad, not great either.",2023-05-31,True,NEUTRAL,5,SOURCE_G_REVIEWS,reviews_2023.csv,2023-06-01T05:25:03.037121386,BATCH-G-20230531
REV-00114046,SKU-0010620,user_28710,Steven Cameron,2,Not as described at all.,2023-08-29,True,NEGATIVE,0,SOURCE_G_REVIEWS,reviews_2023.csv,2023-08-30T03:17:17.261454231,BATCH-G-20230829
REV-00114051,SKU-0004512,user_9027958,Amanda,6,"Solid build quality, no complaints.",2023-07-31,False,POSITIVE,0,SOURCE_G_REVIEWS,reviews_2023.csv,2023-07-31T18:04:09.400992641,BATCH-G-20230731
REV-00114056,SKU-0000615,user_16910,Cindy Lindsey,4,"Perfect gift, they loved it!",2023-10-18,False,POSITIVE,1,SOURCE_G_REVIEWS,reviews_2023.csv,2023-10-18T11:07:23.894255701,BATCH-G-20231018
REV-00114060,SKU-9926316,user_7549,Jennifer Archer,5,"Solid build quality, no complaints.",2023-12-30,True,POSITIVE,4,SOURCE_G_REVIEWS,reviews_2023.csv,2023-12-31T05:37:31.927291758,BATCH-G-20231230
REV-00114083,SKU-0004097,user_9011954,Alison Flores,3,Decent but overpriced a bit.,2023-12-17,False,NEUTRAL,7,SOURCE_G_REVIEWS,reviews_2023.csv,2023-12-17T11:41:36.378537755,BATCH-G-20231217
REV-00114088,SKU-0006365,user_9522,Kerry Warren,4,Fast delivery and great quality.,2023-08-24,True,POSITIVE,3,SOURCE_G_REVIEWS,reviews_2023.csv,2023-08-25T03:51:27.436922753,BATCH-G-20230824
REV-00114094,SKU-0002636,user_9007085,Chloe,5,Better than I expected for the price.,2023-12-15,True,POSITIVE,5,SOURCE_G_REVIEWS,reviews_2023.csv,2023-12-15T15:03:14.480535851,BATCH-G-20231215
REV-00114101,SKU-0015790,user_31714,John,1,Not as described at all.,2023-07-21,False,NEGATIVE,7,SOURCE_G_REVIEWS,reviews_2023.csv,2023-07-21T10:55:28.543373237,BATCH-G-20230721
REV-00114107,SKU-0018257,user_9025809,Charlene,1,"Cheaply made, broke immediately.",2023-08-27,False,NEGATIVE,0,SOURCE_G_REVIEWS,reviews_2023.csv,2023-08-27T17:04:46.142689776,BATCH-G-20230827
REV-00114110,SKU-0012377,,Anonymous,5,"Livraison très lente, déçu.",2023-05-12,True,POSITIVE,0,SOURCE_G_REVIEWS,reviews_2023.csv,2023-05-12T13:10:22.657691883,BATCH-G-20230512
REV-00114118,SKU-0003984,user_42207,Randy Russo,1,"Perfect gift, they loved it!",2023-10-29,True,POSITIVE,3,SOURCE_G_REVIEWS,reviews_2023.csv,2023-10-29T05:14:33.069250798,BATCH-G-20231029
REV-00114124,SKU-9942229,user_12440,Jennifer Wilson,4,"Absolutely love it, works perfectly!",2023-03-15,False,POSITIVE,1,SOURCE_G_REVIEWS,reviews_2023.csv,2023-03-15T22:19:31.961943166,BATCH-G-20230315
REV-00114141,SKU-0007417,user_9012567,Jason Martinez,3,Exceeded my expectations.,2023-12-07,True,POSITIVE,0,SOURCE_G_REVIEWS,reviews_2023.csv,2023-12-08T02:14:09.372587084,BATCH-G-20231207
REV-00114150,SKU-0007163,user_9016229,Lindsey Moore,5,"&nbsp;Absolutely love it, works perfectly!<b>Update:</b>",2023-08-05,False,POSITIVE,0,SOURCE_G_REVIEWS,reviews_2023.csv,2023-08-05T21:04:07.053841154,BATCH-G-20230805
REV-00114153,SKU-0001493,user_9028498,Stephen Dixon,5,Fast delivery and great quality.,2023-10-08,False,POSITIVE,2,SOURCE_G_REVIEWS,reviews_2023.csv,2023-10-08T04:04:34.758336167,BATCH-G-20231008
REV-00114195,SKU-9977547,user_16304,Veronica Schwartz,3,"Average quality, nothing special.",2023-08-18,True,NEUTRAL,2,SOURCE_G_REVIEWS,reviews_2023.csv,2023-08-18T13:06:31.108220098,BATCH-G-20230818
REV-00114206,SKU-9928782,user_9018905,Deborah Hart,4,Exceeded my expectations.,2023-10-20,True,POSITIVE,3,SOURCE_G_REVIEWS,reviews_2023.csv,2023-10-20T22:44:44.148337527,BATCH-G-20231020
REV-00114223,SKU-0003672,user_9005672,Alex Robinson,4,"Perfect gift, they loved it!",2023-10-28,True,POSITIVE,0,SOURCE_G_REVIEWS,reviews_2023.csv,2023-10-28T14:02:34.950657992,BATCH-G-20231028
REV-00114225,SKU-0005386,user_65298,Michele Wilson,3,No cumplió mis expectativas.,2023-11-10,True,NEUTRAL,2,SOURCE_G_REVIEWS,reviews_2023.csv,2023-11-10T12:33:43.613086614,BATCH-G-20231110
REV-00114234,SKU-0006448,user_39482,Mr. Ronald Smith,4,No cumplió mis expectativas.,2023-01-19,True,POSITIVE,0,SOURCE_G_REVIEWS,reviews_2023.csv,2023-01-19T04:05:54.347054936,BATCH-G-20230119
REV-00114238,SKU-0014246,user_9001399,Brady Ferrell,5,Fast delivery and great quality.,2023-03-04,True,POSITIVE,0,SOURCE_G_REVIEWS,reviews_2023.csv,2023-03-04T11:43:45.663863792,BATCH-G-20230304
REV-00114240,SKU-0000808,,Anonymous,4,"Absolutely love it, works perfectly!",2023-08-05,False,POSITIVE,0,SOURCE_G_REVIEWS,reviews_2023.csv,2023-08-05T01:11:28.849441107,BATCH-G-20230805
REV-00114241,SKU-0019683,user_9022800,James Mann,5,Better than I expected for the price.,2023-01-08,True,POSITIVE,2,SOURCE_G_REVIEWS,reviews_2023.csv,2023-01-08T05:28:23.046598499,BATCH-G-20230108
REV-00114248,SKU-0010700,user_9009458,Derrick,4,Works fine but delivery was slow.,2023-12-23,False,NEUTRAL,1,SOURCE_G_REVIEWS,reviews_2023.csv,2023-12-24T01:52:46.682511938,BATCH-G-20231223
REV-00114252,SKU-0019150,user_9016633,Riley,2,"Waste of money, do not buy.",2023-12-02,False,NEGATIVE,2,SOURCE_G_REVIEWS,reviews_2023.csv,2023-12-02T08:56:13.560849114,BATCH-G-20231202
REV-00114292,SKU-0012602,user_47743,Wendy,4,Will definitely buy again.,2023-11-07,True,POSITIVE,3,SOURCE_G_REVIEWS,reviews_2023.csv,2023-11-07T20:25:27.045529965,BATCH-G-20231107
REV-00114295,SKU-0014263,user_2842,Monica,4,"Perfect gift, they loved it!",2023-08-17,True,POSITIVE,1,SOURCE_G_REVIEWS,reviews_2023.csv,2023-08-17T17:00:41.965780001,BATCH-G-20230817
REV-00114300,SKU-0009011,,Anonymous,4,No cumplió mis expectativas. 😡,2023-12-26,False,POSITIVE,0,SOURCE_G_REVIEWS,reviews_2023.csv,2023-12-26T07:30:33.507688384,BATCH-G-20231226
REV-00114305,SKU-0019294,user_55598,Patrick Baker,5,"Absolutely love it, works perfectly!",2023-10-13,True,POSITIVE,3,SOURCE_G_REVIEWS,reviews_2023.csv,2023-10-13T17:23:43.639452589,BATCH-G-20231013
REV-00114306,SKU-9998315,,Anonymous,4,Exceeded my expectations.,2023-06-22,True,POSITIVE,9,SOURCE_G_REVIEWS,reviews_2023.csv,2023-06-22T02:46:31.846842878,BATCH-G-20230622
REV-00114314,SKU-0014980,user_18985,Mr. Cody Butler MD,4,गुणवत्ता ठीक नहीं थी।,2023-10-24,False,POSITIVE,0,SOURCE_G_REVIEWS,reviews_2023.csv,2023-10-24T15:47:49.432322390,BATCH-G-20231024
REV-00114320,SKU-9964900,user_9029059,Stephen Barker MD,1,Not as described at all.,2023-08-03,False,NEGATIVE,6,SOURCE_G_REVIEWS,reviews_2023.csv,2023-08-04T03:39:18.761553155,BATCH-G-20230803
REV-00114325,SKU-0018870,user_40182,Grant,4,Excellent rapport qualité-prix.,2023-09-01,True,POSITIVE,0,SOURCE_G_REVIEWS,reviews_2023.csv,2023-09-01T18:47:38.568311132,BATCH-G-20230901
REV-00114329,SKU-0010029,user_16948,Adam,1,"Waste of money, do not buy.",2023-11-07,False,NEGATIVE,10,SOURCE_G_REVIEWS,reviews_2023.csv,2023-11-07T08:50:09.953148760,BATCH-G-20231107
REV-00114333,SKU-0007685,,Anonymous,5,"Perfect gift, they loved it!",2023-11-08,False,POSITIVE,0,SOURCE_G_REVIEWS,reviews_2023.csv,2023-11-08T12:52:33.468678154,BATCH-G-20231108
REV-00114339,SKU-0015594,user_23382,Zachary,4,Great value for money.,2023-02-10,True,POSITIVE,1,SOURCE_G_REVIEWS,reviews_2023.csv,2023-02-10T20:36:58.892210158,BATCH-G-20230210
REV-00114345,SKU-0000917,user_9034504,Madison Berg,4,Great value for money.,2023-11-13,True,POSITIVE,3,SOURCE_G_REVIEWS,reviews_2023.csv,2023-11-14T04:34:03.964288497,BATCH-G-20231113
REV-00114351,SKU-0015393,user_9032101,Mr. Bryan Johnson,1,Stopped working after a week.,2023-03-12,True,NEGATIVE,1,SOURCE_G_REVIEWS,reviews_2023.csv,2023-03-13T01:41:11.700226138,BATCH-G-20230312
REV-00114355,SKU-0006035,user_9025240,Joshua,4,Exceeded my expectations.,2023-11-25,False,POSITIVE,3,SOURCE_G_REVIEWS,reviews_2023.csv,2023-11-25T08:41:10.747407142,BATCH-G-20231125
REV-00114357,SKU-0017656,user_33386,Brenda Santiago,5,"Exactly as described, very happy.",2023-08-12,False,POSITIVE,0,SOURCE_G_REVIEWS,reviews_2023.csv,2023-08-12T12:16:36.727519982,BATCH-G-20230812
REV-00114358,SKU-0005475,user_60563,Richard Hoover,4,Better than I expected for the price.,2023-06-27,True,POSITIVE,0,SOURCE_G_REVIEWS,reviews_2023.csv,2023-06-27T02:39:04.265966610,BATCH-G-20230627
REV-00114364,SKU-0012376,user_43067,Eduardo,4,"Absolutely love it, works perfectly!",2023-01-09,True,POSITIVE,6,SOURCE_G_REVIEWS,reviews_2023.csv,2023-01-09T16:19:17.675006430,BATCH-G-20230109
REV-00114367,SKU-0017436,user_32033,Sydney Sanford,NA,Exceeded my expectations.,2023-12-18,True,POSITIVE,2,SOURCE_G_REVIEWS,reviews_2023.csv,2023-12-18T02:43:16.620096798,BATCH-G-20231218
REV-00114382,SKU-0007135,,Anonymous,4,"Excellent rapport qualité-prix. Perfect gift, they loved it!",2023-10-10,True,POSITIVE,0,SOURCE_G_REVIEWS,reviews_2023.csv,2023-10-10T17:15:46.681367101,BATCH-G-20231010
REV-00114389,SKU-0011846,user_5711,Patrick Garcia,5,"Perfect gift, they loved it!",2023-06-22,True,POSITIVE,0,SOURCE_G_REVIEWS,reviews_2023.csv,2023-06-22T09:22:29.323684126,BATCH-G-20230622
REV-00114390,SKU-0010990,user_7543,Richard Garcia,2,"Poor packaging, item was defective.",2023-08-11,True,NEGATIVE,0,SOURCE_G_REVIEWS,reviews_2023.csv,2023-08-11T20:56:27.745073545,BATCH-G-20230811
REV-00114392,SKU-0016040,user_9010809,Anthony Frank,2,"Waste of money, do not buy. 😡⭐",2023-09-03,False,NEGATIVE,2,SOURCE_G_REVIEWS,reviews_2023.csv,2023-09-03T01:54:51.685191376,BATCH-G-20230903
REV-00114393,SKU-0013773,,Anonymous,4,Will definitely buy again.,2023-02-03,True,POSITIVE,2,SOURCE_G_REVIEWS,reviews_2023.csv,2023-02-04T03:21:32.895995757,BATCH-G-20230203
REV-00114398,SKU-0008272,user_30752,Hannah,5,"Absolutely love it, works perfectly!",2023-12-31,True,POSITIVE,4,SOURCE_G_REVIEWS,reviews_2023.csv,2023-12-31T15:16:42.741007180,BATCH-G-20231231
REV-00114399,SKU-0003817,user_57567,John,5,Highly recommend this product.,2023-10-09,True,POSITIVE,5,SOURCE_G_REVIEWS,reviews_2023.csv,2023-10-09T08:48:28.388073257,BATCH-G-20231009
REV-00114402,SKU-0010326,user_9015202,Angela,4,Great value for money.,2023-11-26,True,POSITIVE,3,SOURCE_G_REVIEWS,reviews_2023.csv,2023-11-26T00:54:38.552219342,BATCH-G-20231126
REV-00114413,SKU-0009166,user_9002391,Shane Young,5,Fast delivery and great quality.,2023-12-10,False,POSITIVE,12,SOURCE_G_REVIEWS,reviews_2023.csv,2023-12-10T14:12:08.100162455,BATCH-G-20231210
REV-00114441,SKU-0010086,user_21609,Linda,4,&nbsp;Will definitely buy again.<br>,2023-02-04,False,POSITIVE,1,SOURCE_G_REVIEWS,reviews_2023.csv,2023-02-04T19:31:20.713244926,BATCH-G-20230204
REV-00114448,SKU-0014355,,Anonymous,5,Great value for money.,2023-06-13,False,POSITIVE,5,SOURCE_G_REVIEWS,reviews_2023.csv,2023-06-13T08:43:20.612085852,BATCH-G-20230613
REV-00114451,SKU-0009295,user_41088,Daniel,5,Exceeded my expectations. ⭐,2023-12-14,True,POSITIVE,1,SOURCE_G_REVIEWS,reviews_2023.csv,2023-12-14T11:02:33.187922038,BATCH-G-20231214
REV-00114455,SKU-0017021,user_9000007,Deborah Taylor,5,Highly recommend this product.,2023-01-01,False,POSITIVE,10,SOURCE_G_REVIEWS,reviews_2023.csv,2023-01-01T21:02:14.434531355,BATCH-G-20230101
REV-00114456,SKU-0016864,,Anonymous,2,"Waste of money, do not buy.",2023-09-23,False,NEGATIVE,3,SOURCE_G_REVIEWS,reviews_2023.csv,2023-09-23T08:41:39.544914009,BATCH-G-20230923
REV-00114458,SKU-0014033,user_36129,Danielle Duffy MD,2,No cumplió mis expectativas. Better than I expected for the price.,2023-12-28,True,POSITIVE,0,SOURCE_G_REVIEWS,reviews_2023.csv,2023-12-28T19:52:49.414965418,BATCH-G-20231228
REV-00114463,SKU-0014360,user_9013336,Jackie Miller,4,"Exactly as described, very happy.",2023-04-02,True,POSITIVE,0,SOURCE_G_REVIEWS,reviews_2023.csv,2023-04-02T17:06:01.491937547,BATCH-G-20230402
REV-00114474,SKU-0008411,user_9006843,Sean Brown,4,Better than I expected for the price.,2023-04-08,False,POSITIVE,5,SOURCE_G_REVIEWS,reviews_2023.csv,2023-04-08T01:09:42.757604359,BATCH-G-20230408
REV-00114480,SKU-0004831,user_37754,Douglas,4,Highly recommend this product.,2023-03-02,True,POSITIVE,2,SOURCE_G_REVIEWS,reviews_2023.csv,2023-03-02T10:38:23.536962574,BATCH-G-20230302
REV-00114492,SKU-0007362,user_9034985,Benjamin Hodge,3,Works fine but delivery was slow.,2023-08-24,False,NEUTRAL,2,SOURCE_G_REVIEWS,reviews_2023.csv,2023-08-24T17:37:43.659591825,BATCH-G-20230824
REV-00114493,SKU-0014445,user_30751,Lindsey,1,"Poor packaging, item was defective.",2023-07-19,True,NEGATIVE,7,SOURCE_G_REVIEWS,reviews_2023.csv,2023-07-19T00:44:47.188549161,BATCH-G-20230719
REV-00114498,SKU-0012197,user_66246,Stephen Ferguson,4,Exceeded my expectations.,2023-01-03,False,POSITIVE,10,SOURCE_G_REVIEWS,reviews_2023.csv,2023-01-03T19:45:27.890873776,BATCH-G-20230103
REV-00114517,SKU-0016434,user_34343,Michael,5,Highly recommend this product.,2023-11-07,True,POSITIVE,1,SOURCE_G_REVIEWS,reviews_2023.csv,2023-11-07T02:53:31.948736144,BATCH-G-20231107
REV-00114544,SKU-0015441,user_9021066,Autumn Mendez,1,Very disappointed with the quality.,2023-11-25,True,NEGATIVE,1,SOURCE_G_REVIEWS,reviews_2023.csv,2023-11-25T19:29:31.645779418,BATCH-G-20231125
REV-00114546,SKU-0003063,user_9024631,Joseph Williams,4,"Absolutely love it, works perfectly! ⭐",2023-12-30,True,POSITIVE,0,SOURCE_G_REVIEWS,reviews_2023.csv,2023-12-30T03:56:36.015753602,BATCH-G-20231230
REV-00114554,SKU-0008139,user_9013831,Joshua,5,Will definitely buy again.,2023-01-31,True,POSITIVE,6,SOURCE_G_REVIEWS,reviews_2023.csv,2023-01-31T06:08:16.166470403,BATCH-G-20230131
REV-00114585,SKU-0000845,user_68592,Shawn,4,Highly recommend this product.,2023-05-25,True,POSITIVE,5,SOURCE_G_REVIEWS,reviews_2023.csv,2023-05-25T00:40:04.964393326,BATCH-G-20230525
REV-00114590,SKU-0013612,user_61459,Stacey Jenkins,4,Exceeded my expectations.,2023-06-18,False,POSITIVE,2,SOURCE_G_REVIEWS,reviews_2023.csv,2023-06-18T23:53:28.917299963,BATCH-G-20230618
REV-00114604,SKU-0018666,,Anonymous,5,Will definitely buy again.,2023-09-08,True,POSITIVE,0,SOURCE_G_REVIEWS,reviews_2023.csv,2023-09-08T13:49:16.256745229,BATCH-G-20230908
REV-00114615,SKU-0001055,user_46573,Jacob Green,1,"Waste of money, do not buy.",2023-04-04,True,NEGATIVE,1,SOURCE_G_REVIEWS,reviews_2023.csv,2023-04-04T12:35:02.267378163,BATCH-G-20230404
REV-00114617,SKU-0004352,user_27023,Jason,3,"Matches the description, no issues.",2023-09-24,False,NEUTRAL,3,SOURCE_G_REVIEWS,reviews_2023.csv,2023-09-24T18:38:57.550046085,BATCH-G-20230924
REV-00114618,SKU-0011425,user_46960,Barbara,4,गुणवत्ता ठीक नहीं थी। Will definitely buy again.,2023-04-27,True,POSITIVE,2,SOURCE_G_REVIEWS,reviews_2023.csv,2023-04-27T22:30:32.722049492,BATCH-G-20230427
REV-00114623,SKU-0012201,user_33046,Eric Mcdonald,5,Will definitely buy again.,2023-02-17,False,POSITIVE,1,SOURCE_G_REVIEWS,reviews_2023.csv,2023-02-17T14:26:43.630542817,BATCH-G-20230217
REV-00114624,SKU-0008874,user_694,Dr. Cindy Diaz PhD,1,Stopped working after a week.,2023-01-15,True,NEGATIVE,4,SOURCE_G_REVIEWS,reviews_2023.csv,2023-01-15T02:27:30.980315806,BATCH-G-20230115
REV-00114625,SKU-0019110,user_49406,Joan Rodriguez,5,Highly recommend this product.,2023-11-21,True,POSITIVE,4,SOURCE_G_REVIEWS,reviews_2023.csv,2023-11-21T08:29:49.337065002,BATCH-G-20231121
REV-00114644,SKU-0000297,user_4233,Melissa Boyd,5,"Solid build quality, no complaints.",2023-12-16,False,POSITIVE,7,SOURCE_G_REVIEWS,reviews_2023.csv,2023-12-16T13:52:33.793380276,BATCH-G-20231216
REV-00114661,SKU-0000405,user_9007776,John,5,"Perfect gift, they loved it!",2023-12-31,False,POSITIVE,3,SOURCE_G_REVIEWS,reviews_2023.csv,2023-12-31T23:40:57.300645505,BATCH-G-20231231
REV-00114678,SKU-0016624,user_9034607,Ashley,2,Arrived damaged and support was unhelpful.,2023-12-25,True,NEGATIVE,0,SOURCE_G_REVIEWS,reviews_2023.csv,2023-12-25T21:41:53.500397669,BATCH-G-20231225
REV-00114684,SKU-0000541,user_9022514,Jerry,3,Decent but overpriced a bit. 😢,2023-03-19,False,NEUTRAL,8,SOURCE_G_REVIEWS,reviews_2023.csv,2023-03-19T13:58:41.032093219,BATCH-G-20230319
REV-00114693,SKU-0007758,user_9028879,Maurice,5,Exceeded my expectations.,2023-12-30,False,POSITIVE,3,SOURCE_G_REVIEWS,reviews_2023.csv,2023-12-30T19:06:43.569184101,BATCH-G-20231230
REV-00114694,SKU-0016485,user_54921,Sharon Fisher,5,Great value for money. 🔥,2023-04-29,False,POSITIVE,2,SOURCE_G_REVIEWS,reviews_2023.csv,2023-04-29T23:46:08.936699854,BATCH-G-20230429
REV-00114696,SKU-9939361,user_9033199,Lori,5,Fast delivery and great quality.,2023-08-03,True,POSITIVE,1,SOURCE_G_REVIEWS,reviews_2023.csv,2023-08-03T07:42:15.580172460,BATCH-G-20230803
REV-00114697,SKU-0008871,,Anonymous,4,Highly recommend this product. ⭐😀,2023-02-02,True,POSITIVE,1,SOURCE_G_REVIEWS,reviews_2023.csv,2023-02-02T05:43:05.193381464,BATCH-G-20230202
REV-00114702,SKU-0010805,user_9004048,Timothy Daniel,4,Highly recommend this product. 💯😍,2023-01-23,True,POSITIVE,0,SOURCE_G_REVIEWS,reviews_2023.csv,2023-01-23T19:32:54.843486426,BATCH-G-20230123
REV-00114715,SKU-0014546,user_30199,Joshua Thompson,5,"Absolutely love it, works perfectly!",2023-10-07,True,POSITIVE,5,SOURCE_G_REVIEWS,reviews_2023.csv,2023-10-07T04:58:52.296095716,BATCH-G-20231007
REV-00114724,SKU-0017889,user_9009614,Sarah, ,"Absolutely love it, works perfectly!",2023-08-07,False,POSITIVE,0,SOURCE_G_REVIEWS,reviews_2023.csv,2023-08-08T01:17:03.582038260,BATCH-G-20230807
REV-00114751,SKU-0015919,user_39002,Danielle,5,"Perfect gift, they loved it!",2023-09-28,False,POSITIVE,1,SOURCE_G_REVIEWS,reviews_2023.csv,2023-09-28T21:04:57.330763167,BATCH-G-20230928
REV-00114752,SKU-0016971,user_57344,Carmen,1,"Poor packaging, item was defective.",2023-12-25,True,NEGATIVE,3,SOURCE_G_REVIEWS,reviews_2023.csv,2023-12-25T10:27:53.571978973,BATCH-G-20231225
REV-00114761,SKU-9959462,user_9019694,Natasha,5,<p>Better than I expected for the price.<p>,2023-10-31,True,POSITIVE,6,SOURCE_G_REVIEWS,reviews_2023.csv,2023-10-31T06:15:14.821758074,BATCH-G-20231031
REV-00114778,SKU-0000555,user_10586,Amy Allen,4,Better than I expected for the price.,2023-12-02,True,POSITIVE,1,SOURCE_G_REVIEWS,reviews_2023.csv,2023-12-03T02:35:23.422087348,BATCH-G-20231202
REV-00114786,SKU-0000231,user_9017759,Kimberly Mccullough,4,Fast delivery and great quality.,2023-12-27,False,POSITIVE,2,SOURCE_G_REVIEWS,reviews_2023.csv,2023-12-27T18:28:19.372560548,BATCH-G-20231227
REV-00114793,SKU-0005310,user_9011394,Jerry Wong,5,"Absolutely love it, works perfectly!",2023-01-19,False,POSITIVE,6,SOURCE_G_REVIEWS,reviews_2023.csv,2023-01-19T04:10:07.690708148,BATCH-G-20230119
REV-00114794,SKU-0014526,user_9003073,Heidi Strickland,4,"Exactly as described, very happy.",2023-11-03,True,POSITIVE,5,SOURCE_G_REVIEWS,reviews_2023.csv,2023-11-03T18:03:40.188312759,BATCH-G-20231103
REV-00114803,SKU-0003884,user_9017801,Michelle Cook,4,"Perfect gift, they loved it!",2023-12-28,True,POSITIVE,1,SOURCE_G_REVIEWS,reviews_2023.csv,2023-12-29T01:55:49.070545339,BATCH-G-20231228
REV-00114812,SKU-0005369,user_9003504,Julie Carter,5,Better than I expected for the price.,2023-11-25,False,POSITIVE,0,SOURCE_G_REVIEWS,reviews_2023.csv,2023-11-25T00:35:33.113732747,BATCH-G-20231125
REV-00114828,SKU-0001766,,Anonymous,3,Works fine but delivery was slow.,2023-05-11,False,NEUTRAL,2,SOURCE_G_REVIEWS,reviews_2023.csv,2023-05-11T14:57:24.271122454,BATCH-G-20230511
REV-00114854,SKU-0012344,user_30751,Lindsey,5,"Waste of money, do not buy.",2023-09-22,True,NEGATIVE,0,SOURCE_G_REVIEWS,reviews_2023.csv,2023-09-22T03:27:31.953949032,BATCH-G-20230922
REV-00114859,SKU-0002527,user_9028410,Amber Shelton,0,"Perfect gift, they loved it!",2023-11-24,True,POSITIVE,3,SOURCE_G_REVIEWS,reviews_2023.csv,2023-11-24T06:12:14.303042534,BATCH-G-20231124
REV-00114860,SKU-0001238,,Anonymous,2,Very disappointed with the quality.,2023-08-08,True,NEGATIVE,1,SOURCE_G_REVIEWS,reviews_2023.csv,2023-08-08T18:45:57.630261381,BATCH-G-20230808
REV-00114864,SKU-9974803,user_9017353,Robin Smith,4,Great value for money. 😍💯,2023-06-10,True,POSITIVE,2,SOURCE_G_REVIEWS,reviews_2023.csv,2023-06-10T04:39:02.092736986,BATCH-G-20230610
REV-00114867,SKU-0007164,user_25872,Allison Anderson,null,Highly recommend this product.,2023-05-14,True,POSITIVE,2,SOURCE_G_REVIEWS,reviews_2023.csv,2023-05-14T03:53:35.207859014,BATCH-G-20230514
REV-00114868,SKU-0018025,user_51096,Douglas Kirk,4,"Solid build quality, no complaints.",2023-02-06,True,POSITIVE,0,SOURCE_G_REVIEWS,reviews_2023.csv,2023-02-06T17:38:33.312279035,BATCH-G-20230206
REV-00114872,SKU-0016063,,Anonymous,1,"Cheaply made, broke immediately.",2023-06-20,False,NEGATIVE,1,SOURCE_G_REVIEWS,reviews_2023.csv,2023-06-21T02:46:48.273554282,BATCH-G-20230620
REV-00114873,SKU-0018541,user_64256,Jordan Miller,1,"Waste of money, do not buy.",2023-07-05,True,NEGATIVE,10,SOURCE_G_REVIEWS,reviews_2023.csv,2023-07-05T15:46:19.845328576,BATCH-G-20230705
REV-00114874,SKU-0007935,,Anonymous,4,Exceeded my expectations.,2023-06-01,True,POSITIVE,0,SOURCE_G_REVIEWS,reviews_2023.csv,2023-06-01T14:03:13.029638226,BATCH-G-20230601
REV-00114877,SKU-0018300,user_9671,Daniel Vincent,3,"It's okay, does the job.",2023-05-03,False,NEUTRAL,1,SOURCE_G_REVIEWS,reviews_2023.csv,2023-05-04T01:44:55.500495520,BATCH-G-20230503
REV-00114883,SKU-0001637,user_9000525,Lisa Davenport,5,"   Solid  build  quality,  no  complaints.   ",2023-09-23,False,POSITIVE,7,SOURCE_G_REVIEWS,reviews_2023.csv,2023-09-23T07:06:44.898380936,BATCH-G-20230923
REV-00114884,SKU-0009450,user_49612,Teresa,4,Will definitely buy again.,2023-10-11,True,POSITIVE,7,SOURCE_G_REVIEWS,reviews_2023.csv,2023-10-11T01:08:11.234089559,BATCH-G-20231011
REV-00114899,SKU-0010525,user_55256,Michael Delacruz,1,Works fine but delivery was slow.,2023-04-04,False,NEUTRAL,2,SOURCE_G_REVIEWS,reviews_2023.csv,2023-04-04T09:45:51.257684826,BATCH-G-20230404
REV-00114904,SKU-9941013,user_9018019,Brian Lee,5,"Solid build quality, no complaints.",2023-01-24,False,POSITIVE,1,SOURCE_G_REVIEWS,reviews_2023.csv,2023-01-25T04:48:20.570281794,BATCH-G-20230124
REV-00114917,SKU-0007570,user_9033437,Carol,1,Not as described at all.,2023-11-30,True,NEGATIVE,3,SOURCE_G_REVIEWS,reviews_2023.csv,2023-11-30T09:32:51.881308565,BATCH-G-20231130
REV-00114926,SKU-0010234,user_7541,Daniel,4,"Exactly as described, very happy.",2023-10-28,True,POSITIVE,2,SOURCE_G_REVIEWS,reviews_2023.csv,2023-10-28T23:11:45.374195117,BATCH-G-20231028
REV-00114934,SKU-0010996,user_9019417,Jennifer,5,Will definitely buy again.,2023-02-15,True,POSITIVE,0,SOURCE_G_REVIEWS,reviews_2023.csv,2023-02-15T10:53:18.637242614,BATCH-G-20230215
REV-00114946,SKU-0017797,user_12172,Teresa Jordan,4,Will definitely buy again.,2023-12-20,False,POSITIVE,0,SOURCE_G_REVIEWS,reviews_2023.csv,2023-12-20T10:11:19.528419559,BATCH-G-20231220
REV-00114950,SKU-0014410,user_9010865,Melissa,2,Arrived damaged and support was unhelpful.,2023-06-01,False,NEGATIVE,2,SOURCE_G_REVIEWS,reviews_2023.csv,2023-06-01T08:43:35.600370853,BATCH-G-20230601
REV-00114952,SKU-9926816,,Anonymous,5,Will definitely buy again.,2023-01-30,True,POSITIVE,8,SOURCE_G_REVIEWS,reviews_2023.csv,2023-01-30T21:23:42.128512822,BATCH-G-20230130
REV-00114964,SKU-0014016,user_9024349,Daniel Anderson,5,"Exactly as described, very happy.",2023-12-23,True,POSITIVE,0,SOURCE_G_REVIEWS,reviews_2023.csv,2023-12-23T07:47:12.579111901,BATCH-G-20231223
REV-00114981,SKU-0007242,user_55366,Riley White,5,Great value for money.,2023-01-28,True,POSITIVE,5,SOURCE_G_REVIEWS,reviews_2023.csv,2023-01-28T08:43:36.219325281,BATCH-G-20230128
REV-00114985,SKU-0016993,user_6085,Ashley Luna,5,Highly recommend this product.,2023-07-11,True,POSITIVE,2,SOURCE_G_REVIEWS,reviews_2023.csv,2023-07-12T01:09:09.305719224,BATCH-G-20230711
REV-00114993,SKU-0013301,user_9011512,Amanda,4,,2023-07-02,False,POSITIVE,0,SOURCE_G_REVIEWS,reviews_2023.csv,2023-07-02T23:41:55.193410545,BATCH-G-20230702
REV-00115012,SKU-0002032,user_9027688,Jasmine Ray,4,"Livraison très lente, déçu.",2023-09-29,False,POSITIVE,2,SOURCE_G_REVIEWS,reviews_2023.csv,2023-09-29T04:14:50.189801235,BATCH-G-20230929
REV-00115020,SKU-0010261,user_9022967,Aaron Brooks,5,Will definitely buy again.,2023-12-06,False,POSITIVE,0,SOURCE_G_REVIEWS,reviews_2023.csv,2023-12-07T02:22:14.015558380,BATCH-G-20231206
REV-00115022,SKU-0003913,,Anonymous,6,   Will  definitely  buy  again.   ,2023-01-22,True,POSITIVE,0,SOURCE_G_REVIEWS,reviews_2023.csv,2023-01-22T23:08:10.406674823,BATCH-G-20230122
REV-00115025,SKU-0000486,user_7788,Christian Mcintosh,5,गुणवत्ता ठीक नहीं थी।,2023-07-24,True,POSITIVE,0,SOURCE_G_REVIEWS,reviews_2023.csv,2023-07-24T09:03:04.662146938,BATCH-G-20230724
REV-00115044,SKU-0020031,user_9020841,Anita Trevino,4,Great value for money.,2023-12-21,True,POSITIVE,2,SOURCE_G_REVIEWS,reviews_2023.csv,2023-12-22T05:34:11.237302920,BATCH-G-20231221
REV-00115050,SKU-0013717,user_17864,Joshua,1,"Poor packaging, item was defective.",2023-03-16,True,NEGATIVE,0,SOURCE_G_REVIEWS,reviews_2023.csv,2023-03-16T16:40:21.570921776,BATCH-G-20230316
REV-00115057,SKU-0015682,user_47287,Jodi Wallace,5,Highly recommend this product.,2023-10-21,True,POSITIVE,1,SOURCE_G_REVIEWS,reviews_2023.csv,2023-10-21T02:39:32.026899688,BATCH-G-20231021
REV-00115069,SKU-0014116,user_9028601,Warren Caldwell,5,"   Absolutely  love  it,  works  perfectly!   ",2023-08-09,False,POSITIVE,0,SOURCE_G_REVIEWS,reviews_2023.csv,2023-08-09T16:07:47.818841911,BATCH-G-20230809
REV-00115084,SKU-9962337,user_69002,Amber,3,Works fine but delivery was slow.,2023-06-18,False,NEUTRAL,3,SOURCE_G_REVIEWS,reviews_2023.csv,2023-06-18T11:43:14.578461974,BATCH-G-20230618
REV-00115091,SKU-0010953,user_9021483,Joshua Mcdonald,5,"Exactly as described, very happy.",2023-01-18,True,POSITIVE,5,SOURCE_G_REVIEWS,reviews_2023.csv,2023-01-19T04:45:41.183135813,BATCH-G-20230118
REV-00115099,SKU-0014850,user_4178,Paige Tyler,4,NA,2023-07-15,True,POSITIVE,2,SOURCE_G_REVIEWS,reviews_2023.csv,2023-07-15T18:06:41.630699913,BATCH-G-20230715
REV-00115103,SKU-0003913,,Anonymous,5,"Perfect gift, they loved it!",2023-12-14,True,POSITIVE,4,SOURCE_G_REVIEWS,reviews_2023.csv,2023-12-14T00:56:59.151368325,BATCH-G-20231214
REV-00115110,SKU-0014958,user_39290,Jacqueline Olson,3,"Not bad, not great either.",2023-09-05,True,NEUTRAL,1,SOURCE_G_REVIEWS,reviews_2023.csv,2023-09-05T05:50:12.236172685,BATCH-G-20230905
REV-00115111,SKU-0000208,user_68961,Shaun Garcia,5,"Perfect gift, they loved it!",2023-01-17,True,POSITIVE,2,SOURCE_G_REVIEWS,reviews_2023.csv,2023-01-18T02:06:39.505021316,BATCH-G-20230117
REV-00115113,SKU-0005096,user_20774,Mary,4,Highly recommend this product.,2023-08-06,False,POSITIVE,3,SOURCE_G_REVIEWS,reviews_2023.csv,2023-08-06T06:15:40.488813951,BATCH-G-20230806
REV-00115119,SKU-0009380,user_9022167,Ronald Adams,1,Very disappointed with the quality.,2023-01-27,True,NEGATIVE,2,SOURCE_G_REVIEWS,reviews_2023.csv,2023-01-27T08:25:27.585135627,BATCH-G-20230127
REV-00115126,SKU-9934047,user_9015063,Nancy Watts,5,"Exactly as described, very happy.",2023-09-05,True,POSITIVE,1,SOURCE_G_REVIEWS,reviews_2023.csv,2023-09-05T10:27:22.960867197,BATCH-G-20230905
REV-00115127,SKU-0012212,user_9049,Mike Mayer,3,Works fine but delivery was slow.,2023-11-07,True,NEUTRAL,6,SOURCE_G_REVIEWS,reviews_2023.csv,2023-11-07T15:59:51.888266127,BATCH-G-20231107
REV-00115134,SKU-9938011,user_50396,Amanda Johnston,5,Better than I expected for the price. 😢,2023-12-18,True,POSITIVE,4,SOURCE_G_REVIEWS,reviews_2023.csv,2023-12-18T13:53:52.758793573,BATCH-G-20231218
REV-00115193,SKU-0000544,user_9024140,Bryan Krause,7,Works fine but delivery was slow.,2023-07-08,False,NEUTRAL,0,SOURCE_G_REVIEWS,reviews_2023.csv,2023-07-09T05:42:34.975322029,BATCH-G-20230708
REV-00115222,SKU-0006169,,Anonymous,2,Wrong item was shipped to me.,2023-01-09,False,NEGATIVE,5,SOURCE_G_REVIEWS,reviews_2023.csv,2023-01-09T05:24:55.827336778,BATCH-G-20230109
REV-00115229,SKU-0014290,user_9001910,Sherri,5,"<br>Solid build quality, no complaints.<b>Update:</b>",2023-12-09,False,POSITIVE,3,SOURCE_G_REVIEWS,reviews_2023.csv,2023-12-09T07:32:32.954883771,BATCH-G-20231209
REV-00115231,SKU-0003165,user_9007378,Gary Davis,2,Not as described at all.,2023-06-27,True,NEGATIVE,4,SOURCE_G_REVIEWS,reviews_2023.csv,2023-06-27T21:30:07.739587561,BATCH-G-20230627
REV-00115237,SKU-0000532,user_19332,Alexis Jensen,4,"Exactly as described, very happy.",2023-09-08,True,POSITIVE,1,SOURCE_G_REVIEWS,reviews_2023.csv,2023-09-08T04:59:46.948856316,BATCH-G-20230908
REV-00115244,SKU-0009318,user_64394,Jacqueline Russell,3,"Absolutely love it, works perfectly!",2023-09-23,True,POSITIVE,0,SOURCE_G_REVIEWS,reviews_2023.csv,2023-09-23T19:21:43.342908414,BATCH-G-20230923
REV-00115259,SKU-0003073,,Anonymous,3,"It's okay, does the job.",2023-05-12,True,NEUTRAL,8,SOURCE_G_REVIEWS,reviews_2023.csv,2023-05-12T00:54:00.407010116,BATCH-G-20230512
REV-00115289,SKU-9951865,user_9011119,Marilyn Douglas,3,<p>Works fine but delivery was slow. 🙏<b>Update:</b>,2023-12-23,True,NEUTRAL,0,SOURCE_G_REVIEWS,reviews_2023.csv,2023-12-23T04:38:51.744615215,BATCH-G-20231223
REV-00115291,SKU-0006035,,Anonymous,5,"Solid build quality, no complaints.",2023-05-06,True,POSITIVE,1,SOURCE_G_REVIEWS,reviews_2023.csv,2023-05-06T21:45:10.530060401,BATCH-G-20230506
REV-00115295,SKU-0015889,,Anonymous,1,Wrong item was shipped to me.,2023-01-23,True,NEGATIVE,0,SOURCE_G_REVIEWS,reviews_2023.csv,2023-01-23T03:28:30.875082189,BATCH-G-20230123
REV-00115312,SKU-0003171,user_9033835,Stacy,4,Better than I expected for the price.,2023-07-08,True,POSITIVE,1,SOURCE_G_REVIEWS,reviews_2023.csv,2023-07-08T10:42:19.663630168,BATCH-G-20230708
REV-00115326,SKU-0002487,,Anonymous,5,Fast delivery and great quality.,2023-02-27,True,POSITIVE,3,SOURCE_G_REVIEWS,reviews_2023.csv,2023-02-27T22:50:43.321864837,BATCH-G-20230227
REV-00115328,SKU-9981146,,Anonymous,5,"Solid build quality, no complaints. 🔥",2023-07-06,False,POSITIVE,6,SOURCE_G_REVIEWS,reviews_2023.csv,2023-07-07T01:31:20.641856055,BATCH-G-20230706
REV-00115336,SKU-0016376,user_9021636,Lisa Williams,3,   Works  fine  but  delivery  was  slow.   ,2023-02-24,True,NEUTRAL,0,SOURCE_G_REVIEWS,reviews_2023.csv,2023-02-25T04:11:30.120887751,BATCH-G-20230224
REV-00115357,SKU-0001464,user_9017261,Ashley Ramos,4,-,2023-03-16,False,POSITIVE,7,SOURCE_G_REVIEWS,reviews_2023.csv,2023-03-16T19:38:35.575865906,BATCH-G-20230316
REV-00115360,SKU-0008346,user_9015193,Elizabeth,1,Not as described at all.,2023-10-03,False,NEGATIVE,0,SOURCE_G_REVIEWS,reviews_2023.csv,2023-10-03T06:32:47.622236835,BATCH-G-20231003
REV-00115367,SKU-0007756,user_37951,Megan Reeves,4,Better than I expected for the price.,2023-11-21,True,POSITIVE,6,SOURCE_G_REVIEWS,reviews_2023.csv,2023-11-22T05:32:19.771971557,BATCH-G-20231121
REV-00115373,SKU-0008719,user_6652,Kelly Grant,5,Better than I expected for the price.,2023-11-27,False,POSITIVE,2,SOURCE_G_REVIEWS,reviews_2023.csv,2023-11-27T03:26:10.817614,BATCH-G-20231127
REV-00115376,SKU-0011005,user_9003993,Jeanne,5,Fast delivery and great quality. ⭐,2023-01-01,True,POSITIVE,0,SOURCE_G_REVIEWS,reviews_2023.csv,2023-01-01T18:48:33.717696058,BATCH-G-20230101
REV-00115383,SKU-0015152,user_6,Alisha Cummings,5,"Exactly as described, very happy.",2023-08-01,True,POSITIVE,1,SOURCE_G_REVIEWS,reviews_2023.csv,2023-08-02T04:51:45.696748802,BATCH-G-20230801
REV-00115396,SKU-0014806,,Anonymous,2,"Cheaply made, broke immediately.",2023-08-28,False,NEGATIVE,0,SOURCE_G_REVIEWS,reviews_2023.csv,2023-08-29T03:21:43.792055417,BATCH-G-20230828
REV-00115402,SKU-0017084,user_43761,Catherine Coleman,4,Better than I expected for the price.,2023-04-11,False,POSITIVE,2,SOURCE_G_REVIEWS,reviews_2023.csv,2023-04-11T16:36:36.512438952,BATCH-G-20230411
REV-00115415,SKU-0006061,user_9014256,Kevin,3,,2023-11-12,True,NEUTRAL,1,SOURCE_G_REVIEWS,reviews_2023.csv,2023-11-12T01:14:08.570292778,BATCH-G-20231112
REV-00115422,SKU-0014506,user_9034987,Brittany Rodriguez,4,"Absolutely love it, works perfectly!",2023-10-08,False,POSITIVE,2,SOURCE_G_REVIEWS,reviews_2023.csv,2023-10-09T00:40:14.996369889,BATCH-G-20231008
REV-00115435,SKU-0019033,user_60231,Heather,4,Fast delivery and great quality.,2023-03-06,True,POSITIVE,1,SOURCE_G_REVIEWS,reviews_2023.csv,2023-03-06T16:14:34.175662683,BATCH-G-20230306
REV-00115448,SKU-0003467,,Anonymous,4,"Exactly as described, very happy.",2023-03-02,False,POSITIVE,1,SOURCE_G_REVIEWS,reviews_2023.csv,2023-03-02T12:25:57.968540543,BATCH-G-20230302
REV-00115453,SKU-0000392,user_37070,Evelyn Williams,4,"Solid build quality, no complaints.",2023-12-01,True,POSITIVE,4,SOURCE_G_REVIEWS,reviews_2023.csv,2023-12-01T17:36:14.103631731,BATCH-G-20231201
REV-00115456,SKU-0015241,user_9003876,Angela Patterson, ,"Poor packaging, item was defective.",2023-11-08,False,NEGATIVE,3,SOURCE_G_REVIEWS,reviews_2023.csv,2023-11-09T01:04:27.350824091,BATCH-G-20231108
REV-00115459,SKU-0014183,user_6337,Ethan Padilla,5,Exceeded my expectations.,2023-07-01,False,POSITIVE,0,SOURCE_G_REVIEWS,reviews_2023.csv,2023-07-01T20:56:27.004048388,BATCH-G-20230701
REV-00115464,SKU-0002070,user_4585,Amber Meza,5,"<i>edited</i>Exactly as described, very happy.<i>edited</i>",2023-03-25,False,POSITIVE,0,SOURCE_G_REVIEWS,reviews_2023.csv,2023-03-25T17:21:30.366101457,BATCH-G-20230325
REV-00115478,SKU-0003783,user_22622,Rose Knight,4,Decent but overpriced a bit.,2023-03-01,True,NEUTRAL,7,SOURCE_G_REVIEWS,reviews_2023.csv,2023-03-01T07:19:01.874310191,BATCH-G-20230301
REV-00115485,SKU-0017984,user_34181,Christina Webb,1,Great value for money.,2023-04-24,False,POSITIVE,2,SOURCE_G_REVIEWS,reviews_2023.csv,2023-04-24T20:40:47.982537026,BATCH-G-20230424
REV-00115506,SKU-0007841,user_9010817,Dorothy,3,Works fine but delivery was slow.,2023-12-30,False,NEUTRAL,3,SOURCE_G_REVIEWS,reviews_2023.csv,2023-12-30T00:43:35.170504439,BATCH-G-20231230
REV-00115508,SKU-0000005,,Anonymous,5,"<br>It's okay, does the job.<b>Update:</b>",2023-09-07,True,NEUTRAL,0,SOURCE_G_REVIEWS,reviews_2023.csv,2023-09-07T22:01:19.155217744,BATCH-G-20230907
REV-00115510,SKU-0007314,user_49419,Michael May,4,Highly recommend this product.,2023-02-08,False,POSITIVE,2,SOURCE_G_REVIEWS,reviews_2023.csv,2023-02-08T22:35:38.276762576,BATCH-G-20230208
REV-00115516,SKU-0011751,,Anonymous,3,"बहुत अच्छा उत्पाद है, पैसा वसूल! 😀😍",2023-10-08,True,NEUTRAL,1,SOURCE_G_REVIEWS,reviews_2023.csv,2023-10-08T04:36:24.679034012,BATCH-G-20231008
REV-00115519,SKU-0010602,,Anonymous,4,"Solid build quality, no complaints.",2023-12-14,True,POSITIVE,1,SOURCE_G_REVIEWS,reviews_2023.csv,2023-12-14T16:41:33.451653317,BATCH-G-20231214
REV-00115528,SKU-0016003,user_2708,John Anderson,5,"   It's  okay,  does  the  job.   ",2023-02-21,True,NEUTRAL,0,SOURCE_G_REVIEWS,reviews_2023.csv,2023-02-22T03:26:58.357478621,BATCH-G-20230221
REV-00115542,SKU-0005604,,Anonymous,4,Highly recommend this product.,2023-01-17,True,POSITIVE,1,SOURCE_G_REVIEWS,reviews_2023.csv,2023-01-17T16:53:03.460587151,BATCH-G-20230117
REV-00115547,SKU-0011446,user_48521,Nicole,3,Works fine but delivery was slow.,2023-03-04,True,NEUTRAL,12,SOURCE_G_REVIEWS,reviews_2023.csv,2023-03-04T11:36:15.197939965,BATCH-G-20230304
REV-00115552,SKU-9979990,,Anonymous,0,"Perfect gift, they loved it!",2023-12-25,True,POSITIVE,1,SOURCE_G_REVIEWS,reviews_2023.csv,2023-12-25T11:18:10.744558911,BATCH-G-20231225
REV-00115555,SKU-0000346,user_59929,Veronica,4,"Perfect gift, they loved it!",2023-12-20,True,POSITIVE,0,SOURCE_G_REVIEWS,reviews_2023.csv,2023-12-20T09:23:57.891289695,BATCH-G-20231220
REV-00115557,SKU-0011440,,Anonymous,5,"Solid build quality, no complaints.",2023-03-16,True,POSITIVE,1,SOURCE_G_REVIEWS,reviews_2023.csv,2023-03-16T10:38:42.061999230,BATCH-G-20230316
REV-00115571,SKU-0009849,user_9005345,Jorge,3,"   Average  quality,  nothing  special.   ",2023-07-09,True,NEUTRAL,1,SOURCE_G_REVIEWS,reviews_2023.csv,2023-07-10T05:06:15.881305932,BATCH-G-20230709
REV-00115572,SKU-0015074,user_9033448,James Cross,5,   Great  value  for  money.   ,2023-08-22,False,POSITIVE,0,SOURCE_G_REVIEWS,reviews_2023.csv,2023-08-22T21:56:52.182745346,BATCH-G-20230822
REV-00115575,SKU-0001419,user_9002092,Tricia Johnson,2,Not as described at all.,2023-07-30,True,NEGATIVE,0,SOURCE_G_REVIEWS,reviews_2023.csv,2023-07-30T11:15:46.193508197,BATCH-G-20230730
REV-00115592,SKU-0009552,user_9008321,Christy Schwartz,4,"<i>edited</i>Exactly as described, very happy.<i>edited</i>",2023-12-10,False,POSITIVE,1,SOURCE_G_REVIEWS,reviews_2023.csv,2023-12-10T13:29:17.824873496,BATCH-G-20231210
REV-00115627,SKU-0017378,user_9006097,Anna,1,"   Cheaply  made,  broke  immediately.   ",2023-03-05,True,NEGATIVE,5,SOURCE_G_REVIEWS,reviews_2023.csv,2023-03-05T13:45:48.653180996,BATCH-G-20230305
REV-00115635,SKU-0010202,,Anonymous,4,Highly recommend this product.,2023-01-31,True,POSITIVE,1,SOURCE_G_REVIEWS,reviews_2023.csv,2023-01-31T15:10:35.720692183,BATCH-G-20230131
REV-00115657,SKU-0005730,,Anonymous,5,"Perfect gift, they loved it!",2023-02-19,True,POSITIVE,5,SOURCE_G_REVIEWS,reviews_2023.csv,2023-02-20T04:25:03.018823721,BATCH-G-20230219
REV-00115661,SKU-0012298,user_9011234,Linda Mitchell,5,"Exactly as described, very happy.",2023-03-24,False,POSITIVE,5,SOURCE_G_REVIEWS,reviews_2023.csv,2023-03-24T03:52:36.514151079,BATCH-G-20230324
REV-00115668,SKU-0015997,,Anonymous,1,Very disappointed with the quality.,2023-05-28,True,NEGATIVE,0,SOURCE_G_REVIEWS,reviews_2023.csv,2023-05-28T08:49:22.537574250,BATCH-G-20230528
REV-00115679,SKU-0002550,user_20408,Shawn Carpenter,4,Great value for money.,2023-03-10,False,POSITIVE,0,SOURCE_G_REVIEWS,reviews_2023.csv,2023-03-10T17:29:29.723346580,BATCH-G-20230310
REV-00115689,SKU-0002256,user_24811,Richard Powell,5,Great value for money.,2023-10-21,False,POSITIVE,0,SOURCE_G_REVIEWS,reviews_2023.csv,2023-10-21T09:03:57.355274633,BATCH-G-20231021
REV-00115691,SKU-0006588,user_9029708,Taylor Foster,5,Exceeded my expectations.,2023-06-11,False,POSITIVE,3,SOURCE_G_REVIEWS,reviews_2023.csv,2023-06-11T09:08:16.867091937,BATCH-G-20230611
REV-00115698,SKU-0005895,user_9020265,Peter,2,"Poor packaging, item was defective.",2023-11-16,False,NEGATIVE,0,SOURCE_G_REVIEWS,reviews_2023.csv,2023-11-16T09:54:27.780370950,BATCH-G-20231116
REV-00115698-DUP,SKU-0005895,user_9020265,Peter,2,"Poor packaging, item was defective.",2023-11-16,False,NEGATIVE,0,SOURCE_G_REVIEWS,reviews_2023.csv,2023-11-16T10:04:27.780370950,BATCH-G-20231116
REV-00115706,SKU-0019655,user_9027016,Katrina Pugh,4,"Perfect gift, they loved it!",2023-02-02,True,POSITIVE,5,SOURCE_G_REVIEWS,reviews_2023.csv,2023-02-03T00:38:16.240619236,BATCH-G-20230202
REV-00115707,SKU-0006267,user_35307,William Watkins,5,"Absolutely love it, works perfectly!",2023-08-09,True,POSITIVE,2,SOURCE_G_REVIEWS,reviews_2023.csv,2023-08-09T09:21:32.390369439,BATCH-G-20230809
REV-00115713,SKU-0014790,user_9028402,Christopher Nguyen,2,"Waste of money, do not buy.",2023-06-10,True,NEGATIVE,1,SOURCE_G_REVIEWS,reviews_2023.csv,2023-06-11T03:05:21.162513268,BATCH-G-20230610
REV-00115716,SKU-0011263,user_14996,Mike,2,"Waste of money, do not buy.",2023-11-07,True,NEGATIVE,1,SOURCE_G_REVIEWS,reviews_2023.csv,2023-11-07T06:48:17.161680520,BATCH-G-20231107
REV-00115717,SKU-0001151,user_39145,Jaime Jimenez,5,"   Exactly  as  described,  very  happy.   ",2023-04-02,True,POSITIVE,3,SOURCE_G_REVIEWS,reviews_2023.csv,2023-04-02T12:42:26.003129907,BATCH-G-20230402
REV-00115726,SKU-0003654,user_9003491,Daniel Meza,3,Fast delivery and great quality.,2023-11-09,True,POSITIVE,4,SOURCE_G_REVIEWS,reviews_2023.csv,2023-11-09T01:23:42.141078025,BATCH-G-20231109
REV-00115731,SKU-0014542,user_28643,Jamie,4,Better than I expected for the price.,2023-08-02,True,POSITIVE,2,SOURCE_G_REVIEWS,reviews_2023.csv,2023-08-02T06:31:04.108041302,BATCH-G-20230802
REV-00115733,SKU-0013112,user_9003676,Lisa Smith, ,"Perfect gift, they loved it!",2023-07-13,False,POSITIVE,2,SOURCE_G_REVIEWS,reviews_2023.csv,2023-07-13T04:45:24.824525991,BATCH-G-20230713
REV-00115741,SKU-0012414,user_68687,Alex Oliver,5,Highly recommend this product.,2023-08-05,True,POSITIVE,0,SOURCE_G_REVIEWS,reviews_2023.csv,2023-08-05T22:25:05.647825322,BATCH-G-20230805
REV-00115746,SKU-0010034,user_9016159,Heather Daniel,5,Highly recommend this product.,2023-12-30,False,POSITIVE,5,SOURCE_G_REVIEWS,reviews_2023.csv,2023-12-30T10:19:00.021559309,BATCH-G-20231230
REV-00115747,SKU-0018629,user_46497,Brandon Brooks,2,Arrived damaged and support was unhelpful. 😍,2023-08-11,True,NEGATIVE,4,SOURCE_G_REVIEWS,reviews_2023.csv,2023-08-11T05:45:28.450985806,BATCH-G-20230811
REV-00115758,SKU-0008764,,Anonymous,5,"Livraison très lente, déçu.",2023-10-29,False,NEUTRAL,1,SOURCE_G_REVIEWS,reviews_2023.csv,2023-10-29T01:52:18.739737446,BATCH-G-20231029
REV-00115777,SKU-0009193,user_58206,Margaret Cross,4,Fast delivery and great quality.,2023-11-21,False,POSITIVE,1,SOURCE_G_REVIEWS,reviews_2023.csv,2023-11-21T10:13:11.416694749,BATCH-G-20231121
REV-00115778,SKU-0013534,user_51045,Timothy Pineda,4,Great value for money.,2023-07-16,False,POSITIVE,14,SOURCE_G_REVIEWS,reviews_2023.csv,2023-07-16T09:07:12.101222018,BATCH-G-20230716
REV-00115791,SKU-0019823,,Anonymous,5,Highly recommend this product.,2023-03-21,True,POSITIVE,2,SOURCE_G_REVIEWS,reviews_2023.csv,2023-03-21T21:15:01.490523010,BATCH-G-20230321
REV-00115807,SKU-9922611,user_65490,Matthew,2,Very disappointed with the quality.,2023-12-21,True,NEGATIVE,0,SOURCE_G_REVIEWS,reviews_2023.csv,2023-12-22T05:00:06.757993650,BATCH-G-20231221
REV-00115810,SKU-0018340,user_5231,John Miller,7,Fast delivery and great quality.,2023-05-01,False,POSITIVE,10,SOURCE_G_REVIEWS,reviews_2023.csv,2023-05-02T02:21:08.271325997,BATCH-G-20230501
REV-00115836,SKU-0003993,user_9006915,David Perry,5,"Average quality, nothing special.",2023-03-10,False,NEUTRAL,0,SOURCE_G_REVIEWS,reviews_2023.csv,2023-03-09T23:00:00,BATCH-G-20230310
REV-00115839,SKU-0004923,user_9016643,Mark,5,"Exactly as described, very happy.",2023-07-13,True,POSITIVE,1,SOURCE_G_REVIEWS,reviews_2023.csv,2023-07-13T10:16:13.269604860,BATCH-G-20230713
REV-00115842,SKU-0018532,user_57248,Erik,3,"Not bad, not great either.",2023-11-18,True,NEUTRAL,3,SOURCE_G_REVIEWS,reviews_2023.csv,2023-11-18T06:32:10.026945739,BATCH-G-20231118
REV-00115846,SKU-0015094,user_51236,Laura,5,Will definitely buy again.,2023-02-22,True,POSITIVE,2,SOURCE_G_REVIEWS,reviews_2023.csv,2023-02-23T00:15:46.758240915,BATCH-G-20230222
REV-00115846-DUP,SKU-0015094,user_51236,Laura,5,Will definitely buy again.,2023-02-22,True,POSITIVE,2,SOURCE_G_REVIEWS,reviews_2023.csv,2023-02-23T01:14:46.758240915,BATCH-G-20230222
REV-00115851,SKU-0012427,user_12760,Gabriel Hansen,5,गुणवत्ता ठीक नहीं थी। Exceeded my expectations.,2023-04-27,True,POSITIVE,3,SOURCE_G_REVIEWS,reviews_2023.csv,2023-04-27T16:46:19.904219500,BATCH-G-20230427
REV-00115857,SKU-0016391,user_15739,Krista,4,   Highly  recommend  this  product.   ,2023-10-11,False,POSITIVE,2,SOURCE_G_REVIEWS,reviews_2023.csv,2023-10-11T05:39:46.643570198,BATCH-G-20231011
REV-00115860,SKU-0015884,user_9002333,Joseph Hood,3,"It's okay, does the job.",2023-06-16,False,NEUTRAL,17,SOURCE_G_REVIEWS,reviews_2023.csv,2023-06-17T01:05:33.665110324,BATCH-G-20230616
REV-00115863,SKU-0002093,user_58838,Amber,2,"Cheaply made, broke immediately.",2023-10-27,True,NEGATIVE,7,SOURCE_G_REVIEWS,reviews_2023.csv,2023-10-27T23:32:50.532550413,BATCH-G-20231027
REV-00115880,SKU-0005635,user_9027899,Charlotte,4,Exceeded my expectations.,2023-12-15,False,POSITIVE,7,SOURCE_G_REVIEWS,reviews_2023.csv,2023-12-15T01:38:46.309487808,BATCH-G-20231215
REV-00115884,SKU-0018662,user_9002211,Holly Lee,5,"Absolutely love it, works perfectly!",2023-06-13,True,POSITIVE,0,SOURCE_G_REVIEWS,reviews_2023.csv,2023-06-13T21:41:39.046411712,BATCH-G-20230613
REV-00115897,SKU-0001005,,Anonymous,5,"Livraison très lente, déçu.",2023-08-05,False,POSITIVE,3,SOURCE_G_REVIEWS,reviews_2023.csv,2023-08-05T11:56:23.632892308,BATCH-G-20230805
REV-00115904,SKU-0008665,user_69276,Eric Wright,5,Exceeded my expectations. 🙏😀,2023-08-01,True,POSITIVE,10,SOURCE_G_REVIEWS,reviews_2023.csv,2023-08-01T01:04:13.740555653,BATCH-G-20230801
REV-00115906,SKU-0015520,user_9034399,Steven Luna,5,"Solid build quality, no complaints. 💯",2023-12-20,True,POSITIVE,0,SOURCE_G_REVIEWS,reviews_2023.csv,2023-12-20T20:47:06.622050334,BATCH-G-20231220
REV-00115919,SKU-0011575,user_9013027,Cynthia Levy,5,Unknown,2023-01-24,True,NEUTRAL,6,SOURCE_G_REVIEWS,reviews_2023.csv,2023-01-24T08:05:04.187987191,BATCH-G-20230124
REV-00115920,SKU-0015109,user_9020632,Renee Keith,5,Exceeded my expectations.,2023-01-18,True,POSITIVE,10,SOURCE_G_REVIEWS,reviews_2023.csv,2023-01-18T00:57:04.802986895,BATCH-G-20230118
REV-00115926,SKU-0011669,,Anonymous,5,"Absolutely love it, works perfectly!",2023-08-01,True,POSITIVE,14,SOURCE_G_REVIEWS,reviews_2023.csv,2023-08-01T22:31:30.666434076,BATCH-G-20230801
REV-00115929,SKU-9905039,user_4702,Miranda,4,"Exactly as described, very happy.",2023-05-21,True,POSITIVE,0,SOURCE_G_REVIEWS,reviews_2023.csv,2023-05-21T16:19:21.940133499,BATCH-G-20230521
REV-00115967,SKU-0007949,user_30243,Scott Clark,3,"Average quality, nothing special.",2023-09-03,True,NEUTRAL,5,SOURCE_G_REVIEWS,reviews_2023.csv,2023-09-03T19:21:35.344470413,BATCH-G-20230903
REV-00115977,SKU-0015863,user_9014372,Jesus Mason,3,"Matches the description, no issues.",2023-04-05,True,NEUTRAL,0,SOURCE_G_REVIEWS,reviews_2023.csv,2023-04-05T01:17:42.944985085,BATCH-G-20230405
REV-00115988,SKU-9935204,user_9020665,Michael Graham,4,Highly recommend this product.,2023-06-25,False,POSITIVE,0,SOURCE_G_REVIEWS,reviews_2023.csv,2023-06-25T21:38:58.306005146,BATCH-G-20230625
REV-00115993,SKU-0013418,user_64387,Willie Armstrong,3,"It's okay, does the job.",2023-07-26,True,NEUTRAL,3,SOURCE_G_REVIEWS,reviews_2023.csv,2023-07-26T00:47:40.707642742,BATCH-G-20230726
REV-00115996,SKU-0010771,user_9029576,Lisa Aguilar,2,Wrong item was shipped to me.,2023-01-13,True,NEGATIVE,2,SOURCE_G_REVIEWS,reviews_2023.csv,2023-01-13T19:37:28.641446201,BATCH-G-20230113
REV-00115999,SKU-0015305,user_9031574,Amanda Nunez,4,"Absolutely love it, works perfectly!",2023-04-01,False,POSITIVE,3,SOURCE_G_REVIEWS,reviews_2023.csv,2023-04-02T00:21:48.547062092,BATCH-G-20230401
REV-00116000,SKU-0017234,user_12433,Tyler,4,Fast delivery and great quality.,2023-01-10,False,POSITIVE,0,SOURCE_G_REVIEWS,reviews_2023.csv,2023-01-10T20:19:45.180524652,BATCH-G-20230110
REV-00116003,SKU-0002065,user_9033775,Janice Zhang,4,Highly recommend this product.,2023-01-15,True,POSITIVE,2,SOURCE_G_REVIEWS,reviews_2023.csv,2023-01-15T15:47:09.569407311,BATCH-G-20230115
REV-00116023,SKU-9980751,user_9028677,Emily,5,Highly recommend this product.,2023-05-22,True,POSITIVE,5,SOURCE_G_REVIEWS,reviews_2023.csv,2023-05-23T05:49:48.158761756,BATCH-G-20230522
REV-00116026,SKU-0013743,,Anonymous,3,"Matches the description, no issues.",2023-05-10,True,NEUTRAL,2,SOURCE_G_REVIEWS,reviews_2023.csv,2023-05-10T21:13:35.317225137,BATCH-G-20230510
REV-00116027,SKU-0004198,user_44281,David Key,2,Very disappointed with the quality. 😀,2023-03-04,True,NEGATIVE,0,SOURCE_G_REVIEWS,reviews_2023.csv,2023-03-04T14:57:51.307126744,BATCH-G-20230304
REV-00116028,SKU-0007431,user_1849,Pamela Dickson,3,"Matches the description, no issues.",2023-09-16,True,NEUTRAL,1,SOURCE_G_REVIEWS,reviews_2023.csv,2023-09-17T03:07:15.393712174,BATCH-G-20230916
REV-00116030,SKU-0008671,user_69402,Timothy Charles,3,"Average quality, nothing special.",2023-08-27,True,NEUTRAL,17,SOURCE_G_REVIEWS,reviews_2023.csv,2023-08-27T13:41:31.957611972,BATCH-G-20230827
REV-00116037,SKU-0002412,user_23473,Anthony Bell,1,Wrong item was shipped to me.,2023-12-20,False,NEGATIVE,0,SOURCE_G_REVIEWS,reviews_2023.csv,2023-12-20T23:34:20.004659334,BATCH-G-20231220
REV-00116055,SKU-0005316,,Anonymous,4,"Solid build quality, no complaints.",2023-07-23,True,POSITIVE,1,SOURCE_G_REVIEWS,reviews_2023.csv,2023-07-24T01:25:59.981523274,BATCH-G-20230723
REV-00116058,SKU-0011217,user_9018238,Megan Dennis,4,Highly recommend this product.,2023-12-17,True,POSITIVE,0,SOURCE_G_REVIEWS,reviews_2023.csv,2023-12-17T05:46:21.252798405,BATCH-G-20231217
REV-00116059,SKU-0016697,user_9023578,Philip Austin,3,"Average quality, nothing special.",2023-05-28,True,NEUTRAL,3,SOURCE_G_REVIEWS,reviews_2023.csv,2023-05-28T00:33:18.507772083,BATCH-G-20230528
REV-00116061,SKU-0005876,user_31247,Emily,4,Will definitely buy again.,2023-12-24,False,POSITIVE,2,SOURCE_G_REVIEWS,reviews_2023.csv,2023-12-24T08:39:48.403023998,BATCH-G-20231224
REV-00116074,SKU-0006505,user_23983,Nathaniel Cooper,2,Wrong item was shipped to me.,2023-10-20,False,NEGATIVE,0,SOURCE_G_REVIEWS,reviews_2023.csv,2023-10-20T13:38:50.550213818,BATCH-G-20231020
REV-00116082,SKU-0011127,user_15730,Shawna Bell,5,"Perfect gift, they loved it!",2023-02-11,True,POSITIVE,6,SOURCE_G_REVIEWS,reviews_2023.csv,2023-02-11T01:09:43.014869581,BATCH-G-20230211
REV-00116084,SKU-0007783,user_62787,Kayla Long,4,"Perfect gift, they loved it!",2023-12-01,True,POSITIVE,2,SOURCE_G_REVIEWS,reviews_2023.csv,2023-12-02T03:02:05.972401556,BATCH-G-20231201
REV-00116087,SKU-0012234,,Anonymous,4,Better than I expected for the price.,2023-08-04,False,POSITIVE,1,SOURCE_G_REVIEWS,reviews_2023.csv,2023-08-04T22:49:49.492311690,BATCH-G-20230804
REV-00116107,SKU-0008845,user_9000955,Donna Moss,4,Fast delivery and great quality.,2023-05-26,True,POSITIVE,14,SOURCE_G_REVIEWS,reviews_2023.csv,2023-05-26T14:34:54.055592706,BATCH-G-20230526
REV-00116134,SKU-0010906,user_9021898,Mr. Dustin Sanchez,5,Fast delivery and great quality.,2023-01-15,False,POSITIVE,4,SOURCE_G_REVIEWS,reviews_2023.csv,2023-01-15T13:50:31.880917586,BATCH-G-20230115
REV-00116142,SKU-0011984,user_29792,Philip Russell,5,Exceeded my expectations.,2023-06-05,True,POSITIVE,0,SOURCE_G_REVIEWS,reviews_2023.csv,2023-06-05T07:00:06.505194284,BATCH-G-20230605
REV-00116146,SKU-0015497,,Anonymous,3,Decent but overpriced a bit.,2023-09-24,True,NEUTRAL,1,SOURCE_G_REVIEWS,reviews_2023.csv,2023-09-25T01:34:05.263347788,BATCH-G-20230924
REV-00116176,SKU-0008604,user_43477,Teresa,1,Wrong item was shipped to me.,2023-12-12,False,NEGATIVE,0,SOURCE_G_REVIEWS,reviews_2023.csv,2023-12-12T18:21:23.114462931,BATCH-G-20231212
REV-00116178,SKU-0009068,,Anonymous,2,Stopped working after a week.,2023-11-26,True,NEGATIVE,0,SOURCE_G_REVIEWS,reviews_2023.csv,2023-12-13T07:00:00,BATCH-G-20231126
REV-00116183,SKU-0001867,user_49233,Patricia,1,"Poor packaging, item was defective.",2023-10-21,True,NEGATIVE,2,SOURCE_G_REVIEWS,reviews_2023.csv,2023-10-21T08:09:10.359428569,BATCH-G-20231021
REV-00116185,SKU-0012205,user_9008446,Daniel,4,Better than I expected for the price.,2023-10-15,False,POSITIVE,15,SOURCE_G_REVIEWS,reviews_2023.csv,2023-10-16T02:21:39.041155309,BATCH-G-20231015
REV-00116186,SKU-0000689,user_9006183,Brandon,4,Fast delivery and great quality.,2023-05-01,False,POSITIVE,6,SOURCE_G_REVIEWS,reviews_2023.csv,2023-05-01T19:35:54.541843681,BATCH-G-20230501
REV-00116187,SKU-0002553,user_9488,Andrea Pierce,5,Great value for money.,2023-06-27,True,POSITIVE,2,SOURCE_G_REVIEWS,reviews_2023.csv,2023-06-27T10:59:43.565223574,BATCH-G-20230627
REV-00116190,SKU-0004570,user_29570,Joe,2,"Poor packaging, item was defective.",2023-08-21,True,NEGATIVE,10,SOURCE_G_REVIEWS,reviews_2023.csv,2023-08-22T05:31:22.413923934,BATCH-G-20230821
REV-00116196,SKU-0014300,user_39512,Timothy,4,Not as described at all.,2023-01-08,True,NEGATIVE,3,SOURCE_G_REVIEWS,reviews_2023.csv,2023-01-08T20:01:01.654411017,BATCH-G-20230108
REV-00116203,SKU-0013633,user_35466,Patrick Cruz,1,"Poor packaging, item was defective.",2023-11-13,False,NEGATIVE,4,SOURCE_G_REVIEWS,reviews_2023.csv,2023-11-13T17:59:39.377889662,BATCH-G-20231113
REV-00116204,SKU-0010422,user_56415,Timothy,5,Fast delivery and great quality.,2023-02-18,True,POSITIVE,8,SOURCE_G_REVIEWS,reviews_2023.csv,2023-02-18T20:06:22.038035750,BATCH-G-20230218
REV-00116207,SKU-0016343,,Anonymous,5,"Exactly as described, very happy.",2023-10-10,False,POSITIVE,4,SOURCE_G_REVIEWS,reviews_2023.csv,2023-10-11T05:13:08.192606106,BATCH-G-20231010
REV-00116209,SKU-0002617,user_9026996,Russell,2,Not as described at all.,2023-04-16,True,NEGATIVE,5,SOURCE_G_REVIEWS,reviews_2023.csv,2023-04-16T15:55:40.425582512,BATCH-G-20230416
REV-00116214,SKU-0016434,user_17413,Nicholas,3,Decent but overpriced a bit.,2023-09-15,True,NEUTRAL,5,SOURCE_G_REVIEWS,reviews_2023.csv,2023-09-15T20:19:55.214562301,BATCH-G-20230915
REV-00116226,SKU-9968997,,Anonymous,5,Fast delivery and great quality.,2023-02-11,False,POSITIVE,0,SOURCE_G_REVIEWS,reviews_2023.csv,2023-02-11T22:44:31.154460601,BATCH-G-20230211
REV-00116228,SKU-0009169,user_9006093,Michael,3,"गुणवत्ता ठीक नहीं थी। It's okay, does the job.",2023-07-17,False,NEUTRAL,1,SOURCE_G_REVIEWS,reviews_2023.csv,2023-07-18T04:09:52.336253,BATCH-G-20230717
REV-00116240,SKU-0012817,user_9025779,Cindy,4,Great value for money.,2023-09-16,True,POSITIVE,11,SOURCE_G_REVIEWS,reviews_2023.csv,2023-09-16T18:25:21.307970806,BATCH-G-20230916
REV-00116258,SKU-0013098,,Anonymous,5,"Solid build quality, no complaints.",2023-03-26,True,POSITIVE,2,SOURCE_G_REVIEWS,reviews_2023.csv,2023-03-26T11:19:05.040307849,BATCH-G-20230326
REV-00116272,SKU-0017939,user_9034359,Caleb Hayes,5,Exceeded my expectations.,2023-09-29,False,POSITIVE,0,SOURCE_G_REVIEWS,reviews_2023.csv,2023-09-29T05:53:41.908411550,BATCH-G-20230929
REV-00116274,SKU-0012636,user_9001923,Heather Robinson,4,"Solid build quality, no complaints.",2023-06-27,False,POSITIVE,3,SOURCE_G_REVIEWS,reviews_2023.csv,2023-06-27T20:35:30.472639916,BATCH-G-20230627
REV-00116278,SKU-0019358,user_9006078,Michelle,2,Not as described at all.,2023-12-30,True,NEGATIVE,4,SOURCE_G_REVIEWS,reviews_2023.csv,2024-01-11T04:00:00,BATCH-G-20231230
REV-00116282,SKU-0015386,user_9025571,David Dennis,5,Better than I expected for the price.,2023-10-01,True,POSITIVE,3,SOURCE_G_REVIEWS,reviews_2023.csv,2023-10-01T13:00:09.092800545,BATCH-G-20231001
REV-00116285,SKU-0015776,user_66513,Nathan Mason,4,"Exactly as described, very happy.",2023-12-23,False,POSITIVE,0,SOURCE_G_REVIEWS,reviews_2023.csv,2023-12-23T12:42:52.175616822,BATCH-G-20231223
REV-00116290,SKU-0013268,user_9019572,Stephanie Johnson,4,"Muy buen producto, lo recomiendo. Highly recommend this product.",2023-12-24,True,POSITIVE,0,SOURCE_G_REVIEWS,reviews_2023.csv,2023-12-25T05:42:15.535389985,BATCH-G-20231224
REV-00116303,SKU-0016270,user_9003825,Alicia Hunt,4,Will definitely buy again.,2023-06-26,True,POSITIVE,2,SOURCE_G_REVIEWS,reviews_2023.csv,2023-06-26T16:25:05.811203334,BATCH-G-20230626
REV-00116315,SKU-0008546,,Anonymous,5,"Muy buen producto, lo recomiendo. Exactly as described, very happy.",2023-10-10,False,POSITIVE,3,SOURCE_G_REVIEWS,reviews_2023.csv,2023-10-10T02:42:14.011199091,BATCH-G-20231010
REV-00116318,SKU-0009270,user_28557,James Fields,5,Not as described at all.,2023-05-08,True,NEGATIVE,4,SOURCE_G_REVIEWS,reviews_2023.csv,2023-05-09T04:32:14.685115322,BATCH-G-20230508
REV-00116326,SKU-0011914,,Anonymous,1,Wrong item was shipped to me.,2023-09-16,True,NEGATIVE,2,SOURCE_G_REVIEWS,reviews_2023.csv,2023-09-16T14:19:22.963031202,BATCH-G-20230916
REV-00116332,SKU-0011350,user_9022848,Vanessa Lawrence,3,Highly recommend this product.,2023-01-05,False,POSITIVE,0,SOURCE_G_REVIEWS,reviews_2023.csv,2023-01-05T23:42:49.836909974,BATCH-G-20230105
REV-00116338,SKU-0013942,,Anonymous,5,Wrong item was shipped to me.,2023-04-18,True,NEGATIVE,9,SOURCE_G_REVIEWS,reviews_2023.csv,2023-04-18T02:18:04.238052705,BATCH-G-20230418
REV-00116339,SKU-0000328,,Anonymous,4,Highly recommend this product.,2023-07-23,False,POSITIVE,1,SOURCE_G_REVIEWS,reviews_2023.csv,2023-07-24T00:51:48.003925437,BATCH-G-20230723
REV-00116339-DUP,SKU-0000328,,Anonymous,4,Highly recommend this product.,2023-07-23,False,POSITIVE,1,SOURCE_G_REVIEWS,reviews_2023.csv,2023-07-24T01:27:48.003925437,BATCH-G-20230723
REV-00116342,SKU-0015177,,Anonymous,5,No cumplió mis expectativas.,2023-06-27,False,POSITIVE,4,SOURCE_G_REVIEWS,reviews_2023.csv,2023-06-28T01:20:34.934776246,BATCH-G-20230627
REV-00116354,SKU-0015643,,Anonymous,5,Great value for money.,2023-12-02,True,POSITIVE,1,SOURCE_G_REVIEWS,reviews_2023.csv,2023-12-03T03:45:03.632557143,BATCH-G-20231202
REV-00116364,SKU-0017907,,Anonymous,4,Exceeded my expectations.,2023-05-28,False,POSITIVE,0,SOURCE_G_REVIEWS,reviews_2023.csv,2023-05-29T01:09:31.003521431,BATCH-G-20230528
REV-00116379,SKU-9964231,user_9031002,Patrick Moore,4,Better than I expected for the price.,2023-01-19,True,POSITIVE,5,SOURCE_G_REVIEWS,reviews_2023.csv,2023-01-19T12:48:27.643931388,BATCH-G-20230119
REV-00116381,SKU-0008055,user_10572,Rebecca,5,"Absolutely love it, works perfectly!",2023-02-08,True,POSITIVE,4,SOURCE_G_REVIEWS,reviews_2023.csv,2023-02-09T04:54:05.138063578,BATCH-G-20230208
REV-00116412,SKU-0016597,,Anonymous,3,"It's okay, does the job.",2023-02-01,False,NEUTRAL,2,SOURCE_G_REVIEWS,reviews_2023.csv,2023-02-01T07:19:09.714562871,BATCH-G-20230201
REV-00116416,SKU-0018068,user_9003178,Maria Huynh,4,"Solid build quality, no complaints.",2023-01-22,False,POSITIVE,2,SOURCE_G_REVIEWS,reviews_2023.csv,2023-01-22T07:08:33.813816265,BATCH-G-20230122
REV-00116421,SKU-0016039,user_9016613,Molly Sanders,3,"Matches the description, no issues.",2023-03-09,True,NEUTRAL,5,SOURCE_G_REVIEWS,reviews_2023.csv,2023-03-10T02:25:04.239659148,BATCH-G-20230309
REV-00116431,SKU-0011627,user_9018412,Mark,5,"Perfect gift, they loved it!",2023-12-04,True,POSITIVE,2,SOURCE_G_REVIEWS,reviews_2023.csv,2023-12-04T05:33:42.658979134,BATCH-G-20231204
REV-00116462,SKU-0014226,user_22633,Theresa Fox,3,Decent but overpriced a bit.,2023-08-24,True,NEUTRAL,1,SOURCE_G_REVIEWS,reviews_2023.csv,2023-08-24T20:06:53.784863636,BATCH-G-20230824
REV-00116466,SKU-0001631,user_9031325,Mrs. Brandy Martinez DDS,2,"बहुत अच्छा उत्पाद है, पैसा वसूल!",2023-08-02,True,NEGATIVE,3,SOURCE_G_REVIEWS,reviews_2023.csv,2023-08-07T04:00:00,BATCH-G-20230802
REV-00116470,SKU-0014452,,Anonymous,4,Will definitely buy again.,2023-02-20,True,POSITIVE,6,SOURCE_G_REVIEWS,reviews_2023.csv,2023-02-20T12:40:26.540297563,BATCH-G-20230220
REV-00116473,SKU-0019588,user_19228,Melissa Hernandez,5,"Exactly as described, very happy.",2023-07-14,False,POSITIVE,3,SOURCE_G_REVIEWS,reviews_2023.csv,2023-07-14T03:13:33.478152424,BATCH-G-20230714
REV-00116488,SKU-0009505,user_9004952,Justin Olson,5,Will definitely buy again.,2023-02-10,True,POSITIVE,1,SOURCE_G_REVIEWS,reviews_2023.csv,2023-02-10T16:41:35.160942502,BATCH-G-20230210
REV-00116489,SKU-0015393,user_9011395,James,3,"Not bad, not great either.",2023-03-27,True,NEUTRAL,2,SOURCE_G_REVIEWS,reviews_2023.csv,2023-03-27T22:15:24.712343127,BATCH-G-20230327
REV-00116494,SKU-0000911,user_13983,Kelly Olson,5,Exceeded my expectations.,2023-05-23,True,POSITIVE,8,SOURCE_G_REVIEWS,reviews_2023.csv,2023-05-23T07:11:57.946457287,BATCH-G-20230523
REV-00116510,SKU-0008220,,Anonymous,4,Will definitely buy again.,2023-08-07,True,POSITIVE,5,SOURCE_G_REVIEWS,reviews_2023.csv,2023-08-07T00:48:39.313781543,BATCH-G-20230807
REV-00116514,SKU-0004831,user_9008140,William Adams,5,"Exactly as described, very happy.",2023-06-19,True,POSITIVE,2,SOURCE_G_REVIEWS,reviews_2023.csv,2023-06-19T10:03:05.939263056,BATCH-G-20230619
REV-00116516,SKU-0004077,user_9015171,Danielle,5,Works fine but delivery was slow.,2023-03-10,False,NEUTRAL,0,SOURCE_G_REVIEWS,reviews_2023.csv,2023-03-10T08:21:40.522100256,BATCH-G-20230310
REV-00116518,SKU-0013110,user_23087,Alexandra Washington,5,Better than I expected for the price. 😢,2023-04-01,True,POSITIVE,0,SOURCE_G_REVIEWS,reviews_2023.csv,2023-04-02T05:24:41.711023967,BATCH-G-20230401
REV-00116534,SKU-0007962,,Anonymous,5,Will definitely buy again.,2023-05-02,False,POSITIVE,1,SOURCE_G_REVIEWS,reviews_2023.csv,2023-05-02T03:30:31.756009022,BATCH-G-20230502
REV-00116548,SKU-0017386,user_46142,Kevin,4,   Exceeded  my  expectations.   ,2023-07-02,True,POSITIVE,7,SOURCE_G_REVIEWS,reviews_2023.csv,2023-07-03T03:30:34.477268032,BATCH-G-20230702
REV-00116551,SKU-0014390,user_32511,Julie,4,"Exactly as described, very happy.",2023-07-24,True,POSITIVE,0,SOURCE_G_REVIEWS,reviews_2023.csv,2023-07-25T01:52:01.650820812,BATCH-G-20230724
REV-00116552,SKU-0005394,,Anonymous,4,Fast delivery and great quality.,2023-09-21,False,POSITIVE,1,SOURCE_G_REVIEWS,reviews_2023.csv,2023-09-21T22:09:44.157155712,BATCH-G-20230921
REV-00116554,SKU-0016654,user_63262,Matthew,4,Fast delivery and great quality.,2023-07-27,True,POSITIVE,4,SOURCE_G_REVIEWS,reviews_2023.csv,2023-07-27T09:38:04.973970588,BATCH-G-20230727
REV-00116555,SKU-0016037,user_98,Mackenzie Nguyen,3,"Matches the description, no issues.",2023-10-31,True,NEUTRAL,10,SOURCE_G_REVIEWS,reviews_2023.csv,2023-10-31T12:10:36.814091765,BATCH-G-20231031
REV-00116564,SKU-0019328,user_19350,Robert Rose,3,"It's okay, does the job.",2023-02-23,True,NEUTRAL,0,SOURCE_G_REVIEWS,reviews_2023.csv,2023-02-23T17:48:56.894199509,BATCH-G-20230223
REV-00116569,SKU-0003012,user_21146,Clarence Mitchell,2,"Waste of money, do not buy.",2023-12-07,True,NEGATIVE,0,SOURCE_G_REVIEWS,reviews_2023.csv,2023-12-08T02:22:48.345658348,BATCH-G-20231207
REV-00116582,SKU-0006682,user_55372,Cody Wilson,2,"Matches the description, no issues.",2023-10-03,False,NEUTRAL,1,SOURCE_G_REVIEWS,reviews_2023.csv,2023-10-03T17:07:17.311188048,BATCH-G-20231003
REV-00116584,SKU-0009556,user_9014998,Brian,4,Great value for money.,2023-03-17,True,POSITIVE,1,SOURCE_G_REVIEWS,reviews_2023.csv,2023-03-18T03:33:57.274846303,BATCH-G-20230317
REV-00116591,SKU-0015059,,Anonymous,1,"Waste of money, do not buy.",2023-12-24,False,NEGATIVE,1,SOURCE_G_REVIEWS,reviews_2023.csv,2023-12-24T19:44:24.405135400,BATCH-G-20231224
REV-00116615,SKU-9985255,user_13360,Kyle Davis,5,Fast delivery and great quality.,2023-10-16,False,POSITIVE,1,SOURCE_G_REVIEWS,reviews_2023.csv,2023-10-16T11:56:56.226167500,BATCH-G-20231016
REV-00116615-DUP,SKU-9985255,user_13360,Kyle Davis,5,Fast delivery and great quality.,2023-10-16,False,POSITIVE,1,SOURCE_G_REVIEWS,reviews_2023.csv,2023-10-16T11:58:56.226167500,BATCH-G-20231016
REV-00116621,SKU-0015541,user_31187,Samantha,4,"Exactly as described, very happy.",2023-06-06,True,POSITIVE,0,SOURCE_G_REVIEWS,reviews_2023.csv,2023-06-06T22:51:21.644978693,BATCH-G-20230606
REV-00116642,SKU-0018160,user_57800,Joanna Benjamin,4,Highly recommend this product.,2023-09-21,True,POSITIVE,3,SOURCE_G_REVIEWS,reviews_2023.csv,2023-09-21T04:19:50.263796123,BATCH-G-20230921
REV-00116655,SKU-9976602,user_9003864,Tonya,5,Fast delivery and great quality.,2023-10-10,True,POSITIVE,1,SOURCE_G_REVIEWS,reviews_2023.csv,2023-10-10T02:14:29.530419990,BATCH-G-20231010
REV-00116661,SKU-0005179,user_9004080,Elizabeth Taylor,5,Great value for money.,2023-11-29,True,POSITIVE,1,SOURCE_G_REVIEWS,reviews_2023.csv,2023-11-29T23:52:23.794750985,BATCH-G-20231129
REV-00116676,SKU-0010603,user_20262,Nicole Brewer,4,Exceeded my expectations.,2023-09-25,False,POSITIVE,1,SOURCE_G_REVIEWS,reviews_2023.csv,2023-09-25T16:51:48.246497281,BATCH-G-20230925
REV-00116681,SKU-0006388,user_9019758,Jenna Chapman,5,Better than I expected for the price.,2023-11-26,True,POSITIVE,4,SOURCE_G_REVIEWS,reviews_2023.csv,2023-11-26T17:37:27.142541873,BATCH-G-20231126
REV-00116682,SKU-0017458,user_9001352,Jeffrey Day,5,Fast delivery and great quality.,2023-01-12,True,POSITIVE,0,SOURCE_G_REVIEWS,reviews_2023.csv,2023-01-12T20:34:49.622557954,BATCH-G-20230112
REV-00116697,SKU-0019882,user_4320,Stephanie,1,"Poor packaging, item was defective.",2023-01-11,True,NEGATIVE,0,SOURCE_G_REVIEWS,reviews_2023.csv,2023-01-11T10:12:04.378903514,BATCH-G-20230111
REV-00116709,SKU-0009445,,Anonymous,4,"Exactly as described, very happy.",2023-08-30,True,POSITIVE,7,SOURCE_G_REVIEWS,reviews_2023.csv,2023-08-30T07:33:55.385995046,BATCH-G-20230830
REV-00116726,SKU-0016942,,Anonymous,5,Will definitely buy again.,2023-09-23,False,POSITIVE,0,SOURCE_G_REVIEWS,reviews_2023.csv,2023-09-23T04:33:35.153043965,BATCH-G-20230923
REV-00116753,SKU-0014523,user_9016535,Sarah,4,Will definitely buy again.,2023-10-17,True,POSITIVE,1,SOURCE_G_REVIEWS,reviews_2023.csv,2023-10-17T01:32:15.080487267,BATCH-G-20231017
REV-00116795,SKU-0000016,user_7088,Ashley,2,Stopped working after a week.,2023-06-08,True,NEGATIVE,1,SOURCE_G_REVIEWS,reviews_2023.csv,2023-06-08T22:06:14.202016731,BATCH-G-20230608
REV-00116806,SKU-9954034,user_9023332,Sarah,4,Better than I expected for the price.,2023-01-04,False,POSITIVE,2,SOURCE_G_REVIEWS,reviews_2023.csv,2023-01-04T16:50:12.658699436,BATCH-G-20230104
REV-00116809,SKU-0005312,user_9009874,Janice Charles,5,Exceeded my expectations.,2023-04-29,True,POSITIVE,0,SOURCE_G_REVIEWS,reviews_2023.csv,2023-04-29T16:51:34.780447054,BATCH-G-20230429
REV-00116810,SKU-0016456,,Anonymous,3,"Average quality, nothing special.",2023-01-30,True,NEUTRAL,0,SOURCE_G_REVIEWS,reviews_2023.csv,2023-01-30T04:31:36.242992563,BATCH-G-20230130
REV-00116812,SKU-0006863,user_68653,Bob Gibbs,3,"It's okay, does the job.",2023-03-07,True,NEUTRAL,7,SOURCE_G_REVIEWS,reviews_2023.csv,2023-03-17T11:00:00,BATCH-G-20230307
REV-00116816,SKU-0016032,user_9031588,Juan Morrison,5,"Not bad, not great either.",2023-07-17,True,NEUTRAL,5,SOURCE_G_REVIEWS,reviews_2023.csv,2023-07-17T18:05:58.539395524,BATCH-G-20230717
REV-00116822,SKU-0015730,user_46282,Jeffrey,1,Stopped working after a week.,2023-07-15,True,NEGATIVE,5,SOURCE_G_REVIEWS,reviews_2023.csv,2023-07-15T04:54:16.117696743,BATCH-G-20230715
REV-00116832,SKU-0016416,user_9003990,Nancy Molina,4,,2023-09-23,True,POSITIVE,1,SOURCE_G_REVIEWS,reviews_2023.csv,2023-09-23T22:00:21.915545804,BATCH-G-20230923
REV-00116836,SKU-0015967,user_9007955,Michael Martin,2,"Waste of money, do not buy.",2023-04-15,True,NEGATIVE,2,SOURCE_G_REVIEWS,reviews_2023.csv,2023-04-15T14:52:30.667362295,BATCH-G-20230415
REV-00116853,SKU-0007903,user_9024351,Carl Hinton,4,?,2023-08-24,True,POSITIVE,5,SOURCE_G_REVIEWS,reviews_2023.csv,2023-08-24T05:59:13.913376366,BATCH-G-20230824
REV-00116888,SKU-0000200,user_9012225,Rodney,1,"Livraison très lente, déçu.",2023-05-26,False,NEGATIVE,1,SOURCE_G_REVIEWS,reviews_2023.csv,2023-05-26T15:05:56.719255903,BATCH-G-20230526
REV-00116890,SKU-0016388,user_9014460,Philip Ramirez,2,"Cheaply made, broke immediately.",2023-01-19,False,NEGATIVE,3,SOURCE_G_REVIEWS,reviews_2023.csv,2023-01-19T20:54:39.764792845,BATCH-G-20230119
REV-00116908,SKU-0000609,user_52115,Rachel Williams,3,"Not bad, not great either.",2023-11-07,True,NEUTRAL,0,SOURCE_G_REVIEWS,reviews_2023.csv,2023-11-08T03:09:19.645154188,BATCH-G-20231107
REV-00116920,SKU-0017692,user_9002785,Heather Webb,4,Exceeded my expectations.,2023-06-22,True,POSITIVE,1,SOURCE_G_REVIEWS,reviews_2023.csv,2023-06-22T18:39:43.062278338,BATCH-G-20230622
REV-00116928,SKU-9914766,user_9028415,Brian,2,"</p>Poor packaging, item was defective.<br>",2023-12-19,True,NEGATIVE,0,SOURCE_G_REVIEWS,reviews_2023.csv,2023-12-20T05:19:41.356473529,BATCH-G-20231219
REV-00116938,SKU-0015245,user_43867,Kimberly Griffith,3,"बहुत अच्छा उत्पाद है, पैसा वसूल!",2023-06-16,True,NEUTRAL,0,SOURCE_G_REVIEWS,reviews_2023.csv,2023-06-16T11:55:34.309075296,BATCH-G-20230616
REV-00116944,SKU-0009181,user_9021126,Danielle Porter,5,"Perfect gift, they loved it!",2023-08-17,False,POSITIVE,0,SOURCE_G_REVIEWS,reviews_2023.csv,2023-08-17T10:15:57.580859759,BATCH-G-20230817
REV-00116960,SKU-0013969,user_17808,Robert Grant,5,Fast delivery and great quality.,2023-02-26,False,POSITIVE,4,SOURCE_G_REVIEWS,reviews_2023.csv,2023-02-26T01:25:14.744012994,BATCH-G-20230226
REV-00116974,SKU-0000121,user_9016088,Michael,5,"<b>Update:</b>Perfect gift, they loved it!</p>",2023-04-13,False,POSITIVE,8,SOURCE_G_REVIEWS,reviews_2023.csv,2023-04-13T18:19:18.139634867,BATCH-G-20230413
REV-00116975,SKU-0016365,user_9024603,Timothy Irwin,1,Stopped working after a week.,2023-08-17,False,NEGATIVE,3,SOURCE_G_REVIEWS,reviews_2023.csv,2023-08-17T22:29:23.781996527,BATCH-G-20230817
REV-00116976,SKU-0001556,user_9013868,Robert Carlson,3,"Average quality, nothing special.",2023-01-09,False,NEUTRAL,1,SOURCE_G_REVIEWS,reviews_2023.csv,2023-01-09T18:04:11.736027366,BATCH-G-20230109
REV-00116977,SKU-9931011,user_9018179,Melissa Oconnor,4,<p>Exceeded my expectations. ⭐⭐&nbsp;,2023-10-25,False,POSITIVE,3,SOURCE_G_REVIEWS,reviews_2023.csv,2023-10-25T17:46:27.216325853,BATCH-G-20231025
REV-00116978,SKU-0009350,user_9001948,Brandy,5,Highly recommend this product.,2023-10-19,True,POSITIVE,2,SOURCE_G_REVIEWS,reviews_2023.csv,2023-10-19T17:39:46.877010334,BATCH-G-20231019
REV-00116998,SKU-0016545,user_9019360,Kevin Mason,5,"Absolutely love it, works perfectly!",2023-05-22,False,POSITIVE,1,SOURCE_G_REVIEWS,reviews_2023.csv,2023-05-23T02:55:40.903682796,BATCH-G-20230522
REV-00117016,SKU-0003983,user_27029,Kayla Morris,5,   Highly  recommend  this  product.   ,2023-10-09,True,POSITIVE,3,SOURCE_G_REVIEWS,reviews_2023.csv,2023-10-09T02:23:23.705103544,BATCH-G-20231009
REV-00117030,SKU-0013698,user_9031166,Jennifer,5,Great value for money.,2023-06-03,False,POSITIVE,0,SOURCE_G_REVIEWS,reviews_2023.csv,2023-06-03T05:48:52.191699333,BATCH-G-20230603
REV-00117039,SKU-0016269,user_9029678,Christy Moore,5,Great value for money.,2023-06-18,True,POSITIVE,0,SOURCE_G_REVIEWS,reviews_2023.csv,2023-06-18T10:30:42.468534442,BATCH-G-20230618
REV-00117046,SKU-0018559,,Anonymous,4,"Perfect gift, they loved it! 😢⭐",2023-10-20,True,POSITIVE,11,SOURCE_G_REVIEWS,reviews_2023.csv,2023-10-20T18:18:09.972012179,BATCH-G-20231020
REV-00117048,SKU-9919237,user_62071,Walter,4,"Exactly as described, very happy.",2023-01-15,True,POSITIVE,2,SOURCE_G_REVIEWS,reviews_2023.csv,2023-01-16T04:41:51.378188034,BATCH-G-20230115
REV-00117051,SKU-0004187,user_9001311,Emily,2,   Very  disappointed  with  the  quality.   ,2023-06-25,False,NEGATIVE,17,SOURCE_G_REVIEWS,reviews_2023.csv,2023-06-26T03:40:37.722655109,BATCH-G-20230625
REV-00117054,SKU-0019881,user_65964,Rachel Jackson,5,Very disappointed with the quality.,2023-02-21,True,NEGATIVE,8,SOURCE_G_REVIEWS,reviews_2023.csv,2023-02-21T01:32:10.605559944,BATCH-G-20230221
REV-00117060,SKU-0013918,,Anonymous,2,Wrong item was shipped to me.,2023-09-20,True,NEGATIVE,2,SOURCE_G_REVIEWS,reviews_2023.csv,2023-09-21T00:19:29.633239063,BATCH-G-20230920
REV-00117063,SKU-0018227,user_9025415,Tony Gutierrez,4,Excellent rapport qualité-prix.,2023-01-03,False,POSITIVE,2,SOURCE_G_REVIEWS,reviews_2023.csv,2023-01-03T01:45:16.215609595,BATCH-G-20230103
REV-00117064,SKU-0015011,,Anonymous,5,Great value for money.,2023-06-03,True,POSITIVE,0,SOURCE_G_REVIEWS,reviews_2023.csv,2023-06-03T16:42:31.908732406,BATCH-G-20230603
REV-00117072,SKU-0014079,,Anonymous,2,Wrong item was shipped to me.,2023-11-28,False,NEGATIVE,1,SOURCE_G_REVIEWS,reviews_2023.csv,2023-11-28T09:27:55.477315693,BATCH-G-20231128
REV-00117072-DUP,SKU-0014079,,Anonymous,2,Wrong item was shipped to me.,2023-11-28,False,NEGATIVE,1,SOURCE_G_REVIEWS,reviews_2023.csv,2023-11-28T10:04:55.477315693,BATCH-G-20231128
REV-00117077,SKU-0014693,user_38241,Amber Rocha,5,"Absolutely love it, works perfectly!",2023-05-13,False,POSITIVE,1,SOURCE_G_REVIEWS,reviews_2023.csv,2023-05-14T00:01:49.621638324,BATCH-G-20230513
REV-00117088,SKU-0007991,user_9025404,Teresa Garcia,4,   Great  value  for  money.   ,2023-03-21,False,POSITIVE,3,SOURCE_G_REVIEWS,reviews_2023.csv,2023-03-21T21:04:34.425908967,BATCH-G-20230321
REV-00117109,SKU-0009604,,Anonymous,4,Great value for money.,2023-01-07,True,POSITIVE,0,SOURCE_G_REVIEWS,reviews_2023.csv,2023-01-08T02:10:18.012994421,BATCH-G-20230107
REV-00117112,SKU-0007942,user_9026795,Samantha Nicholson,4,"Exactly as described, very happy.",2023-04-18,False,POSITIVE,2,SOURCE_G_REVIEWS,reviews_2023.csv,2023-04-19T01:40:25.108341092,BATCH-G-20230418
REV-00117121,SKU-0017289,user_9029652,Jill,5,"Livraison très lente, déçu.",2023-11-26,False,POSITIVE,0,SOURCE_G_REVIEWS,reviews_2023.csv,2023-11-26T15:13:00.906126936,BATCH-G-20231126
REV-00117124,SKU-0009070,,Anonymous,3,Works fine but delivery was slow.,2023-08-28,False,NEUTRAL,0,SOURCE_G_REVIEWS,reviews_2023.csv,2023-08-28T15:20:30.020634734,BATCH-G-20230828
REV-00117137,SKU-9996466,user_9000414,Rebecca Anderson,4,"<br>Exactly as described, very happy.<i>edited</i>",2023-06-19,False,POSITIVE,4,SOURCE_G_REVIEWS,reviews_2023.csv,2023-06-19T07:22:40.227465183,BATCH-G-20230619
REV-00117141,SKU-0008384,user_9032406,Kelly,5,"Solid build quality, no complaints.",2023-05-26,True,POSITIVE,1,SOURCE_G_REVIEWS,reviews_2023.csv,2023-05-26T09:28:32.236330277,BATCH-G-20230526
REV-00117142,SKU-0016339,user_9018503,Dawn Frederick,5,"Perfect gift, they loved it!",2023-09-16,True,POSITIVE,0,SOURCE_G_REVIEWS,reviews_2023.csv,2023-09-16T18:22:32.049409569,BATCH-G-20230916
REV-00117166,SKU-0004225,user_9000837,Tammy Young,5,"Exactly as described, very happy.",2023-09-21,False,POSITIVE,1,SOURCE_G_REVIEWS,reviews_2023.csv,2023-09-22T02:54:03.566825155,BATCH-G-20230921
REV-00117167,SKU-0004988,user_23836,Marissa,4,Exceeded my expectations.,2023-05-28,False,POSITIVE,0,SOURCE_G_REVIEWS,reviews_2023.csv,2023-05-28T04:22:03.963349909,BATCH-G-20230528
REV-00117174,SKU-0013950,,Anonymous,4,Better than I expected for the price.,2023-07-17,True,POSITIVE,1,SOURCE_G_REVIEWS,reviews_2023.csv,2023-07-18T00:43:32.261454855,BATCH-G-20230717
REV-00117176,SKU-0013451,user_9014010,Jeremiah Zimmerman,1,"Poor packaging, item was defective.",2023-04-02,False,NEGATIVE,3,SOURCE_G_REVIEWS,reviews_2023.csv,2023-04-02T03:56:09.374087434,BATCH-G-20230402
REV-00117181,SKU-0005096,,Anonymous,5,Fast delivery and great quality.,2023-03-03,False,POSITIVE,0,SOURCE_G_REVIEWS,reviews_2023.csv,2023-03-03T14:48:40.135249907,BATCH-G-20230303
REV-00117196,SKU-0019801,,Anonymous,5,Great value for money.,2023-11-08,False,POSITIVE,0,SOURCE_G_REVIEWS,reviews_2023.csv,2023-11-08T17:22:07.928247311,BATCH-G-20231108
REV-00117204,SKU-0010380,user_9005356,Kayla,5,"   Solid  build  quality,  no  complaints.   ",2023-08-30,False,POSITIVE,1,SOURCE_G_REVIEWS,reviews_2023.csv,2023-08-30T05:33:06.688224365,BATCH-G-20230830
REV-00117208,SKU-0002335,user_2054,Mark Kim,3,Works fine but delivery was slow.,2023-11-12,True,NEUTRAL,0,SOURCE_G_REVIEWS,reviews_2023.csv,2023-11-13T00:33:51.064253517,BATCH-G-20231112
REV-00117216,SKU-0001361,user_27475,Rachel Davis,4,"Absolutely love it, works perfectly!",2023-08-21,False,POSITIVE,1,SOURCE_G_REVIEWS,reviews_2023.csv,2023-08-22T02:17:28.483693910,BATCH-G-20230821
REV-00117242,SKU-0002287,,Anonymous,2,Arrived damaged and support was unhelpful. 🙏,2023-10-01,True,NEGATIVE,0,SOURCE_G_REVIEWS,reviews_2023.csv,2023-10-01T16:43:58.097960480,BATCH-G-20231001
REV-00117246,SKU-0012559,user_44699,Michelle Conley,5,"</p>Solid build quality, no complaints.&nbsp;",2023-07-06,True,POSITIVE,2,SOURCE_G_REVIEWS,reviews_2023.csv,2023-07-06T17:34:31.347826536,BATCH-G-20230706
REV-00117250,SKU-0012918,user_40455,Connie Oconnor,4,Will definitely buy again.,2023-03-22,False,POSITIVE,5,SOURCE_G_REVIEWS,reviews_2023.csv,2023-03-22T00:30:12.752077223,BATCH-G-20230322
REV-00117255,SKU-0016034,user_9025089,Roberta Mcintosh,5,Fast delivery and great quality.,2023-12-30,True,POSITIVE,3,SOURCE_G_REVIEWS,reviews_2023.csv,2023-12-30T07:03:36.933428359,BATCH-G-20231230
REV-00117275,SKU-0002671,user_11488,Mike Thompson,4,Highly recommend this product.,2023-05-23,False,POSITIVE,0,SOURCE_G_REVIEWS,reviews_2023.csv,2023-05-23T07:17:02.016579311,BATCH-G-20230523
REV-00117277,SKU-0003056,user_9010685,David,1,Very disappointed with the quality.,2023-11-27,False,NEGATIVE,10,SOURCE_G_REVIEWS,reviews_2023.csv,2023-11-27T10:34:10.990390522,BATCH-G-20231127
REV-00117281,SKU-0005259,,Anonymous,5,"Muy buen producto, lo recomiendo.",2023-11-09,False,NEGATIVE,1,SOURCE_G_REVIEWS,reviews_2023.csv,2023-11-09T21:44:47.688037587,BATCH-G-20231109
REV-00117317,SKU-9981048,user_9023919,Cynthia Davis,2,Arrived damaged and support was unhelpful.,2023-12-11,True,NEGATIVE,3,SOURCE_G_REVIEWS,reviews_2023.csv,2023-12-11T18:51:21.101973796,BATCH-G-20231211
REV-00117325,SKU-0014418,user_44534,Michelle Smith,5,Highly recommend this product.,2023-04-21,True,POSITIVE,3,SOURCE_G_REVIEWS,reviews_2023.csv,2023-04-21T04:15:03.254504284,BATCH-G-20230421
REV-00117338,SKU-0020006,user_9011491,Justin,2,गुणवत्ता ठीक नहीं थी।,2023-12-20,True,NEGATIVE,6,SOURCE_G_REVIEWS,reviews_2023.csv,2023-12-20T22:22:57.407010096,BATCH-G-20231220
REV-00117343,SKU-0018714,,Anonymous,5,Better than I expected for the price.,2023-07-05,True,POSITIVE,0,SOURCE_G_REVIEWS,reviews_2023.csv,2023-07-05T13:10:46.495436427,BATCH-G-20230705
REV-00117346,SKU-0004290,user_7471,Brian Hull,4,"Livraison très lente, déçu.",2023-10-13,True,POSITIVE,3,SOURCE_G_REVIEWS,reviews_2023.csv,2023-10-13T21:53:12.577383919,BATCH-G-20231013
REV-00117361,SKU-0000966,user_9028989,Jason Walton,4,"Solid build quality, no complaints.",2023-08-13,True,POSITIVE,17,SOURCE_G_REVIEWS,reviews_2023.csv,2023-08-13T01:54:04.124139641,BATCH-G-20230813
REV-00117362,SKU-0003565,user_56467,Stephanie,4,Exceeded my expectations. 😐,2023-12-04,True,POSITIVE,1,SOURCE_G_REVIEWS,reviews_2023.csv,2023-12-05T00:29:24.100422723,BATCH-G-20231204
REV-00117366,SKU-0009794,user_27698,Sherry,4,"Exactly as described, very happy.",2023-01-15,True,POSITIVE,2,SOURCE_G_REVIEWS,reviews_2023.csv,2023-01-16T05:04:35.737913032,BATCH-G-20230115
REV-00117368,SKU-0003992,user_9007897,Diana Merritt,4,Will definitely buy again.,2023-06-25,False,POSITIVE,2,SOURCE_G_REVIEWS,reviews_2023.csv,2023-06-25T05:54:38.158768080,BATCH-G-20230625
REV-00117377,SKU-0012173,user_9001239,Timothy Sanchez,3,"Matches the description, no issues.",2023-12-18,False,NEUTRAL,5,SOURCE_G_REVIEWS,reviews_2023.csv,2023-12-19T01:52:04.691658292,BATCH-G-20231218
REV-00117384,SKU-0010910,user_58361,Debra Hernandez,3,"It's okay, does the job.",2023-09-19,True,NEUTRAL,0,SOURCE_G_REVIEWS,reviews_2023.csv,2023-09-19T18:37:02.586941160,BATCH-G-20230919
REV-00117386,SKU-0002815,user_9002569,Angelica,5,Great value for money.,2023-05-05,True,POSITIVE,6,SOURCE_G_REVIEWS,reviews_2023.csv,2023-05-05T05:20:27.724019817,BATCH-G-20230505
REV-00117395,SKU-0007283,user_9031093,Kelly Brooks,4,Exceeded my expectations.,2023-01-12,True,POSITIVE,0,SOURCE_G_REVIEWS,reviews_2023.csv,2023-01-12T08:18:28.607689342,BATCH-G-20230112
REV-00117399,SKU-0014721,user_6062,Katherine Cummings,4,Will definitely buy again.,2023-01-17,True,POSITIVE,4,SOURCE_G_REVIEWS,reviews_2023.csv,2023-01-17T12:21:51.317885162,BATCH-G-20230117
REV-00117404,SKU-0007253,user_9009588,Steven Rodriguez,5,Fast delivery and great quality.,2023-09-18,False,POSITIVE,5,SOURCE_G_REVIEWS,reviews_2023.csv,2023-09-18T23:28:26.203049785,BATCH-G-20230918
REV-00117410,SKU-0003387,user_9004838,Michael Mcfarland,4,"Solid build quality, no complaints.",2023-01-14,False,POSITIVE,3,SOURCE_G_REVIEWS,reviews_2023.csv,2023-01-15T00:59:22.357525131,BATCH-G-20230114
REV-00117412,SKU-0012548,user_9028052,Jennifer Carpenter,5,"Perfect gift, they loved it!",2023-07-28,True,POSITIVE,4,SOURCE_G_REVIEWS,reviews_2023.csv,2023-07-28T20:13:47.737694454,BATCH-G-20230728
REV-00117419,SKU-0012843,user_43104,Joseph Ramirez MD,4,Fast delivery and great quality.,2023-05-28,True,POSITIVE,0,SOURCE_G_REVIEWS,reviews_2023.csv,2023-05-28T18:19:43.689957891,BATCH-G-20230528
REV-00117420,SKU-0006574,,Anonymous,2,"Poor packaging, item was defective.",2023-05-22,False,NEGATIVE,9,SOURCE_G_REVIEWS,reviews_2023.csv,2023-05-22T22:34:45.816224838,BATCH-G-20230522
REV-00117425,SKU-0000727,,Anonymous,4,Fast delivery and great quality.,2023-12-03,True,POSITIVE,4,SOURCE_G_REVIEWS,reviews_2023.csv,2023-12-03T16:52:15.065850161,BATCH-G-20231203
REV-00117427,SKU-0019047,,Anonymous,4,Fast delivery and great quality.,2023-03-15,False,POSITIVE,2,SOURCE_G_REVIEWS,reviews_2023.csv,2023-03-15T04:11:52.427324284,BATCH-G-20230315
REV-00117431,SKU-0017801,user_26592,Brian Curtis,4,"Absolutely love it, works perfectly! 👍",2023-04-05,True,POSITIVE,1,SOURCE_G_REVIEWS,reviews_2023.csv,2023-04-06T03:25:28.267317647,BATCH-G-20230405
REV-00117435,SKU-0017319,user_24281,Ashley Lopez DDS,4,"Exactly as described, very happy.",2023-06-13,True,POSITIVE,0,SOURCE_G_REVIEWS,reviews_2023.csv,2023-06-14T04:33:33.259103079,BATCH-G-20230613
REV-00117451,SKU-0007593,,Anonymous,5,Fast delivery and great quality.,2023-06-21,False,POSITIVE,0,SOURCE_G_REVIEWS,reviews_2023.csv,2023-06-21T23:09:39.571589495,BATCH-G-20230621
REV-00117463,SKU-0012735,user_9000648,Timothy Gray MD,5,"Absolutely love it, works perfectly!",2023-04-01,False,POSITIVE,1,SOURCE_G_REVIEWS,reviews_2023.csv,2023-04-01T18:50:35.333405601,BATCH-G-20230401
REV-00117476,SKU-0019730,user_55792,Andrew Roth,3,"Matches the description, no issues.",2023-04-22,True,NEUTRAL,1,SOURCE_G_REVIEWS,reviews_2023.csv,2023-04-22T20:51:00.856345095,BATCH-G-20230422
REV-00117486,SKU-0001952,user_9010426,Aaron Cunningham,5,"Exactly as described, very happy.",2023-01-13,True,POSITIVE,2,SOURCE_G_REVIEWS,reviews_2023.csv,2023-01-14T05:34:52.733328757,BATCH-G-20230113
REV-00117503,SKU-0013513,user_650,Laurie Flores,null,Stopped working after a week.,2023-05-27,True,NEGATIVE,1,SOURCE_G_REVIEWS,reviews_2023.csv,2023-05-27T13:32:15.357793828,BATCH-G-20230527
REV-00117505,SKU-0012330,user_9027535,Melissa Stephens,3,"Solid build quality, no complaints.",2023-12-03,True,POSITIVE,6,SOURCE_G_REVIEWS,reviews_2023.csv,2023-12-03T20:47:20.891381864,BATCH-G-20231203
REV-00117512,SKU-0003483,user_50734,James Short,1,"Poor packaging, item was defective.",2023-09-22,True,NEGATIVE,1,SOURCE_G_REVIEWS,reviews_2023.csv,2023-09-22T02:19:15.580288541,BATCH-G-20230922
REV-00117519,SKU-0010274,user_9009498,James,4,Will definitely buy again.,2023-05-11,True,POSITIVE,2,SOURCE_G_REVIEWS,reviews_2023.csv,2023-05-11T07:08:24.159343173,BATCH-G-20230511
REV-00117525,SKU-9985549,user_44856,Stephanie Chaney,4,Better than I expected for the price.,2023-06-21,True,POSITIVE,2,SOURCE_G_REVIEWS,reviews_2023.csv,2023-07-05T23:00:00,BATCH-G-20230621
REV-00117525-DUP,SKU-9985549,user_44856,Stephanie Chaney,4,Better than I expected for the price.,2023-06-21,True,POSITIVE,2,SOURCE_G_REVIEWS,reviews_2023.csv,2023-07-05T23:06:00,BATCH-G-20230621
REV-00117528,SKU-9949082,user_47210,Drew Holland,1,"Waste of money, do not buy.",2023-07-30,True,NEGATIVE,0,SOURCE_G_REVIEWS,reviews_2023.csv,2023-07-30T21:43:42.115453175,BATCH-G-20230730
REV-00117534,SKU-0009270,,Anonymous,3,"Average quality, nothing special.",2023-08-18,False,NEUTRAL,1,SOURCE_G_REVIEWS,reviews_2023.csv,2023-08-18T13:56:04.870382588,BATCH-G-20230818
REV-00117537,SKU-0014993,user_9028428,Jacob Gordon,2,Very disappointed with the quality.,2023-05-12,True,NEGATIVE,1,SOURCE_G_REVIEWS,reviews_2023.csv,2023-05-12T01:08:24.328228694,BATCH-G-20230512
REV-00117538,SKU-0004755,,Anonymous,5,"Absolutely love it, works perfectly!",2023-07-19,False,POSITIVE,3,SOURCE_G_REVIEWS,reviews_2023.csv,2023-07-20T00:35:16.930499504,BATCH-G-20230719
REV-00117542,SKU-0019771,user_14532,Brenda Beck,5,Excellent rapport qualité-prix.,2023-08-07,False,POSITIVE,1,SOURCE_G_REVIEWS,reviews_2023.csv,2023-08-07T05:32:00.893674660,BATCH-G-20230807
REV-00117546,SKU-0006111,,Anonymous,1,Arrived damaged and support was unhelpful.,2023-05-18,False,NEGATIVE,1,SOURCE_G_REVIEWS,reviews_2023.csv,2023-05-18T21:56:03.136947656,BATCH-G-20230518
REV-00117550,SKU-0010824,user_9000577,Amy Little,5,Will definitely buy again.,2023-08-11,False,POSITIVE,0,SOURCE_G_REVIEWS,reviews_2023.csv,2023-08-11T17:44:28.928254005,BATCH-G-20230811
REV-00117553,SKU-0003024,user_41784,Adam Robinson,3,"Average quality, nothing special.",2023-05-18,True,NEUTRAL,3,SOURCE_G_REVIEWS,reviews_2023.csv,2023-05-19T02:45:43.565077138,BATCH-G-20230518
REV-00117554,SKU-0013079,,Anonymous,2,Very disappointed with the quality. ⭐,2023-01-10,True,NEGATIVE,2,SOURCE_G_REVIEWS,reviews_2023.csv,2023-01-10T15:26:36.877761405,BATCH-G-20230110
REV-00117565,SKU-0003635,user_9031974,Thomas Ramos, ,"बहुत अच्छा उत्पाद है, पैसा वसूल!",2023-08-15,False,POSITIVE,1,SOURCE_G_REVIEWS,reviews_2023.csv,2023-08-15T00:53:53.738863637,BATCH-G-20230815
REV-00117568,SKU-0010092,user_9003338,William Brown,5,"Absolutely love it, works perfectly! 😢",2023-09-13,True,POSITIVE,4,SOURCE_G_REVIEWS,reviews_2023.csv,2023-09-13T08:43:04.222645764,BATCH-G-20230913
REV-00117594,SKU-0004055,user_36354,James,2,"Cheaply made, broke immediately.",2023-10-28,False,NEGATIVE,5,SOURCE_G_REVIEWS,reviews_2023.csv,2023-10-28T12:35:25.800039867,BATCH-G-20231028
REV-00117596,SKU-0009111,user_9000179,Kurt Smith,4,Exceeded my expectations.,2023-07-02,False,POSITIVE,11,SOURCE_G_REVIEWS,reviews_2023.csv,2023-07-02T01:33:28.241307788,BATCH-G-20230702
REV-00117604,SKU-9946157,user_22524,Deanna Andrews,,Highly recommend this product.,2023-07-12,True,POSITIVE,0,SOURCE_G_REVIEWS,reviews_2023.csv,2023-07-12T14:32:06.152769469,BATCH-G-20230712
REV-00117617,SKU-0004152,user_9010886,Justin Chambers,4,</p>Great value for money.<i>edited</i>,2023-07-31,True,POSITIVE,17,SOURCE_G_REVIEWS,reviews_2023.csv,2023-07-31T13:05:10.843349626,BATCH-G-20230731
REV-00117621,SKU-0001725,user_9011982,Donna,5,Highly recommend this product.,2023-01-05,True,POSITIVE,5,SOURCE_G_REVIEWS,reviews_2023.csv,2023-01-05T11:18:15.328893930,BATCH-G-20230105
REV-00117623,SKU-0005937,user_9008011,Elizabeth Rodriguez,5,Exceeded my expectations.,2023-02-18,True,POSITIVE,1,SOURCE_G_REVIEWS,reviews_2023.csv,2023-02-18T12:25:57.885416368,BATCH-G-20230218
REV-00117624,SKU-0019762,user_34992,Jonathan,4,"बहुत अच्छा उत्पाद है, पैसा वसूल!",2023-09-28,True,POSITIVE,4,SOURCE_G_REVIEWS,reviews_2023.csv,2023-09-28T03:20:04.537761176,BATCH-G-20230928
REV-00117641,SKU-0011869,user_36355,Christina,5,Fast delivery and great quality.,2023-03-23,True,POSITIVE,6,SOURCE_G_REVIEWS,reviews_2023.csv,2023-03-23T22:39:13.224923319,BATCH-G-20230323
REV-00117643,SKU-0004305,user_52042,Luis Gardner,4,"Absolutely love it, works perfectly!",2023-11-20,False,POSITIVE,0,SOURCE_G_REVIEWS,reviews_2023.csv,2023-11-20T06:29:31.684866064,BATCH-G-20231120
REV-00117644,SKU-0003423,user_15449,Susan Watson,4,"Exactly as described, very happy.",2023-01-18,True,POSITIVE,5,SOURCE_G_REVIEWS,reviews_2023.csv,2023-01-18T20:23:17.335515877,BATCH-G-20230118
REV-00117645,SKU-9929774,,Anonymous,5,Exceeded my expectations.,2023-02-19,True,POSITIVE,1,SOURCE_G_REVIEWS,reviews_2023.csv,2023-02-19T01:20:56.234708704,BATCH-G-20230219
REV-00117647,SKU-0014376,user_18009,Jessica Park,1,   Not  as  described  at  all.   ,2023-11-22,True,NEGATIVE,5,SOURCE_G_REVIEWS,reviews_2023.csv,2023-11-23T02:35:08.377771780,BATCH-G-20231122
REV-00117655,SKU-0012590,user_65080,Daniel Meyer,5,Better than I expected for the price.,2023-04-03,True,POSITIVE,4,SOURCE_G_REVIEWS,reviews_2023.csv,2023-04-03T23:35:58.822361780,BATCH-G-20230403
REV-00117664,SKU-0006446,user_9007083,Cassandra,-,,2023-08-11,True,POSITIVE,2,SOURCE_G_REVIEWS,reviews_2023.csv,2023-08-11T18:48:27.387650223,BATCH-G-20230811
REV-00117669,SKU-0011776,user_57352,Shannon Salinas,4,Will definitely buy again. 😀,2023-09-07,True,POSITIVE,3,SOURCE_G_REVIEWS,reviews_2023.csv,2023-09-07T22:29:59.040344986,BATCH-G-20230907
REV-00117676,SKU-0000786,user_64527,Kayla Perkins,4,Fast delivery and great quality.,2023-09-21,True,POSITIVE,2,SOURCE_G_REVIEWS,reviews_2023.csv,2023-09-21T07:40:05.682029606,BATCH-G-20230921
REV-00117680,SKU-0003185,user_9014097,Kimberly Elliott,4,Wrong item was shipped to me.,2023-09-10,True,NEGATIVE,0,SOURCE_G_REVIEWS,reviews_2023.csv,2023-09-10T01:46:55.816794183,BATCH-G-20230910
REV-00117684,SKU-0018567,user_51079,Justin Griffin,2,Not as described at all.,2023-08-26,True,NEGATIVE,2,SOURCE_G_REVIEWS,reviews_2023.csv,2023-08-26T19:44:37.461541478,BATCH-G-20230826
REV-00117688,SKU-0006090,,Anonymous,1,"Waste of money, do not buy.",2023-07-18,True,NEGATIVE,6,SOURCE_G_REVIEWS,reviews_2023.csv,2023-07-18T22:33:54.530496844,BATCH-G-20230718
REV-00117716,SKU-0013068,user_9007561,Sherri,5,"Exactly as described, very happy.",2023-06-13,True,POSITIVE,2,SOURCE_G_REVIEWS,reviews_2023.csv,2023-06-13T16:42:52.347951041,BATCH-G-20230613
REV-00117722,SKU-0009227,user_4511,Craig Ruiz,5,"Solid build quality, no complaints.",2023-03-08,True,POSITIVE,2,SOURCE_G_REVIEWS,reviews_2023.csv,2023-03-09T03:11:27.357245734,BATCH-G-20230308
REV-00117724,SKU-0009925,user_9009427,Hannah Knox,5,Exceeded my expectations.,2023-06-16,True,POSITIVE,0,SOURCE_G_REVIEWS,reviews_2023.csv,2023-06-16T22:33:45.179452672,BATCH-G-20230616
REV-00117731,SKU-0016555,user_21873,Tyler,5,Exceeded my expectations.,2023-07-05,True,POSITIVE,1,SOURCE_G_REVIEWS,reviews_2023.csv,2023-07-05T13:18:36.899917527,BATCH-G-20230705
REV-00117750,SKU-0011608,user_9031712,Randy Baker,3,Works fine but delivery was slow.,2023-10-05,False,NEUTRAL,1,SOURCE_G_REVIEWS,reviews_2023.csv,2023-10-05T17:34:02.637044703,BATCH-G-20231005
REV-00117752,SKU-0002622,,Anonymous,3,Works fine but delivery was slow.,2023-12-10,False,NEUTRAL,1,SOURCE_G_REVIEWS,reviews_2023.csv,2023-12-10T07:41:15.528488655,BATCH-G-20231210
REV-00117772,SKU-0004900,,Anonymous,5,"It's okay, does the job.",2023-02-28,False,NEUTRAL,3,SOURCE_G_REVIEWS,reviews_2023.csv,2023-02-28T20:54:10.978579278,BATCH-G-20230228
REV-00117776,SKU-0011579,,Anonymous,2,"Poor packaging, item was defective.",2023-01-31,False,NEGATIVE,2,SOURCE_G_REVIEWS,reviews_2023.csv,2023-01-31T20:18:28.284388827,BATCH-G-20230131
REV-00117779,SKU-0013578,user_9018915,Ricky Smith,3,"Average quality, nothing special.",2023-12-11,True,NEUTRAL,7,SOURCE_G_REVIEWS,reviews_2023.csv,2023-12-11T08:58:48.606349822,BATCH-G-20231211
REV-00117780,SKU-0007463,user_9008853,William Chapman,1,गुणवत्ता ठीक नहीं थी।,2023-10-04,False,NEGATIVE,3,SOURCE_G_REVIEWS,reviews_2023.csv,2023-10-04T22:03:30.259291920,BATCH-G-20231004
REV-00117793,SKU-9981233,user_9013299,Amber,4,"Absolutely love it, works perfectly!",2023-02-17,True,POSITIVE,1,SOURCE_G_REVIEWS,reviews_2023.csv,2023-02-17T22:11:41.867514970,BATCH-G-20230217
REV-00117801,SKU-0000685,user_30380,Miranda Cannon,3,"गुणवत्ता ठीक नहीं थी। Matches the description, no issues.",2023-12-30,False,NEUTRAL,2,SOURCE_G_REVIEWS,reviews_2023.csv,2023-12-30T22:53:53.625885472,BATCH-G-20231230
REV-00117803,SKU-0012749,user_9033611,Jeremiah Thompson,2,"</p>Waste of money, do not buy.<p>",2023-02-10,False,NEGATIVE,1,SOURCE_G_REVIEWS,reviews_2023.csv,2023-02-11T02:54:20.943826993,BATCH-G-20230210
REV-00117813,SKU-0007865,user_12934,Dr.,3,"Not bad, not great either. 👍🔥",2023-05-01,False,NEUTRAL,2,SOURCE_G_REVIEWS,reviews_2023.csv,2023-05-01T07:01:37.163243612,BATCH-G-20230501
REV-00117817,SKU-0011202,user_9010579,Tyrone Warner,5,"Absolutely love it, works perfectly!",2023-12-10,True,POSITIVE,0,SOURCE_G_REVIEWS,reviews_2023.csv,2023-12-10T15:06:37.606466183,BATCH-G-20231210
REV-00117826,SKU-0005757,user_67818,Angela Frye,5,"Exactly as described, very happy.",2023-10-21,True,POSITIVE,2,SOURCE_G_REVIEWS,reviews_2023.csv,2023-10-21T05:21:36.108955561,BATCH-G-20231021
REV-00117828,SKU-0013446,user_10261,Michael Lewis,3,Works fine but delivery was slow.,2023-03-01,True,NEUTRAL,0,SOURCE_G_REVIEWS,reviews_2023.csv,2023-03-01T10:09:52.506274401,BATCH-G-20230301
REV-00117832,SKU-0010455,user_58928,Patricia Richard,5,Will definitely buy again.,2023-12-15,True,POSITIVE,7,SOURCE_G_REVIEWS,reviews_2023.csv,2023-12-15T17:05:27.257606230,BATCH-G-20231215
REV-00117843,SKU-0007979,user_66899,Kimberly Parker DDS,4,"Perfect gift, they loved it! 😢🔥",2023-10-24,True,POSITIVE,0,SOURCE_G_REVIEWS,reviews_2023.csv,2023-10-25T02:08:05.443217235,BATCH-G-20231024
REV-00117844,SKU-0001072,user_9030026,Emily,5,"Absolutely love it, works perfectly!",2023-01-11,True,POSITIVE,2,SOURCE_G_REVIEWS,reviews_2023.csv,2023-01-12T02:05:25.405937305,BATCH-G-20230111
REV-00117850,SKU-0001113,user_9025354,Benjamin Williams,5,Better than I expected for the price.,2023-12-16,False,POSITIVE,2,SOURCE_G_REVIEWS,reviews_2023.csv,2023-12-17T05:21:36.267014945,BATCH-G-20231216
REV-00117859,SKU-0009742,user_11565,William Dalton,4,Will definitely buy again.,2023-03-20,True,POSITIVE,1,SOURCE_G_REVIEWS,reviews_2023.csv,2023-03-20T22:10:22.634381169,BATCH-G-20230320
REV-00117868,SKU-0002317,user_9013905,Justin,4,Better than I expected for the price.,2023-06-07,False,POSITIVE,8,SOURCE_G_REVIEWS,reviews_2023.csv,2023-06-08T04:06:11.034356827,BATCH-G-20230607
REV-00117882,SKU-0009951,user_32592,Diana Coffey,3,Works fine but delivery was slow. 😡,2023-03-27,True,NEUTRAL,3,SOURCE_G_REVIEWS,reviews_2023.csv,2023-03-27T06:40:50.127887569,BATCH-G-20230327
REV-00117892,SKU-0017713,,Anonymous,5,"   Solid  build  quality,  no  complaints.   ",2023-02-23,False,POSITIVE,1,SOURCE_G_REVIEWS,reviews_2023.csv,2023-02-23T17:25:45.375029057,BATCH-G-20230223
REV-00117900,SKU-0008568,user_9002130,Brian Davis,4,Fast delivery and great quality.,2023-11-20,True,POSITIVE,2,SOURCE_G_REVIEWS,reviews_2023.csv,2023-11-21T02:45:00.196996583,BATCH-G-20231120
REV-00117905,SKU-9922611,user_3275,Edward Stone,4,Stopped working after a week.,2023-11-09,True,NEGATIVE,3,SOURCE_G_REVIEWS,reviews_2023.csv,2023-11-09T20:37:29.564773967,BATCH-G-20231109
REV-00117909,SKU-0012314,,Anonymous,5,Fast delivery and great quality.,2023-11-05,True,POSITIVE,0,SOURCE_G_REVIEWS,reviews_2023.csv,2023-11-05T14:51:15.535957502,BATCH-G-20231105
REV-00117913,SKU-0012022,user_9017753,Miss Debbie Haynes,5,"Absolutely love it, works perfectly!",2023-12-20,True,POSITIVE,0,SOURCE_G_REVIEWS,reviews_2023.csv,2023-12-27T08:00:00,BATCH-G-20231220
REV-00117916,SKU-0011449,user_20464,Miguel Mathews,3,"Not bad, not great either.",2023-12-19,False,NEUTRAL,3,SOURCE_G_REVIEWS,reviews_2023.csv,2023-12-19T16:05:32.047271210,BATCH-G-20231219
REV-00117925,SKU-0019402,user_55781,Aaron Becker,5,Will definitely buy again.,2023-08-26,True,POSITIVE,5,SOURCE_G_REVIEWS,reviews_2023.csv,2023-08-26T23:31:03.149052707,BATCH-G-20230826
REV-00117943,SKU-0016098,,Anonymous,5,"Absolutely love it, works perfectly!",2023-10-23,True,POSITIVE,2,SOURCE_G_REVIEWS,reviews_2023.csv,2023-10-23T18:44:56.572315339,BATCH-G-20231023
REV-00117949,SKU-0011217,user_9008083,Richard,5,"Absolutely love it, works perfectly!",2023-11-13,False,POSITIVE,2,SOURCE_G_REVIEWS,reviews_2023.csv,2023-11-13T15:01:07.541607159,BATCH-G-20231113
REV-00117955,SKU-0012498,user_9028565,Kevin Hicks,4,"Exactly as described, very happy.",2023-12-21,True,POSITIVE,0,SOURCE_G_REVIEWS,reviews_2023.csv,2023-12-21T21:51:52.107067629,BATCH-G-20231221
REV-00117957,SKU-0018818,user_9005557,Laurie,5,Not as described at all.,2023-05-20,False,NEGATIVE,0,SOURCE_G_REVIEWS,reviews_2023.csv,2023-05-20T15:33:28.133202862,BATCH-G-20230520
REV-00117992,SKU-0019174,user_9002492,Erin Rios,5,Exceeded my expectations.,2023-10-10,True,POSITIVE,1,SOURCE_G_REVIEWS,reviews_2023.csv,2023-10-10T06:10:19.794987513,BATCH-G-20231010
REV-00118013,SKU-0017581,user_8160,Michael Guerrero,5,"Absolutely love it, works perfectly!",2023-02-04,True,POSITIVE,2,SOURCE_G_REVIEWS,reviews_2023.csv,2023-02-04T22:03:19.593368815,BATCH-G-20230204
REV-00118029,SKU-0019552,user_6205,Debra Molina,2,"Cheaply made, broke immediately.",2023-11-10,False,NEGATIVE,0,SOURCE_G_REVIEWS,reviews_2023.csv,2023-11-11T03:29:04.101612208,BATCH-G-20231110
REV-00118045,SKU-0014808,,Anonymous,1,"Waste of money, do not buy.",2023-04-12,True,NEGATIVE,0,SOURCE_G_REVIEWS,reviews_2023.csv,2023-04-12T16:08:53.288873610,BATCH-G-20230412
REV-00118046,SKU-0004322,user_61244,Mr.,5,Fast delivery and great quality.,2023-02-02,True,POSITIVE,3,SOURCE_G_REVIEWS,reviews_2023.csv,2023-02-02T16:59:21.074622998,BATCH-G-20230202
REV-00118057,SKU-9954698,user_9015043,Michael Ferguson,5,Fast delivery and great quality.,2023-08-26,True,POSITIVE,0,SOURCE_G_REVIEWS,reviews_2023.csv,2023-08-26T03:02:47.040766150,BATCH-G-20230826
REV-00118061,SKU-0015337,,Anonymous,4,Better than I expected for the price.,2023-11-04,True,POSITIVE,1,SOURCE_G_REVIEWS,reviews_2023.csv,2023-11-04T20:07:12.496379444,BATCH-G-20231104
REV-00118083,SKU-9940599,,Anonymous,4,Fast delivery and great quality.,2023-01-08,True,POSITIVE,4,SOURCE_G_REVIEWS,reviews_2023.csv,2023-01-09T02:20:44.575603189,BATCH-G-20230108
REV-00118087,SKU-0003501,user_6492,Erik Woodward,4,"Cheaply made, broke immediately.",2023-10-28,True,NEGATIVE,2,SOURCE_G_REVIEWS,reviews_2023.csv,2023-10-28T07:29:10.088508764,BATCH-G-20231028
REV-00118088,SKU-0003395,user_9009790,Victoria,5,Highly recommend this product.,2023-04-13,False,POSITIVE,1,SOURCE_G_REVIEWS,reviews_2023.csv,2023-04-13T09:48:36.611131169,BATCH-G-20230413
REV-00118091,SKU-0018154,user_50782,Shannon Lopez,5,"Absolutely love it, works perfectly!",2023-07-13,False,POSITIVE,1,SOURCE_G_REVIEWS,reviews_2023.csv,2023-07-13T01:11:47.757051105,BATCH-G-20230713
REV-00118094,SKU-0007739,user_46845,Jennifer Wood,4,Will definitely buy again.,2023-07-04,False,POSITIVE,0,SOURCE_G_REVIEWS,reviews_2023.csv,2023-07-04T21:13:01.739229837,BATCH-G-20230704
REV-00118096,SKU-0017221,user_9032632,Jeff Andrade,3,"Average quality, nothing special.",2023-03-05,True,NEUTRAL,9,SOURCE_G_REVIEWS,reviews_2023.csv,2023-03-06T05:00:40.831903601,BATCH-G-20230305
REV-00118104,SKU-0014278,user_14664,Amy Jones,4,Exceeded my expectations.,2023-11-12,True,POSITIVE,1,SOURCE_G_REVIEWS,reviews_2023.csv,2023-11-13T01:32:51.036147009,BATCH-G-20231112
REV-00118108,SKU-0008093,user_33875,Ashley,1,Arrived damaged and support was unhelpful.,2023-03-15,False,NEGATIVE,2,SOURCE_G_REVIEWS,reviews_2023.csv,2023-03-16T03:10:09.889474774,BATCH-G-20230315
REV-00118113,SKU-0003759,user_64520,Brittney,5,Fast delivery and great quality.,2023-11-07,False,POSITIVE,1,SOURCE_G_REVIEWS,reviews_2023.csv,2023-11-08T03:04:58.906445710,BATCH-G-20231107
REV-00118116,SKU-0009513,user_44846,Tiffany,4,"Solid build quality, no complaints.",2023-01-06,False,POSITIVE,7,SOURCE_G_REVIEWS,reviews_2023.csv,2023-01-06T13:41:12.409939253,BATCH-G-20230106
REV-00118117,SKU-0017465,user_9034474,Joshua,3,"Not bad, not great either.",2023-03-03,False,NEUTRAL,0,SOURCE_G_REVIEWS,reviews_2023.csv,2023-03-03T21:52:49.322081430,BATCH-G-20230303
REV-00118128,SKU-0001210,user_9019547,Alan Johnson,4,"Exactly as described, very happy.",2023-04-10,True,POSITIVE,0,SOURCE_G_REVIEWS,reviews_2023.csv,2023-04-10T18:08:45.113988273,BATCH-G-20230410
REV-00118132,SKU-0001641,user_44072,Tanya Flores,5,Great value for money. 😍,2023-04-01,True,POSITIVE,14,SOURCE_G_REVIEWS,reviews_2023.csv,2023-04-02T00:48:00.318964874,BATCH-G-20230401
REV-00118136,SKU-0018248,user_9026735,Michelle Ellis,4,Better than I expected for the price.,2023-06-05,False,POSITIVE,2,SOURCE_G_REVIEWS,reviews_2023.csv,2023-06-05T05:46:33.340121542,BATCH-G-20230605
REV-00118143,SKU-0006876,user_9022417,Patricia,2,Stopped working after a week.,2023-02-04,True,NEGATIVE,1,SOURCE_G_REVIEWS,reviews_2023.csv,2023-02-04T15:34:58.753680334,BATCH-G-20230204
REV-00118149,SKU-0012162,,Anonymous,5,Will definitely buy again.,2023-12-14,True,POSITIVE,6,SOURCE_G_REVIEWS,reviews_2023.csv,2023-12-14T03:08:18.205772977,BATCH-G-20231214
REV-00118157,SKU-0000904,user_20774,Mary,5,Great value for money.,2023-06-06,False,POSITIVE,3,SOURCE_G_REVIEWS,reviews_2023.csv,2023-06-07T03:41:50.736707984,BATCH-G-20230606
REV-00118165,SKU-0005931,user_9017759,Kimberly Mccullough,3,Works fine but delivery was slow.,2023-09-15,False,NEUTRAL,4,SOURCE_G_REVIEWS,reviews_2023.csv,2023-09-16T04:48:29.875979012,BATCH-G-20230915
REV-00118166,SKU-0004735,user_69061,Todd Fernandez,4,"Perfect gift, they loved it!",2023-01-15,True,POSITIVE,6,SOURCE_G_REVIEWS,reviews_2023.csv,2023-01-15T10:27:32.317010860,BATCH-G-20230115
REV-00118174,SKU-0015524,user_9017636,William Taylor,5,Will definitely buy again.,2023-02-04,True,POSITIVE,2,SOURCE_G_REVIEWS,reviews_2023.csv,2023-02-04T04:51:35.143388143,BATCH-G-20230204
REV-00118174-BOT,SKU-0015524,user_9027337,William Green,5,Will definitely buy again.,2023-02-04,False,POSITIVE,0,SOURCE_G_REVIEWS,reviews_2023.csv,2023-02-04T04:51:35.143388143,BATCH-G-20230204
REV-00118178,SKU-0005332,user_9011170,Mr.,4,Fast delivery and great quality.,2023-09-18,False,POSITIVE,4,SOURCE_G_REVIEWS,reviews_2023.csv,2023-09-19T00:53:32.601726697,BATCH-G-20230918
REV-00118183,SKU-0010625,user_9034658,Audrey,5,NA,2023-11-17,True,POSITIVE,4,SOURCE_G_REVIEWS,reviews_2023.csv,2023-11-17T16:04:09.571754487,BATCH-G-20231117
REV-00118187,SKU-0009811,user_810,Bridget Perkins,5,Fast delivery and great quality.,2023-10-18,True,POSITIVE,0,SOURCE_G_REVIEWS,reviews_2023.csv,2023-10-19T01:33:25.945756598,BATCH-G-20231018
REV-00118198,SKU-0014399,user_41480,Troy,5,Will definitely buy again.,2023-01-20,True,POSITIVE,6,SOURCE_G_REVIEWS,reviews_2023.csv,2023-01-20T17:45:40.382151970,BATCH-G-20230120
REV-00118202,SKU-0013967,user_43949,Dustin,5,"Solid build quality, no complaints.",2023-09-09,True,POSITIVE,0,SOURCE_G_REVIEWS,reviews_2023.csv,2023-09-09T22:10:59.055619858,BATCH-G-20230909
REV-00118209,SKU-0012590,user_9025514,Deborah Parrish MD,5,Will definitely buy again.,2023-03-20,True,POSITIVE,2,SOURCE_G_REVIEWS,reviews_2023.csv,2023-03-20T15:33:27.689794133,BATCH-G-20230320
REV-00118250,SKU-0018824,,Anonymous,2,Very disappointed with the quality.,2023-03-28,False,NEGATIVE,0,SOURCE_G_REVIEWS,reviews_2023.csv,2023-03-28T23:17:48.358734271,BATCH-G-20230328
REV-00118263,SKU-0015171,user_9010429,Jason,4,Fast delivery and great quality.,2023-01-14,False,POSITIVE,0,SOURCE_G_REVIEWS,reviews_2023.csv,2023-01-14T01:42:37.681611667,BATCH-G-20230114
REV-00118265,SKU-0014451,user_61034,Frances,4,Exceeded my expectations.,2023-04-24,False,POSITIVE,7,SOURCE_G_REVIEWS,reviews_2023.csv,2023-04-24T20:19:26.708728020,BATCH-G-20230424
REV-00118266,SKU-0007382,user_9781,Betty,3,"Muy buen producto, lo recomiendo.",2023-09-16,False,NEUTRAL,0,SOURCE_G_REVIEWS,reviews_2023.csv,2023-09-16T12:32:08.039518854,BATCH-G-20230916
REV-00118267,SKU-0015232,user_9034585,Diana Melton,2,Stopped working after a week.,2023-12-14,False,NEGATIVE,0,SOURCE_G_REVIEWS,reviews_2023.csv,2023-12-14T17:35:50.317789721,BATCH-G-20231214
REV-00118268,SKU-0009760,user_9015286,Jason Zhang,3,"It's okay, does the job.",2023-08-16,False,NEUTRAL,2,SOURCE_G_REVIEWS,reviews_2023.csv,2023-08-16T17:48:11.201141185,BATCH-G-20230816
REV-00118270,SKU-0011419,user_65829,Michael Taylor,4,Great value for money. 😍,2023-01-26,True,POSITIVE,4,SOURCE_G_REVIEWS,reviews_2023.csv,2023-01-26T19:12:03.289257979,BATCH-G-20230126
REV-00118271,SKU-0013476,user_66682,Penny,1,"Livraison très lente, déçu.",2023-11-22,True,NEGATIVE,4,SOURCE_G_REVIEWS,reviews_2023.csv,2023-11-22T15:35:34.221012692,BATCH-G-20231122
REV-00118273,SKU-0012401,user_11110,Peter Knight,5,"Absolutely love it, works perfectly!",2023-09-20,False,POSITIVE,0,SOURCE_G_REVIEWS,reviews_2023.csv,2023-09-20T03:01:45.530942615,BATCH-G-20230920
REV-00118276,SKU-0013157,user_15994,Alvin Jordan,?,Exceeded my expectations.,2023-05-23,True,POSITIVE,2,SOURCE_G_REVIEWS,reviews_2023.csv,2023-05-23T12:01:03.763508062,BATCH-G-20230523
REV-00118282,SKU-0016529,user_9033510,Andrea Hancock,4,Highly recommend this product.,2023-03-20,False,POSITIVE,0,SOURCE_G_REVIEWS,reviews_2023.csv,2023-03-27T08:00:00,BATCH-G-20230320
REV-00118284,SKU-0002284,,Anonymous,4,Works fine but delivery was slow.,2023-04-14,True,NEUTRAL,1,SOURCE_G_REVIEWS,reviews_2023.csv,2023-04-14T04:25:01.016956937,BATCH-G-20230414
REV-00118291,SKU-0010677,user_66482,Javier,7,"Waste of money, do not buy.",2023-02-20,True,NEGATIVE,1,SOURCE_G_REVIEWS,reviews_2023.csv,2023-02-21T02:45:29.459203743,BATCH-G-20230220
REV-00118294,SKU-0019728,user_9013570,Jenny Moore, ,"It's okay, does the job.",2023-09-07,False,NEUTRAL,0,SOURCE_G_REVIEWS,reviews_2023.csv,2023-09-08T03:02:26.775482553,BATCH-G-20230907
REV-00118297,SKU-0018050,,Anonymous,5,Will definitely buy again. 😀,2023-03-08,True,POSITIVE,4,SOURCE_G_REVIEWS,reviews_2023.csv,2023-03-08T18:30:24.418627096,BATCH-G-20230308
REV-00118314,SKU-0015568,,Anonymous,1,Arrived damaged and support was unhelpful.,2023-08-01,True,NEGATIVE,4,SOURCE_G_REVIEWS,reviews_2023.csv,2023-08-01T17:42:50.754541681,BATCH-G-20230801
REV-00118320,SKU-0009822,user_9027428,Annette Cohen,4,Fast delivery and great quality.,2023-05-12,False,POSITIVE,0,SOURCE_G_REVIEWS,reviews_2023.csv,2023-05-12T04:15:43.037673111,BATCH-G-20230512
REV-00118321,SKU-0002219,user_9011236,Peter Barker,4,Great value for money.,2023-11-24,True,POSITIVE,3,SOURCE_G_REVIEWS,reviews_2023.csv,2023-11-24T20:10:39.289759088,BATCH-G-20231124
REV-00118339,SKU-0004625,,Anonymous,4,"</p>Perfect gift, they loved it! 😡<p>",2023-07-05,True,POSITIVE,12,SOURCE_G_REVIEWS,reviews_2023.csv,2023-07-05T11:13:48.031043020,BATCH-G-20230705
REV-00118340,SKU-0017763,,Anonymous,5,Better than I expected for the price.,2023-06-05,True,POSITIVE,2,SOURCE_G_REVIEWS,reviews_2023.csv,2023-06-05T06:10:50.749066881,BATCH-G-20230605
REV-00118341,SKU-0016575,user_10494,Zachary,1,Very disappointed with the quality. 😍😐,2023-10-19,True,NEGATIVE,2,SOURCE_G_REVIEWS,reviews_2023.csv,2023-10-19T02:47:19.421508594,BATCH-G-20231019
REV-00118344,SKU-0003792,user_9010651,Timothy,5,"Perfect gift, they loved it!",2023-11-08,False,POSITIVE,8,SOURCE_G_REVIEWS,reviews_2023.csv,2023-11-08T17:44:36.495294202,BATCH-G-20231108
REV-00118359,SKU-0015595,user_42429,Sara,?,"Poor packaging, item was defective.",2023-08-25,True,NEGATIVE,1,SOURCE_G_REVIEWS,reviews_2023.csv,2023-08-25T21:43:36.756141463,BATCH-G-20230825
REV-00118361,SKU-0010032,user_38754,Cody Parrish,5,Will definitely buy again.,2023-10-19,False,POSITIVE,3,SOURCE_G_REVIEWS,reviews_2023.csv,2023-10-19T07:46:31.781263840,BATCH-G-20231019
REV-00118362,SKU-0014708,user_3471,Dennis Meadows,6,Better than I expected for the price.,2023-12-27,True,POSITIVE,1,SOURCE_G_REVIEWS,reviews_2023.csv,2023-12-27T19:31:04.385328323,BATCH-G-20231227
REV-00118371,SKU-0007503,,Anonymous,4,"Exactly as described, very happy.",2023-04-12,True,POSITIVE,0,SOURCE_G_REVIEWS,reviews_2023.csv,2023-04-12T17:46:26.499530909,BATCH-G-20230412
REV-00118383,SKU-0017838,,Anonymous,,Exceeded my expectations.,2023-06-14,True,POSITIVE,1,SOURCE_G_REVIEWS,reviews_2023.csv,2023-06-15T01:42:15.974227127,BATCH-G-20230614
REV-00118388,SKU-0015852,user_7252,Jennifer Singleton,5,Better than I expected for the price.,2023-07-31,False,POSITIVE,3,SOURCE_G_REVIEWS,reviews_2023.csv,2023-07-31T22:11:55.812474952,BATCH-G-20230731
REV-00118398,SKU-0003810,user_58500,Daniel,5,"Perfect gift, they loved it!",2023-12-27,False,POSITIVE,3,SOURCE_G_REVIEWS,reviews_2023.csv,2023-12-27T10:48:18.811859188,BATCH-G-20231227
REV-00118404,SKU-0018332,user_37595,Erica,5,Will definitely buy again.,2023-12-06,True,POSITIVE,9,SOURCE_G_REVIEWS,reviews_2023.csv,2023-12-07T03:30:14.324310234,BATCH-G-20231206
REV-00118405,SKU-0011566,,Anonymous,5,"Absolutely love it, works perfectly!",2023-06-30,True,POSITIVE,2,SOURCE_G_REVIEWS,reviews_2023.csv,2023-06-30T02:54:03.207882032,BATCH-G-20230630
REV-00118405-DUP,SKU-0011566,,Anonymous,5,"Absolutely love it, works perfectly!",2023-06-30,True,POSITIVE,2,SOURCE_G_REVIEWS,reviews_2023.csv,2023-06-30T03:43:03.207882032,BATCH-G-20230630
REV-00118412,SKU-0010676,user_9005321,Bridget Wilson,1,"Poor packaging, item was defective.",2023-04-02,True,NEGATIVE,5,SOURCE_G_REVIEWS,reviews_2023.csv,2023-04-02T15:16:33.799605798,BATCH-G-20230402
REV-00118415,SKU-0003508,,Anonymous,5,"Absolutely love it, works perfectly!",2023-11-16,False,POSITIVE,2,SOURCE_G_REVIEWS,reviews_2023.csv,2023-11-16T20:17:13.884222536,BATCH-G-20231116
REV-00118424,SKU-0016484,user_9017313,Patrick Vaughn,5,Will definitely buy again.,2023-11-21,True,POSITIVE,0,SOURCE_G_REVIEWS,reviews_2023.csv,2023-11-21T13:06:20.935835686,BATCH-G-20231121
REV-00118438,SKU-0005960,user_18395,Jamie Garcia,2,Very disappointed with the quality.,2023-01-11,True,NEGATIVE,1,SOURCE_G_REVIEWS,reviews_2023.csv,2023-01-11T09:22:13.857417466,BATCH-G-20230111
REV-00118444,SKU-0010171,user_9022672,Mario Richmond,5,"Absolutely love it, works perfectly!",2023-03-27,False,POSITIVE,0,SOURCE_G_REVIEWS,reviews_2023.csv,2023-03-27T03:07:31.593370112,BATCH-G-20230327
REV-00118461,SKU-0005771,user_9009417,Anthony Roach,3,"Average quality, nothing special. ⭐😢",2023-12-05,True,NEUTRAL,7,SOURCE_G_REVIEWS,reviews_2023.csv,2023-12-06T05:53:57.148080482,BATCH-G-20231205
REV-00118463,SKU-0005704,,Anonymous,3,"Matches the description, no issues.",2023-12-21,True,NEUTRAL,4,SOURCE_G_REVIEWS,reviews_2023.csv,2023-12-22T03:10:11.359204584,BATCH-G-20231221
REV-00118464,SKU-0011187,user_9016727,Isaac Ponce II,5,&nbsp;Better than I expected for the price.<p>,2023-10-24,False,POSITIVE,1,SOURCE_G_REVIEWS,reviews_2023.csv,2023-10-24T14:39:30.049029713,BATCH-G-20231024
REV-00118466,SKU-0017215,user_9032531,Shannon Villarreal,5,<br>Great value for money.<p>,2023-12-31,True,POSITIVE,1,SOURCE_G_REVIEWS,reviews_2023.csv,2023-12-31T04:46:46.840862786,BATCH-G-20231231
REV-00118470,SKU-0018275,,Anonymous,4,Fast delivery and great quality.,2023-01-13,False,POSITIVE,2,SOURCE_G_REVIEWS,reviews_2023.csv,2023-01-13T23:29:04.573538553,BATCH-G-20230113
REV-00118472,SKU-0017111,,Anonymous,3,"Not bad, not great either.",2023-09-30,True,NEUTRAL,0,SOURCE_G_REVIEWS,reviews_2023.csv,2023-09-30T04:42:29.804985123,BATCH-G-20230930
REV-00118475,SKU-0012985,,Anonymous,4,Highly recommend this product.,2023-07-09,False,POSITIVE,3,SOURCE_G_REVIEWS,reviews_2023.csv,2023-07-10T04:45:50.274864612,BATCH-G-20230709
REV-00118477,SKU-0015904,user_9022321,Jessica Thompson,5,Great value for money.,2023-08-05,False,POSITIVE,1,SOURCE_G_REVIEWS,reviews_2023.csv,2023-08-05T12:31:58.514234876,BATCH-G-20230805
REV-00118483,SKU-0000401,,Anonymous,1,Arrived damaged and support was unhelpful.,2023-11-27,False,NEGATIVE,3,SOURCE_G_REVIEWS,reviews_2023.csv,2023-11-27T06:24:17.844443897,BATCH-G-20231127
REV-00118490,SKU-0017642,user_9031582,Michael Hayes,4,"Absolutely love it, works perfectly!",2023-01-14,False,POSITIVE,6,SOURCE_G_REVIEWS,reviews_2023.csv,2023-01-15T01:52:45.960679939,BATCH-G-20230114
REV-00118491,SKU-0008371,user_68252,Jennifer,5,"Waste of money, do not buy. 👍",2023-12-23,False,NEGATIVE,1,SOURCE_G_REVIEWS,reviews_2023.csv,2023-12-23T11:49:56.995233135,BATCH-G-20231223
REV-00118492,SKU-0019620,,Anonymous,5,"Perfect gift, they loved it!",2023-11-27,True,POSITIVE,3,SOURCE_G_REVIEWS,reviews_2023.csv,2023-11-27T14:29:35.734169355,BATCH-G-20231127
REV-00118497,SKU-0011923,user_49040,Megan,4,Highly recommend this product.,2023-03-03,True,POSITIVE,1,SOURCE_G_REVIEWS,reviews_2023.csv,2023-03-03T11:57:57.979377409,BATCH-G-20230303
REV-00118515,SKU-9984207,user_9023881,Patricia Hall,4,Highly recommend this product.,2023-12-03,True,POSITIVE,1,SOURCE_G_REVIEWS,reviews_2023.csv,2023-12-03T23:30:48.878120794,BATCH-G-20231203
REV-00118520,SKU-9912240,user_9017018,Lisa James,4,Better than I expected for the price.,2023-07-04,True,POSITIVE,3,SOURCE_G_REVIEWS,reviews_2023.csv,2023-07-04T13:55:30.774797186,BATCH-G-20230704
REV-00118534,SKU-9954276,user_58904,Abigail Hall,5,"Perfect gift, they loved it!",2023-01-13,False,POSITIVE,1,SOURCE_G_REVIEWS,reviews_2023.csv,2023-01-13T21:53:37.037247615,BATCH-G-20230113
REV-00118548,SKU-0003684,user_36852,Isabel,3,"Perfect gift, they loved it!",2023-08-14,True,POSITIVE,3,SOURCE_G_REVIEWS,reviews_2023.csv,2023-08-15T00:20:21.150458095,BATCH-G-20230814
REV-00118561,SKU-0017456,user_9024883,Jennifer Elliott,5,"Perfect gift, they loved it!",2023-11-07,False,POSITIVE,3,SOURCE_G_REVIEWS,reviews_2023.csv,2023-11-07T06:45:13.453031410,BATCH-G-20231107
REV-00118562,SKU-0001190,user_9029344,Greg Molina,4,"<p>Solid build quality, no complaints.</p>",2023-01-03,True,POSITIVE,3,SOURCE_G_REVIEWS,reviews_2023.csv,2023-01-03T03:34:32.971888008,BATCH-G-20230103
REV-00118586,SKU-0014384,user_11482,Christopher Nelson,3,"It's okay, does the job. 😡",2023-04-25,True,NEUTRAL,0,SOURCE_G_REVIEWS,reviews_2023.csv,2023-04-25T08:51:55.756217021,BATCH-G-20230425
REV-00118587,SKU-0006251,user_9006291,Jeffrey,5,"Livraison très lente, déçu.",2023-01-03,True,POSITIVE,7,SOURCE_G_REVIEWS,reviews_2023.csv,2023-01-03T07:38:24.553723277,BATCH-G-20230103
REV-00118590,SKU-0006132,user_9020039,Alicia,4,Fast delivery and great quality.,2023-08-03,False,POSITIVE,1,SOURCE_G_REVIEWS,reviews_2023.csv,2023-08-03T18:30:56.132978473,BATCH-G-20230803
REV-00118592,SKU-0009650,user_19723,Joseph,5,Will definitely buy again.,2023-08-03,True,POSITIVE,6,SOURCE_G_REVIEWS,reviews_2023.csv,2023-08-04T05:13:37.359632709,BATCH-G-20230803
REV-00118600,SKU-0017237,user_58814,Maurice Gamble,4,"Absolutely love it, works perfectly!",2023-09-18,False,POSITIVE,3,SOURCE_G_REVIEWS,reviews_2023.csv,2023-09-18T19:22:13.786852322,BATCH-G-20230918
REV-00118602,SKU-0013559,,Anonymous,5,Will definitely buy again.,2023-09-05,False,POSITIVE,9,SOURCE_G_REVIEWS,reviews_2023.csv,2023-09-05T12:28:57.833123816,BATCH-G-20230905
REV-00118608,SKU-0016521,user_9016654,Brittany Gilmore,3,"Matches the description, no issues.",2023-09-12,False,NEUTRAL,2,SOURCE_G_REVIEWS,reviews_2023.csv,2023-09-13T00:39:04.474203566,BATCH-G-20230912
REV-00118615,SKU-0012479,,Anonymous,2,"Livraison très lente, déçu.",2023-10-22,True,NEGATIVE,8,SOURCE_G_REVIEWS,reviews_2023.csv,2023-10-23T02:52:36.053698726,BATCH-G-20231022
REV-00118618,SKU-0009338,user_25546,Danielle Arnold,4,Great value for money.,2023-08-29,True,POSITIVE,0,SOURCE_G_REVIEWS,reviews_2023.csv,2023-08-29T20:03:53.608515466,BATCH-G-20230829
REV-00118634,SKU-0000297,user_9026874,Andrew,3,"It's okay, does the job.",2023-06-09,True,NEUTRAL,2,SOURCE_G_REVIEWS,reviews_2023.csv,2023-06-09T07:33:53.878993364,BATCH-G-20230609
REV-00118645,SKU-0018931,user_1336,Darryl Butler,4,"Solid build quality, no complaints.",2023-12-31,False,POSITIVE,-5,SOURCE_G_REVIEWS,reviews_2023.csv,2023-12-31T01:16:41.049711295,BATCH-G-20231231
REV-00118652,SKU-0009785,user_9031142,Richard,5,<i>edited</i>Great value for money.<p>,2023-10-14,True,POSITIVE,0,SOURCE_G_REVIEWS,reviews_2023.csv,2023-10-14T11:07:29.901509463,BATCH-G-20231014
REV-00118657,SKU-0011205,user_40941,Rebecca,4,Exceeded my expectations.,2023-07-25,True,POSITIVE,2,SOURCE_G_REVIEWS,reviews_2023.csv,2023-07-25T14:21:39.916595681,BATCH-G-20230725
REV-00118659,SKU-9976005,,Anonymous,4,Better than I expected for the price.,2023-09-18,True,POSITIVE,0,SOURCE_G_REVIEWS,reviews_2023.csv,2023-09-18T10:59:19.959767666,BATCH-G-20230918
REV-00118668,SKU-0014742,,Anonymous,4,"Absolutely love it, works perfectly!",2023-01-12,True,POSITIVE,3,SOURCE_G_REVIEWS,reviews_2023.csv,2023-01-12T11:57:08.587495695,BATCH-G-20230112
REV-00118669,SKU-0012453,user_50727,Deborah Walter,4,"Exactly as described, very happy.",2023-12-25,False,POSITIVE,2,SOURCE_G_REVIEWS,reviews_2023.csv,2023-12-26T00:30:40.334748493,BATCH-G-20231225
REV-00118671,SKU-0003450,,Anonymous,3,"It's okay, does the job.",2023-01-06,True,NEUTRAL,2,SOURCE_G_REVIEWS,reviews_2023.csv,2023-01-06T16:46:20.468571286,BATCH-G-20230106
REV-00118696,SKU-0005300,,Anonymous,5,No cumplió mis expectativas. Works fine but delivery was slow.,2023-08-30,True,NEUTRAL,0,SOURCE_G_REVIEWS,reviews_2023.csv,2023-08-31T01:24:58.163707668,BATCH-G-20230830
REV-00118701,SKU-0010282,user_21109,James,4,"Perfect gift, they loved it!",2023-10-07,True,POSITIVE,2,SOURCE_G_REVIEWS,reviews_2023.csv,2023-10-07T21:31:34.142164659,BATCH-G-20231007
REV-00118711,SKU-0017482,,Anonymous,4,Will definitely buy again.,2023-07-25,False,POSITIVE,0,SOURCE_G_REVIEWS,reviews_2023.csv,2023-07-25T13:39:40.847994934,BATCH-G-20230725
REV-00118715,SKU-0012646,user_38981,Adrian Jimenez,2,Stopped working after a week.,2023-04-30,False,NEGATIVE,7,SOURCE_G_REVIEWS,reviews_2023.csv,2023-04-30T23:04:37.669662425,BATCH-G-20230430
REV-00118748,SKU-0004719,user_61297,Bobby,2,"Poor packaging, item was defective.",2023-02-21,True,NEGATIVE,0,SOURCE_G_REVIEWS,reviews_2023.csv,2023-02-21T05:03:27.404988744,BATCH-G-20230221
REV-00118752,SKU-0009930,user_54635,Alison Watkins,5,Great value for money.,2023-01-03,True,POSITIVE,4,SOURCE_G_REVIEWS,reviews_2023.csv,2023-01-03T06:38:35.953636357,BATCH-G-20230103
REV-00118784,SKU-0010371,user_9020774,Roger Lewis,4,"Absolutely love it, works perfectly! ⭐",2023-12-17,True,POSITIVE,3,SOURCE_G_REVIEWS,reviews_2023.csv,2023-12-17T10:30:19.147975620,BATCH-G-20231217
REV-00118795,SKU-0013725,user_58139,Casey Greene,4,Highly recommend this product.,2023-02-26,True,POSITIVE,0,SOURCE_G_REVIEWS,reviews_2023.csv,2023-02-26T05:52:38.230707766,BATCH-G-20230226
REV-00118797,SKU-0007059,user_9018483,Lisa Smith,4,Will definitely buy again.,2023-03-02,False,POSITIVE,2,SOURCE_G_REVIEWS,reviews_2023.csv,2023-03-02T09:56:30.915982650,BATCH-G-20230302
REV-00118813,SKU-0008070,user_9026597,Catherine,4,Great value for money.,2023-02-16,False,POSITIVE,0,SOURCE_G_REVIEWS,reviews_2023.csv,2023-02-16T14:44:39.915051064,BATCH-G-20230216
REV-00118815,SKU-0004287,user_9885,Karen Mayo,?,"Perfect gift, they loved it!",2023-10-16,False,POSITIVE,6,SOURCE_G_REVIEWS,reviews_2023.csv,2023-10-16T14:57:25.212477898,BATCH-G-20231016
REV-00118822,SKU-0009467,user_9028376,James Patel,3,Works fine but delivery was slow.,2023-10-03,False,NEUTRAL,2,SOURCE_G_REVIEWS,reviews_2023.csv,2023-10-04T04:19:06.100701288,BATCH-G-20231003
REV-00118823,SKU-0018400,user_9032486,Elizabeth Kline,4,"Absolutely love it, works perfectly!",2023-09-22,True,POSITIVE,4,SOURCE_G_REVIEWS,reviews_2023.csv,2023-09-23T02:59:43.459192494,BATCH-G-20230922
REV-00118845,SKU-0002575,user_28979,Robert Harris,3,"Not bad, not great either.",2023-04-26,True,NEUTRAL,4,SOURCE_G_REVIEWS,reviews_2023.csv,2023-04-27T05:49:36.074069136,BATCH-G-20230426
REV-00118850,SKU-0005451,user_14951,Eric Brown,5,"Absolutely love it, works perfectly!",2023-10-19,True,POSITIVE,0,SOURCE_G_REVIEWS,reviews_2023.csv,2023-10-20T05:41:20.631238195,BATCH-G-20231019
REV-00118862,SKU-0007589,user_65188,Amy,5,Highly recommend this product.,2023-10-17,True,POSITIVE,13,SOURCE_G_REVIEWS,reviews_2023.csv,2023-10-17T06:00:45.138744004,BATCH-G-20231017
REV-00118884,SKU-0016802,user_3933,Daniel Henry,5,Fast delivery and great quality.,2023-11-19,True,POSITIVE,2,SOURCE_G_REVIEWS,reviews_2023.csv,2023-11-19T23:11:22.989624149,BATCH-G-20231119
REV-00118888,SKU-0005131,user_9024934,Erik,5,Exceeded my expectations.,2023-07-03,False,POSITIVE,2,SOURCE_G_REVIEWS,reviews_2023.csv,2023-07-03T23:01:34.924094077,BATCH-G-20230703
REV-00118897,SKU-0020010,user_9003600,Hannah,4,"Exactly as described, very happy.",2023-10-18,True,POSITIVE,3,SOURCE_G_REVIEWS,reviews_2023.csv,2023-10-18T04:30:29.847737699,BATCH-G-20231018
REV-00118902,SKU-0016370,user_9002567,James,5,Great value for money.,2023-06-01,False,POSITIVE,4,SOURCE_G_REVIEWS,reviews_2023.csv,2023-06-01T22:44:42.643866667,BATCH-G-20230601
REV-00118909,SKU-0002857,user_59068,Todd Rodriguez,-,"Poor packaging, item was defective.",2023-12-10,True,NEGATIVE,1,SOURCE_G_REVIEWS,reviews_2023.csv,2023-12-10T00:53:36.161228424,BATCH-G-20231210
REV-00118918,SKU-0005354,user_11069,Bethany Bautista,4,"Absolutely love it, works perfectly!",2023-12-11,False,POSITIVE,0,SOURCE_G_REVIEWS,reviews_2023.csv,2023-12-11T11:17:05.181919557,BATCH-G-20231211
REV-00118939,SKU-0017328,,Anonymous,1,Arrived damaged and support was unhelpful.,2023-04-13,True,NEGATIVE,2,SOURCE_G_REVIEWS,reviews_2023.csv,2023-04-13T18:56:06.158775747,BATCH-G-20230413
REV-00118943,SKU-0009596,user_9018669,Trevor,2,"Waste of money, do not buy.",2023-10-03,True,NEGATIVE,1,SOURCE_G_REVIEWS,reviews_2023.csv,2023-10-03T01:19:19.960469273,BATCH-G-20231003
REV-00118944,SKU-0004089,user_9029980,Adam Moore,4,Will definitely buy again.,2023-01-14,True,POSITIVE,0,SOURCE_G_REVIEWS,reviews_2023.csv,2023-01-15T05:05:43.745935086,BATCH-G-20230114
REV-00118944-DUP,SKU-0004089,user_9029980,Adam Moore,4,Will definitely buy again.,2023-01-14,True,POSITIVE,0,SOURCE_G_REVIEWS,reviews_2023.csv,2023-01-15T05:09:43.745935086,BATCH-G-20230114
REV-00118948,SKU-0002993,user_49125,Virginia Jefferson,3,"Matches the description, no issues.",2023-04-21,True,NEUTRAL,2,SOURCE_G_REVIEWS,reviews_2023.csv,2023-04-22T05:29:18.071065391,BATCH-G-20230421
REV-00118951,SKU-0013148,user_61737,Shannon Gould,4,"Excellent rapport qualité-prix. Exactly as described, very happy.",2023-02-07,True,POSITIVE,2,SOURCE_G_REVIEWS,reviews_2023.csv,2023-02-07T09:57:49.206430553,BATCH-G-20230207
REV-00118951-DUP,SKU-0013148,user_61737,Shannon Gould,4,"Excellent rapport qualité-prix. Exactly as described, very happy.",2023-02-07,True,POSITIVE,2,SOURCE_G_REVIEWS,reviews_2023.csv,2023-02-07T10:56:49.206430553,BATCH-G-20230207
REV-00118952,SKU-0013940,user_69284,Eric Johnson,5,Exceeded my expectations.,2023-12-13,False,POSITIVE,0,SOURCE_G_REVIEWS,reviews_2023.csv,2023-12-13T16:26:50.241030662,BATCH-G-20231213
REV-00118953,SKU-0009685,user_2335,Anna,5,Very disappointed with the quality.,2023-02-05,True,NEGATIVE,3,SOURCE_G_REVIEWS,reviews_2023.csv,2023-02-05T09:34:00.220641796,BATCH-G-20230205
REV-00118975,SKU-0019761,user_9019756,Joseph Golden,4,"Absolutely love it, works perfectly!",2023-01-28,True,POSITIVE,3,SOURCE_G_REVIEWS,reviews_2023.csv,2023-01-29T05:19:23.860177562,BATCH-G-20230128
REV-00118982,SKU-0002120,user_9015274,Jamie,5,Will definitely buy again.,2023-07-12,True,POSITIVE,0,SOURCE_G_REVIEWS,reviews_2023.csv,2023-07-12T07:38:03.872810290,BATCH-G-20230712
REV-00118990,SKU-0008719,user_22147,Joseph Moss,NULL,Stopped working after a week.,2023-06-07,True,NEGATIVE,0,SOURCE_G_REVIEWS,reviews_2023.csv,2023-06-08T02:14:07.706092251,BATCH-G-20230607
REV-00118998,SKU-0000944,user_2198,Philip,4,Better than I expected for the price.,2023-04-03,False,POSITIVE,4,SOURCE_G_REVIEWS,reviews_2023.csv,2023-04-03T04:21:56.890179257,BATCH-G-20230403
REV-00119007,SKU-0009553,user_9022504,Kelly Stephens,3,"It's okay, does the job.",2023-10-11,False,NEUTRAL,3,SOURCE_G_REVIEWS,reviews_2023.csv,2023-10-12T05:29:06.242005957,BATCH-G-20231011
REV-00119012,SKU-0007281,user_9030629,Mark Williamson,3,"Not bad, not great either.",2023-03-23,True,NEUTRAL,0,SOURCE_G_REVIEWS,reviews_2023.csv,2023-03-23T11:38:44.225746659,BATCH-G-20230323
REV-00119021,SKU-0000080,user_9002005,Christopher Hill,3,"It's okay, does the job.",2023-05-03,True,NEUTRAL,2,SOURCE_G_REVIEWS,reviews_2023.csv,2023-05-04T05:13:03.150838380,BATCH-G-20230503
REV-00119027,SKU-0005152,user_44839,Blake,5,"Solid build quality, no complaints.",2023-06-10,True,POSITIVE,0,SOURCE_G_REVIEWS,reviews_2023.csv,2023-06-10T19:02:59.587089079,BATCH-G-20230610
REV-00119029,SKU-0004021,user_53470,Thomas Hardy,5,Highly recommend this product.,2023-03-14,True,POSITIVE,0,SOURCE_G_REVIEWS,reviews_2023.csv,2023-03-14T14:32:10.409861733,BATCH-G-20230314
REV-00119033,SKU-0017158,user_5355,Cynthia Romero,3,Decent but overpriced a bit.,2023-07-30,True,NEUTRAL,1,SOURCE_G_REVIEWS,reviews_2023.csv,2023-07-31T00:38:02.869235583,BATCH-G-20230730
REV-00119040,SKU-0013083,user_9026677,Kristopher Fritz,5,"Solid build quality, no complaints.",2023-11-23,False,POSITIVE,0,SOURCE_G_REVIEWS,reviews_2023.csv,2023-11-23T09:29:42.032832690,BATCH-G-20231123
REV-00119044,SKU-0011070,user_9013483,Jeffery,5,"Absolutely love it, works perfectly!",2023-01-15,False,POSITIVE,6,SOURCE_G_REVIEWS,reviews_2023.csv,2023-01-15T05:56:42.091964201,BATCH-G-20230115
REV-00119048,SKU-0016656,user_9029551,Randy Booth,2,"Waste of money, do not buy.",2023-07-12,True,NEGATIVE,0,SOURCE_G_REVIEWS,reviews_2023.csv,2023-07-12T10:52:44.085008892,BATCH-G-20230712
REV-00119048-DUP,SKU-0016656,user_9029551,Randy Booth,2,"Waste of money, do not buy.",2023-07-12,True,NEGATIVE,0,SOURCE_G_REVIEWS,reviews_2023.csv,2023-07-12T11:24:44.085008892,BATCH-G-20230712
REV-00119059,SKU-0015929,user_9033219,Gina Keith,5,Better than I expected for the price.,2023-01-23,False,POSITIVE,1,SOURCE_G_REVIEWS,reviews_2023.csv,2023-01-23T12:59:58.234768362,BATCH-G-20230123
REV-00119060,SKU-0016332,user_9026949,Luis,5,Fast delivery and great quality. 😢,2023-04-12,False,POSITIVE,0,SOURCE_G_REVIEWS,reviews_2023.csv,2023-04-13T05:37:47.159062231,BATCH-G-20230412
REV-00119063,SKU-0010292,user_9010901,Dawn,2,Stopped working after a week.,2023-01-02,True,NEGATIVE,3,SOURCE_G_REVIEWS,reviews_2023.csv,2023-01-02T22:35:59.405326323,BATCH-G-20230102
REV-00119077,SKU-0017883,user_19930,Jason Martinez,5,"Absolutely love it, works perfectly!",2023-07-08,False,POSITIVE,2,SOURCE_G_REVIEWS,reviews_2023.csv,2023-07-08T12:00:02.943566569,BATCH-G-20230708
REV-00119078,SKU-0000166,user_9004359,Timothy Jackson,5,Better than I expected for the price.,2023-04-16,True,POSITIVE,0,SOURCE_G_REVIEWS,reviews_2023.csv,2023-04-16T18:36:55.185117046,BATCH-G-20230416
REV-00119085,SKU-0002397,user_61199,Brittany Williamson,2,"Waste of money, do not buy.",2023-12-11,False,NEGATIVE,2,SOURCE_G_REVIEWS,reviews_2023.csv,2023-12-12T01:59:56.241944561,BATCH-G-20231211
REV-00119091,SKU-0020212,,Anonymous,5,Fast delivery and great quality.,2023-05-24,False,POSITIVE,1,SOURCE_G_REVIEWS,reviews_2023.csv,2023-05-24T23:27:32.807750575,BATCH-G-20230524
REV-00119096,SKU-0014123,user_9012139,Joseph Hendricks,3,"Muy buen producto, lo recomiendo. Not bad, not great either.",2023-11-06,True,NEUTRAL,0,SOURCE_G_REVIEWS,reviews_2023.csv,2023-11-06T21:23:33.933437848,BATCH-G-20231106
REV-00119098,SKU-0003727,user_9018935,Angela,5,"Solid build quality, no complaints. 😡",2023-04-29,False,POSITIVE,4,SOURCE_G_REVIEWS,reviews_2023.csv,2023-04-30T02:34:07.042660061,BATCH-G-20230429
REV-00119109,SKU-0000665,,Anonymous,4,Better than I expected for the price.,2023-05-09,True,POSITIVE,4,SOURCE_G_REVIEWS,reviews_2023.csv,2023-05-09T23:39:18.926059746,BATCH-G-20230509
REV-00119111,SKU-0000540,user_14691,David,5,"Absolutely love it, works perfectly!",2023-11-26,True,POSITIVE,0,SOURCE_G_REVIEWS,reviews_2023.csv,2023-11-27T03:46:50.043194300,BATCH-G-20231126
REV-00119114,SKU-0014979,user_12801,Heather,4,Will definitely buy again.,2023-04-06,True,POSITIVE,1,SOURCE_G_REVIEWS,reviews_2023.csv,2023-04-06T08:17:13.693414080,BATCH-G-20230406
REV-00119121,SKU-0008372,,Anonymous,5,Will definitely buy again.,2023-12-15,False,POSITIVE,2,SOURCE_G_REVIEWS,reviews_2023.csv,2023-12-16T03:29:29.209009546,BATCH-G-20231215
REV-00119123,SKU-0012917,user_37352,Kristin Ortiz,1,Arrived damaged and support was unhelpful.,2023-12-24,True,NEGATIVE,0,SOURCE_G_REVIEWS,reviews_2023.csv,2023-12-24T22:53:34.207165962,BATCH-G-20231224
REV-00119125,SKU-9961129,user_9034359,Caleb Hayes,3,"   Matches  the  description,  no  issues.   ",2023-11-28,True,NEUTRAL,1,SOURCE_G_REVIEWS,reviews_2023.csv,2023-11-28T14:25:19.852999672,BATCH-G-20231128
REV-00119127,SKU-0008417,user_9006266,Lee Jimenez,4,Exceeded my expectations.,2023-09-08,False,POSITIVE,3,SOURCE_G_REVIEWS,reviews_2023.csv,2023-09-08T04:33:11.299472473,BATCH-G-20230908
REV-00119150,SKU-0007452,user_9016348,Alison Estrada,5,Highly recommend this product.,2023-10-04,False,POSITIVE,0,SOURCE_G_REVIEWS,reviews_2023.csv,2023-10-04T09:26:02.568039869,BATCH-G-20231004
REV-00119162,SKU-0001158,user_9006372,Daniel Neal,5,Better than I expected for the price.,2023-04-19,True,POSITIVE,2,SOURCE_G_REVIEWS,reviews_2023.csv,2023-04-19T17:24:53.440760348,BATCH-G-20230419
REV-00119170,SKU-0019865,user_28732,Kevin Mitchell,5,"Solid build quality, no complaints.",2023-03-03,True,POSITIVE,1,SOURCE_G_REVIEWS,reviews_2023.csv,2023-03-03T01:06:41.321553818,BATCH-G-20230303
REV-00119170-DUP,SKU-0019865,user_28732,Kevin Mitchell,5,"Solid build quality, no complaints.",2023-03-03,True,POSITIVE,1,SOURCE_G_REVIEWS,reviews_2023.csv,2023-03-03T01:46:41.321553818,BATCH-G-20230303
REV-00119175,SKU-0000626,user_9014262,Dustin,5,Highly recommend this product.,2023-01-20,False,POSITIVE,0,SOURCE_G_REVIEWS,reviews_2023.csv,2023-01-20T05:12:35.167313500,BATCH-G-20230120
REV-00119177,SKU-9986209,,Anonymous,5,"Livraison très lente, déçu. 😐",2023-10-10,True,POSITIVE,0,SOURCE_G_REVIEWS,reviews_2023.csv,2023-10-10T11:29:01.917198496,BATCH-G-20231010
REV-00119199,SKU-0003676,user_9023410,Ann Morgan,5,"Solid build quality, no complaints.",2023-06-03,True,POSITIVE,1,SOURCE_G_REVIEWS,reviews_2023.csv,2023-06-03T23:19:35.103449360,BATCH-G-20230603
REV-00119208,SKU-0006034,,Anonymous,5,</p>Highly recommend this product.<i>edited</i>,2023-02-09,False,POSITIVE,2,SOURCE_G_REVIEWS,reviews_2023.csv,2023-02-10T04:03:58.879676740,BATCH-G-20230209
REV-00119227,SKU-0013210,user_9010802,Deborah Moore,2,Stopped working after a week.,2023-11-10,False,NEGATIVE,2,SOURCE_G_REVIEWS,reviews_2023.csv,2023-11-11T04:57:22.429845561,BATCH-G-20231110
REV-00119229,SKU-0018748,user_29911,Karen Andrews,5,Will definitely buy again. 💯,2023-02-19,False,POSITIVE,0,SOURCE_G_REVIEWS,reviews_2023.csv,2023-02-19T11:07:05.727221815,BATCH-G-20230219
REV-00119239,SKU-0016259,user_9008816,Michael Hansen,5,"Exactly as described, very happy.",2023-08-29,False,POSITIVE,0,SOURCE_G_REVIEWS,reviews_2023.csv,2023-08-30T01:20:50.763526540,BATCH-G-20230829
REV-00119266,SKU-0000881,user_50888,Jason Maxwell,4,Exceeded my expectations.,2023-06-18,True,POSITIVE,1,SOURCE_G_REVIEWS,reviews_2023.csv,2023-06-18T19:34:38.525806044,BATCH-G-20230618
REV-00119267,SKU-0018279,user_9002686,Christina,5,"Absolutely love it, works perfectly!",2023-01-23,True,POSITIVE,1,SOURCE_G_REVIEWS,reviews_2023.csv,2023-01-23T04:18:00.970261756,BATCH-G-20230123
REV-00119293,SKU-0020247,,Anonymous,5,Highly recommend this product.,2023-07-31,True,POSITIVE,0,SOURCE_G_REVIEWS,reviews_2023.csv,2023-07-31T22:53:46.022376747,BATCH-G-20230731
REV-00119294,SKU-0016297,user_9028718,Angela Murphy,5,"Exactly as described, very happy.",2023-10-25,True,POSITIVE,1,SOURCE_G_REVIEWS,reviews_2023.csv,2023-10-25T22:32:18.113093927,BATCH-G-20231025
REV-00119314,SKU-0018550,user_9021379,Andrea Blair,4,"Exactly as described, very happy.",2023-01-02,False,POSITIVE,0,SOURCE_G_REVIEWS,reviews_2023.csv,2023-01-03T00:27:29.844052920,BATCH-G-20230102
REV-00119317,SKU-0010611,user_27019,Dakota Jackson,4,"Absolutely love it, works perfectly!",2023-02-11,True,POSITIVE,0,SOURCE_G_REVIEWS,reviews_2023.csv,2023-02-11T19:49:59.515484510,BATCH-G-20230211
REV-00119331,SKU-0009327,,Anonymous,4,</p>Fast delivery and great quality.<p>,2023-11-15,False,POSITIVE,7,SOURCE_G_REVIEWS,reviews_2023.csv,2023-11-15T11:24:06.554917749,BATCH-G-20231115
REV-00119340,SKU-0017344,user_43547,Gwendolyn Parks,null,Very disappointed with the quality.,2023-12-19,True,NEGATIVE,2,SOURCE_G_REVIEWS,reviews_2023.csv,2023-12-19T22:47:09.249824048,BATCH-G-20231219
REV-00119342,SKU-9968853,user_24530,Brandon,3,"It's okay, does the job.",2023-04-18,True,NEUTRAL,5,SOURCE_G_REVIEWS,reviews_2023.csv,2023-04-19T03:50:03.705774798,BATCH-G-20230418
REV-00119344,SKU-0009177,,Anonymous,4,"Solid build quality, no complaints.",2023-11-24,True,POSITIVE,2,SOURCE_G_REVIEWS,reviews_2023.csv,2023-11-24T03:27:38.271303519,BATCH-G-20231124
REV-00119347,SKU-0013879,user_7848,Sarah,5,Will definitely buy again.,2023-02-14,False,POSITIVE,3,SOURCE_G_REVIEWS,reviews_2023.csv,2023-02-15T05:32:17.073728880,BATCH-G-20230214
REV-00119350,SKU-0011218,user_47353,Debra Fox,4,"बहुत अच्छा उत्पाद है, पैसा वसूल!",2023-06-01,False,POSITIVE,1,SOURCE_G_REVIEWS,reviews_2023.csv,2023-06-01T18:14:15.771049081,BATCH-G-20230601
REV-00119355,SKU-0001818,user_30359,Joseph Holt,5,"   Solid  build  quality,  no  complaints.   ",2023-11-26,False,POSITIVE,2,SOURCE_G_REVIEWS,reviews_2023.csv,2023-11-27T02:23:17.716142443,BATCH-G-20231126
REV-00119357,SKU-0015466,user_9000267,Amy,5,"Solid build quality, no complaints.",2023-12-29,False,POSITIVE,7,SOURCE_G_REVIEWS,reviews_2023.csv,2023-12-29T02:14:56.063609003,BATCH-G-20231229
REV-00119359,SKU-0000555,user_9018109,Brian Jones,5,<b>Update:</b>Fast delivery and great quality.&nbsp;,2023-12-11,False,POSITIVE,0,SOURCE_G_REVIEWS,reviews_2023.csv,2023-12-11T03:25:01.086756624,BATCH-G-20231211
REV-00119363,SKU-0003214,user_8153,Destiny Phillips,5,Great value for money.,2023-06-15,True,POSITIVE,1,SOURCE_G_REVIEWS,reviews_2023.csv,2023-06-15T01:32:32.592277759,BATCH-G-20230615
REV-00119366,SKU-0001669,user_9014514,Jorge Singh,2,Wrong item was shipped to me.,2023-03-09,False,NEGATIVE,1,SOURCE_G_REVIEWS,reviews_2023.csv,2023-03-09T18:39:13.092945199,BATCH-G-20230309
REV-00119376,SKU-0004585,,Anonymous,-1,"Absolutely love it, works perfectly! 😢😡",2023-03-15,True,POSITIVE,1,SOURCE_G_REVIEWS,reviews_2023.csv,2023-03-16T00:54:13.650609096,BATCH-G-20230315
REV-00119377,SKU-0012700,user_54385,Mark,4,Highly recommend this product.,2023-01-20,False,POSITIVE,1,SOURCE_G_REVIEWS,reviews_2023.csv,2023-01-20T06:45:23.638754174,BATCH-G-20230120
REV-00119378,SKU-0019923,user_9020504,Ashley,4,"Livraison très lente, déçu. Exceeded my expectations.",2023-04-26,True,POSITIVE,2,SOURCE_G_REVIEWS,reviews_2023.csv,2023-04-26T07:21:13.984483481,BATCH-G-20230426
REV-00119385,SKU-0005327,,Anonymous,4,Will definitely buy again.,2023-05-08,True,POSITIVE,2,SOURCE_G_REVIEWS,reviews_2023.csv,2023-05-09T03:55:34.557050985,BATCH-G-20230508
REV-00119386,SKU-0006268,user_10819,David,4,"Absolutely love it, works perfectly!",2023-12-19,False,POSITIVE,7,SOURCE_G_REVIEWS,reviews_2023.csv,2023-12-20T03:03:53.287002822,BATCH-G-20231219
REV-00119392,SKU-0005776,,Anonymous,5,No cumplió mis expectativas. Exceeded my expectations. 😀,2023-09-20,False,POSITIVE,2,SOURCE_G_REVIEWS,reviews_2023.csv,2023-09-20T09:28:00.965826779,BATCH-G-20230920
REV-00119400,SKU-0009538,user_9010466,Steven,1,Stopped working after a week.,2023-11-26,False,NEGATIVE,0,SOURCE_G_REVIEWS,reviews_2023.csv,2023-11-27T00:54:21.238011015,BATCH-G-20231126
REV-00119402,SKU-0018365,user_8022,Carlos Phillips,2,"Poor packaging, item was defective.",2023-01-27,True,NEGATIVE,6,SOURCE_G_REVIEWS,reviews_2023.csv,2023-01-27T03:40:19.794621805,BATCH-G-20230127
REV-00119403,SKU-0017366,user_7543,Richard Garcia,3,"Average quality, nothing special.",2023-11-04,True,NEUTRAL,8,SOURCE_G_REVIEWS,reviews_2023.csv,2023-11-04T06:00:42.348450615,BATCH-G-20231104
REV-00119415,SKU-9932773,user_9020089,Susan Li,3,Works fine but delivery was slow.,2023-10-09,False,NEUTRAL,2,SOURCE_G_REVIEWS,reviews_2023.csv,2023-10-09T19:10:05.030851686,BATCH-G-20231009
REV-00119416,SKU-0005396,user_48600,Steve Dougherty,5,Better than I expected for the price.,2023-12-26,True,POSITIVE,0,SOURCE_G_REVIEWS,reviews_2023.csv,2023-12-26T07:08:43.942927224,BATCH-G-20231226
REV-00119423,SKU-0005312,user_18244,Emily Schmidt,5,"Cheaply made, broke immediately.",2023-03-15,False,NEGATIVE,3,SOURCE_G_REVIEWS,reviews_2023.csv,2023-03-15T00:47:59.235036740,BATCH-G-20230315
REV-00119426,SKU-0012846,user_9021830,Michelle Smith,5,Will definitely buy again.,2023-08-04,True,POSITIVE,11,SOURCE_G_REVIEWS,reviews_2023.csv,2023-08-04T23:40:06.587763664,BATCH-G-20230804
REV-00119431,SKU-0014325,user_15995,Luis Miller,2,Not as described at all.,2023-02-20,True,NEGATIVE,3,SOURCE_G_REVIEWS,reviews_2023.csv,2023-02-20T14:19:36.971217645,BATCH-G-20230220
REV-00119436,SKU-0014405,,Anonymous,2,Not as described at all.,2023-03-04,True,NEGATIVE,9,SOURCE_G_REVIEWS,reviews_2023.csv,2023-03-04T09:11:29.739800163,BATCH-G-20230304
REV-00119440,SKU-0019890,user_16652,John,4,Excellent rapport qualité-prix. Great value for money.,2023-07-17,True,POSITIVE,6,SOURCE_G_REVIEWS,reviews_2023.csv,2023-07-17T12:09:03.512406477,BATCH-G-20230717
REV-00119442,SKU-0014450,user_60842,Alice House,1,Not as described at all.,2023-12-22,False,NEGATIVE,1,SOURCE_G_REVIEWS,reviews_2023.csv,2023-12-23T03:54:10.832986042,BATCH-G-20231222
REV-00119445,SKU-0005020,user_28262,Mark Kelly,5,Great value for money.,2023-06-15,False,POSITIVE,0,SOURCE_G_REVIEWS,reviews_2023.csv,2023-06-15T01:17:11.277985463,BATCH-G-20230615
REV-00119459,SKU-0008396,,Anonymous,4,"Solid build quality, no complaints.",2023-12-11,False,POSITIVE,0,SOURCE_G_REVIEWS,reviews_2023.csv,2023-12-11T23:09:35.075860765,BATCH-G-20231211
REV-00119511,SKU-0018285,user_30395,Samuel Myers,5,"Exactly as described, very happy.",2023-01-12,False,POSITIVE,2,SOURCE_G_REVIEWS,reviews_2023.csv,2023-01-12T22:35:24.013682291,BATCH-G-20230112
REV-00119526,SKU-0000448,user_4141,Emily Sanders,5,"Absolutely love it, works perfectly!",2023-11-16,False,POSITIVE,0,SOURCE_G_REVIEWS,reviews_2023.csv,2023-11-16T21:14:05.854632039,BATCH-G-20231116
REV-00119528,SKU-0000945,,Anonymous,5,Will definitely buy again.,2023-11-23,False,POSITIVE,1,SOURCE_G_REVIEWS,reviews_2023.csv,2023-11-24T02:51:16.978410391,BATCH-G-20231123
REV-00119530,SKU-0004395,user_9007606,Kyle Johnson,3,"It's okay, does the job.",2023-12-09,True,NEUTRAL,1,SOURCE_G_REVIEWS,reviews_2023.csv,2023-12-09T02:26:10.407248363,BATCH-G-20231209
REV-00119555,SKU-9904454,user_9024123,Emily Bartlett,3,"It's okay, does the job.",2023-08-16,True,NEUTRAL,4,SOURCE_G_REVIEWS,reviews_2023.csv,2023-08-17T00:36:48.407243851,BATCH-G-20230816
REV-00119558,SKU-0013591,,Anonymous,5,"Perfect gift, they loved it! 💯",2023-03-24,True,POSITIVE,9,SOURCE_G_REVIEWS,reviews_2023.csv,2023-03-24T15:13:02.166550039,BATCH-G-20230324
REV-00119559,SKU-0001780,user_9033884,Justin Edwards,5,Highly recommend this product.,2023-04-28,False,POSITIVE,2,SOURCE_G_REVIEWS,reviews_2023.csv,2023-04-28T12:05:21.962275142,BATCH-G-20230428
REV-00119584,SKU-0014511,user_9016177,Derek Roth,2,Wrong item was shipped to me.,2023-07-22,False,NEGATIVE,0,SOURCE_G_REVIEWS,reviews_2023.csv,2023-07-22T11:11:13.095535826,BATCH-G-20230722
REV-00119585,SKU-0017019,user_9015538,Andrea Lambert,5,"Absolutely love it, works perfectly!",2023-03-12,False,POSITIVE,2,SOURCE_G_REVIEWS,reviews_2023.csv,2023-03-31T00:00:00,BATCH-G-20230312
REV-00119586,SKU-0000673,user_20873,Antonio Johnson,5,"Absolutely love it, works perfectly!",2023-04-21,False,POSITIVE,2,SOURCE_G_REVIEWS,reviews_2023.csv,2023-04-21T14:39:48.019421713,BATCH-G-20230421
REV-00119588,SKU-0006657,user_25282,Thomas Ho,5,Works fine but delivery was slow.,2023-01-16,True,NEUTRAL,2,SOURCE_G_REVIEWS,reviews_2023.csv,2023-01-16T02:31:29.448792191,BATCH-G-20230116
REV-00119596,SKU-0007750,user_54652,Melissa Gibson,1,"बहुत अच्छा उत्पाद है, पैसा वसूल!",2023-01-25,False,NEGATIVE,5,SOURCE_G_REVIEWS,reviews_2023.csv,2023-01-26T02:01:43.058763535,BATCH-G-20230125
REV-00119602,SKU-0012379,user_54720,Joy Washington,4,Better than I expected for the price.,2023-11-14,False,POSITIVE,4,SOURCE_G_REVIEWS,reviews_2023.csv,2023-11-14T19:03:28.304976358,BATCH-G-20231114
REV-00119604,SKU-0008673,user_3319,Carrie,4,Will definitely buy again. 😢😢,2023-12-25,False,POSITIVE,1,SOURCE_G_REVIEWS,reviews_2023.csv,2023-12-25T00:38:01.513400217,BATCH-G-20231225
REV-00119606,SKU-0010056,,Anonymous,4,Exceeded my expectations.,2023-03-21,True,POSITIVE,8,SOURCE_G_REVIEWS,reviews_2023.csv,2023-03-21T18:51:38.760542620,BATCH-G-20230321
REV-00119610,SKU-0000241,user_9009258,Austin Curry,4,Great value for money.,2023-09-16,False,POSITIVE,0,SOURCE_G_REVIEWS,reviews_2023.csv,2023-09-17T00:48:22.485640867,BATCH-G-20230916
REV-00119612,SKU-0015822,user_9026823,Alexander,5,Great value for money.,2023-06-17,True,POSITIVE,2,SOURCE_G_REVIEWS,reviews_2023.csv,2023-06-17T11:28:43.270133052,BATCH-G-20230617
REV-00119627,SKU-0019984,user_9004800,Shawn,4,Highly recommend this product.,2023-01-16,True,POSITIVE,2,SOURCE_G_REVIEWS,reviews_2023.csv,2023-01-16T14:44:45.847639840,BATCH-G-20230116
REV-00119635,SKU-0011715,user_6078,Stephen,3,Works fine but delivery was slow.,2023-02-15,True,NEUTRAL,1,SOURCE_G_REVIEWS,reviews_2023.csv,2023-02-15T08:23:36.104692360,BATCH-G-20230215
REV-00119658,SKU-0017869,,Anonymous,3,"No cumplió mis expectativas. It's okay, does the job.",2023-12-27,True,NEUTRAL,7,SOURCE_G_REVIEWS,reviews_2023.csv,2023-12-28T02:45:54.329322987,BATCH-G-20231227
REV-00119664,SKU-0014232,,Anonymous,5,"   Exactly  as  described,  very  happy.   ",2023-05-24,True,POSITIVE,5,SOURCE_G_REVIEWS,reviews_2023.csv,2023-05-24T02:43:39.890896761,BATCH-G-20230524
REV-00119671,SKU-0012239,user_16134,Katherine Jackson,1,Not as described at all.,2023-05-07,True,NEGATIVE,2,SOURCE_G_REVIEWS,reviews_2023.csv,2023-05-07T14:16:57.741935865,BATCH-G-20230507
REV-00119673,SKU-0006457,user_8910,Mark Jones,4,Better than I expected for the price.,2023-12-27,True,POSITIVE,6,SOURCE_G_REVIEWS,reviews_2023.csv,2023-12-27T08:43:48.006894386,BATCH-G-20231227
REV-00119686,SKU-0000951,user_56358,Samuel,5,Fast delivery and great quality.,2023-10-23,False,POSITIVE,1,SOURCE_G_REVIEWS,reviews_2023.csv,2023-10-23T03:55:32.794676464,BATCH-G-20231023
REV-00119691,SKU-0000844,user_23998,Matthew Jenkins,2,Stopped working after a week.,2023-09-28,True,NEGATIVE,4,SOURCE_G_REVIEWS,reviews_2023.csv,2023-09-28T19:05:48.515985543,BATCH-G-20230928
REV-00119699,SKU-0004454,,Anonymous,3,Decent but overpriced a bit.,2023-08-20,True,NEUTRAL,0,SOURCE_G_REVIEWS,reviews_2023.csv,2023-08-20T07:34:39.974375194,BATCH-G-20230820
REV-00119704,SKU-0010675,user_9034035,Erica,2,"Poor packaging, item was defective.",2023-01-18,True,NEGATIVE,1,SOURCE_G_REVIEWS,reviews_2023.csv,2023-01-19T05:30:26.710514918,BATCH-G-20230118
REV-00119708,SKU-0016940,,Anonymous,4,Great value for money.,2023-09-22,False,POSITIVE,12,SOURCE_G_REVIEWS,reviews_2023.csv,2023-09-23T03:00:39.989966377,BATCH-G-20230922
REV-00119716,SKU-0010992,user_9006119,Julie Moran,2,Wrong item was shipped to me.,2023-12-26,True,NEGATIVE,3,SOURCE_G_REVIEWS,reviews_2023.csv,2023-12-27T01:15:29.501598222,BATCH-G-20231226
REV-00119734,SKU-0013701,user_9009633,Maria Freeman,4,"Perfect gift, they loved it!",2023-07-31,True,POSITIVE,0,SOURCE_G_REVIEWS,reviews_2023.csv,2023-08-01T04:44:06.920598787,BATCH-G-20230731
REV-00119736,SKU-0013650,,Anonymous,4,Will definitely buy again.,2023-05-28,True,POSITIVE,2,SOURCE_G_REVIEWS,reviews_2023.csv,2023-05-29T02:41:16.257739138,BATCH-G-20230528
REV-00119740,SKU-0000685,user_9001744,Samuel,3,"It's okay, does the job.",2023-05-03,False,NEUTRAL,2,SOURCE_G_REVIEWS,reviews_2023.csv,2023-05-02T20:00:00,BATCH-G-20230503
REV-00119752,SKU-0009893,user_9001922,Susan Owens,4,Better than I expected for the price. 🙏😐,2023-11-29,True,POSITIVE,10,SOURCE_G_REVIEWS,reviews_2023.csv,2023-11-29T06:24:33.625599160,BATCH-G-20231129
REV-00119762,SKU-0013015,user_9006630,Taylor,4,Excellent rapport qualité-prix.,2023-06-08,False,POSITIVE,5,SOURCE_G_REVIEWS,reviews_2023.csv,2023-06-09T03:12:10.779677293,BATCH-G-20230608
REV-00119763,SKU-0013013,user_9003544,Dalton Horne,2,Not as described at all. 🙏,2023-04-04,False,NEGATIVE,0,SOURCE_G_REVIEWS,reviews_2023.csv,2023-04-04T03:46:27.765891015,BATCH-G-20230404
REV-00119765,SKU-0001775,user_9016719,Ross Calderon,3,Works fine but delivery was slow.,2023-02-20,True,NEUTRAL,0,SOURCE_G_REVIEWS,reviews_2023.csv,2023-02-21T03:26:10.869499665,BATCH-G-20230220
REV-00119769,SKU-0019098,user_9034524,James,1,Arrived damaged and support was unhelpful.,2023-06-27,False,NEGATIVE,2,SOURCE_G_REVIEWS,reviews_2023.csv,2023-06-27T07:04:16.222746281,BATCH-G-20230627
REV-00119776,SKU-0010096,user_11961,Kellie Davis DDS,0,Will definitely buy again.,2023-07-25,False,POSITIVE,0,SOURCE_G_REVIEWS,reviews_2023.csv,2023-07-25T21:09:44.380711350,BATCH-G-20230725
REV-00119779,SKU-9991804,user_26209,George Brown,4,Fast delivery and great quality.,2023-11-23,True,POSITIVE,2,SOURCE_G_REVIEWS,reviews_2023.csv,2023-11-23T03:42:54.690525569,BATCH-G-20231123
REV-00119781,SKU-0000329,user_42348,Rodney Johnson,4,Works fine but delivery was slow.,2023-05-24,True,NEUTRAL,0,SOURCE_G_REVIEWS,reviews_2023.csv,2023-05-24T01:21:43.173687241,BATCH-G-20230524
REV-00119790,SKU-0013154,user_29822,Mark Lee,4,Highly recommend this product.,2023-06-10,True,POSITIVE,0,SOURCE_G_REVIEWS,reviews_2023.csv,2023-06-10T05:52:31.007288305,BATCH-G-20230610
REV-00119801,SKU-0011299,user_9026372,Maria Cox,4,"Perfect gift, they loved it!",2023-12-21,True,POSITIVE,0,SOURCE_G_REVIEWS,reviews_2023.csv,2024-01-01T01:00:00,BATCH-G-20231221
REV-00119813,SKU-0014884,user_45556,Lindsay Sims,Unknown,Fast delivery and great quality.,2023-01-23,True,POSITIVE,0,SOURCE_G_REVIEWS,reviews_2023.csv,2023-01-23T04:02:24.369068375,BATCH-G-20230123
REV-00119814,SKU-0013486,user_9030667,Karla Rodriguez,3,Decent but overpriced a bit.,2023-04-10,True,NEUTRAL,1,SOURCE_G_REVIEWS,reviews_2023.csv,2023-04-10T04:46:42.010124752,BATCH-G-20230410
REV-00119814-DUP,SKU-0013486,user_9030667,Karla Rodriguez,3,Decent but overpriced a bit.,2023-04-10,True,NEUTRAL,1,SOURCE_G_REVIEWS,reviews_2023.csv,2023-04-10T05:42:42.010124752,BATCH-G-20230410
REV-00119831,SKU-0011665,user_23079,Raymond,4,"Solid build quality, no complaints.",2023-12-27,True,POSITIVE,0,SOURCE_G_REVIEWS,reviews_2023.csv,2023-12-27T09:18:35.507756227,BATCH-G-20231227
REV-00119836,SKU-0004853,,Anonymous,5,Wrong item was shipped to me.,2023-05-17,False,NEGATIVE,1,SOURCE_G_REVIEWS,reviews_2023.csv,2023-05-17T15:08:28.739870601,BATCH-G-20230517
REV-00119837,SKU-0000032,user_9024688,Jeremy,3,"Average quality, nothing special.",2023-05-23,False,NEUTRAL,3,SOURCE_G_REVIEWS,reviews_2023.csv,2023-05-23T06:58:49.468571002,BATCH-G-20230523
REV-00119857,SKU-0000585,,Anonymous,5,Exceeded my expectations.,2023-11-28,True,POSITIVE,4,SOURCE_G_REVIEWS,reviews_2023.csv,2023-11-28T04:14:13.936413450,BATCH-G-20231128
REV-00119864,SKU-0014682,user_52050,Richard,4,Highly recommend this product.,2023-02-19,True,POSITIVE,11,SOURCE_G_REVIEWS,reviews_2023.csv,2023-02-19T08:53:30.191484869,BATCH-G-20230219
REV-00119873,SKU-0005711,user_18679,Timothy,5,Highly recommend this product.,2023-09-09,True,POSITIVE,1,SOURCE_G_REVIEWS,reviews_2023.csv,2023-09-09T06:45:14.261652227,BATCH-G-20230909
REV-00119876,SKU-0013076,user_6510,Dr. Ellen Watkins,4,"Exactly as described, very happy.",2023-11-12,False,POSITIVE,0,SOURCE_G_REVIEWS,reviews_2023.csv,2023-11-12T12:07:01.569637799,BATCH-G-20231112
REV-00119877,SKU-0010108,user_9013980,Whitney Noble,4,Fast delivery and great quality.,2023-12-07,True,POSITIVE,0,SOURCE_G_REVIEWS,reviews_2023.csv,2023-12-08T01:15:19.072106182,BATCH-G-20231207
REV-00119878,SKU-9905039,user_47147,Richard Sweeney,4,Great value for money.,2023-05-06,True,POSITIVE,0,SOURCE_G_REVIEWS,reviews_2023.csv,2023-05-06T18:51:54.444297913,BATCH-G-20230506
REV-00119883,SKU-0007254,user_9032095,Willie Hernandez,5,"Exactly as described, very happy.",2023-12-25,True,POSITIVE,0,SOURCE_G_REVIEWS,reviews_2023.csv,2023-12-25T13:57:28.559603472,BATCH-G-20231225
REV-00119886,SKU-0000727,user_9008681,Elizabeth Torres,4,   Not  as  described  at  all.   ,2023-12-04,True,NEGATIVE,5,SOURCE_G_REVIEWS,reviews_2023.csv,2023-12-04T06:13:51.539001743,BATCH-G-20231204
REV-00119888,SKU-0016897,user_9031167,Jamie,3,Works fine but delivery was slow.,2023-01-31,True,NEUTRAL,1,SOURCE_G_REVIEWS,reviews_2023.csv,2023-01-31T17:19:11.106577776,BATCH-G-20230131
REV-00119898,SKU-0004374,user_59531,Abigail,3,"Muy buen producto, lo recomiendo.",2023-12-19,False,NEUTRAL,3,SOURCE_G_REVIEWS,reviews_2023.csv,2023-12-20T05:14:39.019442895,BATCH-G-20231219
REV-00119900,SKU-0012871,user_9028694,Katherine Norman,5,Fast delivery and great quality.,2023-01-23,True,POSITIVE,8,SOURCE_G_REVIEWS,reviews_2023.csv,2023-01-23T14:45:53.003804867,BATCH-G-20230123
REV-00119903,SKU-0010924,user_9011074,Melody Ford,3,Works fine but delivery was slow.,2023-11-20,False,NEUTRAL,2,SOURCE_G_REVIEWS,reviews_2023.csv,2023-11-21T03:15:32.128709860,BATCH-G-20231120
REV-00119905,SKU-0006789,,Anonymous,2,Very disappointed with the quality.,2023-07-31,False,NEGATIVE,1,SOURCE_G_REVIEWS,reviews_2023.csv,2023-07-31T06:39:58.041428792,BATCH-G-20230731
REV-00119917,SKU-0020119,user_9027817,Patrick Compton,5,Will definitely buy again.,2023-01-11,False,POSITIVE,2,SOURCE_G_REVIEWS,reviews_2023.csv,2023-01-12T03:25:57.451940162,BATCH-G-20230111
REV-00119918,SKU-0014104,user_18811,Jacob,3,"Average quality, nothing special.",2023-09-05,False,NEUTRAL,3,SOURCE_G_REVIEWS,reviews_2023.csv,2023-09-05T06:57:13.569078103,BATCH-G-20230905
REV-00119921,SKU-0010651,user_9029316,Mary King,4,Better than I expected for the price.,2023-09-15,True,POSITIVE,1,SOURCE_G_REVIEWS,reviews_2023.csv,2023-09-15T20:25:18.718208286,BATCH-G-20230915
REV-00119927,SKU-0002741,user_7102,Erin Thomas,1,Stopped working after a week. 😢,2023-12-19,False,NEGATIVE,2,SOURCE_G_REVIEWS,reviews_2023.csv,2023-12-19T19:58:43.349274451,BATCH-G-20231219
REV-00119947,SKU-0001112,user_9001708,Gabriel Richardson,3,Works fine but delivery was slow.,2023-11-20,True,NEUTRAL,0,SOURCE_G_REVIEWS,reviews_2023.csv,2023-11-20T12:08:20.511564128,BATCH-G-20231120
REV-00119948,SKU-0002725,,Anonymous,4,Great value for money.,2023-03-16,False,POSITIVE,0,SOURCE_G_REVIEWS,reviews_2023.csv,2023-03-16T13:27:42.756475003,BATCH-G-20230316
REV-00119951,SKU-0011964,user_1701,Kathryn Barnes,4,Exceeded my expectations.,2023-12-03,True,POSITIVE,0,SOURCE_G_REVIEWS,reviews_2023.csv,2023-12-03T15:26:06.985468218,BATCH-G-20231203
REV-00119951-DUP,SKU-0011964,user_1701,Kathryn Barnes,4,Exceeded my expectations.,2023-12-03,True,POSITIVE,0,SOURCE_G_REVIEWS,reviews_2023.csv,2023-12-03T16:15:06.985468218,BATCH-G-20231203
REV-00119955,SKU-0017463,user_9014399,Elizabeth,4,"Livraison très lente, déçu.",2023-11-08,True,POSITIVE,0,SOURCE_G_REVIEWS,reviews_2023.csv,2023-11-09T04:55:36.209048886,BATCH-G-20231108
REV-00119970,SKU-0005886,,Anonymous,2,"Solid build quality, no complaints.",2023-05-05,True,POSITIVE,0,SOURCE_G_REVIEWS,reviews_2023.csv,2023-05-05T12:41:42.954961100,BATCH-G-20230505
REV-00119971,SKU-0005876,user_9021216,Joshua Carlson,5,Exceeded my expectations.,2023-12-15,True,POSITIVE,0,SOURCE_G_REVIEWS,reviews_2023.csv,2023-12-16T01:17:16.417820245,BATCH-G-20231215
REV-00119985,SKU-0010350,user_15279,Mitchell,1,Very disappointed with the quality.,2023-01-27,True,NEGATIVE,1,SOURCE_G_REVIEWS,reviews_2023.csv,2023-01-27T08:22:11.338170620,BATCH-G-20230127
REV-00119989,SKU-9991258,user_9010572,Eric Smith,5,Excellent rapport qualité-prix.,2023-07-17,True,POSITIVE,0,SOURCE_G_REVIEWS,reviews_2023.csv,2023-07-17T08:33:11.062723203,BATCH-G-20230717
REV-00119993,SKU-0014689,user_65672,Mrs. Kelly Leonard,2,Arrived damaged and support was unhelpful.,2023-06-08,False,NEGATIVE,1,SOURCE_G_REVIEWS,reviews_2023.csv,2023-06-08T02:04:09.293376895,BATCH-G-20230608
REV-00119994,SKU-0013754,user_9007168,Jill Lewis,4,No cumplió mis expectativas.,2023-06-04,True,POSITIVE,4,SOURCE_G_REVIEWS,reviews_2023.csv,2023-06-04T13:35:45.684497332,BATCH-G-20230604
REV-00120003,SKU-0004073,user_31636,George,4,"Absolutely love it, works perfectly!",2023-01-22,True,POSITIVE,0,SOURCE_G_REVIEWS,reviews_2023.csv,2023-01-22T13:42:24.415966939,BATCH-G-20230122
REV-00120007,SKU-0016620,user_63859,Crystal Roberson,-,Great value for money.,2023-02-25,True,POSITIVE,3,SOURCE_G_REVIEWS,reviews_2023.csv,2023-02-25T05:41:47.417989200,BATCH-G-20230225
REV-00120023,SKU-0003324,user_9008160,Christopher,2,"बहुत अच्छा उत्पाद है, पैसा वसूल!",2023-11-28,False,NEGATIVE,9,SOURCE_G_REVIEWS,reviews_2023.csv,2023-11-29T05:13:15.595450227,BATCH-G-20231128
REV-00120040,SKU-0007265,user_12831,Stephanie,4,-,2023-07-15,True,POSITIVE,3,SOURCE_G_REVIEWS,reviews_2023.csv,2023-07-15T04:29:24.127458257,BATCH-G-20230715
REV-00120041,SKU-0004185,user_9010564,Gerald Wolf,4,Will definitely buy again.,2023-12-20,False,POSITIVE,2,SOURCE_G_REVIEWS,reviews_2023.csv,2023-12-21T05:43:06.571936381,BATCH-G-20231220
REV-00120053,SKU-0006030,,Anonymous,4,"Solid build quality, no complaints.",2023-05-03,True,POSITIVE,5,SOURCE_G_REVIEWS,reviews_2023.csv,2023-05-03T18:07:07.346787948,BATCH-G-20230503
REV-00120054,SKU-0020136,user_9013573,Robert,4,Highly recommend this product.,2023-08-17,False,POSITIVE,1,SOURCE_G_REVIEWS,reviews_2023.csv,2023-08-17T10:20:29.960345599,BATCH-G-20230817
REV-00120061,SKU-0009846,user_9033711,Herbert Mack,4,"Exactly as described, very happy.",2023-06-03,False,POSITIVE,0,SOURCE_G_REVIEWS,reviews_2023.csv,2023-06-03T04:54:09.003297202,BATCH-G-20230603
REV-00120070,SKU-0018016,,Anonymous,3,"Not bad, not great either.",2023-01-21,False,NEUTRAL,1,SOURCE_G_REVIEWS,reviews_2023.csv,2023-01-21T08:55:02.671296413,BATCH-G-20230121
REV-00120081,SKU-0006032,user_9019715,Kerry,1,Not as described at all. 🙏,2023-03-09,False,NEGATIVE,0,SOURCE_G_REVIEWS,reviews_2023.csv,2023-03-09T05:48:17.191334864,BATCH-G-20230309
REV-00120083,SKU-0010229,user_9024322,Robert Rodriguez,5,Great value for money.,2023-02-27,True,POSITIVE,3,SOURCE_G_REVIEWS,reviews_2023.csv,2023-02-27T06:57:48.289102718,BATCH-G-20230227
REV-00120088,SKU-0001478,user_47439,Christian,4,Will definitely buy again.,2023-12-11,True,POSITIVE,7,SOURCE_G_REVIEWS,reviews_2023.csv,2023-12-12T05:20:39.710421020,BATCH-G-20231211
REV-00120092,SKU-0002956,user_66804,Richard,5,"Solid build quality, no complaints.",2023-11-29,True,POSITIVE,0,SOURCE_G_REVIEWS,reviews_2023.csv,2023-11-29T23:29:26.847379306,BATCH-G-20231129
REV-00120093,SKU-0008072,user_9002683,Amy,5,Better than I expected for the price.,2023-09-29,True,POSITIVE,9,SOURCE_G_REVIEWS,reviews_2023.csv,2023-09-30T00:21:57.157167711,BATCH-G-20230929
REV-00120106,SKU-0017949,user_9021132,Christine Perez,3,Not as described at all.,2023-01-10,True,NEGATIVE,3,SOURCE_G_REVIEWS,reviews_2023.csv,2023-01-10T12:22:31.743275935,BATCH-G-20230110
REV-00120125,SKU-0012161,user_9000961,Denise,4,"Livraison très lente, déçu.",2023-02-09,True,POSITIVE,0,SOURCE_G_REVIEWS,reviews_2023.csv,2023-02-09T19:11:24.930963896,BATCH-G-20230209
REV-00120136,SKU-9931769,user_9023433,Jimmy,2,"Cheaply made, broke immediately.",2023-07-04,True,NEGATIVE,0,SOURCE_G_REVIEWS,reviews_2023.csv,2023-07-04T09:55:14.599834570,BATCH-G-20230704
REV-00120138,SKU-9973241,user_10385,Robert Nichols PhD,7,"Solid build quality, no complaints.",2023-05-02,True,POSITIVE,0,SOURCE_G_REVIEWS,reviews_2023.csv,2023-05-02T21:06:41.576368117,BATCH-G-20230502
REV-00120140,SKU-0008736,,Anonymous,5,Better than I expected for the price.,2023-01-07,True,POSITIVE,1,SOURCE_G_REVIEWS,reviews_2023.csv,2023-01-07T20:15:04.687762865,BATCH-G-20230107
REV-00120141,SKU-0012155,user_32804,Jodi Burch DDS,4,"Solid build quality, no complaints.",2023-01-14,False,POSITIVE,1,SOURCE_G_REVIEWS,reviews_2023.csv,2023-01-14T11:31:16.051440926,BATCH-G-20230114
REV-00120141-DUP,SKU-0012155,user_32804,Jodi Burch DDS,4,"Solid build quality, no complaints.",2023-01-14,False,POSITIVE,1,SOURCE_G_REVIEWS,reviews_2023.csv,2023-01-14T12:30:16.051440926,BATCH-G-20230114
REV-00120155,SKU-0018405,user_64809,Laurie Medina PhD,4,"Average quality, nothing special.",2023-12-10,False,NEUTRAL,2,SOURCE_G_REVIEWS,reviews_2023.csv,2023-12-10T01:45:46.205630863,BATCH-G-20231210
REV-00120158,SKU-0012725,user_9020080,Ronald Griffin,2,"Waste of money, do not buy.",2023-07-27,True,NEGATIVE,3,SOURCE_G_REVIEWS,reviews_2023.csv,2023-07-27T10:07:30.835037433,BATCH-G-20230727
REV-00120161,SKU-0009170,user_9017765,Wendy Jackson,5,"   Solid  build  quality,  no  complaints.  ⭐😢   ",2023-04-03,True,POSITIVE,3,SOURCE_G_REVIEWS,reviews_2023.csv,2023-04-03T23:12:56.890881713,BATCH-G-20230403
REV-00120172,SKU-0007893,user_58777,Bryan Snyder,3,"Not bad, not great either.",2023-12-19,True,NEUTRAL,0,SOURCE_G_REVIEWS,reviews_2023.csv,2023-12-20T02:27:13.789330272,BATCH-G-20231219
REV-00120188,SKU-0018636,user_9028835,Cynthia Burnett,4,Great value for money.,2023-10-23,False,POSITIVE,2,SOURCE_G_REVIEWS,reviews_2023.csv,2023-10-24T03:14:27.275842898,BATCH-G-20231023
REV-00120190,SKU-0018371,user_46625,Shaun Carter,2,NA,2023-09-25,True,NEGATIVE,0,SOURCE_G_REVIEWS,reviews_2023.csv,2023-09-25T12:34:54.922488771,BATCH-G-20230925
REV-00120197,SKU-0001514,user_64031,David Norris,1,Stopped working after a week.,2023-03-29,False,NEGATIVE,2,SOURCE_G_REVIEWS,reviews_2023.csv,2023-03-29T02:24:23.780637166,BATCH-G-20230329
REV-00120202,SKU-0007096,user_34553,Kelsey Schwartz,5,Highly recommend this product.,2023-04-29,False,POSITIVE,2,SOURCE_G_REVIEWS,reviews_2023.csv,2023-04-29T12:21:25.367795578,BATCH-G-20230429
REV-00120213,SKU-0002483,user_2836,Angel Lee,5,"Muy buen producto, lo recomiendo.",2023-11-30,True,POSITIVE,3,SOURCE_G_REVIEWS,reviews_2023.csv,2023-12-01T00:21:16.014166541,BATCH-G-20231130
REV-00120226,SKU-0005904,user_9005239,Lindsey Williams,4,Better than I expected for the price.,2023-04-10,True,POSITIVE,0,SOURCE_G_REVIEWS,reviews_2023.csv,2023-04-10T21:05:50.051353843,BATCH-G-20230410
REV-00120228,SKU-0002515,user_8161,Mrs. Crystal Meyers,3,"Matches the description, no issues.",2023-09-16,False,NEUTRAL,6,SOURCE_G_REVIEWS,reviews_2023.csv,2023-09-16T07:11:10.344993718,BATCH-G-20230916
REV-00120230,SKU-0018754,user_33883,Sheila Ryan,4,Better than I expected for the price.,2023-02-21,False,POSITIVE,5,SOURCE_G_REVIEWS,reviews_2023.csv,2023-02-28T17:00:00,BATCH-G-20230221
REV-00120238,SKU-0006567,user_63776,Tiffany,2,Arrived damaged and support was unhelpful.,2023-04-26,True,NEGATIVE,6,SOURCE_G_REVIEWS,reviews_2023.csv,2023-04-26T17:15:53.010808139,BATCH-G-20230426
REV-00120240,SKU-0002841,user_5186,Larry Bray,5,Highly recommend this product.,2023-06-10,True,POSITIVE,5,SOURCE_G_REVIEWS,reviews_2023.csv,2023-06-10T15:18:41.925486369,BATCH-G-20230610
REV-00120244,SKU-0005774,user_21548,Eric,5,"Perfect gift, they loved it!",2023-03-05,True,POSITIVE,2,SOURCE_G_REVIEWS,reviews_2023.csv,2023-03-05T01:54:08.557726666,BATCH-G-20230305
REV-00120247,SKU-0003635,user_6785,Jason,5,Will definitely buy again.,2023-09-18,True,POSITIVE,0,SOURCE_G_REVIEWS,reviews_2023.csv,2023-09-18T05:50:23.168644854,BATCH-G-20230918
REV-00120264,SKU-0001700,user_9007921,Sarah,4,Exceeded my expectations.,2023-03-09,False,POSITIVE,0,SOURCE_G_REVIEWS,reviews_2023.csv,2023-03-10T05:16:24.373278616,BATCH-G-20230309
REV-00120312,SKU-0004982,user_28449,Megan,3,unknown,2023-07-16,True,NEUTRAL,1,SOURCE_G_REVIEWS,reviews_2023.csv,2023-07-16T15:20:54.157890366,BATCH-G-20230716
REV-00120313,SKU-0016771,user_9013796,Angela Smith,3,Works fine but delivery was slow.,2023-08-14,True,NEUTRAL,0,SOURCE_G_REVIEWS,reviews_2023.csv,2023-08-15T04:04:28.320883284,BATCH-G-20230814
REV-00120315,SKU-0009085,user_2004,Dwayne Valdez,2,Stopped working after a week.,2023-09-12,True,NEGATIVE,0,SOURCE_G_REVIEWS,reviews_2023.csv,2023-09-12T03:54:22.227222604,BATCH-G-20230912
REV-00120321,SKU-0017614,user_9012926,Timothy Johnston,2,Wrong item was shipped to me.,2023-06-16,True,NEGATIVE,0,SOURCE_G_REVIEWS,reviews_2023.csv,2023-06-16T20:58:47.336679248,BATCH-G-20230616
REV-00120323,SKU-0016590,user_9014532,Kevin,4,&nbsp;Exceeded my expectations.<i>edited</i>,2023-03-25,True,POSITIVE,6,SOURCE_G_REVIEWS,reviews_2023.csv,2023-03-25T02:44:58.964455755,BATCH-G-20230325
REV-00120328,SKU-0015227,user_38330,Dylan Gutierrez,5,Great value for money.,2023-11-27,False,POSITIVE,1,SOURCE_G_REVIEWS,reviews_2023.csv,2023-12-07T12:00:00,BATCH-G-20231127
REV-00120334,SKU-0000188,,Anonymous,1,Stopped working after a week.,2023-02-20,False,NEGATIVE,0,SOURCE_G_REVIEWS,reviews_2023.csv,2023-02-20T18:59:25.608131871,BATCH-G-20230220
REV-00120344,SKU-9911317,user_9024568,Kyle,4,&nbsp;Fast delivery and great quality.<b>Update:</b>,2023-02-27,False,POSITIVE,7,SOURCE_G_REVIEWS,reviews_2023.csv,2023-02-27T14:21:50.037130431,BATCH-G-20230227
REV-00120352,SKU-0003963,user_38138,Patrick Mcdonald,5,"Perfect gift, they loved it!",2023-02-18,True,POSITIVE,0,SOURCE_G_REVIEWS,reviews_2023.csv,2023-02-19T05:56:13.123194361,BATCH-G-20230218
REV-00120357,SKU-0003881,user_45129,Amanda Shannon,5,"Livraison très lente, déçu.",2023-10-26,True,POSITIVE,8,SOURCE_G_REVIEWS,reviews_2023.csv,2023-10-26T02:09:21.881608087,BATCH-G-20231026
REV-00120377,SKU-0000395,user_25363,Richard Dickerson Jr.,5,"Exactly as described, very happy.",2023-01-11,True,POSITIVE,10,SOURCE_G_REVIEWS,reviews_2023.csv,2023-01-11T03:07:11.985054002,BATCH-G-20230111
REV-00120378,SKU-0007145,user_9023191,Bethany,4,Better than I expected for the price.,2023-09-07,True,POSITIVE,11,SOURCE_G_REVIEWS,reviews_2023.csv,2023-09-07T19:31:41.769734146,BATCH-G-20230907
REV-00120378-DUP,SKU-0007145,user_9023191,Bethany,4,Better than I expected for the price.,2023-09-07,True,POSITIVE,11,SOURCE_G_REVIEWS,reviews_2023.csv,2023-09-07T19:53:41.769734146,BATCH-G-20230907
REV-00120381,SKU-0017867,user_9006393,Michael Hall,1,Not as described at all.,2023-05-04,True,NEGATIVE,0,SOURCE_G_REVIEWS,reviews_2023.csv,2023-05-05T02:59:09.371643639,BATCH-G-20230504
REV-00120387,SKU-0011031,user_16080,Isabella,3,"Matches the description, no issues.",2023-06-24,True,NEUTRAL,0,SOURCE_G_REVIEWS,reviews_2023.csv,2023-06-25T03:00:50.533431737,BATCH-G-20230624
REV-00120396,SKU-0006092,user_2414,Manuel Smith,5,"Exactly as described, very happy.",2023-10-24,False,POSITIVE,2,SOURCE_G_REVIEWS,reviews_2023.csv,2023-10-25T03:35:25.949632442,BATCH-G-20231024
REV-00120398,SKU-0005237,user_21228,Lynn Garcia,N/A,Exceeded my expectations.,2023-05-11,False,POSITIVE,2,SOURCE_G_REVIEWS,reviews_2023.csv,2023-05-12T03:04:06.084275806,BATCH-G-20230511
REV-00120405,SKU-0002909,user_9022753,Jason Sanchez,2,Wrong item was shipped to me.,2023-12-19,False,NEGATIVE,2,SOURCE_G_REVIEWS,reviews_2023.csv,2023-12-19T05:18:21.634586830,BATCH-G-20231219
REV-00120406,SKU-0017978,user_46934,Jennifer Ayala,4,Highly recommend this product.,2023-08-18,False,POSITIVE,4,SOURCE_G_REVIEWS,reviews_2023.csv,2023-08-18T05:57:25.648298532,BATCH-G-20230818
REV-00120411,SKU-0013840,,Anonymous,4,"Solid build quality, no complaints.",2023-06-16,True,POSITIVE,7,SOURCE_G_REVIEWS,reviews_2023.csv,2023-07-06T06:00:00,BATCH-G-20230616
REV-00120433,SKU-0005872,user_36734,Thomas Wilson,4,"</p>Exactly as described, very happy.<p>",2023-05-23,True,POSITIVE,2,SOURCE_G_REVIEWS,reviews_2023.csv,2023-05-23T10:15:01.986674040,BATCH-G-20230523
REV-00120456,SKU-9987637,user_21581,Rodney Carpenter,1,Wrong item was shipped to me.,2023-07-01,False,NEGATIVE,3,SOURCE_G_REVIEWS,reviews_2023.csv,2023-07-01T09:05:53.948120826,BATCH-G-20230701
REV-00120476,SKU-0018241,,Anonymous,4,Exceeded my expectations.,2023-07-17,True,POSITIVE,1,SOURCE_G_REVIEWS,reviews_2023.csv,2023-07-17T15:38:56.520876794,BATCH-G-20230717
REV-00120479,SKU-0017664,user_36441,Jennifer Chase,5,Great value for money.,2023-06-12,False,POSITIVE,2,SOURCE_G_REVIEWS,reviews_2023.csv,2023-06-12T04:06:04.229566099,BATCH-G-20230612
REV-00120480,SKU-0005105,,Anonymous,5,"Perfect gift, they loved it!",2023-05-30,True,POSITIVE,0,SOURCE_G_REVIEWS,reviews_2023.csv,2023-05-31T05:08:03.957444907,BATCH-G-20230530
REV-00120483,SKU-0005453,user_15246,William Stewart,4,"Absolutely love it, works perfectly!",2023-03-25,False,POSITIVE,2,SOURCE_G_REVIEWS,reviews_2023.csv,2023-03-25T10:39:28.468923703,BATCH-G-20230325
REV-00120486,SKU-0003476,,Anonymous,5,"Perfect gift, they loved it! 👍",2023-12-19,True,POSITIVE,9,SOURCE_G_REVIEWS,reviews_2023.csv,2023-12-19T03:50:45.788629254,BATCH-G-20231219
REV-00120492,SKU-0011925,user_9007654,Nicole Figueroa,3,Decent but overpriced a bit.,2023-08-17,True,NEUTRAL,0,SOURCE_G_REVIEWS,reviews_2023.csv,2023-08-18T03:38:59.482369803,BATCH-G-20230817
REV-00120502,SKU-0003730,user_61565,Angie,3,"   Muy  buen  producto,  lo  recomiendo.  Works  fine  but  delivery  was  slow.   ",2023-07-11,False,NEUTRAL,0,SOURCE_G_REVIEWS,reviews_2023.csv,2023-07-11T00:44:26.595148281,BATCH-G-20230711
REV-00120502-DUP,SKU-0003730,user_61565,Angie,3,"   Muy  buen  producto,  lo  recomiendo.  Works  fine  but  delivery  was  slow.   ",2023-07-11,False,NEUTRAL,0,SOURCE_G_REVIEWS,reviews_2023.csv,2023-07-11T01:03:26.595148281,BATCH-G-20230711
REV-00120503,SKU-0002760,user_9021198,Rebecca Weaver,5,"बहुत अच्छा उत्पाद है, पैसा वसूल!",2023-05-03,True,POSITIVE,2,SOURCE_G_REVIEWS,reviews_2023.csv,2023-05-04T04:25:30.445058396,BATCH-G-20230503
REV-00120508,SKU-0006789,,Anonymous,2,Excellent rapport qualité-prix.,2023-06-12,True,NEGATIVE,8,SOURCE_G_REVIEWS,reviews_2023.csv,2023-06-12T13:29:29.981553836,BATCH-G-20230612
REV-00120520,SKU-0002683,,Anonymous,2,</p>Stopped working after a week.<i>edited</i>,2023-10-13,True,NEGATIVE,2,SOURCE_G_REVIEWS,reviews_2023.csv,2023-10-13T22:44:32.674368835,BATCH-G-20231013
REV-00120531,SKU-0013396,user_9033217,Jonathon Browning,5,"Exactly as described, very happy. 🙏",2023-12-23,False,POSITIVE,1,SOURCE_G_REVIEWS,reviews_2023.csv,2023-12-24T03:40:21.470165732,BATCH-G-20231223
REV-00120532,SKU-0000707,user_5986,Ashley Jones,1,Not as described at all.,2023-03-11,False,NEGATIVE,5,SOURCE_G_REVIEWS,reviews_2023.csv,2023-03-11T11:56:01.021912110,BATCH-G-20230311
REV-00120536,SKU-0002222,user_9020199,Shawn,5,"Absolutely love it, works perfectly!",2023-07-18,True,POSITIVE,1,SOURCE_G_REVIEWS,reviews_2023.csv,2023-07-18T22:26:09.152111292,BATCH-G-20230718
REV-00120537,SKU-0017491,,Anonymous,4,गुणवत्ता ठीक नहीं थी। Better than I expected for the price.,2023-10-16,True,POSITIVE,3,SOURCE_G_REVIEWS,reviews_2023.csv,2023-10-16T00:35:08.387605617,BATCH-G-20231016
REV-00120539,SKU-0011293,user_50364,Christopher Diaz,3,"Matches the description, no issues.",2023-05-01,True,NEUTRAL,3,SOURCE_G_REVIEWS,reviews_2023.csv,2023-05-01T14:09:38.846892912,BATCH-G-20230501
REV-00120543,SKU-0005269,user_63323,Dorothy Johnson,5,"Perfect gift, they loved it!",2023-07-25,True,POSITIVE,2,SOURCE_G_REVIEWS,reviews_2023.csv,2023-07-26T03:23:03.851916969,BATCH-G-20230725
REV-00120548,SKU-0019446,user_9021668,Melissa Fisher,4,"Waste of money, do not buy.",2023-02-24,True,NEGATIVE,2,SOURCE_G_REVIEWS,reviews_2023.csv,2023-02-24T07:04:45.475293595,BATCH-G-20230224
REV-00120552,SKU-0010870,,Anonymous,5,Will definitely buy again.,2023-07-01,True,POSITIVE,0,SOURCE_G_REVIEWS,reviews_2023.csv,2023-07-02T04:32:47.669488489,BATCH-G-20230701
REV-00120553,SKU-0004983,user_9030409,Kyle Barker,5,"Solid build quality, no complaints.",2023-07-29,True,POSITIVE,1,SOURCE_G_REVIEWS,reviews_2023.csv,2023-07-29T00:30:34.447029052,BATCH-G-20230729
REV-00120564,SKU-0008610,user_9305,Ricky Curry,4,Highly recommend this product.,2023-07-08,False,POSITIVE,5,SOURCE_G_REVIEWS,reviews_2023.csv,2023-07-09T04:31:25.921695892,BATCH-G-20230708
REV-00120566,SKU-0013391,user_9032659,John Chavez,4,"<br>Solid build quality, no complaints.<p>",2023-05-17,True,POSITIVE,1,SOURCE_G_REVIEWS,reviews_2023.csv,2023-05-17T13:52:38.083782982,BATCH-G-20230517
REV-00120567,SKU-0010091,,Anonymous,5,Better than I expected for the price.,2023-10-31,False,POSITIVE,4,SOURCE_G_REVIEWS,reviews_2023.csv,2023-10-31T23:00:32.131467355,BATCH-G-20231031
REV-00120576,SKU-0004524,user_9004629,Sara Taylor,5,Exceeded my expectations.,2023-12-23,False,POSITIVE,3,SOURCE_G_REVIEWS,reviews_2023.csv,2023-12-23T06:25:28.782836046,BATCH-G-20231223
REV-00120582,SKU-0004266,user_12237,Daniel,5,"It's okay, does the job.",2023-01-10,True,NEUTRAL,3,SOURCE_G_REVIEWS,reviews_2023.csv,2023-01-10T12:50:40.798637676,BATCH-G-20230110
REV-00120588,SKU-0010680,user_19925,Michael Colon,5,Highly recommend this product.,2023-01-05,True,POSITIVE,8,SOURCE_G_REVIEWS,reviews_2023.csv,2023-01-05T05:46:34.358908028,BATCH-G-20230105
REV-00120617,SKU-0011289,user_62379,Megan Snyder,3,"Matches the description, no issues.",2023-06-25,True,NEUTRAL,1,SOURCE_G_REVIEWS,reviews_2023.csv,2023-06-26T04:37:45.361908679,BATCH-G-20230625
REV-00120618,SKU-0014500,user_9000250,Mary Jackson,4,Great value for money. 🔥,2023-02-13,True,POSITIVE,0,SOURCE_G_REVIEWS,reviews_2023.csv,2023-02-13T03:21:36.113423012,BATCH-G-20230213
REV-00120619,SKU-0006557,,Anonymous,4,Better than I expected for the price.,2023-02-27,True,POSITIVE,0,SOURCE_G_REVIEWS,reviews_2023.csv,2023-02-28T05:59:51.107296782,BATCH-G-20230227
REV-00120625,SKU-9964097,user_9001652,David,5,Will definitely buy again.,2023-11-16,False,POSITIVE,1,SOURCE_G_REVIEWS,reviews_2023.csv,2023-11-16T17:33:10.922194801,BATCH-G-20231116
REV-00120636,SKU-0019372,user_1836,Joel,5,Better than I expected for the price.,2023-11-28,True,POSITIVE,1,SOURCE_G_REVIEWS,reviews_2023.csv,2023-11-28T23:24:44.460136430,BATCH-G-20231128
REV-00120639,SKU-0017593,user_9031098,Sarah,5,Will definitely buy again.,2023-05-02,True,POSITIVE,2,SOURCE_G_REVIEWS,reviews_2023.csv,2023-05-02T09:41:17.663116236,BATCH-G-20230502
REV-00120640,SKU-0004925,user_9032930,Tanya Franklin,5,"Exactly as described, very happy.",2023-09-01,True,POSITIVE,1,SOURCE_G_REVIEWS,reviews_2023.csv,2023-09-01T05:36:30.888615628,BATCH-G-20230901
REV-00120640-DUP,SKU-0004925,user_9032930,Tanya Franklin,5,"Exactly as described, very happy.",2023-09-01,True,POSITIVE,1,SOURCE_G_REVIEWS,reviews_2023.csv,2023-09-01T06:06:30.888615628,BATCH-G-20230901
REV-00120652,SKU-0004341,user_11113,Christy Lucero,5,Great value for money.,2023-10-25,True,POSITIVE,4,SOURCE_G_REVIEWS,reviews_2023.csv,2023-10-25T17:42:10.657843661,BATCH-G-20231025
REV-00120659,SKU-0008197,user_30899,Judy Palmer,3,"Not bad, not great either.",2023-12-21,True,NEUTRAL,1,SOURCE_G_REVIEWS,reviews_2023.csv,2023-12-21T07:46:49.850092482,BATCH-G-20231221
REV-00120661,SKU-0006756,user_45317,Lisa,5,Exceeded my expectations.,2023-12-21,True,POSITIVE,3,SOURCE_G_REVIEWS,reviews_2023.csv,2023-12-21T01:17:15.549869272,BATCH-G-20231221
REV-00120670,SKU-0015918,user_9018948,Jonathan Dodson,7,Stopped working after a week.,2023-10-09,True,NEGATIVE,0,SOURCE_G_REVIEWS,reviews_2023.csv,2023-10-09T15:50:46.390001675,BATCH-G-20231009
REV-00120681,SKU-0014542,user_63441,Eric,3,"Muy buen producto, lo recomiendo. It's okay, does the job.",2023-07-10,True,NEUTRAL,2,SOURCE_G_REVIEWS,reviews_2023.csv,2023-07-11T02:02:18.782533612,BATCH-G-20230710
REV-00120690,SKU-0017767,user_43005,Diana Lang,4,Will definitely buy again.,2023-10-05,True,POSITIVE,3,SOURCE_G_REVIEWS,reviews_2023.csv,2023-10-05T01:01:03.272379678,BATCH-G-20231005
REV-00120703,SKU-0008744,,Anonymous,1,Arrived damaged and support was unhelpful.,2023-02-13,False,NEGATIVE,4,SOURCE_G_REVIEWS,reviews_2023.csv,2023-02-13T12:53:37.445554862,BATCH-G-20230213
REV-00120713,SKU-0012952,,Anonymous,4,Excellent rapport qualité-prix. Arrived damaged and support was unhelpful.,2023-12-27,True,NEGATIVE,1,SOURCE_G_REVIEWS,reviews_2023.csv,2023-12-27T18:38:31.027936195,BATCH-G-20231227
REV-00120724,SKU-0018884,,Anonymous,4,Great value for money.,2023-11-05,True,POSITIVE,0,SOURCE_G_REVIEWS,reviews_2023.csv,2023-11-05T11:51:05.508091532,BATCH-G-20231105
REV-00120738,SKU-0019779,user_9002492,Erin Rios,4,Great value for money.,2023-06-14,False,POSITIVE,2,SOURCE_G_REVIEWS,reviews_2023.csv,2023-06-14T17:36:11.813290847,BATCH-G-20230614
REV-00120746,SKU-0011068,user_9026036,Tina Macias,3,"Not bad, not great either.",2023-07-23,True,NEUTRAL,8,SOURCE_G_REVIEWS,reviews_2023.csv,2023-07-23T08:58:26.200519116,BATCH-G-20230723
REV-00120748,SKU-0011308,user_37955,Steven Caldwell,2,Arrived damaged and support was unhelpful.,2023-01-20,True,NEGATIVE,2,SOURCE_G_REVIEWS,reviews_2023.csv,2023-01-21T01:05:05.168742588,BATCH-G-20230120
REV-00120749,SKU-0013610,user_49352,Tracey,5,"Absolutely love it, works perfectly!",2023-07-19,False,POSITIVE,0,SOURCE_G_REVIEWS,reviews_2023.csv,2023-07-19T15:33:17.152090086,BATCH-G-20230719
REV-00120760,SKU-0018348,,Anonymous,3,Works fine but delivery was slow.,2023-12-18,True,NEUTRAL,3,SOURCE_G_REVIEWS,reviews_2023.csv,2023-12-18T08:37:25.921711407,BATCH-G-20231218
REV-00120770,SKU-0011756,user_17653,Tanya,5,"Exactly as described, very happy.",2023-12-06,True,POSITIVE,5,SOURCE_G_REVIEWS,reviews_2023.csv,2023-12-06T13:55:18.409761043,BATCH-G-20231206
REV-00120781,SKU-0005118,user_30041,Rhonda Wheeler,4,Great value for money.,2023-02-23,True,POSITIVE,1,SOURCE_G_REVIEWS,reviews_2023.csv,2023-02-24T03:21:27.557792685,BATCH-G-20230223
REV-00120783,SKU-0008266,user_9016680,Kathleen,4,"Exactly as described, very happy.",2023-10-14,False,POSITIVE,2,SOURCE_G_REVIEWS,reviews_2023.csv,2023-10-15T04:12:40.929700430,BATCH-G-20231014
REV-00120785,SKU-0011931,,Anonymous,2,"Not bad, not great either.",2023-03-18,True,NEUTRAL,11,SOURCE_G_REVIEWS,reviews_2023.csv,2023-03-18T17:37:36.140135475,BATCH-G-20230318
REV-00120787,SKU-0019351,user_13195,James Davis,5,"   Exactly  as  described,  very  happy.   ",2023-02-25,True,POSITIVE,0,SOURCE_G_REVIEWS,reviews_2023.csv,2023-02-25T06:43:26.630281399,BATCH-G-20230225
REV-00120797,SKU-0000103,,Anonymous,5,"Solid build quality, no complaints.",2023-10-28,False,POSITIVE,0,SOURCE_G_REVIEWS,reviews_2023.csv,2023-10-28T01:48:12.506513716,BATCH-G-20231028
REV-00120822,SKU-0009855,user_31667,Brenda Pennington,4,Will definitely buy again.,2023-12-27,False,POSITIVE,13,SOURCE_G_REVIEWS,reviews_2023.csv,2023-12-27T05:02:52.639815232,BATCH-G-20231227
REV-00120823,SKU-9916422,user_9000574,Joanna Ellis,4,Exceeded my expectations.,2023-12-29,False,POSITIVE,3,SOURCE_G_REVIEWS,reviews_2023.csv,2023-12-30T05:53:28.591183205,BATCH-G-20231229
REV-00120830,SKU-0018718,user_13706,Ms.,4,Better than I expected for the price.,2023-03-09,True,POSITIVE,1,SOURCE_G_REVIEWS,reviews_2023.csv,2023-03-09T07:20:05.024513570,BATCH-G-20230309
REV-00120837,SKU-0000510,user_45433,Kevin,1,"Poor packaging, item was defective.",2023-08-11,True,NEGATIVE,3,SOURCE_G_REVIEWS,reviews_2023.csv,2023-08-12T01:25:40.349146073,BATCH-G-20230811
REV-00120843,SKU-0005465,user_4124,Andrea,4,Fast delivery and great quality.,2023-12-13,False,POSITIVE,2,SOURCE_G_REVIEWS,reviews_2023.csv,2023-12-13T07:20:42.408318222,BATCH-G-20231213
REV-00120844,SKU-0004900,,Anonymous,4,"बहुत अच्छा उत्पाद है, पैसा वसूल!",2023-12-12,True,POSITIVE,0,SOURCE_G_REVIEWS,reviews_2023.csv,2023-12-12T05:03:29.584322261,BATCH-G-20231212
REV-00120844-DUP,SKU-0004900,,Anonymous,4,"बहुत अच्छा उत्पाद है, पैसा वसूल!",2023-12-12,True,POSITIVE,0,SOURCE_G_REVIEWS,reviews_2023.csv,2023-12-12T05:45:29.584322261,BATCH-G-20231212
REV-00120852,SKU-0005710,,Anonymous,4,Will definitely buy again.,2023-07-22,True,POSITIVE,0,SOURCE_G_REVIEWS,reviews_2023.csv,2023-07-22T04:02:57.512937197,BATCH-G-20230722
REV-00120859,SKU-0014370,user_9006003,Andrew Jackson,5,<p>Highly recommend this product.<i>edited</i>,2023-03-07,True,POSITIVE,0,SOURCE_G_REVIEWS,reviews_2023.csv,2023-03-08T01:28:36.497554445,BATCH-G-20230307
REV-00120864,SKU-0001517,user_56852,Greg,3,Works fine but delivery was slow.,2023-08-29,True,NEUTRAL,0,SOURCE_G_REVIEWS,reviews_2023.csv,2023-08-29T18:25:08.294923793,BATCH-G-20230829
REV-00120866,SKU-0002935,,Anonymous,5,"Exactly as described, very happy.",2023-12-21,True,POSITIVE,0,SOURCE_G_REVIEWS,reviews_2023.csv,2023-12-22T01:41:51.377954139,BATCH-G-20231221
REV-00120875,SKU-0002968,user_9011621,Cindy Velez,NULL,Will definitely buy again.,2023-02-12,True,POSITIVE,0,SOURCE_G_REVIEWS,reviews_2023.csv,2023-02-12T00:30:18.843466506,BATCH-G-20230212
REV-00120884,SKU-0014992,user_9019696,Jason,4,"Solid build quality, no complaints.",2023-02-16,True,POSITIVE,4,SOURCE_G_REVIEWS,reviews_2023.csv,2023-02-16T14:14:36.266236621,BATCH-G-20230216
REV-00120892,SKU-0002122,user_9000847,John Mcdonald,3,"It's okay, does the job.",2023-04-06,False,NEUTRAL,4,SOURCE_G_REVIEWS,reviews_2023.csv,2023-04-06T07:19:12.976020934,BATCH-G-20230406
REV-00120893,SKU-0012434,user_9034081,Christina Thomas,4,"   Solid  build  quality,  no  complaints.   ",2023-05-29,True,POSITIVE,1,SOURCE_G_REVIEWS,reviews_2023.csv,2023-05-30T00:46:49.235295906,BATCH-G-20230529
REV-00120895,SKU-0017083,,Anonymous,5,Will definitely buy again.,2023-01-26,True,POSITIVE,2,SOURCE_G_REVIEWS,reviews_2023.csv,2023-01-27T05:45:21.700580684,BATCH-G-20230126
REV-00120911,SKU-0013161,user_9013058,Candace,3,"Average quality, nothing special.",2023-07-15,True,NEUTRAL,4,SOURCE_G_REVIEWS,reviews_2023.csv,2023-07-16T04:31:13.255727052,BATCH-G-20230715
REV-00120914,SKU-0018675,user_9026713,Julie Howard,2,Very disappointed with the quality.,2023-02-07,True,NEGATIVE,3,SOURCE_G_REVIEWS,reviews_2023.csv,2023-02-07T05:59:41.331530769,BATCH-G-20230207
REV-00120919,SKU-9933218,user_30437,Susan Hayes,3,"Matches the description, no issues.",2023-11-01,False,NEUTRAL,5,SOURCE_G_REVIEWS,reviews_2023.csv,2023-11-01T12:58:26.371377863,BATCH-G-20231101
REV-00120921,SKU-0013054,user_29828,Peter,4,Highly recommend this product.,2023-10-25,False,POSITIVE,1,SOURCE_G_REVIEWS,reviews_2023.csv,2023-10-26T00:09:48.497590190,BATCH-G-20231025
REV-00120931,SKU-0011982,user_47756,Robert,5,Exceeded my expectations.,2023-01-05,True,POSITIVE,3,SOURCE_G_REVIEWS,reviews_2023.csv,2023-01-05T19:10:29.048658265,BATCH-G-20230105
REV-00120934,SKU-0016697,user_9034996,Bruce Hall,5,"Absolutely love it, works perfectly!",2023-03-15,True,POSITIVE,0,SOURCE_G_REVIEWS,reviews_2023.csv,2023-03-15T03:09:23.276586233,BATCH-G-20230315
REV-00120936,SKU-0002454,user_9595,Robert,5,Better than I expected for the price.,2023-10-21,False,POSITIVE,1,SOURCE_G_REVIEWS,reviews_2023.csv,2023-10-21T00:32:47.733593190,BATCH-G-20231021
REV-00120939,SKU-0010935,user_9030000,Jonathan Henderson,4,"It's okay, does the job.",2023-12-29,True,NEUTRAL,0,SOURCE_G_REVIEWS,reviews_2023.csv,2023-12-29T20:28:50.802691839,BATCH-G-20231229
REV-00120949,SKU-0004333,user_43478,Vincent Rivera,5,"Perfect gift, they loved it!",2023-06-05,False,POSITIVE,1,SOURCE_G_REVIEWS,reviews_2023.csv,2023-06-05T22:45:22.012357907,BATCH-G-20230605
REV-00120958,SKU-0013967,,Anonymous,3,Decent but overpriced a bit.,2023-09-09,True,NEUTRAL,1,SOURCE_G_REVIEWS,reviews_2023.csv,2023-09-09T14:52:41.169658397,BATCH-G-20230909
REV-00120959,SKU-0001563,user_6458,Melanie,5,गुणवत्ता ठीक नहीं थी। 😀😍,2023-12-20,True,POSITIVE,0,SOURCE_G_REVIEWS,reviews_2023.csv,2023-12-20T07:34:22.017650257,BATCH-G-20231220
REV-00120968,SKU-0004536,user_9014085,Ryan Bowen,2,Not as described at all.,2023-12-05,True,NEGATIVE,0,SOURCE_G_REVIEWS,reviews_2023.csv,2023-12-05T21:57:52.533278959,BATCH-G-20231205
REV-00120971,SKU-0013334,user_9019818,Pamela,1,Wrong item was shipped to me. 😐,2023-06-04,True,NEGATIVE,5,SOURCE_G_REVIEWS,reviews_2023.csv,2023-06-05T04:10:55.935447328,BATCH-G-20230604
REV-00120974,SKU-0014817,user_7998,Chad,2,Very disappointed with the quality.,2023-09-23,True,NEGATIVE,6,SOURCE_G_REVIEWS,reviews_2023.csv,2023-09-23T06:01:36.020251279,BATCH-G-20230923
REV-00120990,SKU-9993476,user_9008329,Alex,5,Highly recommend this product.,2023-09-20,True,POSITIVE,0,SOURCE_G_REVIEWS,reviews_2023.csv,2023-09-20T00:39:56.061168734,BATCH-G-20230920
REV-00120996,SKU-0004492,,Anonymous,1,Excellent rapport qualité-prix.,2023-12-21,True,NEGATIVE,1,SOURCE_G_REVIEWS,reviews_2023.csv,2023-12-22T02:51:44.087507418,BATCH-G-20231221
REV-00120997,SKU-0001495,user_9034973,Brian White,4,"Perfect gift, they loved it!",2023-11-26,False,POSITIVE,1,SOURCE_G_REVIEWS,reviews_2023.csv,2023-11-26T18:39:35.873720035,BATCH-G-20231126
REV-00121003,SKU-9900824,user_9019267,Travis,1,"बहुत अच्छा उत्पाद है, पैसा वसूल!",2023-02-26,True,NEGATIVE,4,SOURCE_G_REVIEWS,reviews_2023.csv,2023-02-26T02:03:56.940254545,BATCH-G-20230226
REV-00121004,SKU-0013834,user_9018968,Robert Martinez,1,Stopped working after a week.,2023-09-29,False,NEGATIVE,0,SOURCE_G_REVIEWS,reviews_2023.csv,2023-09-29T14:51:06.560538197,BATCH-G-20230929
REV-00121018,SKU-0017309,user_9005921,Robin,4,"Solid build quality, no complaints.",2023-11-02,True,POSITIVE,0,SOURCE_G_REVIEWS,reviews_2023.csv,2023-11-03T04:40:05.854068825,BATCH-G-20231102
REV-00121024,SKU-0010360,user_39624,James Martin,1,"Poor packaging, item was defective.",2023-10-08,True,NEGATIVE,1,SOURCE_G_REVIEWS,reviews_2023.csv,2023-10-08T09:59:50.372904799,BATCH-G-20231008
REV-00121034,SKU-0008603,user_9019418,Shelley,3,"Not bad, not great either.",2023-08-21,True,NEUTRAL,0,SOURCE_G_REVIEWS,reviews_2023.csv,2023-08-21T09:22:51.113355388,BATCH-G-20230821
REV-00121036,SKU-0004342,user_9914,Paul,5,Highly recommend this product.,2023-06-17,True,POSITIVE,1,SOURCE_G_REVIEWS,reviews_2023.csv,2023-06-18T05:44:45.727010848,BATCH-G-20230617
REV-00121050,SKU-0018709,user_53009,Scott Schwartz,4,"Solid build quality, no complaints.",2023-04-22,True,POSITIVE,7,SOURCE_G_REVIEWS,reviews_2023.csv,2023-04-22T01:11:46.652449294,BATCH-G-20230422
REV-00121054,SKU-0000829,user_12040,Pamela,3,"   Matches  the  description,  no  issues.   ",2023-01-18,True,NEUTRAL,6,SOURCE_G_REVIEWS,reviews_2023.csv,2023-01-19T02:44:06.275797139,BATCH-G-20230118
REV-00121057,SKU-9956632,user_9034938,Stacey Chan,3,Very disappointed with the quality.,2023-01-18,False,NEGATIVE,3,SOURCE_G_REVIEWS,reviews_2023.csv,2023-01-18T00:59:55.793611230,BATCH-G-20230118
REV-00121058,SKU-0011414,,Anonymous,4,Great value for money.,2023-11-19,True,POSITIVE,7,SOURCE_G_REVIEWS,reviews_2023.csv,2023-11-19T02:52:52.344480684,BATCH-G-20231119
REV-00121061,SKU-0010129,user_64796,Richard Brown,5,Great value for money.,2023-04-25,False,POSITIVE,2,SOURCE_G_REVIEWS,reviews_2023.csv,2023-04-25T03:10:54.069596732,BATCH-G-20230425
REV-00121071,SKU-0008383,user_9023391,Debbie Johnson,4,Wrong item was shipped to me.,2023-10-25,False,NEGATIVE,8,SOURCE_G_REVIEWS,reviews_2023.csv,2023-10-25T15:20:25.519990821,BATCH-G-20231025
REV-00121078,SKU-0019343,user_9016439,Jennifer Arias,1,"Poor packaging, item was defective.",2023-01-29,True,NEGATIVE,5,SOURCE_G_REVIEWS,reviews_2023.csv,2023-01-29T21:21:07.161739526,BATCH-G-20230129
REV-00121084,SKU-0010211,user_9020273,Donna,4,Will definitely buy again.,2023-08-05,True,POSITIVE,4,SOURCE_G_REVIEWS,reviews_2023.csv,2023-08-05T11:25:44.380345653,BATCH-G-20230805
REV-00121091,SKU-0000305,user_9022479,Reginald Martin,1,<p>Very disappointed with the quality.<b>Update:</b>,2023-09-06,False,NEGATIVE,0,SOURCE_G_REVIEWS,reviews_2023.csv,2023-09-06T02:06:43.671775183,BATCH-G-20230906
REV-00121093,SKU-0006475,user_16469,Emily Murillo,4,"Solid build quality, no complaints.",2023-06-21,False,POSITIVE,3,SOURCE_G_REVIEWS,reviews_2023.csv,2023-06-21T16:04:54.477848588,BATCH-G-20230621
REV-00121094,SKU-0001609,user_9010574,Katherine Avery,5,"Absolutely love it, works perfectly!",2023-03-12,False,POSITIVE,2,SOURCE_G_REVIEWS,reviews_2023.csv,2023-03-12T21:38:44.042425726,BATCH-G-20230312
REV-00121098,SKU-9915196,user_1674,Heather Parker,5,"Perfect gift, they loved it!",2023-11-24,False,POSITIVE,2,SOURCE_G_REVIEWS,reviews_2023.csv,2023-11-24T17:03:58.054969158,BATCH-G-20231124
REV-00121099,SKU-0016734,user_62011,Holly Baker,5,Fast delivery and great quality.,2023-01-18,True,POSITIVE,3,SOURCE_G_REVIEWS,reviews_2023.csv,2023-01-18T13:06:51.083215047,BATCH-G-20230118
REV-00121105,SKU-0006770,,Anonymous,5,"Cheaply made, broke immediately.",2023-01-25,True,NEGATIVE,1,SOURCE_G_REVIEWS,reviews_2023.csv,2023-01-25T19:56:30.797141687,BATCH-G-20230125
REV-00121125,SKU-0017696,user_8227,Chase Friedman,4,Fast delivery and great quality.,2023-12-30,False,POSITIVE,0,SOURCE_G_REVIEWS,reviews_2023.csv,2023-12-31T01:45:57.231595493,BATCH-G-20231230
REV-00121127,SKU-0016183,user_9013835,Justin Galloway,3,   Decent  but  overpriced  a  bit.   ,2023-01-05,False,NEUTRAL,1,SOURCE_G_REVIEWS,reviews_2023.csv,2023-01-05T23:39:00.190453512,BATCH-G-20230105
REV-00121129,SKU-0017581,,Anonymous,2,"Cheaply made, broke immediately.",2023-01-07,True,NEGATIVE,0,SOURCE_G_REVIEWS,reviews_2023.csv,2023-01-07T12:05:09.803865163,BATCH-G-20230107
REV-00121137,SKU-0010613,user_36568,Lindsey Hernandez,4,Exceeded my expectations.,2023-08-27,True,POSITIVE,0,SOURCE_G_REVIEWS,reviews_2023.csv,2023-08-27T14:31:55.269358427,BATCH-G-20230827
REV-00121139,SKU-0017879,user_67432,Patrick,5,Exceeded my expectations.,2023-04-07,False,POSITIVE,1,SOURCE_G_REVIEWS,reviews_2023.csv,2023-04-07T22:22:05.270315871,BATCH-G-20230407
REV-00121142,SKU-0007031,,Anonymous,4,Better than I expected for the price.,2023-11-28,False,POSITIVE,2,SOURCE_G_REVIEWS,reviews_2023.csv,2023-11-28T12:59:58.016289019,BATCH-G-20231128
REV-00121145,SKU-0008465,,Anonymous,5,"Absolutely love it, works perfectly!",2023-05-19,True,POSITIVE,0,SOURCE_G_REVIEWS,reviews_2023.csv,2023-05-19T06:18:22.452362356,BATCH-G-20230519
REV-00121146,SKU-0004788,user_20241,Olivia Smith,5,"Absolutely love it, works perfectly!",2023-11-04,True,POSITIVE,3,SOURCE_G_REVIEWS,reviews_2023.csv,2023-11-04T21:42:09.258116290,BATCH-G-20231104
REV-00121155,SKU-0009023,user_12406,David Church,NULL,"Muy buen producto, lo recomiendo. Fast delivery and great quality.",2023-11-19,False,POSITIVE,2,SOURCE_G_REVIEWS,reviews_2023.csv,2023-11-19T22:38:52.093845847,BATCH-G-20231119
REV-00121160,SKU-0012488,user_7686,Nicole Wright,4,Highly recommend this product.,2023-11-26,False,POSITIVE,7,SOURCE_G_REVIEWS,reviews_2023.csv,2023-11-26T20:00:51.472160857,BATCH-G-20231126
REV-00121160-BOT,SKU-0012488,user_9012421,Donald Rodriguez,4,Highly recommend this product.,2023-11-26,False,POSITIVE,0,SOURCE_G_REVIEWS,reviews_2023.csv,2023-11-26T20:00:51.472160857,BATCH-G-20231126
REV-00121162,SKU-0010850,user_39169,Taylor Guzman,4,"Perfect gift, they loved it! 😀",2023-04-22,True,POSITIVE,3,SOURCE_G_REVIEWS,reviews_2023.csv,2023-04-22T13:35:48.033696095,BATCH-G-20230422
REV-00121167,SKU-0018231,user_65340,Annette Olson,3,"<b>Update:</b>Not bad, not great either.<b>Update:</b>",2023-01-04,True,NEUTRAL,6,SOURCE_G_REVIEWS,reviews_2023.csv,2023-01-05T04:15:42.168162102,BATCH-G-20230104
REV-00121171,SKU-0018392,user_9030071,Timothy Smith,6,Fast delivery and great quality.,2023-07-20,True,POSITIVE,3,SOURCE_G_REVIEWS,reviews_2023.csv,2023-07-21T05:04:57.204410698,BATCH-G-20230720
REV-00121174,SKU-0010834,user_9033451,Mr. Patrick Tucker,5,Better than I expected for the price.,2023-08-10,True,POSITIVE,0,SOURCE_G_REVIEWS,reviews_2023.csv,2023-08-10T03:30:56.932575788,BATCH-G-20230810
REV-00121176,SKU-0006182,,Anonymous,5,Fast delivery and great quality.,2023-04-25,True,POSITIVE,0,SOURCE_G_REVIEWS,reviews_2023.csv,2023-04-25T12:32:54.218165490,BATCH-G-20230425
REV-00121183,SKU-0008555,user_9014592,Craig Pearson,2,"बहुत अच्छा उत्पाद है, पैसा वसूल! Fast delivery and great quality.",2023-10-06,True,POSITIVE,1,SOURCE_G_REVIEWS,reviews_2023.csv,2023-10-06T17:48:23.961715326,BATCH-G-20231006
REV-00121186,SKU-0005779,user_9019676,Molly Elliott,5,Works fine but delivery was slow.,2023-05-28,False,NEUTRAL,8,SOURCE_G_REVIEWS,reviews_2023.csv,2023-05-28T23:27:25.724520171,BATCH-G-20230528
REV-00121205,SKU-0002355,user_9010744,Kevin Bell,2,"Cheaply made, broke immediately.",2023-04-28,True,NEGATIVE,2,SOURCE_G_REVIEWS,reviews_2023.csv,2023-04-28T19:00:11.565087885,BATCH-G-20230428
REV-00121206,SKU-0002356,user_30058,Kimberly Jacobs,3,No cumplió mis expectativas.,2023-08-18,False,NEUTRAL,3,SOURCE_G_REVIEWS,reviews_2023.csv,2023-08-18T08:44:12.312297066,BATCH-G-20230818
REV-00121219,SKU-9944860,user_9009519,Ashley Hernandez,5,Fast delivery and great quality.,2023-05-03,False,POSITIVE,0,SOURCE_G_REVIEWS,reviews_2023.csv,2023-05-18T08:00:00,BATCH-G-20230503
REV-00121220,SKU-0009806,user_38524,Adam Jones,2,Very disappointed with the quality.,2023-01-08,True,NEGATIVE,1,SOURCE_G_REVIEWS,reviews_2023.csv,2023-01-09T02:09:15.178373633,BATCH-G-20230108
REV-00121233,SKU-0004823,user_9023827,Ashley Rodriguez,4,Very disappointed with the quality.,2023-09-18,False,NEGATIVE,1,SOURCE_G_REVIEWS,reviews_2023.csv,2023-09-18T13:06:11.137562479,BATCH-G-20230918
REV-00121234,SKU-0016756,user_9016127,James Thompson,4,"Perfect gift, they loved it!",2023-10-24,False,POSITIVE,3,SOURCE_G_REVIEWS,reviews_2023.csv,2023-10-24T09:43:05.487728714,BATCH-G-20231024
REV-00121237,SKU-0018817,user_64579,Brent Mccarthy,2,गुणवत्ता ठीक नहीं थी। Not as described at all.,2023-06-12,False,NEGATIVE,1,SOURCE_G_REVIEWS,reviews_2023.csv,2023-06-12T16:18:05.395187434,BATCH-G-20230612
REV-00121240,SKU-0015772,user_27928,Ricky,4,   Highly  recommend  this  product.   ,2023-08-03,True,POSITIVE,0,SOURCE_G_REVIEWS,reviews_2023.csv,2023-08-03T17:27:50.405679009,BATCH-G-20230803
REV-00121247,SKU-0003333,user_9021005,Ashley Smith,4,Better than I expected for the price.,2023-05-06,True,POSITIVE,0,SOURCE_G_REVIEWS,reviews_2023.csv,2023-05-06T15:07:49.456844237,BATCH-G-20230506
REV-00121254,SKU-0006478,user_23706,Todd Larsen,1,Very disappointed with the quality.,2023-06-14,True,NEGATIVE,0,SOURCE_G_REVIEWS,reviews_2023.csv,2023-06-14T01:05:52.272449789,BATCH-G-20230614
REV-00121263,SKU-0005703,user_9010475,John Johnson,4,"Absolutely love it, works perfectly!",2023-12-09,True,POSITIVE,1,SOURCE_G_REVIEWS,reviews_2023.csv,2023-12-09T09:33:28.275093160,BATCH-G-20231209
REV-00121279,SKU-0009040,user_9009568,Stacey,1,"Poor packaging, item was defective.",2023-12-19,False,NEGATIVE,7,SOURCE_G_REVIEWS,reviews_2023.csv,2023-12-19T01:31:41.900143745,BATCH-G-20231219
REV-00121282,SKU-0001224,user_9018782,Brittney Guerra,5,"Absolutely love it, works perfectly!",2023-12-19,True,POSITIVE,1,SOURCE_G_REVIEWS,reviews_2023.csv,2023-12-19T03:47:57.076316659,BATCH-G-20231219
REV-00121289,SKU-0006214,user_9026555,Patricia,5,Exceeded my expectations. 💯,2023-11-23,False,POSITIVE,3,SOURCE_G_REVIEWS,reviews_2023.csv,2023-11-23T15:15:03.637004546,BATCH-G-20231123
REV-00121300,SKU-0000144,user_19414,Nathan Guerra,null,"Waste of money, do not buy.",2023-09-24,True,NEGATIVE,2,SOURCE_G_REVIEWS,reviews_2023.csv,2023-09-25T03:47:22.706255120,BATCH-G-20230924
REV-00121307,SKU-0018954,user_9018372,Ann Webster,3,Decent but overpriced a bit.,2023-05-30,True,NEUTRAL,2,SOURCE_G_REVIEWS,reviews_2023.csv,2023-05-30T01:51:35.538946236,BATCH-G-20230530
REV-00121312,SKU-0006247,user_7806,Alexander,4,Exceeded my expectations.,2023-10-14,True,POSITIVE,1,SOURCE_G_REVIEWS,reviews_2023.csv,2023-10-14T10:39:11.024347226,BATCH-G-20231014
REV-00121316,SKU-0017671,user_13423,Hayden Barnes,5,"   Cheaply  made,  broke  immediately.   ",2023-06-03,False,NEGATIVE,2,SOURCE_G_REVIEWS,reviews_2023.csv,2023-06-04T04:32:41.788765521,BATCH-G-20230603
REV-00121318,SKU-0006098,user_41966,Kayla Yang,5,Exceeded my expectations.,2023-11-04,False,POSITIVE,4,SOURCE_G_REVIEWS,reviews_2023.csv,2023-11-05T01:39:11.423167862,BATCH-G-20231104
REV-00121335,SKU-9964231,user_9026350,Jennifer Marshall,4,Better than I expected for the price. 😍,2023-04-26,False,POSITIVE,2,SOURCE_G_REVIEWS,reviews_2023.csv,2023-04-26T02:29:20.854876086,BATCH-G-20230426
REV-00121336,SKU-0010618,user_9016628,Caleb,5,Exceeded my expectations.,2023-01-24,True,POSITIVE,3,SOURCE_G_REVIEWS,reviews_2023.csv,2023-01-24T15:16:16.939516970,BATCH-G-20230124
REV-00121344,SKU-0002191,user_60197,Rebecca, ,"Solid build quality, no complaints.",2023-06-17,False,POSITIVE,2,SOURCE_G_REVIEWS,reviews_2023.csv,2023-06-17T20:47:55.788550241,BATCH-G-20230617
REV-00121345,SKU-0005857,user_60586,Danny,4,Fast delivery and great quality.,2023-07-16,True,POSITIVE,4,SOURCE_G_REVIEWS,reviews_2023.csv,2023-07-17T05:26:55.276945523,BATCH-G-20230716
REV-00121362,SKU-0015866,,Anonymous,4,"Solid build quality, no complaints.",2023-11-05,True,POSITIVE,0,SOURCE_G_REVIEWS,reviews_2023.csv,2023-11-05T06:25:26.078369166,BATCH-G-20231105
REV-00121376,SKU-0013657,user_9018627,Angela Terry,1,No cumplió mis expectativas. ⭐👍,2023-09-19,True,NEGATIVE,0,SOURCE_G_REVIEWS,reviews_2023.csv,2023-09-20T00:49:52.626447097,BATCH-G-20230919
REV-00121382,SKU-0006143,user_9000107,Mr.,4,Fast delivery and great quality.,2023-03-10,True,POSITIVE,3,SOURCE_G_REVIEWS,reviews_2023.csv,2023-03-10T10:34:59.775198855,BATCH-G-20230310
REV-00121383,SKU-0007752,,Anonymous,4,Exceeded my expectations.,2023-11-25,False,POSITIVE,0,SOURCE_G_REVIEWS,reviews_2023.csv,2023-11-25T01:50:06.213239698,BATCH-G-20231125
REV-00121394,SKU-0013365,,Anonymous,5,   Fast  delivery  and  great  quality.   ,2023-05-06,False,POSITIVE,1,SOURCE_G_REVIEWS,reviews_2023.csv,2023-05-06T02:36:34.725500226,BATCH-G-20230506
REV-00121396,SKU-0010121,user_23416,Adam,4,Exceeded my expectations.,2023-11-28,False,POSITIVE,2,SOURCE_G_REVIEWS,reviews_2023.csv,2023-11-28T03:44:04.946595333,BATCH-G-20231128
REV-00121399,SKU-0018285,user_56305,Samantha Wallace,5,"Absolutely love it, works perfectly!",2023-03-11,True,POSITIVE,1,SOURCE_G_REVIEWS,reviews_2023.csv,2023-03-11T19:35:41.896206953,BATCH-G-20230311
REV-00121406,SKU-0004668,user_9027159,Phillip Hansen,5,"Absolutely love it, works perfectly!",2023-05-27,True,POSITIVE,1,SOURCE_G_REVIEWS,reviews_2023.csv,2023-05-28T00:13:42.721218051,BATCH-G-20230527
REV-00121413,SKU-0008447,user_9001883,Micheal,5,Will definitely buy again.,2023-10-11,True,POSITIVE,1,SOURCE_G_REVIEWS,reviews_2023.csv,2023-10-11T11:04:50.184459666,BATCH-G-20231011
REV-00121415,SKU-0003265,user_34430,Thomas Jenkins,4,Fast delivery and great quality.,2023-11-29,True,POSITIVE,1,SOURCE_G_REVIEWS,reviews_2023.csv,2023-11-29T04:10:05.340886069,BATCH-G-20231129
REV-00121428,SKU-0004232,,Anonymous,3,Works fine but delivery was slow. 😡,2023-11-17,False,NEUTRAL,4,SOURCE_G_REVIEWS,reviews_2023.csv,2023-11-17T15:50:31.313847137,BATCH-G-20231117
REV-00121433,SKU-0010238,,Anonymous,5,"Solid build quality, no complaints. 💯",2023-10-04,True,POSITIVE,4,SOURCE_G_REVIEWS,reviews_2023.csv,2023-10-04T06:45:25.633693706,BATCH-G-20231004
REV-00121436,SKU-0006133,user_9013989,Kyle Booker,7,"Matches the description, no issues.",2023-06-09,False,NEUTRAL,1,SOURCE_G_REVIEWS,reviews_2023.csv,2023-06-09T01:41:05.776125640,BATCH-G-20230609
REV-00121441,SKU-0011092,user_9033972,Tanya Hobbs,3,"</p>It's okay, does the job.&nbsp;",2023-11-23,False,NEUTRAL,0,SOURCE_G_REVIEWS,reviews_2023.csv,2023-11-24T00:13:16.766821798,BATCH-G-20231123
REV-00121442,SKU-0003049,,Anonymous,2,Very disappointed with the quality.,2023-12-24,False,NEGATIVE,1,SOURCE_G_REVIEWS,reviews_2023.csv,2023-12-24T17:49:25.898192339,BATCH-G-20231224
REV-00121456,SKU-0018497,,Anonymous,5,"Perfect gift, they loved it!",2023-01-19,True,POSITIVE,3,SOURCE_G_REVIEWS,reviews_2023.csv,2023-01-20T04:12:02.948565185,BATCH-G-20230119
REV-00121457,SKU-0008534,user_9030770,Christopher Dean,5,"Absolutely love it, works perfectly!",2023-11-22,True,POSITIVE,1,SOURCE_G_REVIEWS,reviews_2023.csv,2023-11-23T01:26:21.542653501,BATCH-G-20231122
REV-00121466,SKU-9944505,user_9030161,Joseph Giles,5,Highly recommend this product.,2023-01-22,False,POSITIVE,0,SOURCE_G_REVIEWS,reviews_2023.csv,2023-01-22T14:00:54.639677459,BATCH-G-20230122
REV-00121468,SKU-0015535,user_57232,Kristina Holt,4,Great value for money.,2023-12-21,True,POSITIVE,7,SOURCE_G_REVIEWS,reviews_2023.csv,2023-12-21T01:49:51.367341024,BATCH-G-20231221
REV-00121468-DUP,SKU-0015535,user_57232,Kristina Holt,4,Great value for money.,2023-12-21,True,POSITIVE,7,SOURCE_G_REVIEWS,reviews_2023.csv,2023-12-21T02:15:51.367341024,BATCH-G-20231221
REV-00121471,SKU-0008166,user_24739,Chris Torres,4,"Perfect gift, they loved it!",2023-09-10,True,POSITIVE,3,SOURCE_G_REVIEWS,reviews_2023.csv,2023-09-11T00:52:28.275840330,BATCH-G-20230910
REV-00121472,SKU-0018749,user_59572,Tasha Grimes,4,No cumplió mis expectativas.,2023-10-16,True,POSITIVE,6,SOURCE_G_REVIEWS,reviews_2023.csv,2023-10-17T04:15:55.419319503,BATCH-G-20231016
REV-00121496,SKU-0018543,,Anonymous,4,"Exactly as described, very happy.",2023-06-26,True,POSITIVE,6,SOURCE_G_REVIEWS,reviews_2023.csv,2023-06-26T07:40:48.539272049,BATCH-G-20230626
REV-00121506,SKU-0018631,user_9032088,Walter,4,"Absolutely love it, works perfectly!",2023-11-28,False,POSITIVE,0,SOURCE_G_REVIEWS,reviews_2023.csv,2023-11-28T11:00:15.239197164,BATCH-G-20231128
REV-00121520,SKU-0014706,,Anonymous,2,Very disappointed with the quality.,2023-06-21,True,NEGATIVE,0,SOURCE_G_REVIEWS,reviews_2023.csv,2023-06-21T16:57:12.239890199,BATCH-G-20230621
REV-00121556,SKU-0002286,,Anonymous,5,Great value for money.,2023-10-04,True,POSITIVE,2,SOURCE_G_REVIEWS,reviews_2023.csv,2023-10-05T02:03:42.443648959,BATCH-G-20231004
REV-00121557,SKU-0007564,user_26632,Sherry Jackson,4,Will definitely buy again.,2023-04-20,False,POSITIVE,4,SOURCE_G_REVIEWS,reviews_2023.csv,2023-04-20T22:36:14.389254067,BATCH-G-20230420
REV-00121560,SKU-0007485,user_44702,Rachael Davis,2,Arrived damaged and support was unhelpful.,2023-05-14,True,NEGATIVE,2,SOURCE_G_REVIEWS,reviews_2023.csv,2023-05-14T11:06:47.624336563,BATCH-G-20230514
REV-00121577,SKU-0017703,user_9006276,Michael,2,"Waste of money, do not buy.",2023-07-21,False,NEGATIVE,7,SOURCE_G_REVIEWS,reviews_2023.csv,2023-07-21T02:23:42.997612274,BATCH-G-20230721
REV-00121617,SKU-0009370,user_53468,Penny Holmes,-1,Will definitely buy again.,2023-02-09,True,POSITIVE,0,SOURCE_G_REVIEWS,reviews_2023.csv,2023-02-09T06:40:03.033535982,BATCH-G-20230209
REV-00121623,SKU-0001074,,Anonymous,5,"Exactly as described, very happy.",2023-02-07,True,POSITIVE,1,SOURCE_G_REVIEWS,reviews_2023.csv,2023-02-07T10:40:32.777427375,BATCH-G-20230207
REV-00121642,SKU-0009549,user_4527,Mrs. Carrie Davis,4,Fast delivery and great quality.,2023-11-05,False,POSITIVE,1,SOURCE_G_REVIEWS,reviews_2023.csv,2023-11-05T03:20:26.055382575,BATCH-G-20231105
REV-00121645,SKU-0013289,user_9002935,Alicia Murphy,4,Great value for money.,2023-04-17,False,POSITIVE,3,SOURCE_G_REVIEWS,reviews_2023.csv,2023-04-17T10:00:23.670623619,BATCH-G-20230417
REV-00121647,SKU-0002225,user_16281,Joseph,1,"Waste of money, do not buy.",2023-02-23,True,NEGATIVE,2,SOURCE_G_REVIEWS,reviews_2023.csv,2023-02-23T18:43:48.996937753,BATCH-G-20230223
REV-00121653,SKU-0016529,user_58826,Stephen,null,"Exactly as described, very happy.",2023-12-10,False,POSITIVE,3,SOURCE_G_REVIEWS,reviews_2023.csv,2023-12-10T04:26:45.933197636,BATCH-G-20231210
REV-00121660,SKU-0002752,user_9005579,Matthew Reyes,2,Great value for money.,2023-10-20,False,POSITIVE,0,SOURCE_G_REVIEWS,reviews_2023.csv,2023-10-21T02:11:08.817285269,BATCH-G-20231020
REV-00121663,SKU-0006784,user_9011968,Marissa Dyer,5,"&nbsp;Muy buen producto, lo recomiendo.<b>Update:</b>",2023-04-21,True,POSITIVE,10,SOURCE_G_REVIEWS,reviews_2023.csv,2023-04-21T01:39:51.900821496,BATCH-G-20230421
REV-00121663-DUP,SKU-0006784,user_9011968,Marissa Dyer,5,"&nbsp;Muy buen producto, lo recomiendo.<b>Update:</b>",2023-04-21,True,POSITIVE,10,SOURCE_G_REVIEWS,reviews_2023.csv,2023-04-21T01:59:51.900821496,BATCH-G-20230421
REV-00121665,SKU-0006216,user_68546,Oscar Rodriguez,3,"Not bad, not great either.",2023-07-06,False,NEUTRAL,1,SOURCE_G_REVIEWS,reviews_2023.csv,2023-07-06T02:17:50.196140384,BATCH-G-20230706
REV-00121667,SKU-0013452,user_1312,John Sanchez,4,Will definitely buy again.,2023-12-13,False,POSITIVE,0,SOURCE_G_REVIEWS,reviews_2023.csv,2023-12-13T09:59:35.241790946,BATCH-G-20231213
REV-00121668,SKU-0000895,user_9031302,Brian Perez,1,"Cheaply made, broke immediately.",2023-01-22,True,NEGATIVE,3,SOURCE_G_REVIEWS,reviews_2023.csv,2023-01-22T02:28:07.141737338,BATCH-G-20230122
REV-00121675,SKU-0002477,user_9021181,Heather Oconnor,4,Fast delivery and great quality.,2023-07-30,True,POSITIVE,6,SOURCE_G_REVIEWS,reviews_2023.csv,2023-07-30T18:19:23.139200739,BATCH-G-20230730
REV-00121689,SKU-0006763,user_9029748,Victoria,3,"Not bad, not great either.",2023-03-01,True,NEUTRAL,1,SOURCE_G_REVIEWS,reviews_2023.csv,2023-03-02T01:14:04.871764930,BATCH-G-20230301
REV-00121690,SKU-0012204,user_23830,April Rodriguez,5,   Highly  recommend  this  product.   ,2023-09-01,True,POSITIVE,4,SOURCE_G_REVIEWS,reviews_2023.csv,2023-09-01T01:28:38.484345600,BATCH-G-20230901
REV-00121692,SKU-0001652,user_48131,Jill Carter,4,Highly recommend this product.,2023-11-26,False,POSITIVE,2,SOURCE_G_REVIEWS,reviews_2023.csv,2023-11-26T09:39:33.742550759,BATCH-G-20231126
REV-00121746,SKU-0004058,user_9017567,Amber Lawrence,4,Fast delivery and great quality.,2023-05-10,True,POSITIVE,0,SOURCE_G_REVIEWS,reviews_2023.csv,2023-05-11T05:42:52.548735962,BATCH-G-20230510
REV-00121750,SKU-0012458,user_11769,Natasha Sanders,4,Works fine but delivery was slow.,2023-07-22,False,NEUTRAL,0,SOURCE_G_REVIEWS,reviews_2023.csv,2023-07-22T04:00:50.047652297,BATCH-G-20230722
REV-00121758,SKU-0018381,,Anonymous,5,Fast delivery and great quality.,2023-06-02,False,POSITIVE,2,SOURCE_G_REVIEWS,reviews_2023.csv,2023-06-02T11:02:58.214048047,BATCH-G-20230602
REV-00121772,SKU-0016808,user_9008599,Rhonda Herring,4,Great value for money.,2023-04-06,True,POSITIVE,0,SOURCE_G_REVIEWS,reviews_2023.csv,2023-04-06T14:43:00.694965784,BATCH-G-20230406
REV-00121781,SKU-0002408,user_9000418,Matthew,2,Very disappointed with the quality.,2023-07-22,False,NEGATIVE,0,SOURCE_G_REVIEWS,reviews_2023.csv,2023-07-22T17:28:53.824019402,BATCH-G-20230722
REV-00121782,SKU-0015782,user_50926,James,4,<p>Better than I expected for the price.<b>Update:</b>,2023-11-19,False,POSITIVE,1,SOURCE_G_REVIEWS,reviews_2023.csv,2023-11-19T10:27:35.108871722,BATCH-G-20231119
REV-00121784,SKU-0008957,user_9005141,Ashley Gutierrez,4,Excellent rapport qualité-prix.,2023-06-24,False,POSITIVE,2,SOURCE_G_REVIEWS,reviews_2023.csv,2023-06-25T05:25:56.156069850,BATCH-G-20230624
REV-00121797,SKU-0009577,user_26840,Kristin Perez,4,"Exactly as described, very happy.",2023-01-03,False,POSITIVE,0,SOURCE_G_REVIEWS,reviews_2023.csv,2023-01-03T08:50:45.805256686,BATCH-G-20230103
REV-00121798,SKU-0008670,user_9005044,Edwin,5,"Solid build quality, no complaints.",2023-05-09,True,POSITIVE,0,SOURCE_G_REVIEWS,reviews_2023.csv,2023-05-09T16:50:23.666260780,BATCH-G-20230509
REV-00121807,SKU-0019242,,Anonymous,5,Fast delivery and great quality.,2023-08-04,False,POSITIVE,4,SOURCE_G_REVIEWS,reviews_2023.csv,2023-08-04T16:14:58.001227655,BATCH-G-20230804
REV-00121814,SKU-0003729,user_9023122,Brandon,4,"Absolutely love it, works perfectly!",2023-02-01,True,POSITIVE,0,SOURCE_G_REVIEWS,reviews_2023.csv,2023-02-01T00:39:30.285515241,BATCH-G-20230201
REV-00121814-DUP,SKU-0003729,user_9023122,Brandon,4,"Absolutely love it, works perfectly!",2023-02-01,True,POSITIVE,0,SOURCE_G_REVIEWS,reviews_2023.csv,2023-02-01T01:07:30.285515241,BATCH-G-20230201
REV-00121822,SKU-0019660,user_9030528,William Bradley,3,"Not bad, not great either.",2023-01-07,False,NEUTRAL,0,SOURCE_G_REVIEWS,reviews_2023.csv,2023-01-07T04:00:02.393610385,BATCH-G-20230107
REV-00121824,SKU-0011379,,Anonymous,2,Excellent rapport qualité-prix.,2023-06-17,True,NEGATIVE,0,SOURCE_G_REVIEWS,reviews_2023.csv,2023-06-18T01:27:30.519430588,BATCH-G-20230617
REV-00121829,SKU-0018467,user_9004470,Bryan Long,2,Very disappointed with the quality.,2023-12-31,True,NEGATIVE,0,SOURCE_G_REVIEWS,reviews_2023.csv,2023-12-31T17:29:31.117253692,BATCH-G-20231231
REV-00121831,SKU-0000427,,Anonymous,4,Highly recommend this product.,2023-09-26,False,POSITIVE,0,SOURCE_G_REVIEWS,reviews_2023.csv,2023-09-27T02:26:58.807518673,BATCH-G-20230926
REV-00121843,SKU-0006757,user_44702,Rachael Davis,3,"Not bad, not great either.",2023-06-04,False,NEUTRAL,0,SOURCE_G_REVIEWS,reviews_2023.csv,2023-06-04T18:52:55.504428825,BATCH-G-20230604
REV-00121844,SKU-0019698,user_8476,Nancy,5,Exceeded my expectations.,2023-04-21,True,POSITIVE,22,SOURCE_G_REVIEWS,reviews_2023.csv,2023-04-21T05:18:22.213076794,BATCH-G-20230421
REV-00121844-DUP,SKU-0019698,user_8476,Nancy,5,Exceeded my expectations.,2023-04-21,True,POSITIVE,22,SOURCE_G_REVIEWS,reviews_2023.csv,2023-04-21T06:03:22.213076794,BATCH-G-20230421
REV-00121850,SKU-0015951,user_9014563,Joshua Mccormick,-1,Fast delivery and great quality.,2023-02-20,True,POSITIVE,0,SOURCE_G_REVIEWS,reviews_2023.csv,2023-02-20T23:26:42.921212917,BATCH-G-20230220
REV-00121855,SKU-0005235,,Anonymous,4,Great value for money.,2023-08-08,True,POSITIVE,0,SOURCE_G_REVIEWS,reviews_2023.csv,2023-08-08T20:41:29.391494945,BATCH-G-20230808
REV-00121860,SKU-0006818,user_10897,Shannon Lee,1,"Poor packaging, item was defective.",2023-12-15,True,NEGATIVE,0,SOURCE_G_REVIEWS,reviews_2023.csv,2023-12-15T14:30:08.145945928,BATCH-G-20231215
REV-00121869,SKU-0001668,user_9029061,Jennifer Rivera,1,Not as described at all.,2023-01-31,True,NEGATIVE,0,SOURCE_G_REVIEWS,reviews_2023.csv,2023-01-31T20:05:29.044975829,BATCH-G-20230131
REV-00121873,SKU-0019234,user_9014262,Dustin,1,Stopped working after a week.,2023-09-12,True,NEGATIVE,2,SOURCE_G_REVIEWS,reviews_2023.csv,2023-09-19T22:00:00,BATCH-G-20230912
REV-00121875,SKU-0004311,user_61717,Betty Kelly,4,"Solid build quality, no complaints.",2023-12-20,True,POSITIVE,1,SOURCE_G_REVIEWS,reviews_2023.csv,2023-12-20T07:36:52.386157271,BATCH-G-20231220
REV-00121879,SKU-0017426,user_9013142,Garrett Martin,5,Fast delivery and great quality.,2023-01-11,True,POSITIVE,0,SOURCE_G_REVIEWS,reviews_2023.csv,2023-01-11T23:59:27.192294675,BATCH-G-20230111
REV-00121883,SKU-0007547,,Anonymous,4,Exceeded my expectations.,2023-05-31,False,POSITIVE,4,SOURCE_G_REVIEWS,reviews_2023.csv,2023-05-31T05:18:16.881188277,BATCH-G-20230531
REV-00121900,SKU-0013697,user_9016758,Stephen Pena,5,Exceeded my expectations.,2023-02-19,True,POSITIVE,6,SOURCE_G_REVIEWS,reviews_2023.csv,2023-02-19T14:20:48.058854801,BATCH-G-20230219
REV-00121916,SKU-0016632,user_46391,Amber Watts,5,Great value for money.,2023-11-12,False,POSITIVE,7,SOURCE_G_REVIEWS,reviews_2023.csv,2023-11-12T08:35:25.681374449,BATCH-G-20231112
REV-00121924,SKU-0010607,user_9024228,Bruce Delgado,5,Excellent rapport qualité-prix. Exceeded my expectations.,2023-06-30,False,POSITIVE,8,SOURCE_G_REVIEWS,reviews_2023.csv,2023-06-30T12:43:30.077911559,BATCH-G-20230630
REV-00121947,SKU-0004773,,Anonymous,3,Decent but overpriced a bit.,2023-01-21,True,NEUTRAL,12,SOURCE_G_REVIEWS,reviews_2023.csv,2023-01-21T16:06:08.332821775,BATCH-G-20230121
REV-00121948,SKU-0014307,user_9015615,Caleb,1,Very disappointed with the quality. 👍,2023-09-25,True,NEGATIVE,1,SOURCE_G_REVIEWS,reviews_2023.csv,2023-09-25T15:02:20.467215155,BATCH-G-20230925
REV-00121953,SKU-0012956,user_9024568,Kyle,3,"Not bad, not great either.",2023-05-12,True,NEUTRAL,2,SOURCE_G_REVIEWS,reviews_2023.csv,2023-05-12T07:17:07.953549662,BATCH-G-20230512
REV-00121955,SKU-0011224,user_39779,Diamond Rodriguez,5,Better than I expected for the price.,2023-11-20,True,POSITIVE,4,SOURCE_G_REVIEWS,reviews_2023.csv,2023-11-20T02:52:59.705024904,BATCH-G-20231120
REV-00121967,SKU-0011933,user_6230,James Romero,4,"Solid build quality, no complaints.",2023-06-29,True,POSITIVE,7,SOURCE_G_REVIEWS,reviews_2023.csv,2023-06-29T07:03:14.270549835,BATCH-G-20230629
REV-00121972,SKU-0001295,user_9030736,Stephen Jefferson,4,Will definitely buy again.,2023-02-01,True,POSITIVE,0,SOURCE_G_REVIEWS,reviews_2023.csv,2023-02-01T08:13:00.136796299,BATCH-G-20230201
REV-00121975,SKU-0004523,user_47253,Daniel Barry,5,"   Solid  build  quality,  no  complaints.   ",2023-09-03,True,POSITIVE,0,SOURCE_G_REVIEWS,reviews_2023.csv,2023-09-03T01:51:33.109945844,BATCH-G-20230903
REV-00121982,SKU-0013254,user_9022648,Benjamin Taylor,5,गुणवत्ता ठीक नहीं थी। Fast delivery and great quality.,2023-05-22,False,POSITIVE,2,SOURCE_G_REVIEWS,reviews_2023.csv,2023-05-22T18:14:58.655342097,BATCH-G-20230522
REV-00121983,SKU-0018954,user_45056,Maureen,5,Highly recommend this product.,2023-06-26,False,POSITIVE,4,SOURCE_G_REVIEWS,reviews_2023.csv,2023-06-26T06:34:21.240877578,BATCH-G-20230626
REV-00121999,SKU-0014973,user_12702,Mitchell Taylor,1,Stopped working after a week.,2023-06-27,False,NEGATIVE,2,SOURCE_G_REVIEWS,reviews_2023.csv,2023-06-27T02:13:22.409500778,BATCH-G-20230627
REV-00122014,SKU-0016529,user_9005665,Jerry Taylor,5,"Absolutely love it, works perfectly!",2023-09-30,False,POSITIVE,1,SOURCE_G_REVIEWS,reviews_2023.csv,2023-09-30T16:40:28.552467153,BATCH-G-20230930
REV-00122025,SKU-0010578,,Anonymous,5,Great value for money.,2023-11-11,True,POSITIVE,1,SOURCE_G_REVIEWS,reviews_2023.csv,2023-11-12T01:43:15.059704554,BATCH-G-20231111
REV-00122047,SKU-0000079,user_9001672,Alexander Smith,2,"Perfect gift, they loved it!",2023-03-10,True,POSITIVE,1,SOURCE_G_REVIEWS,reviews_2023.csv,2023-03-10T02:13:59.170193996,BATCH-G-20230310
REV-00122048,SKU-0010028,user_26824,Linda Jones,4,"Solid build quality, no complaints.",2023-04-23,False,POSITIVE,2,SOURCE_G_REVIEWS,reviews_2023.csv,2023-04-23T18:38:44.197496010,BATCH-G-20230423
REV-00122071,SKU-0010724,user_9021852,Amanda Harris,5,Great value for money.,2023-10-21,False,POSITIVE,2,SOURCE_G_REVIEWS,reviews_2023.csv,2023-10-21T19:13:50.852790379,BATCH-G-20231021
REV-00122072,SKU-0013477,user_34909,Sarah Price,4,Exceeded my expectations.,2023-11-13,True,POSITIVE,4,SOURCE_G_REVIEWS,reviews_2023.csv,2023-11-13T23:11:36.497675769,BATCH-G-20231113
REV-00122074,SKU-0016866,user_16237,Michele Boone,4,"Absolutely love it, works perfectly! 😢",2023-05-28,True,POSITIVE,1,SOURCE_G_REVIEWS,reviews_2023.csv,2023-05-29T05:57:12.072300821,BATCH-G-20230528
REV-00122077,SKU-0016891,user_9008124,Jeffrey,5,"Solid build quality, no complaints.",2023-03-12,False,POSITIVE,1,SOURCE_G_REVIEWS,reviews_2023.csv,2023-03-12T06:43:40.091028801,BATCH-G-20230312
REV-00122079,SKU-0010229,user_9001931,Robert,2,Very disappointed with the quality.,2023-08-11,False,NEGATIVE,0,SOURCE_G_REVIEWS,reviews_2023.csv,2023-08-12T05:15:45.657977678,BATCH-G-20230811
REV-00122097,SKU-0008576,user_9030277,Kimberly,5,"   Exactly  as  described,  very  happy.   ",2023-07-11,False,POSITIVE,2,SOURCE_G_REVIEWS,reviews_2023.csv,2023-07-12T01:58:16.763674178,BATCH-G-20230711
REV-00122106,SKU-0007921,user_62657,Julia Sanford,5,"बहुत अच्छा उत्पाद है, पैसा वसूल! Fast delivery and great quality.",2023-04-02,True,POSITIVE,0,SOURCE_G_REVIEWS,reviews_2023.csv,2023-04-02T21:59:02.306014339,BATCH-G-20230402
REV-00122115,SKU-0002141,user_4080,Jason,,Exceeded my expectations. 💯,2023-01-23,False,POSITIVE,2,SOURCE_G_REVIEWS,reviews_2023.csv,2023-01-24T05:31:18.994152030,BATCH-G-20230123
REV-00122120,SKU-0019178,user_9022469,Micheal Curtis,5,"   Perfect  gift,  they  loved  it!   ",2023-11-24,False,POSITIVE,18,SOURCE_G_REVIEWS,reviews_2023.csv,2023-11-24T02:01:03.011769640,BATCH-G-20231124
REV-00122126,SKU-0009020,user_9001066,Samuel,2,Stopped working after a week.,2023-06-28,True,NEGATIVE,3,SOURCE_G_REVIEWS,reviews_2023.csv,2023-06-28T18:04:48.749727372,BATCH-G-20230628
REV-00122132,SKU-0018752,user_9006073,William Reeves,5,Great value for money.,2023-01-12,True,POSITIVE,0,SOURCE_G_REVIEWS,reviews_2023.csv,2023-01-12T05:46:35.937170426,BATCH-G-20230112
REV-00122134,SKU-0003288,user_9004850,George Perez,2,,2023-12-18,True,NEGATIVE,4,SOURCE_G_REVIEWS,reviews_2023.csv,2023-12-18T07:54:16.284105521,BATCH-G-20231218
REV-00122140,SKU-0017789,,Anonymous,NULL,"Solid build quality, no complaints.",2023-11-16,False,POSITIVE,0,SOURCE_G_REVIEWS,reviews_2023.csv,2023-11-16T04:50:46.087750790,BATCH-G-20231116
REV-00122168,SKU-0010306,user_9014127,Michelle Shepard,4,Great value for money.,2023-11-14,True,POSITIVE,0,SOURCE_G_REVIEWS,reviews_2023.csv,2023-11-14T12:44:06.892528118,BATCH-G-20231114
REV-00122169,SKU-0009838,,Anonymous,3,"Matches the description, no issues.",2023-11-23,False,NEUTRAL,5,SOURCE_G_REVIEWS,reviews_2023.csv,2023-11-23T20:24:06.954534728,BATCH-G-20231123
REV-00122179,SKU-0018041,user_9034757,Michael,5,Fast delivery and great quality.,2023-10-24,True,POSITIVE,6,SOURCE_G_REVIEWS,reviews_2023.csv,2023-10-25T05:11:28.997023774,BATCH-G-20231024
REV-00122211,SKU-0013088,user_44663,Brenda Rodriguez,4,"Muy buen producto, lo recomiendo.",2023-03-20,True,POSITIVE,0,SOURCE_G_REVIEWS,reviews_2023.csv,2023-03-21T02:59:01.134961434,BATCH-G-20230320
REV-00122212,SKU-9961381,,Anonymous,4,   Great  value  for  money.   ,2023-11-09,False,POSITIVE,3,SOURCE_G_REVIEWS,reviews_2023.csv,2023-11-09T04:58:05.304485140,BATCH-G-20231109
REV-00122214,SKU-0007856,user_44105,Sarah Bullock MD,2,Stopped working after a week.,2023-10-02,True,NEGATIVE,4,SOURCE_G_REVIEWS,reviews_2023.csv,2023-10-02T23:43:09.406176721,BATCH-G-20231002
REV-00122246,SKU-0006165,user_9020005,Kenneth,3,Works fine but delivery was slow.,2023-12-24,True,NEUTRAL,4,SOURCE_G_REVIEWS,reviews_2023.csv,2023-12-24T07:17:01.258173313,BATCH-G-20231224
REV-00122250,SKU-0018887,user_11148,Cody,5,"Exactly as described, very happy. 👍",2023-07-26,True,POSITIVE,0,SOURCE_G_REVIEWS,reviews_2023.csv,2023-07-26T18:26:08.343560436,BATCH-G-20230726
REV-00122256,SKU-0018197,,Anonymous,4,Highly recommend this product.,2023-07-31,True,POSITIVE,2,SOURCE_G_REVIEWS,reviews_2023.csv,2023-07-31T19:38:15.407384791,BATCH-G-20230731
REV-00122262,SKU-0003599,user_9022273,Courtney,5,"Exactly as described, very happy.",2023-07-15,True,POSITIVE,13,SOURCE_G_REVIEWS,reviews_2023.csv,2023-07-16T00:59:09.121092467,BATCH-G-20230715
REV-00122271,SKU-0014618,user_9029310,Haley Bond,3,"Not bad, not great either.",2023-01-25,False,NEUTRAL,1,SOURCE_G_REVIEWS,reviews_2023.csv,2023-01-25T11:45:34.060524916,BATCH-G-20230125
REV-00122282,SKU-0002337,user_9019294,Steve Sanchez,1,"Cheaply made, broke immediately.",2023-03-29,True,NEGATIVE,0,SOURCE_G_REVIEWS,reviews_2023.csv,2023-03-29T11:42:23.834458133,BATCH-G-20230329
REV-00122295,SKU-0012740,user_9016725,David,4,Fast delivery and great quality. 😡,2023-06-05,True,POSITIVE,4,SOURCE_G_REVIEWS,reviews_2023.csv,2023-06-05T07:40:47.607047431,BATCH-G-20230605
REV-00122318,SKU-0000743,,Anonymous,3,Works fine but delivery was slow.,2023-03-17,True,NEUTRAL,0,SOURCE_G_REVIEWS,reviews_2023.csv,2023-03-17T03:18:40.686621828,BATCH-G-20230317
REV-00122324,SKU-0017807,user_38685,Dale Diaz,5,Exceeded my expectations.,2023-07-19,True,POSITIVE,2,SOURCE_G_REVIEWS,reviews_2023.csv,2023-07-19T00:50:49.920140546,BATCH-G-20230719
REV-00122331,SKU-0005114,user_46917,Lori Jones,4,Great value for money.,2023-06-11,False,POSITIVE,4,SOURCE_G_REVIEWS,reviews_2023.csv,2023-06-11T03:34:49.559957966,BATCH-G-20230611
REV-00122334,SKU-0005125,user_7549,Jennifer Archer,4,"Exactly as described, very happy.",2023-01-27,True,POSITIVE,0,SOURCE_G_REVIEWS,reviews_2023.csv,2023-01-27T00:57:34.838322683,BATCH-G-20230127
REV-00122338,SKU-0011318,,Anonymous,4,Exceeded my expectations.,2023-02-09,False,POSITIVE,0,SOURCE_G_REVIEWS,reviews_2023.csv,2023-02-09T12:36:36.147627980,BATCH-G-20230209
REV-00122343,SKU-0008389,user_36824,Amanda,4,   Exceeded  my  expectations.   ,2023-04-08,True,POSITIVE,4,SOURCE_G_REVIEWS,reviews_2023.csv,2023-04-08T10:38:31.743469420,BATCH-G-20230408
REV-00122348,SKU-0000770,,Anonymous,5,Exceeded my expectations.,2023-07-01,False,POSITIVE,3,SOURCE_G_REVIEWS,reviews_2023.csv,2023-07-01T21:12:50.591205093,BATCH-G-20230701
REV-00122370,SKU-0004549,user_7423,Michael Wang,4,Will definitely buy again.,2023-07-22,True,POSITIVE,0,SOURCE_G_REVIEWS,reviews_2023.csv,2023-07-23T03:40:32.531521114,BATCH-G-20230722
REV-00122372,SKU-0013809,,Anonymous,5,Better than I expected for the price.,2023-08-15,True,POSITIVE,1,SOURCE_G_REVIEWS,reviews_2023.csv,2023-08-15T09:04:56.232104250,BATCH-G-20230815
REV-00122378,SKU-0004053,,Anonymous,4,Arrived damaged and support was unhelpful.,2023-08-11,False,NEGATIVE,1,SOURCE_G_REVIEWS,reviews_2023.csv,2023-08-12T03:32:21.892857346,BATCH-G-20230811
REV-00122382,SKU-0003749,,Anonymous,5,Great value for money.,2023-11-12,False,POSITIVE,4,SOURCE_G_REVIEWS,reviews_2023.csv,2023-11-12T16:21:31.089971094,BATCH-G-20231112
REV-00122386,SKU-0019946,user_9012153,Clayton Long,1,Not as described at all.,2023-11-23,True,NEGATIVE,3,SOURCE_G_REVIEWS,reviews_2023.csv,2023-11-23T15:28:28.872311964,BATCH-G-20231123
REV-00122388,SKU-0010176,,Anonymous,5,Highly recommend this product.,2023-10-22,True,POSITIVE,0,SOURCE_G_REVIEWS,reviews_2023.csv,2023-10-22T22:24:16.488947477,BATCH-G-20231022
REV-00122428,SKU-9925454,user_9010735,April Nelson,5,"बहुत अच्छा उत्पाद है, पैसा वसूल! Fast delivery and great quality.",2023-03-15,False,POSITIVE,8,SOURCE_G_REVIEWS,reviews_2023.csv,2023-03-15T00:51:01.052729174,BATCH-G-20230315
REV-00122430,SKU-0012847,user_20130,Michael,1,Not as described at all.,2023-01-05,True,NEGATIVE,8,SOURCE_G_REVIEWS,reviews_2023.csv,2023-01-06T01:52:37.375103249,BATCH-G-20230105
REV-00122446,SKU-0002605,user_62593,Erin Young,1,"Poor packaging, item was defective.",2023-10-02,False,NEGATIVE,0,SOURCE_G_REVIEWS,reviews_2023.csv,2023-10-02T04:06:36.985205649,BATCH-G-20231002
REV-00122459,SKU-0007572,user_9001711,Shannon Crosby,4,"Perfect gift, they loved it!",2023-03-28,False,POSITIVE,3,SOURCE_G_REVIEWS,reviews_2023.csv,2023-03-28T11:22:35.271676921,BATCH-G-20230328
REV-00122465,SKU-0004495,user_9033101,Elizabeth Williams,4,"Perfect gift, they loved it!",2023-01-21,True,POSITIVE,3,SOURCE_G_REVIEWS,reviews_2023.csv,2023-01-21T11:26:10.816953547,BATCH-G-20230121
REV-00122476,SKU-0014119,user_48730,Jennifer Harrington,5,Highly recommend this product.,2023-11-22,False,POSITIVE,0,SOURCE_G_REVIEWS,reviews_2023.csv,2023-11-23T03:26:36.930865481,BATCH-G-20231122
REV-00122511,SKU-0001464,user_9033992,Hayden,5,"Average quality, nothing special.",2023-05-12,False,NEUTRAL,4,SOURCE_G_REVIEWS,reviews_2023.csv,2023-05-13T05:44:55.531018578,BATCH-G-20230512
REV-00122520,SKU-0012584,,Anonymous,4,Better than I expected for the price.,2023-06-03,True,POSITIVE,1,SOURCE_G_REVIEWS,reviews_2023.csv,2023-06-04T05:41:26.857281184,BATCH-G-20230603
REV-00122526,SKU-0008700,user_1771,Autumn,5,"Solid build quality, no complaints.",2023-12-04,True,POSITIVE,2,SOURCE_G_REVIEWS,reviews_2023.csv,2023-12-04T01:14:04.018104306,BATCH-G-20231204
REV-00122532,SKU-0016131,,Anonymous,2,   Not  as  described  at  all.   ,2023-02-15,False,NEGATIVE,7,SOURCE_G_REVIEWS,reviews_2023.csv,2023-02-15T14:10:53.889050520,BATCH-G-20230215
REV-00122542,SKU-0011744,,Anonymous,4,-,2023-04-01,True,POSITIVE,1,SOURCE_G_REVIEWS,reviews_2023.csv,2023-04-01T23:52:09.370579256,BATCH-G-20230401
REV-00122544,SKU-0003686,user_35496,Joseph,5,"   Solid  build  quality,  no  complaints.   ",2023-04-17,True,POSITIVE,0,SOURCE_G_REVIEWS,reviews_2023.csv,2023-04-17T04:19:23.792387779,BATCH-G-20230417
REV-00122551,SKU-0004513,,Anonymous,5,"Absolutely love it, works perfectly!",2023-12-27,True,POSITIVE,3,SOURCE_G_REVIEWS,reviews_2023.csv,2023-12-27T19:12:44.714793491,BATCH-G-20231227
REV-00122553,SKU-9934626,user_9011139,Anthony,5,"Exactly as described, very happy.",2023-03-22,True,POSITIVE,0,SOURCE_G_REVIEWS,reviews_2023.csv,2023-03-23T03:03:01.247031444,BATCH-G-20230322
REV-00122563,SKU-0002982,,Anonymous,1,Wrong item was shipped to me.,2023-12-23,True,NEGATIVE,0,SOURCE_G_REVIEWS,reviews_2023.csv,2023-12-23T17:53:04.072563321,BATCH-G-20231223
REV-00122576,SKU-0014311,user_32444,Mark Russell,5,गुणवत्ता ठीक नहीं थी।,2023-01-14,False,NEUTRAL,2,SOURCE_G_REVIEWS,reviews_2023.csv,2023-01-15T03:21:05.695849299,BATCH-G-20230114
REV-00122584,SKU-9984783,user_34643,Timothy Wilkerson,-1,Stopped working after a week.,2023-10-17,True,NEGATIVE,1,SOURCE_G_REVIEWS,reviews_2023.csv,2023-10-18T03:02:11.893410240,BATCH-G-20231017
REV-00122588,SKU-0009335,user_9005030,Vicki Berry,5,"Absolutely love it, works perfectly!",2023-07-21,False,POSITIVE,0,SOURCE_G_REVIEWS,reviews_2023.csv,2023-07-21T13:28:59.143298034,BATCH-G-20230721
REV-00122604,SKU-0015008,user_68025,Jeremy Ortega,2,Very disappointed with the quality. 🙏,2023-07-01,False,NEGATIVE,4,SOURCE_G_REVIEWS,reviews_2023.csv,2023-07-01T07:09:42.080899150,BATCH-G-20230701
REV-00122616,SKU-0003717,,Anonymous,unknown,"Absolutely love it, works perfectly!",2023-01-10,True,POSITIVE,2,SOURCE_G_REVIEWS,reviews_2023.csv,2023-01-10T22:30:57.282397218,BATCH-G-20230110
REV-00122621,SKU-0002166,user_9025043,Nicholas White,5,   Exceeded  my  expectations.   ,2023-11-26,False,POSITIVE,4,SOURCE_G_REVIEWS,reviews_2023.csv,2023-11-26T04:20:31.778545076,BATCH-G-20231126
REV-00122636,SKU-0013363,user_9021632,John Barnett,4,"Solid build quality, no complaints.",2023-05-12,True,POSITIVE,0,SOURCE_G_REVIEWS,reviews_2023.csv,2023-05-13T00:10:00.313673542,BATCH-G-20230512
REV-00122645,SKU-0000016,user_9022187,Justin Mcbride,3,"Matches the description, no issues.",2023-01-18,True,NEUTRAL,0,SOURCE_G_REVIEWS,reviews_2023.csv,2023-01-19T03:22:56.586118437,BATCH-G-20230118
REV-00122650,SKU-0004077,user_19420,Kelly,3,Decent but overpriced a bit.,2023-09-13,True,NEUTRAL,1,SOURCE_G_REVIEWS,reviews_2023.csv,2023-09-13T23:51:39.575482162,BATCH-G-20230913
REV-00122652,SKU-0010282,user_9020467,Jamie Williams,4,<br>Highly recommend this product.<br>,2023-12-08,True,POSITIVE,0,SOURCE_G_REVIEWS,reviews_2023.csv,2023-12-08T08:47:17.664231037,BATCH-G-20231208
REV-00122656,SKU-0018466,user_7043,Dr. Dawn Evans,1,Stopped working after a week.,2023-11-22,True,NEGATIVE,0,SOURCE_G_REVIEWS,reviews_2023.csv,2023-11-22T03:52:39.666431714,BATCH-G-20231122
REV-00122667,SKU-0010117,user_9007949,Michelle,1,"Matches the description, no issues.",2023-02-08,True,NEUTRAL,0,SOURCE_G_REVIEWS,reviews_2023.csv,2023-02-08T21:38:25.102630480,BATCH-G-20230208
REV-00122671,SKU-0016553,user_9016189,Desiree Ruiz,1,"   Perfect  gift,  they  loved  it!   ",2023-12-24,False,POSITIVE,3,SOURCE_G_REVIEWS,reviews_2023.csv,2023-12-24T07:28:05.705902824,BATCH-G-20231224
REV-00122677,SKU-0013071,user_9026119,Stephanie Barnes,5,"Solid build quality, no complaints. 😀",2023-01-06,True,POSITIVE,2,SOURCE_G_REVIEWS,reviews_2023.csv,2023-01-06T22:39:01.128307801,BATCH-G-20230106
REV-00122686,SKU-0007119,user_13780,Cameron,3,Decent but overpriced a bit.,2023-07-05,True,NEUTRAL,4,SOURCE_G_REVIEWS,reviews_2023.csv,2023-07-05T03:43:47.177364918,BATCH-G-20230705
REV-00122696,SKU-0015649,user_9013839,Rick,5,"Exactly as described, very happy.",2023-08-14,True,POSITIVE,3,SOURCE_G_REVIEWS,reviews_2023.csv,2023-08-14T03:00:03.170921887,BATCH-G-20230814
REV-00122701,SKU-0018463,user_9006689,Patrick Petersen,4,Will definitely buy again.,2023-09-27,True,POSITIVE,6,SOURCE_G_REVIEWS,reviews_2023.csv,2023-09-28T03:43:25.787396841,BATCH-G-20230927
REV-00122704,SKU-9969431,,Anonymous,3,No cumplió mis expectativas.,2023-06-28,True,NEUTRAL,1,SOURCE_G_REVIEWS,reviews_2023.csv,2023-06-28T20:49:23.348569511,BATCH-G-20230628
REV-00122714,SKU-0016410,user_59854,Todd,5,Better than I expected for the price.,2023-12-22,True,POSITIVE,0,SOURCE_G_REVIEWS,reviews_2023.csv,2023-12-22T18:39:37.754197340,BATCH-G-20231222
REV-00122723,SKU-0015454,,Anonymous,5,Exceeded my expectations.,2023-08-18,True,POSITIVE,3,SOURCE_G_REVIEWS,reviews_2023.csv,2023-08-18T10:57:37.556658401,BATCH-G-20230818
REV-00122735,SKU-0010674,user_9021826,Jeremy,1,Very disappointed with the quality.,2023-11-09,False,NEGATIVE,0,SOURCE_G_REVIEWS,reviews_2023.csv,2023-11-09T07:24:00.025555261,BATCH-G-20231109
REV-00122746,SKU-9921441,user_9024031,Christopher Pearson,5,Fast delivery and great quality. 💯,2023-03-27,False,POSITIVE,2,SOURCE_G_REVIEWS,reviews_2023.csv,2023-03-27T05:21:33.777012997,BATCH-G-20230327
REV-00122748,SKU-0000362,user_9013310,Erica Price,4,"Solid build quality, no complaints.",2023-11-07,True,POSITIVE,6,SOURCE_G_REVIEWS,reviews_2023.csv,2023-11-07T20:03:55.120548048,BATCH-G-20231107
REV-00122751,SKU-0019764,user_2317,Julie Rios,4,"Exactly as described, very happy.",2023-08-05,True,POSITIVE,9,SOURCE_G_REVIEWS,reviews_2023.csv,2023-08-05T13:41:12.467102617,BATCH-G-20230805
REV-00122756,SKU-0016298,user_9027779,David Morris,4,"Perfect gift, they loved it!",2023-11-25,False,POSITIVE,2,SOURCE_G_REVIEWS,reviews_2023.csv,2023-11-25T09:58:28.001201469,BATCH-G-20231125
REV-00122760,SKU-0018844,user_9012931,Amy Collins,4,   Fast  delivery  and  great  quality.   ,2023-11-05,True,POSITIVE,1,SOURCE_G_REVIEWS,reviews_2023.csv,2023-11-05T03:47:47.848156317,BATCH-G-20231105
REV-00122767,SKU-0019486,user_37150,Crystal Huerta,3,"It's okay, does the job.",2023-02-24,False,NEUTRAL,8,SOURCE_G_REVIEWS,reviews_2023.csv,2023-02-25T03:23:42.376471905,BATCH-G-20230224
REV-00122768,SKU-0007785,user_9008648,Jennifer,4,Fast delivery and great quality.,2023-11-13,False,POSITIVE,1,SOURCE_G_REVIEWS,reviews_2023.csv,2023-11-14T03:38:44.181697603,BATCH-G-20231113
REV-00122774,SKU-0009676,,Anonymous,5,"Exactly as described, very happy.",2023-11-01,False,POSITIVE,0,SOURCE_G_REVIEWS,reviews_2023.csv,2023-11-02T00:20:07.582802768,BATCH-G-20231101
REV-00122782,SKU-0018067,user_48894,Scott Brown,3,   Works  fine  but  delivery  was  slow.   ,2023-11-17,False,NEUTRAL,5,SOURCE_G_REVIEWS,reviews_2023.csv,2023-11-17T01:08:08.393412778,BATCH-G-20231117
REV-00122784,SKU-0009848,user_9034679,Tonya,7,Great value for money.,2023-08-01,False,POSITIVE,3,SOURCE_G_REVIEWS,reviews_2023.csv,2023-08-01T09:36:03.170462160,BATCH-G-20230801
REV-00122787,SKU-0007816,,Anonymous,1,Excellent rapport qualité-prix.,2023-12-13,True,NEGATIVE,7,SOURCE_G_REVIEWS,reviews_2023.csv,2023-12-13T23:18:10.534218193,BATCH-G-20231213
REV-00122789,SKU-0010091,,Anonymous,5,Will definitely buy again.,2023-01-06,True,POSITIVE,3,SOURCE_G_REVIEWS,reviews_2023.csv,2023-01-25T04:00:00,BATCH-G-20230106
REV-00122793,SKU-0014257,user_46065,Crystal Gonzalez,3,"Average quality, nothing special. 🔥😀",2023-11-06,False,NEUTRAL,4,SOURCE_G_REVIEWS,reviews_2023.csv,2023-11-06T16:31:38.032900477,BATCH-G-20231106
REV-00122794,SKU-0003186,user_9024035,Kurt Nelson,4,"Exactly as described, very happy.",2023-07-03,False,POSITIVE,0,SOURCE_G_REVIEWS,reviews_2023.csv,2023-07-04T00:42:28.504319670,BATCH-G-20230703
REV-00122807,SKU-0000571,user_33366,Christopher Lawson,4,Fast delivery and great quality.,2023-11-20,False,POSITIVE,2,SOURCE_G_REVIEWS,reviews_2023.csv,2023-11-20T14:24:56.088828062,BATCH-G-20231120
REV-00122823,SKU-0003282,user_9029553,Brenda Davis,1,Very disappointed with the quality.,2023-07-14,False,NEGATIVE,1,SOURCE_G_REVIEWS,reviews_2023.csv,2023-07-14T01:16:04.432541165,BATCH-G-20230714
REV-00122832,SKU-0017228,user_9002321,Larry Brown,5,"Solid build quality, no complaints.",2023-10-14,True,POSITIVE,3,SOURCE_G_REVIEWS,reviews_2023.csv,2023-10-14T04:13:14.930921568,BATCH-G-20231014
REV-00122835,SKU-0020065,user_39688,Debra,3,"Matches the description, no issues.",2023-08-23,True,NEUTRAL,1,SOURCE_G_REVIEWS,reviews_2023.csv,2023-08-23T09:39:39.421961606,BATCH-G-20230823
REV-00122841,SKU-0009930,user_58626,Kenneth Holland,5,"Muy buen producto, lo recomiendo. Great value for money.",2023-07-20,True,POSITIVE,2,SOURCE_G_REVIEWS,reviews_2023.csv,2023-07-20T22:44:31.690609509,BATCH-G-20230720
REV-00122852,SKU-0008011,user_2166,Daniel Hunter,5,"Absolutely love it, works perfectly!",2023-06-29,True,POSITIVE,3,SOURCE_G_REVIEWS,reviews_2023.csv,2023-06-29T20:06:22.556893793,BATCH-G-20230629
REV-00122857,SKU-0011552,user_9023555,Shannon Ramos,3,"Average quality, nothing special.",2023-03-06,True,NEUTRAL,6,SOURCE_G_REVIEWS,reviews_2023.csv,2023-03-06T07:24:12.343787555,BATCH-G-20230306
REV-00122859,SKU-0004602,user_9008892,John Davis,5,Will definitely buy again.,2023-04-24,False,POSITIVE,5,SOURCE_G_REVIEWS,reviews_2023.csv,2023-04-25T00:47:00.485103335,BATCH-G-20230424
REV-00122861,SKU-0002094,,Anonymous,5,Better than I expected for the price.,2023-01-24,True,POSITIVE,2,SOURCE_G_REVIEWS,reviews_2023.csv,2023-01-24T15:36:26.134637005,BATCH-G-20230124
REV-00122862,SKU-0013187,user_9030371,Andrea Evans,5,"<br>Solid build quality, no complaints.<br>",2023-01-04,False,POSITIVE,2,SOURCE_G_REVIEWS,reviews_2023.csv,2023-01-04T11:01:01.477252029,BATCH-G-20230104
REV-00122895,SKU-0003674,,Anonymous,4,Great value for money.,2023-09-30,False,POSITIVE,1,SOURCE_G_REVIEWS,reviews_2023.csv,2023-09-30T19:25:13.597357714,BATCH-G-20230930
REV-00122903,SKU-0001107,user_50449,Dr. Christine Perez,4,"Absolutely love it, works perfectly!",2023-07-01,True,POSITIVE,0,SOURCE_G_REVIEWS,reviews_2023.csv,2023-07-01T09:35:39.785824909,BATCH-G-20230701
REV-00122940,SKU-9938567,user_9024055,Derrick Phelps,5,"Perfect gift, they loved it!",2023-01-17,True,POSITIVE,1,SOURCE_G_REVIEWS,reviews_2023.csv,2023-01-18T02:42:10.148682153,BATCH-G-20230117
REV-00122940-DUP,SKU-9938567,user_9024055,Derrick Phelps,5,"Perfect gift, they loved it!",2023-01-17,True,POSITIVE,1,SOURCE_G_REVIEWS,reviews_2023.csv,2023-01-18T03:00:10.148682153,BATCH-G-20230117
REV-00122943,SKU-0019476,user_55292,Cynthia Wilson,2,Very disappointed with the quality.,2023-10-29,True,NEGATIVE,1,SOURCE_G_REVIEWS,reviews_2023.csv,2023-10-29T07:50:28.044097947,BATCH-G-20231029
REV-00122943-DUP,SKU-0019476,user_55292,Cynthia Wilson,2,Very disappointed with the quality.,2023-10-29,True,NEGATIVE,1,SOURCE_G_REVIEWS,reviews_2023.csv,2023-10-29T08:36:28.044097947,BATCH-G-20231029
REV-00122945,SKU-0004381,user_11464,Tommy Smith,5,"Absolutely love it, works perfectly!",2023-04-18,True,POSITIVE,1,SOURCE_G_REVIEWS,reviews_2023.csv,2023-04-19T04:07:38.126881809,BATCH-G-20230418
REV-00122946,SKU-0003274,user_9012651,Riley Johnson,4,Great value for money.,2023-05-15,True,POSITIVE,2,SOURCE_G_REVIEWS,reviews_2023.csv,2023-05-15T13:13:04.992937747,BATCH-G-20230515
REV-00122953,SKU-0010866,user_9023309,Christopher Lane,4,"Exactly as described, very happy.",2023-05-17,True,POSITIVE,8,SOURCE_G_REVIEWS,reviews_2023.csv,2023-05-17T12:28:59.988497400,BATCH-G-20230517
REV-00122954,SKU-0013169,user_9003894,Mrs. Katrina Paul,5,"Exactly as described, very happy.",2023-12-10,True,POSITIVE,0,SOURCE_G_REVIEWS,reviews_2023.csv,2023-12-10T08:05:11.854331246,BATCH-G-20231210
REV-00122955,SKU-9973241,user_2835,Christopher Wilcox,5,Highly recommend this product.,2023-04-25,True,POSITIVE,0,SOURCE_G_REVIEWS,reviews_2023.csv,2023-04-25T03:49:13.581034159,BATCH-G-20230425
REV-00122957,SKU-0002930,,Anonymous,4,Great value for money. 😐,2023-03-25,True,POSITIVE,5,SOURCE_G_REVIEWS,reviews_2023.csv,2023-03-25T00:38:11.024064837,BATCH-G-20230325
REV-00122964,SKU-0016581,user_9034304,Kathryn West,1,"Poor packaging, item was defective.",2023-08-05,True,NEGATIVE,0,SOURCE_G_REVIEWS,reviews_2023.csv,2023-08-05T23:59:10.923800357,BATCH-G-20230805
REV-00122967,SKU-0013020,user_66236,Wesley Rodriguez,5,"Solid build quality, no complaints.",2023-06-09,True,POSITIVE,5,SOURCE_G_REVIEWS,reviews_2023.csv,2023-06-09T21:04:05.968207802,BATCH-G-20230609
REV-00122976,SKU-0012889,user_9030606,Shane,4,Will definitely buy again.,2023-09-27,True,POSITIVE,0,SOURCE_G_REVIEWS,reviews_2023.csv,2023-09-28T01:29:20.954565448,BATCH-G-20230927
REV-00122979,SKU-0008124,user_47525,Michelle Townsend,5,"Perfect gift, they loved it!",2023-05-25,True,POSITIVE,0,SOURCE_G_REVIEWS,reviews_2023.csv,2023-05-25T05:10:23.488148552,BATCH-G-20230525
REV-00122980,SKU-9908881,user_9018265,Michael Cummings,4,Better than I expected for the price.,2023-08-24,False,POSITIVE,4,SOURCE_G_REVIEWS,reviews_2023.csv,2023-08-24T17:11:12.226012716,BATCH-G-20230824
REV-00122984,SKU-9999280,user_9033954,Kylie Smith,4,Better than I expected for the price.,2023-04-03,False,POSITIVE,1,SOURCE_G_REVIEWS,reviews_2023.csv,2023-04-03T23:32:40.234679970,BATCH-G-20230403
REV-00122991,SKU-0007610,user_62889,Charles Gray,4,"Perfect gift, they loved it!",2023-01-05,False,POSITIVE,0,SOURCE_G_REVIEWS,reviews_2023.csv,2023-01-05T20:32:44.273626231,BATCH-G-20230105
REV-00122998,SKU-0013122,user_69642,Terry,3,"It's okay, does the job.",2023-10-22,False,NEUTRAL,1,SOURCE_G_REVIEWS,reviews_2023.csv,2023-10-22T22:43:16.958786208,BATCH-G-20231022
REV-00123011,SKU-0018105,,Anonymous,1,Wrong item was shipped to me.,2023-05-25,True,NEGATIVE,1,SOURCE_G_REVIEWS,reviews_2023.csv,2023-05-26T05:26:48.148774803,BATCH-G-20230525
REV-00123031,SKU-0018404,user_9009554,Patricia,NULL,Works fine but delivery was slow.,2023-09-26,True,NEUTRAL,11,SOURCE_G_REVIEWS,reviews_2023.csv,2023-09-26T22:47:11.662420720,BATCH-G-20230926
REV-00123032,SKU-0017072,user_9018006,Jordan,3,"Average quality, nothing special.",2023-07-13,False,NEUTRAL,0,SOURCE_G_REVIEWS,reviews_2023.csv,2023-07-13T15:44:51.762228888,BATCH-G-20230713
REV-00123059,SKU-0000823,user_40321,Matthew,4,Highly recommend this product.,2023-09-29,True,POSITIVE,12,SOURCE_G_REVIEWS,reviews_2023.csv,2023-09-29T22:13:16.313142320,BATCH-G-20230929
REV-00123103,SKU-0011874,user_42429,Sara,5,"Exactly as described, very happy.",2023-11-07,True,POSITIVE,0,SOURCE_G_REVIEWS,reviews_2023.csv,2023-11-08T05:38:03.654470137,BATCH-G-20231107
REV-00123112,SKU-0017102,user_9017057,Brittany,4,Great value for money.,2023-09-30,False,POSITIVE,1,SOURCE_G_REVIEWS,reviews_2023.csv,2023-10-01T03:36:59.552179075,BATCH-G-20230930
REV-00123123,SKU-0009283,user_9003992,Juan White,4,   Works  fine  but  delivery  was  slow.   ,2023-02-07,True,NEUTRAL,0,SOURCE_G_REVIEWS,reviews_2023.csv,2023-02-07T03:07:02.555529614,BATCH-G-20230207
REV-00123134,SKU-0019326,,Anonymous,5,Better than I expected for the price.,2023-12-05,True,POSITIVE,0,SOURCE_G_REVIEWS,reviews_2023.csv,2023-12-05T20:37:33.623582430,BATCH-G-20231205
REV-00123135,SKU-0012257,user_9028653,Julie Boyd,3,"It's okay, does the job.",2023-04-08,True,NEUTRAL,4,SOURCE_G_REVIEWS,reviews_2023.csv,2023-04-08T16:10:04.762903643,BATCH-G-20230408
REV-00123141,SKU-0009611,user_5969,Stacey Hopkins,5,"Perfect gift, they loved it!",2023-03-29,True,POSITIVE,0,SOURCE_G_REVIEWS,reviews_2023.csv,2023-03-30T01:38:14.474043272,BATCH-G-20230329
REV-00123141-BOT,SKU-0009611,user_9021033,Melissa Young,5,"Perfect gift, they loved it!",2023-03-29,False,POSITIVE,0,SOURCE_G_REVIEWS,reviews_2023.csv,2023-03-30T01:38:14.474043272,BATCH-G-20230329
REV-00123148,SKU-0014521,user_9033553,Timothy Wilson,5,No cumplió mis expectativas.,2023-08-18,True,POSITIVE,3,SOURCE_G_REVIEWS,reviews_2023.csv,2023-08-18T15:46:57.382014119,BATCH-G-20230818
REV-00123155,SKU-0004752,user_9017256,Christopher,-1,"Not bad, not great either.",2023-06-21,False,NEUTRAL,3,SOURCE_G_REVIEWS,reviews_2023.csv,2023-06-21T21:58:25.678679254,BATCH-G-20230621
REV-00123159,SKU-0006510,user_9030063,Jerry Berg,4,Better than I expected for the price. 😀,2023-08-25,True,POSITIVE,0,SOURCE_G_REVIEWS,reviews_2023.csv,2023-08-25T20:56:10.035412326,BATCH-G-20230825
REV-00123160,SKU-0015527,,Anonymous,4,Great value for money.,2023-11-16,True,POSITIVE,10,SOURCE_G_REVIEWS,reviews_2023.csv,2023-11-16T00:36:48.396826892,BATCH-G-20231116
REV-00123171,SKU-0003306,user_9010066,Laurie,4,Great value for money.,2023-01-27,True,POSITIVE,2,SOURCE_G_REVIEWS,reviews_2023.csv,2023-01-27T06:38:39.372930691,BATCH-G-20230127
REV-00123176,SKU-0012079,user_23496,Jose Jordan,4,"Absolutely love it, works perfectly!",2023-12-21,False,POSITIVE,3,SOURCE_G_REVIEWS,reviews_2023.csv,2023-12-21T02:27:33.661199924,BATCH-G-20231221
REV-00123182,SKU-0013125,,Anonymous,1,Not as described at all.,2023-11-12,True,NEGATIVE,5,SOURCE_G_REVIEWS,reviews_2023.csv,2023-11-12T21:20:59.788832048,BATCH-G-20231112
REV-00123185,SKU-0005190,user_27897,Amanda,4,"Solid build quality, no complaints.",2023-12-16,False,POSITIVE,1,SOURCE_G_REVIEWS,reviews_2023.csv,2023-12-16T18:48:43.759246562,BATCH-G-20231216
REV-00123186,SKU-9965634,user_9006846,Douglas,2,Very disappointed with the quality.,2023-11-23,False,NEGATIVE,6,SOURCE_G_REVIEWS,reviews_2023.csv,2023-11-24T00:12:41.924832295,BATCH-G-20231123
REV-00123199,SKU-0001595,,Anonymous,2,Arrived damaged and support was unhelpful.,2023-01-19,False,NEGATIVE,0,SOURCE_G_REVIEWS,reviews_2023.csv,2023-01-20T01:46:47.320282971,BATCH-G-20230119
REV-00123258,SKU-0019401,user_60369,Joseph,5,"Solid build quality, no complaints.",2023-08-04,False,POSITIVE,2,SOURCE_G_REVIEWS,reviews_2023.csv,2023-08-04T22:06:23.069927886,BATCH-G-20230804
REV-00123262,SKU-0003846,user_9029127,Jesse,NULL,"Perfect gift, they loved it!",2023-08-05,False,POSITIVE,2,SOURCE_G_REVIEWS,reviews_2023.csv,2023-08-05T10:35:33.156409413,BATCH-G-20230805
REV-00123264,SKU-0005620,user_9030939,Billy Smith DVM,5,Exceeded my expectations.,2023-08-30,True,POSITIVE,8,SOURCE_G_REVIEWS,reviews_2023.csv,2023-08-31T03:30:46.924309282,BATCH-G-20230830
REV-00123277,SKU-0009524,user_9000105,Joshua Hall,4,"Exactly as described, very happy.",2023-04-18,True,POSITIVE,1,SOURCE_G_REVIEWS,reviews_2023.csv,2023-04-18T09:26:27.578301901,BATCH-G-20230418
REV-00123304,SKU-0008481,user_4765,Mr.,4,Exceeded my expectations.,2023-01-17,True,POSITIVE,-8,SOURCE_G_REVIEWS,reviews_2023.csv,2023-01-17T04:51:08.237586256,BATCH-G-20230117
REV-00123305,SKU-0016705,,Anonymous,3,"Average quality, nothing special.",2023-09-07,False,NEUTRAL,1,SOURCE_G_REVIEWS,reviews_2023.csv,2023-09-07T21:44:58.118536031,BATCH-G-20230907
REV-00123310,SKU-0011289,user_19304,Ann Moran,4,No cumplió mis expectativas.,2023-01-12,True,POSITIVE,2,SOURCE_G_REVIEWS,reviews_2023.csv,2023-01-12T09:30:38.965105537,BATCH-G-20230112
REV-00123315,SKU-0008283,,Anonymous,2,Not as described at all.,2023-11-13,True,NEGATIVE,0,SOURCE_G_REVIEWS,reviews_2023.csv,2023-11-13T13:30:02.839609228,BATCH-G-20231113
REV-00123344,SKU-0003777,,Anonymous,4,Great value for money. 😡🙏,2023-08-17,True,POSITIVE,2,SOURCE_G_REVIEWS,reviews_2023.csv,2023-08-17T16:18:18.456314127,BATCH-G-20230817
REV-00123351,SKU-0011869,user_25328,Angela,5,"   Solid  build  quality,  no  complaints.   ",2023-02-03,False,POSITIVE,6,SOURCE_G_REVIEWS,reviews_2023.csv,2023-02-03T17:40:31.640450258,BATCH-G-20230203
REV-00123367,SKU-0011861,user_3790,Barry,4,<i>edited</i>Will definitely buy again.<p>,2023-10-14,True,POSITIVE,1,SOURCE_G_REVIEWS,reviews_2023.csv,2023-10-14T05:43:12.633145044,BATCH-G-20231014
REV-00123381,SKU-0008163,user_62177,Mrs.,4,   Better  than  I  expected  for  the  price.  😍   ,2023-04-26,True,POSITIVE,0,SOURCE_G_REVIEWS,reviews_2023.csv,2023-04-26T16:23:16.356943381,BATCH-G-20230426
REV-00123384,SKU-0000250,user_65963,Laura,5,Highly recommend this product.,2023-02-14,True,POSITIVE,7,SOURCE_G_REVIEWS,reviews_2023.csv,2023-02-14T04:02:19.469886544,BATCH-G-20230214
REV-00123386,SKU-0017406,user_9000331,James Jacobs,2,"Waste of money, do not buy.",2023-07-15,True,NEGATIVE,2,SOURCE_G_REVIEWS,reviews_2023.csv,2023-07-15T18:48:12.046044470,BATCH-G-20230715
REV-00123392,SKU-0003561,user_38678,Mary Hardin,5,Will definitely buy again.,2023-12-02,False,POSITIVE,7,SOURCE_G_REVIEWS,reviews_2023.csv,2023-12-03T00:02:34.290930892,BATCH-G-20231202
REV-00123400,SKU-0017974,user_9003688,Gregory Berg,4,Will definitely buy again.,2023-11-09,False,POSITIVE,5,SOURCE_G_REVIEWS,reviews_2023.csv,2023-11-09T16:53:25.039615303,BATCH-G-20231109
REV-00123401,SKU-0019654,user_9012091,Anthony Brown,4,"Perfect gift, they loved it!",2023-02-14,True,POSITIVE,1,SOURCE_G_REVIEWS,reviews_2023.csv,2023-02-14T23:13:12.587167083,BATCH-G-20230214
REV-00123410,SKU-0007639,,Anonymous,NULL,Decent but overpriced a bit.,2023-09-12,True,NEUTRAL,0,SOURCE_G_REVIEWS,reviews_2023.csv,2023-09-13T05:03:04.238257004,BATCH-G-20230912
REV-00123418,SKU-0004496,user_2673,Paul,4,Great value for money.,2023-01-15,False,POSITIVE,0,SOURCE_G_REVIEWS,reviews_2023.csv,2023-01-15T17:23:15.263582541,BATCH-G-20230115
REV-00123420,SKU-0017065,,Anonymous,2,   Very  disappointed  with  the  quality.   ,2023-12-21,True,NEGATIVE,4,SOURCE_G_REVIEWS,reviews_2023.csv,2023-12-22T03:47:52.118158147,BATCH-G-20231221
REV-00123435,SKU-0001371,user_9017635,Kaitlyn Kelly,2,Arrived damaged and support was unhelpful.,2023-04-08,True,NEGATIVE,4,SOURCE_G_REVIEWS,reviews_2023.csv,2023-04-08T11:38:34.180753004,BATCH-G-20230408
REV-00123450,SKU-0005751,,Anonymous,5,Exceeded my expectations.,2023-03-07,True,POSITIVE,2,SOURCE_G_REVIEWS,reviews_2023.csv,2023-03-07T11:51:39.177850900,BATCH-G-20230307
REV-00123452,SKU-0002120,,Anonymous,4,Highly recommend this product.,2023-06-01,True,POSITIVE,2,SOURCE_G_REVIEWS,reviews_2023.csv,2023-06-02T02:18:14.050503213,BATCH-G-20230601
REV-00123469,SKU-0018197,user_21920,Tiffany,4,"   Poor  packaging,  item  was  defective.   ",2023-12-03,True,NEGATIVE,2,SOURCE_G_REVIEWS,reviews_2023.csv,2023-12-03T19:02:03.285011124,BATCH-G-20231203
REV-00123475,SKU-0012803,user_39883,Pamela,6,Decent but overpriced a bit.,2023-08-31,True,NEUTRAL,2,SOURCE_G_REVIEWS,reviews_2023.csv,2023-08-31T05:35:27.059491107,BATCH-G-20230831
REV-00123481,SKU-0003744,user_9018690,Justin Sutton,5,Exceeded my expectations.,2023-03-23,True,POSITIVE,0,SOURCE_G_REVIEWS,reviews_2023.csv,2023-03-23T11:28:40.807062276,BATCH-G-20230323
REV-00123482,SKU-0019985,,Anonymous,5,"Exactly as described, very happy.",2023-03-06,False,POSITIVE,1,SOURCE_G_REVIEWS,reviews_2023.csv,2023-03-06T13:38:59.803944780,BATCH-G-20230306
REV-00123501,SKU-0006004,user_9028388,Bradley Holmes,4,"Perfect gift, they loved it!",2023-12-25,True,POSITIVE,2,SOURCE_G_REVIEWS,reviews_2023.csv,2023-12-25T08:51:46.292085957,BATCH-G-20231225
REV-00123503,SKU-0020239,user_9006409,Jacob,5,Great value for money.,2023-09-24,True,POSITIVE,0,SOURCE_G_REVIEWS,reviews_2023.csv,2023-09-24T10:30:25.363538604,BATCH-G-20230924
REV-00123504,SKU-0013940,user_35654,Joshua Barnes,2,Very disappointed with the quality.,2023-11-18,True,NEGATIVE,8,SOURCE_G_REVIEWS,reviews_2023.csv,2023-11-18T16:33:15.292086253,BATCH-G-20231118
REV-00123512,SKU-0007292,user_64303,Claudia,3,"Not bad, not great either.",2023-11-26,False,NEUTRAL,0,SOURCE_G_REVIEWS,reviews_2023.csv,2023-11-26T15:21:01.206514218,BATCH-G-20231126
REV-00123513,SKU-9975502,user_9010738,Kyle Patton,5,Will definitely buy again.,2023-11-16,True,POSITIVE,1,SOURCE_G_REVIEWS,reviews_2023.csv,2023-11-16T22:07:36.370827702,BATCH-G-20231116
REV-00123516,SKU-0008384,user_24331,Caroline Hawkins,5,Will definitely buy again.,2023-07-16,False,POSITIVE,0,SOURCE_G_REVIEWS,reviews_2023.csv,2023-07-16T12:22:12.736173445,BATCH-G-20230716
REV-00123521,SKU-0013573,user_21629,Charles,3,"Matches the description, no issues.",2023-08-29,True,NEUTRAL,6,SOURCE_G_REVIEWS,reviews_2023.csv,2023-08-29T22:08:22.988968762,BATCH-G-20230829
REV-00123525,SKU-0007821,user_48729,Victoria Phillips,4,"Solid build quality, no complaints.",2023-12-10,False,POSITIVE,3,SOURCE_G_REVIEWS,reviews_2023.csv,2023-12-11T05:54:32.789716611,BATCH-G-20231210
REV-00123531,SKU-0012815,user_36209,Allison Hansen,1,Not as described at all.,2023-03-30,False,NEGATIVE,1,SOURCE_G_REVIEWS,reviews_2023.csv,2023-03-30T15:11:19.504546374,BATCH-G-20230330
REV-00123533,SKU-0005198,user_40207,Diana,5,"बहुत अच्छा उत्पाद है, पैसा वसूल!",2023-01-20,True,POSITIVE,1,SOURCE_G_REVIEWS,reviews_2023.csv,2023-01-21T00:23:57.618003427,BATCH-G-20230120
REV-00123538,SKU-0013751,user_9028430,James Johnson,2,"Poor packaging, item was defective.",2023-10-07,False,NEGATIVE,1,SOURCE_G_REVIEWS,reviews_2023.csv,2023-10-07T03:18:47.294828059,BATCH-G-20231007
REV-00123551,SKU-0010559,,Anonymous,3,"It's okay, does the job.",2023-11-29,False,NEUTRAL,1,SOURCE_G_REVIEWS,reviews_2023.csv,2023-11-29T03:07:13.929022115,BATCH-G-20231129
REV-00123554,SKU-0011675,,Anonymous,5,"Exactly as described, very happy.",2023-06-03,False,POSITIVE,4,SOURCE_G_REVIEWS,reviews_2023.csv,2023-06-12T14:00:00,BATCH-G-20230603
REV-00123559,SKU-0015501,user_34641,Ashley Garcia,4,Fast delivery and great quality.,2023-12-23,False,POSITIVE,3,SOURCE_G_REVIEWS,reviews_2023.csv,2023-12-23T23:03:59.086125436,BATCH-G-20231223
REV-00123564,SKU-0008896,user_9002136,Kathryn Sosa,2,<i>edited</i>Not as described at all.<br>,2023-05-30,True,NEGATIVE,0,SOURCE_G_REVIEWS,reviews_2023.csv,2023-05-30T03:38:06.752188646,BATCH-G-20230530
REV-00123568,SKU-0001342,user_11748,Alex Clark,3,Works fine but delivery was slow. 😐😢,2023-02-10,False,NEUTRAL,1,SOURCE_G_REVIEWS,reviews_2023.csv,2023-02-10T19:38:47.797975604,BATCH-G-20230210
REV-00123570,SKU-9990834,user_13109,Mary,5,Better than I expected for the price.,2023-12-24,False,POSITIVE,1,SOURCE_G_REVIEWS,reviews_2023.csv,2023-12-24T11:19:47.487708517,BATCH-G-20231224
REV-00123575,SKU-0016364,user_58280,Dana Perez,1,"Muy buen producto, lo recomiendo. Very disappointed with the quality.",2023-01-20,False,NEGATIVE,0,SOURCE_G_REVIEWS,reviews_2023.csv,2023-01-21T02:57:14.477466836,BATCH-G-20230120
REV-00123582,SKU-0006359,user_38389,Scott,4,"Livraison très lente, déçu.",2023-06-24,True,POSITIVE,0,SOURCE_G_REVIEWS,reviews_2023.csv,2023-06-24T14:57:01.522052455,BATCH-G-20230624
REV-00123589,SKU-0011172,user_53452,Jessica,5,"Exactly as described, very happy.",2023-09-21,True,POSITIVE,6,SOURCE_G_REVIEWS,reviews_2023.csv,2023-09-22T03:21:11.397011756,BATCH-G-20230921
REV-00123591,SKU-0004876,,Anonymous,3,"<br>बहुत अच्छा उत्पाद है, पैसा वसूल! Decent but overpriced a bit.&nbsp;",2023-03-26,False,NEUTRAL,9,SOURCE_G_REVIEWS,reviews_2023.csv,2023-03-25T01:00:00,BATCH-G-20230326
REV-00123598,SKU-0010176,user_9006462,Curtis Gillespie,5,Will definitely buy again.,2023-09-26,True,POSITIVE,5,SOURCE_G_REVIEWS,reviews_2023.csv,2023-09-26T11:42:20.180897539,BATCH-G-20230926
REV-00123608,SKU-0017797,,Anonymous,5,Great value for money.,2023-08-08,False,POSITIVE,4,SOURCE_G_REVIEWS,reviews_2023.csv,2023-08-08T19:51:25.858868796,BATCH-G-20230808
REV-00123610,SKU-0013645,user_67185,Joshua Byrd,5,"Solid build quality, no complaints.",2023-12-30,True,POSITIVE,2,SOURCE_G_REVIEWS,reviews_2023.csv,2023-12-30T18:28:47.404298041,BATCH-G-20231230
REV-00123630,SKU-0014588,user_43754,Yvonne,5,"Perfect gift, they loved it! 😐",2023-03-28,True,POSITIVE,1,SOURCE_G_REVIEWS,reviews_2023.csv,2023-03-28T06:40:24.297688581,BATCH-G-20230328
REV-00123638,SKU-0000712,user_10606,Jason,1,"Poor packaging, item was defective.",2023-01-23,True,NEGATIVE,0,SOURCE_G_REVIEWS,reviews_2023.csv,2023-01-23T11:06:17.090326479,BATCH-G-20230123
REV-00123652,SKU-0003792,user_27285,Karen Barker,4,"Exactly as described, very happy.",2023-12-14,True,POSITIVE,2,SOURCE_G_REVIEWS,reviews_2023.csv,2023-12-14T00:46:42.383245424,BATCH-G-20231214
REV-00123657,SKU-0004305,user_56931,Christopher Hernandez,4,Exceeded my expectations.,2023-07-18,True,POSITIVE,4,SOURCE_G_REVIEWS,reviews_2023.csv,2023-07-19T02:16:24.667196475,BATCH-G-20230718
REV-00123659,SKU-0006914,user_9017364,Caitlin Perez,5,Great value for money.,2023-04-22,True,POSITIVE,3,SOURCE_G_REVIEWS,reviews_2023.csv,2023-04-22T06:14:31.168818990,BATCH-G-20230422
REV-00123660,SKU-0006108,,Anonymous,5,Better than I expected for the price.,2023-03-25,False,POSITIVE,0,SOURCE_G_REVIEWS,reviews_2023.csv,2023-03-25T15:52:27.744047698,BATCH-G-20230325
REV-00123667,SKU-0014211,user_9023061,Michelle,5,"Muy buen producto, lo recomiendo.",2023-04-25,True,POSITIVE,0,SOURCE_G_REVIEWS,reviews_2023.csv,2023-04-25T03:07:03.403709624,BATCH-G-20230425
REV-00123671,SKU-0000549,user_9006586,Brian,NA,"गुणवत्ता ठीक नहीं थी। Waste of money, do not buy.",2023-09-21,False,NEGATIVE,0,SOURCE_G_REVIEWS,reviews_2023.csv,2023-09-22T05:34:07.485275588,BATCH-G-20230921
REV-00123679,SKU-0008265,user_22065,Brenda,4,"Poor packaging, item was defective.",2023-03-16,True,NEGATIVE,4,SOURCE_G_REVIEWS,reviews_2023.csv,2023-03-16T23:21:37.462548530,BATCH-G-20230316
REV-00123700,SKU-0009630,user_9013534,Rebecca Pierce,5,"Absolutely love it, works perfectly!",2023-12-12,False,POSITIVE,0,SOURCE_G_REVIEWS,reviews_2023.csv,2023-12-12T10:23:42.122819367,BATCH-G-20231212
REV-00123708,SKU-0001581,,Anonymous,5,Will definitely buy again.,2023-04-06,True,POSITIVE,0,SOURCE_G_REVIEWS,reviews_2023.csv,2023-04-06T01:28:20.127569904,BATCH-G-20230406
REV-00123722,SKU-0009460,user_9019336,Mrs.,2,Arrived damaged and support was unhelpful.,2023-12-31,False,NEGATIVE,6,SOURCE_G_REVIEWS,reviews_2023.csv,2023-12-31T03:24:21.044976835,BATCH-G-20231231
REV-00123727,SKU-0015331,user_880,Ms.,3,"Not bad, not great either.",2023-04-26,True,NEUTRAL,2,SOURCE_G_REVIEWS,reviews_2023.csv,2023-04-26T11:49:34.525102535,BATCH-G-20230426
REV-00123731,SKU-0019499,user_9018995,Mike,4,"Exactly as described, very happy.",2023-02-09,True,POSITIVE,0,SOURCE_G_REVIEWS,reviews_2023.csv,2023-02-09T07:38:04.178910366,BATCH-G-20230209
REV-00123737,SKU-0017635,user_9002483,Joseph Davenport,4,"Exactly as described, very happy. 😡",2023-12-21,True,POSITIVE,0,SOURCE_G_REVIEWS,reviews_2023.csv,2023-12-21T13:18:59.625117498,BATCH-G-20231221
REV-00123753,SKU-0001771,user_59707,Cheryl,5,"   Exactly  as  described,  very  happy.   ",2023-04-08,True,POSITIVE,4,SOURCE_G_REVIEWS,reviews_2023.csv,2023-04-09T04:14:05.989430295,BATCH-G-20230408
REV-00123763,SKU-0007859,user_9018337,Gloria,NA,"Perfect gift, they loved it!",2023-03-24,True,POSITIVE,0,SOURCE_G_REVIEWS,reviews_2023.csv,2023-03-25T00:36:34.562025478,BATCH-G-20230324
REV-00123768,SKU-0006734,user_9002995,Gabrielle Lewis,5,Exceeded my expectations.,2023-11-11,False,POSITIVE,4,SOURCE_G_REVIEWS,reviews_2023.csv,2023-11-12T05:10:45.124094074,BATCH-G-20231111
REV-00123775,SKU-0011164,user_66834,Victoria Brown,4,Better than I expected for the price. ⭐😀,2023-05-04,True,POSITIVE,3,SOURCE_G_REVIEWS,reviews_2023.csv,2023-05-04T03:28:29.734825933,BATCH-G-20230504
REV-00123780,SKU-0013358,,Anonymous,5,"Perfect gift, they loved it! 😢",2023-09-23,False,POSITIVE,3,SOURCE_G_REVIEWS,reviews_2023.csv,2023-09-23T17:07:00.568203776,BATCH-G-20230923
REV-00123784,SKU-0017318,,Anonymous,5,"Absolutely love it, works perfectly!",2023-01-08,True,POSITIVE,3,SOURCE_G_REVIEWS,reviews_2023.csv,2023-01-08T10:35:33.799520226,BATCH-G-20230108
REV-00123785,SKU-0000658,user_9011260,Kevin,5,Better than I expected for the price.,2023-01-05,True,POSITIVE,1,SOURCE_G_REVIEWS,reviews_2023.csv,2023-01-05T02:34:58.937761231,BATCH-G-20230105
REV-00123786,SKU-0008974,,Anonymous,4,Great value for money. 🔥,2023-12-28,True,POSITIVE,16,SOURCE_G_REVIEWS,reviews_2023.csv,2023-12-29T02:36:35.561864330,BATCH-G-20231228
REV-00123787,SKU-0002754,user_34553,Kelsey Schwartz,3,"Matches the description, no issues.",2023-12-23,False,NEUTRAL,0,SOURCE_G_REVIEWS,reviews_2023.csv,2023-12-23T18:59:09.495536306,BATCH-G-20231223
REV-00123790,SKU-0012049,,Anonymous,-,"Cheaply made, broke immediately.",2023-12-03,True,NEGATIVE,2,SOURCE_G_REVIEWS,reviews_2023.csv,2023-12-03T20:15:23.248203745,BATCH-G-20231203
REV-00123791,SKU-0015149,,Anonymous,4,Will definitely buy again.,2023-12-18,False,POSITIVE,3,SOURCE_G_REVIEWS,reviews_2023.csv,2023-12-18T13:37:59.117852338,BATCH-G-20231218
REV-00123801,SKU-0014017,,Anonymous,3,"Average quality, nothing special.",2023-01-19,True,NEUTRAL,1,SOURCE_G_REVIEWS,reviews_2023.csv,2023-01-19T15:06:08.196746645,BATCH-G-20230119
REV-00123806,SKU-0007679,user_9014741,Tyler Griffith,5,Great value for money.,2023-08-20,True,POSITIVE,0,SOURCE_G_REVIEWS,reviews_2023.csv,2023-08-20T14:16:29.201122529,BATCH-G-20230820
REV-00123810,SKU-0012662,,Anonymous,5,"Perfect gift, they loved it!",2023-07-01,False,POSITIVE,2,SOURCE_G_REVIEWS,reviews_2023.csv,2023-07-02T03:30:27.883827061,BATCH-G-20230701
REV-00123813,SKU-9910417,user_10450,Alexander Williams,5,"Absolutely love it, works perfectly!",2023-06-26,True,POSITIVE,3,SOURCE_G_REVIEWS,reviews_2023.csv,2023-06-26T19:51:15.626553413,BATCH-G-20230626
REV-00123821,SKU-0017561,user_28541,Nicholas,4,"Perfect gift, they loved it!",2023-12-19,False,POSITIVE,2,SOURCE_G_REVIEWS,reviews_2023.csv,2023-12-19T15:52:57.309059561,BATCH-G-20231219
REV-00123823,SKU-0004974,user_29109,James Simpson,2,"Waste of money, do not buy.",2023-08-25,True,NEGATIVE,1,SOURCE_G_REVIEWS,reviews_2023.csv,2023-08-25T21:24:05.635859972,BATCH-G-20230825
REV-00123824,SKU-0000567,user_9030296,Amanda,2,Arrived damaged and support was unhelpful.,2023-07-09,True,NEGATIVE,4,SOURCE_G_REVIEWS,reviews_2023.csv,2023-07-09T08:48:50.832561962,BATCH-G-20230709
REV-00123828,SKU-0018115,user_39344,Victoria Brooks,4,Excellent rapport qualité-prix. Will definitely buy again.,2023-06-11,True,POSITIVE,1,SOURCE_G_REVIEWS,reviews_2023.csv,2023-06-11T04:40:31.354069382,BATCH-G-20230611
REV-00123832,SKU-0003306,,Anonymous,5,"Solid build quality, no complaints.",2023-01-11,True,POSITIVE,1,SOURCE_G_REVIEWS,reviews_2023.csv,2023-01-12T03:50:01.783561477,BATCH-G-20230111
REV-00123841,SKU-0017178,user_43043,Arthur Frank,5,Better than I expected for the price.,2023-04-30,False,POSITIVE,0,SOURCE_G_REVIEWS,reviews_2023.csv,2023-05-01T03:27:47.247526127,BATCH-G-20230430
REV-00123844,SKU-0008376,user_25733,Stephen White,5,Highly recommend this product.,2023-09-05,True,POSITIVE,1,SOURCE_G_REVIEWS,reviews_2023.csv,2023-09-05T21:50:33.852980677,BATCH-G-20230905
REV-00123854,SKU-0019418,user_280,James Lewis,5,Exceeded my expectations. 😍,2023-06-22,False,POSITIVE,4,SOURCE_G_REVIEWS,reviews_2023.csv,2023-06-22T12:21:48.890644571,BATCH-G-20230622
REV-00123861,SKU-0009258,user_9009333,Steven,1,Stopped working after a week.,2023-12-18,True,NEGATIVE,1,SOURCE_G_REVIEWS,reviews_2023.csv,2023-12-18T01:41:54.132447268,BATCH-G-20231218
REV-00123871,SKU-0003483,user_9029597,Jessica Cantu,6,   Fast  delivery  and  great  quality.   ,2023-01-22,True,POSITIVE,6,SOURCE_G_REVIEWS,reviews_2023.csv,2023-01-23T00:09:39.986354516,BATCH-G-20230122
REV-00123878,SKU-0000857,user_3926,Timothy Martinez,3,"Not bad, not great either.",2023-02-16,False,NEUTRAL,2,SOURCE_G_REVIEWS,reviews_2023.csv,2023-02-16T23:18:36.523225680,BATCH-G-20230216
REV-00123885,SKU-0000833,user_18655,Heather Martin DVM,4,Exceeded my expectations.,2023-12-18,False,POSITIVE,6,SOURCE_G_REVIEWS,reviews_2023.csv,2023-12-18T09:35:39.730144682,BATCH-G-20231218
REV-00123887,SKU-0006021,user_9013367,Justin Conner,1,Arrived damaged and support was unhelpful.,2023-03-01,False,NEGATIVE,0,SOURCE_G_REVIEWS,reviews_2023.csv,2023-03-01T03:42:31.900623379,BATCH-G-20230301
REV-00123889,SKU-0011907,user_9034219,Mrs. Jennifer Jackson DDS,5,Not as described at all.,2023-07-08,True,NEGATIVE,0,SOURCE_G_REVIEWS,reviews_2023.csv,2023-07-08T04:47:45.748260219,BATCH-G-20230708
REV-00123901,SKU-0003132,,Anonymous,NULL,No cumplió mis expectativas.,2023-08-04,False,POSITIVE,2,SOURCE_G_REVIEWS,reviews_2023.csv,2023-08-04T09:16:49.557316971,BATCH-G-20230804
REV-00123903,SKU-0015851,user_9000119,Sara,5,"Exactly as described, very happy.",2023-04-27,True,POSITIVE,3,SOURCE_G_REVIEWS,reviews_2023.csv,2023-04-27T13:23:40.944686362,BATCH-G-20230427
REV-00123906,SKU-0011696,user_57920,Betty Clark,3,Decent but overpriced a bit.,2023-12-30,False,NEUTRAL,1,SOURCE_G_REVIEWS,reviews_2023.csv,2023-12-30T16:20:40.646244809,BATCH-G-20231230
REV-00123918,SKU-0003967,user_23346,William,1,Not as described at all. 🔥,2023-11-23,True,NEGATIVE,1,SOURCE_G_REVIEWS,reviews_2023.csv,2023-11-23T02:15:45.175310119,BATCH-G-20231123
REV-00123927,SKU-0007148,user_9021491,Dennis Kim,5,Exceeded my expectations.,2023-05-28,True,POSITIVE,1,SOURCE_G_REVIEWS,reviews_2023.csv,2023-05-28T03:57:41.924847146,BATCH-G-20230528
REV-00123934,SKU-0013825,user_9012968,Amber Williams,2,गुणवत्ता ठीक नहीं थी।,2023-10-20,True,NEGATIVE,1,SOURCE_G_REVIEWS,reviews_2023.csv,2023-10-20T14:43:08.596455422,BATCH-G-20231020
REV-00123942,SKU-0005968,user_9026024,Angela,4,"Perfect gift, they loved it! 👍",2023-12-03,False,POSITIVE,0,SOURCE_G_REVIEWS,reviews_2023.csv,2023-12-03T02:29:38.266923566,BATCH-G-20231203
REV-00123951,SKU-0019215,user_7773,Martha Schmidt,5,Fast delivery and great quality.,2023-11-08,False,POSITIVE,0,SOURCE_G_REVIEWS,reviews_2023.csv,2023-11-08T01:57:06.003424921,BATCH-G-20231108
REV-00123955,SKU-0019232,,Anonymous,1,Arrived damaged and support was unhelpful.,2023-01-27,False,NEGATIVE,0,SOURCE_G_REVIEWS,reviews_2023.csv,2023-01-27T02:56:05.623304033,BATCH-G-20230127
REV-00123965,SKU-0003147,user_9016347,Karl,1,Arrived damaged and support was unhelpful.,2023-01-10,False,NEGATIVE,1,SOURCE_G_REVIEWS,reviews_2023.csv,2023-01-10T16:03:34.581781207,BATCH-G-20230110
REV-00123966,SKU-0012906,user_9013755,Lorraine Johnson,3,"Average quality, nothing special. 🔥",2023-09-01,False,NEUTRAL,0,SOURCE_G_REVIEWS,reviews_2023.csv,2023-09-01T00:31:41.841981719,BATCH-G-20230901
REV-00123974,SKU-0002766,,Anonymous,4,"Perfect gift, they loved it!",2023-12-24,True,POSITIVE,5,SOURCE_G_REVIEWS,reviews_2023.csv,2023-12-25T04:36:33.246264520,BATCH-G-20231224
REV-00123979,SKU-0008912,user_9003828,Sharon Carter,4,"Absolutely love it, works perfectly!",2023-08-23,True,POSITIVE,3,SOURCE_G_REVIEWS,reviews_2023.csv,2023-08-23T18:08:25.606069007,BATCH-G-20230823
REV-00123983,SKU-0008502,user_44730,Sherri Johnson,4,"Perfect gift, they loved it! ⭐😡",2023-11-11,False,POSITIVE,7,SOURCE_G_REVIEWS,reviews_2023.csv,2023-11-11T23:49:07.616873727,BATCH-G-20231111
REV-00123991,SKU-0013962,,Anonymous,4,Great value for money.,2023-03-07,True,POSITIVE,1,SOURCE_G_REVIEWS,reviews_2023.csv,2023-03-07T04:29:46.322178260,BATCH-G-20230307
REV-00123992,SKU-0005644,user_54417,Bryan Porter,4,Better than I expected for the price.,2023-11-01,False,POSITIVE,6,SOURCE_G_REVIEWS,reviews_2023.csv,2023-11-02T00:15:12.178615113,BATCH-G-20231101
REV-00124000,SKU-0013641,user_9002749,Christian,5,"Solid build quality, no complaints.",2023-10-22,True,POSITIVE,2,SOURCE_G_REVIEWS,reviews_2023.csv,2023-10-22T13:49:10.179941426,BATCH-G-20231022
REV-00124001,SKU-0007822,user_59410,Jennifer Thomas,5,"Exactly as described, very happy.",2023-08-31,False,POSITIVE,4,SOURCE_G_REVIEWS,reviews_2023.csv,2023-09-01T00:29:02.153036319,BATCH-G-20230831
REV-00124006,SKU-0013540,user_17019,Joshua,3,"Average quality, nothing special.",2023-11-19,False,NEUTRAL,3,SOURCE_G_REVIEWS,reviews_2023.csv,2023-11-19T12:43:41.862650135,BATCH-G-20231119
REV-00124008,SKU-0015646,user_9020763,Donald,3,Fast delivery and great quality.,2023-04-28,True,POSITIVE,1,SOURCE_G_REVIEWS,reviews_2023.csv,2023-04-28T15:05:57.709051194,BATCH-G-20230428
REV-00124021,SKU-0013112,user_9034379,Christine Austin,1,"Matches the description, no issues.",2023-05-17,True,NEUTRAL,1,SOURCE_G_REVIEWS,reviews_2023.csv,2023-05-17T20:17:58.434871228,BATCH-G-20230517
REV-00124036,SKU-0019819,user_10408,Laurie Flowers,4,"Perfect gift, they loved it!",2023-12-09,False,POSITIVE,0,SOURCE_G_REVIEWS,reviews_2023.csv,2023-12-09T15:39:25.433664147,BATCH-G-20231209
REV-00124057,SKU-0017110,user_9004423,Peter Boyle,4,"Livraison très lente, déçu.",2023-04-11,True,POSITIVE,1,SOURCE_G_REVIEWS,reviews_2023.csv,2023-04-11T21:40:39.678424119,BATCH-G-20230411
REV-00124066,SKU-0012825,user_9004122,Michael Nixon,2,Very disappointed with the quality.,2023-12-22,True,NEGATIVE,0,SOURCE_G_REVIEWS,reviews_2023.csv,2023-12-22T14:38:41.829906274,BATCH-G-20231222
REV-00124080,SKU-0010086,user_50898,Cassandra Vargas,4,"No cumplió mis expectativas. Exactly as described, very happy.",2023-03-01,True,POSITIVE,3,SOURCE_G_REVIEWS,reviews_2023.csv,2023-03-01T03:26:29.972345176,BATCH-G-20230301
REV-00124090,SKU-0003096,user_22434,Robert Stone,-,NULL,2023-06-07,True,NEGATIVE,2,SOURCE_G_REVIEWS,reviews_2023.csv,2023-06-07T22:37:14.756174327,BATCH-G-20230607
REV-00124107,SKU-0009029,user_9008197,Mary Alvarado,5,Stopped working after a week.,2023-01-10,True,NEGATIVE,4,SOURCE_G_REVIEWS,reviews_2023.csv,2023-01-10T09:13:28.053169963,BATCH-G-20230110
REV-00124109,SKU-0006567,user_9004176,Theresa Young,5,"Perfect gift, they loved it!",2023-04-11,False,POSITIVE,1,SOURCE_G_REVIEWS,reviews_2023.csv,2023-04-11T21:37:31.004227541,BATCH-G-20230411
REV-00124111,SKU-0008870,,Anonymous,-,Better than I expected for the price.,2023-05-08,False,POSITIVE,2,SOURCE_G_REVIEWS,reviews_2023.csv,2023-05-08T01:21:44.294108440,BATCH-G-20230508
REV-00124129,SKU-0020089,user_55404,Billy,4,Better than I expected for the price.,2023-06-27,False,POSITIVE,1,SOURCE_G_REVIEWS,reviews_2023.csv,2023-06-27T12:26:26.976046745,BATCH-G-20230627
REV-00124133,SKU-0003886,,Anonymous,,"Solid build quality, no complaints.",2023-04-12,True,POSITIVE,0,SOURCE_G_REVIEWS,reviews_2023.csv,2023-04-12T17:22:37.622468356,BATCH-G-20230412
REV-00124141,SKU-0011647,user_9006266,Lee Jimenez,3,Decent but overpriced a bit.,2023-10-19,False,NEUTRAL,0,SOURCE_G_REVIEWS,reviews_2023.csv,2023-10-19T17:21:20.691343532,BATCH-G-20231019
REV-00124144,SKU-0012341,user_54558,Marco Bradley,5,Great value for money.,2023-12-18,False,POSITIVE,1,SOURCE_G_REVIEWS,reviews_2023.csv,2023-12-19T00:15:08.827093361,BATCH-G-20231218
REV-00124152,SKU-0019789,user_9032360,Sarah Barnett,4,Great value for money.,2023-12-08,True,POSITIVE,3,SOURCE_G_REVIEWS,reviews_2023.csv,2023-12-08T14:04:29.783528883,BATCH-G-20231208
REV-00124159,SKU-0009834,user_9003740,Sean Miller,3,"Average quality, nothing special.",2023-09-23,True,NEUTRAL,1,SOURCE_G_REVIEWS,reviews_2023.csv,2023-09-23T23:16:31.854789268,BATCH-G-20230923
REV-00124172,SKU-0009233,user_9016145,Erik Ross,5,Fast delivery and great quality.,2023-06-20,False,POSITIVE,0,SOURCE_G_REVIEWS,reviews_2023.csv,2023-06-20T12:57:14.879222281,BATCH-G-20230620
REV-00124183,SKU-0011649,user_5332,Timothy Merritt,4,Great value for money.,2023-03-21,True,POSITIVE,1,SOURCE_G_REVIEWS,reviews_2023.csv,2023-03-21T12:41:25.032177222,BATCH-G-20230321
REV-00124185,SKU-0013560,user_9002062,Daniel Coleman,4,"Absolutely love it, works perfectly!",2023-11-01,False,POSITIVE,1,SOURCE_G_REVIEWS,reviews_2023.csv,2023-11-01T04:04:03.930752883,BATCH-G-20231101
REV-00124186,SKU-0005546,user_9016161,Kimberly Benton,4,Highly recommend this product.,2023-01-04,True,POSITIVE,0,SOURCE_G_REVIEWS,reviews_2023.csv,2023-01-05T01:38:37.678201483,BATCH-G-20230104
REV-00124198,SKU-0009523,user_9015878,Jennifer Johnson,7,Fast delivery and great quality.,2023-10-01,False,POSITIVE,1,SOURCE_G_REVIEWS,reviews_2023.csv,2023-10-01T04:42:16.734570423,BATCH-G-20231001
REV-00124199,SKU-0000156,user_58724,Michelle Medina,5,Fast delivery and great quality.,2023-01-19,True,POSITIVE,0,SOURCE_G_REVIEWS,reviews_2023.csv,2023-01-20T03:37:17.052334656,BATCH-G-20230119
REV-00124200,SKU-0012633,user_9030000,Jonathan Henderson,5,Great value for money.,2023-01-17,True,POSITIVE,3,SOURCE_G_REVIEWS,reviews_2023.csv,2023-01-17T05:25:36.827434482,BATCH-G-20230117
REV-00124204,SKU-0004762,user_9011628,Andrea Cohen,4,"Absolutely love it, works perfectly!",2023-09-06,True,POSITIVE,11,SOURCE_G_REVIEWS,reviews_2023.csv,2023-09-07T05:27:28.830850024,BATCH-G-20230906
REV-00124221,SKU-0005189,user_26697,Wendy Mason,3,"Matches the description, no issues. ⭐",2023-02-09,False,NEUTRAL,0,SOURCE_G_REVIEWS,reviews_2023.csv,2023-02-09T23:22:07.481868431,BATCH-G-20230209
REV-00124224,SKU-0013041,user_9024060,Rebecca Spears,3,"<p>Average quality, nothing special.<b>Update:</b>",2023-11-28,True,NEUTRAL,4,SOURCE_G_REVIEWS,reviews_2023.csv,2023-11-29T03:48:35.315400517,BATCH-G-20231128
REV-00124231,SKU-0017938,,Anonymous,3,"Matches the description, no issues.",2023-01-25,True,NEUTRAL,10,SOURCE_G_REVIEWS,reviews_2023.csv,2023-01-26T03:05:14.971174540,BATCH-G-20230125
REV-00124245,SKU-0013426,user_67185,Joshua Byrd,5,Great value for money.,2023-04-09,False,POSITIVE,1,SOURCE_G_REVIEWS,reviews_2023.csv,2023-04-09T10:46:56.930654362,BATCH-G-20230409
REV-00124246,SKU-0003372,user_9010169,Nicholas Hill,1,"   Cheaply  made,  broke  immediately.   ",2023-07-10,True,NEGATIVE,6,SOURCE_G_REVIEWS,reviews_2023.csv,2023-07-10T07:00:29.715212863,BATCH-G-20230710
REV-00124247,SKU-0011439,user_9027895,Timothy,4,Fast delivery and great quality.,2023-12-19,False,POSITIVE,0,SOURCE_G_REVIEWS,reviews_2023.csv,2023-12-19T10:12:36.996868498,BATCH-G-20231219
REV-00124253,SKU-0006365,user_9030507,Kristy Black,1,Stopped working after a week.,2023-02-05,True,NEGATIVE,4,SOURCE_G_REVIEWS,reviews_2023.csv,2023-02-05T06:39:22.967277316,BATCH-G-20230205
REV-00124259,SKU-0011498,,Anonymous,3,"Not bad, not great either.",2023-04-07,False,NEUTRAL,6,SOURCE_G_REVIEWS,reviews_2023.csv,2023-04-07T10:56:33.711685766,BATCH-G-20230407
REV-00124260,SKU-0005765,user_9030187,John,5,Highly recommend this product.,2023-08-30,True,POSITIVE,2,SOURCE_G_REVIEWS,reviews_2023.csv,2023-08-30T10:25:45.139229571,BATCH-G-20230830
REV-00124267,SKU-0015685,user_9030263,Lawrence Ross,2,Wrong item was shipped to me.,2023-02-17,False,NEGATIVE,6,SOURCE_G_REVIEWS,reviews_2023.csv,2023-02-17T16:39:23.357651255,BATCH-G-20230217
REV-00124272,SKU-9993198,,Anonymous,4,"Perfect gift, they loved it!",2023-09-21,True,POSITIVE,2,SOURCE_G_REVIEWS,reviews_2023.csv,2023-09-21T23:56:49.073614374,BATCH-G-20230921
REV-00124282,SKU-0005088,user_9010123,Mark Ward,4,Highly recommend this product.,2023-01-01,False,POSITIVE,4,SOURCE_G_REVIEWS,reviews_2023.csv,2023-01-01T20:38:10.235949803,BATCH-G-20230101
REV-00124284,SKU-0016014,user_9030516,Nicholas Baker,1,Wrong item was shipped to me.,2023-02-25,True,NEGATIVE,1,SOURCE_G_REVIEWS,reviews_2023.csv,2023-02-25T14:20:02.944655996,BATCH-G-20230225
REV-00124289,SKU-0013106,user_6205,Debra Molina,5,Fast delivery and great quality.,2023-08-09,False,POSITIVE,2,SOURCE_G_REVIEWS,reviews_2023.csv,2023-08-09T09:43:28.998851027,BATCH-G-20230809
REV-00124297,SKU-0018273,user_9031760,Kyle,4,Will definitely buy again.,2023-03-30,True,POSITIVE,0,SOURCE_G_REVIEWS,reviews_2023.csv,2023-03-31T05:33:13.970385983,BATCH-G-20230330
REV-00124305,SKU-0016086,,Anonymous,5,"Solid build quality, no complaints.",2023-01-07,True,POSITIVE,5,SOURCE_G_REVIEWS,reviews_2023.csv,2023-01-07T04:42:12.053380656,BATCH-G-20230107
REV-00124306,SKU-0019992,user_9000579,John Gardner,2,"Poor packaging, item was defective.",2023-02-14,False,NEGATIVE,8,SOURCE_G_REVIEWS,reviews_2023.csv,2023-02-14T23:30:44.319378121,BATCH-G-20230214
REV-00124310,SKU-0010008,user_37959,Michael,5,Better than I expected for the price.,2023-11-08,False,POSITIVE,0,SOURCE_G_REVIEWS,reviews_2023.csv,2023-11-08T23:39:59.991995256,BATCH-G-20231108
REV-00124323,SKU-0009755,user_9018063,Melissa Bridges,4,"Absolutely love it, works perfectly!",2023-08-31,False,POSITIVE,3,SOURCE_G_REVIEWS,reviews_2023.csv,2023-08-31T21:59:30.393767447,BATCH-G-20230831
REV-00124343,SKU-9931769,,Anonymous,2,"Cheaply made, broke immediately.",2023-06-28,True,NEGATIVE,0,SOURCE_G_REVIEWS,reviews_2023.csv,2023-06-28T05:33:10.670573058,BATCH-G-20230628
REV-00124354,SKU-0002157,user_9017193,Michael Rodriguez,4,Exceeded my expectations.,2023-06-18,True,POSITIVE,1,SOURCE_G_REVIEWS,reviews_2023.csv,2023-06-18T17:46:29.029876924,BATCH-G-20230618
REV-00124363,SKU-0001830,user_49507,John,5,"Solid build quality, no complaints.",2023-01-02,False,POSITIVE,1,SOURCE_G_REVIEWS,reviews_2023.csv,2023-01-02T04:30:21.923682261,BATCH-G-20230102
REV-00124364,SKU-0003424,user_55037,Shane Howard,4,"Exactly as described, very happy.",2023-07-27,False,POSITIVE,1,SOURCE_G_REVIEWS,reviews_2023.csv,2023-07-27T23:39:21.837485395,BATCH-G-20230727
REV-00124373,SKU-9931811,user_57062,Christine,6,Exceeded my expectations.,2023-02-06,False,POSITIVE,4,SOURCE_G_REVIEWS,reviews_2023.csv,2023-02-06T12:00:53.498038704,BATCH-G-20230206
REV-00124394,SKU-0007541,user_9032624,Justin Mcintyre,5,"Not bad, not great either.",2023-12-08,True,NEUTRAL,2,SOURCE_G_REVIEWS,reviews_2023.csv,2023-12-08T09:58:41.434333287,BATCH-G-20231208
REV-00124395,SKU-0019951,user_9007536,Adam Underwood,4,Great value for money.,2023-05-26,True,POSITIVE,9,SOURCE_G_REVIEWS,reviews_2023.csv,2023-05-26T08:05:05.456581848,BATCH-G-20230526
REV-00124400,SKU-0014868,user_9015795,Zachary Carter,5,Highly recommend this product.,2023-05-07,True,POSITIVE,6,SOURCE_G_REVIEWS,reviews_2023.csv,2023-05-07T07:48:30.027087908,BATCH-G-20230507
REV-00124401,SKU-0007233,user_9023495,James,3,"Not bad, not great either.",2023-03-11,False,NEUTRAL,0,SOURCE_G_REVIEWS,reviews_2023.csv,2023-03-11T19:59:48.327734858,BATCH-G-20230311
REV-00124409,SKU-0000211,user_9032660,Cheryl Sandoval DDS,4,Great value for money.,2023-12-29,False,POSITIVE,1,SOURCE_G_REVIEWS,reviews_2023.csv,2023-12-29T05:22:55.069532743,BATCH-G-20231229
REV-00124424,SKU-0011642,user_8729,Joseph Waters,3,"Not bad, not great either.",2023-11-04,False,NEUTRAL,3,SOURCE_G_REVIEWS,reviews_2023.csv,2023-11-04T17:15:28.689740818,BATCH-G-20231104
REV-00124427,SKU-0019703,user_9026313,Jason Newman,4,Highly recommend this product.,2023-11-19,True,POSITIVE,0,SOURCE_G_REVIEWS,reviews_2023.csv,2023-11-19T05:07:04.706677962,BATCH-G-20231119
REV-00124454,SKU-0011620,user_15894,Susan Garza,5,Great value for money.,2023-01-03,True,POSITIVE,12,SOURCE_G_REVIEWS,reviews_2023.csv,2023-01-03T18:58:57.003440503,BATCH-G-20230103
REV-00124466,SKU-0016102,user_9011865,Theresa Guerrero,4,"</p>Solid build quality, no complaints.<p>",2023-03-05,True,POSITIVE,2,SOURCE_G_REVIEWS,reviews_2023.csv,2023-03-05T22:51:26.258697989,BATCH-G-20230305
REV-00124468,SKU-0017922,user_10977,Mario Stewart,5,"Perfect gift, they loved it!",2023-01-05,False,POSITIVE,2,SOURCE_G_REVIEWS,reviews_2023.csv,2023-01-05T12:17:40.769618333,BATCH-G-20230105
REV-00124470,SKU-0016243,user_9016064,Timothy Scott,4,"Perfect gift, they loved it!",2023-08-27,True,POSITIVE,0,SOURCE_G_REVIEWS,reviews_2023.csv,2023-08-27T07:08:31.069227938,BATCH-G-20230827
REV-00124501,SKU-0008322,user_66672,Benjamin Warren,3,"Not bad, not great either.",2023-08-21,True,NEUTRAL,0,SOURCE_G_REVIEWS,reviews_2023.csv,2023-08-21T07:31:15.134165367,BATCH-G-20230821
REV-00124502,SKU-0011813,user_11734,Rhonda Baker,1,Stopped working after a week.,2023-01-24,False,NEGATIVE,5,SOURCE_G_REVIEWS,reviews_2023.csv,2023-01-24T04:11:49.188856530,BATCH-G-20230124
REV-00124505,SKU-0009508,user_11124,Alexis Cobb,4,Highly recommend this product.,2023-05-08,True,POSITIVE,0,SOURCE_G_REVIEWS,reviews_2023.csv,2023-05-08T12:42:31.805322779,BATCH-G-20230508
REV-00124510,SKU-0008408,,Anonymous,,"Perfect gift, they loved it! 😡",2023-07-14,True,POSITIVE,1,SOURCE_G_REVIEWS,reviews_2023.csv,2023-07-14T06:02:27.709389769,BATCH-G-20230714
REV-00124513,SKU-0014409,,Anonymous,3,Decent but overpriced a bit.,2023-02-16,True,NEUTRAL,2,SOURCE_G_REVIEWS,reviews_2023.csv,2023-02-17T04:54:16.998865789,BATCH-G-20230216
REV-00124526,SKU-9947296,user_9014308,Bryan Ramirez,3,<i>edited</i>Works fine but delivery was slow.<p>,2023-08-25,True,NEUTRAL,0,SOURCE_G_REVIEWS,reviews_2023.csv,2023-08-26T05:02:02.809838047,BATCH-G-20230825
REV-00124527,SKU-0002401,user_9006463,Jason,5,Great value for money.,2023-02-15,True,POSITIVE,3,SOURCE_G_REVIEWS,reviews_2023.csv,2023-02-15T12:42:45.245488245,BATCH-G-20230215
REV-00124533,SKU-0002640,user_9032411,Sean,5,"Absolutely love it, works perfectly!",2023-02-19,True,POSITIVE,2,SOURCE_G_REVIEWS,reviews_2023.csv,2023-02-20T00:51:22.342637862,BATCH-G-20230219
REV-00124534,SKU-0003666,user_64212,Gregory Hartman,5,"Perfect gift, they loved it!",2023-11-11,True,POSITIVE,0,SOURCE_G_REVIEWS,reviews_2023.csv,2023-11-12T03:30:13.673261307,BATCH-G-20231111
REV-00124544,SKU-0002979,user_9006236,Kelly,4,Will definitely buy again.,2023-11-28,False,POSITIVE,1,SOURCE_G_REVIEWS,reviews_2023.csv,2023-11-29T01:53:59.257893446,BATCH-G-20231128
REV-00124562,SKU-0010389,user_9030814,Sandra Hall,3,"Average quality, nothing special.",2023-11-01,True,NEUTRAL,5,SOURCE_G_REVIEWS,reviews_2023.csv,2023-11-01T10:23:50.182404277,BATCH-G-20231101
REV-00124564,SKU-9929865,user_9007211,Aaron Reed,3,"It's okay, does the job.",2023-12-11,True,NEUTRAL,1,SOURCE_G_REVIEWS,reviews_2023.csv,2023-12-11T08:54:48.380674164,BATCH-G-20231211
REV-00124573,SKU-0002956,user_9005538,Michael White,3,Fast delivery and great quality.,2023-12-22,False,POSITIVE,1,SOURCE_G_REVIEWS,reviews_2023.csv,2023-12-22T04:52:55.277347044,BATCH-G-20231222
REV-00124579,SKU-0019287,user_9030668,Nicole Taylor,3,Excellent rapport qualité-prix.,2023-04-09,True,NEUTRAL,6,SOURCE_G_REVIEWS,reviews_2023.csv,2023-04-10T01:06:36.100897330,BATCH-G-20230409
REV-00124581,SKU-0009229,user_9026826,Daniel Little,4,No cumplió mis expectativas.,2023-09-18,False,POSITIVE,3,SOURCE_G_REVIEWS,reviews_2023.csv,2023-09-18T11:18:17.692144053,BATCH-G-20230918
REV-00124586,SKU-0001742,,Anonymous,4,Better than I expected for the price.,2023-08-16,True,POSITIVE,1,SOURCE_G_REVIEWS,reviews_2023.csv,2023-08-16T01:44:41.143099066,BATCH-G-20230816
REV-00124600,SKU-0003230,user_9013278,Gina,4,Better than I expected for the price.,2023-12-14,True,POSITIVE,0,SOURCE_G_REVIEWS,reviews_2023.csv,2023-12-15T05:58:29.023771865,BATCH-G-20231214
REV-00124610,SKU-9962413,user_9033087,Allen James,4,   Exceeded  my  expectations.   ,2023-03-07,False,POSITIVE,2,SOURCE_G_REVIEWS,reviews_2023.csv,2023-03-07T09:38:52.961014538,BATCH-G-20230307
REV-00124613,SKU-0018636,user_51784,Mrs. Lauren Hawkins,6,   Highly  recommend  this  product.   ,2023-09-07,True,POSITIVE,1,SOURCE_G_REVIEWS,reviews_2023.csv,2023-09-07T14:53:11.669022771,BATCH-G-20230907
REV-00124614,SKU-0006887,,Anonymous,4,Exceeded my expectations.,2023-01-11,True,POSITIVE,6,SOURCE_G_REVIEWS,reviews_2023.csv,2023-01-11T03:00:26.180204107,BATCH-G-20230111
REV-00124618,SKU-9923463,user_61835,Erica,5,Exceeded my expectations. 😐,2023-06-22,False,POSITIVE,3,SOURCE_G_REVIEWS,reviews_2023.csv,2023-06-22T16:37:39.230213330,BATCH-G-20230622
REV-00124627,SKU-0012109,user_9030528,William Bradley,5,Exceeded my expectations.,2023-07-27,False,POSITIVE,3,SOURCE_G_REVIEWS,reviews_2023.csv,2023-07-27T00:49:50.775809141,BATCH-G-20230727
REV-00124633,SKU-0015624,user_40028,Julia Montoya,1,"Livraison très lente, déçu.",2023-12-08,True,NEGATIVE,2,SOURCE_G_REVIEWS,reviews_2023.csv,2023-12-08T19:08:32.514793958,BATCH-G-20231208
REV-00124651,SKU-0016776,user_10651,Savannah Weaver,4,"Perfect gift, they loved it!",2023-10-24,False,POSITIVE,0,SOURCE_G_REVIEWS,reviews_2023.csv,2023-10-24T20:45:01.810854197,BATCH-G-20231024
REV-00124659,SKU-0016110,user_9018300,Tim Hernandez,3,Works fine but delivery was slow.,2023-08-11,False,NEUTRAL,3,SOURCE_G_REVIEWS,reviews_2023.csv,2023-08-11T22:30:02.359202215,BATCH-G-20230811
REV-00124667,SKU-0008675,user_9875,Angela Cabrera,3,"Average quality, nothing special.",2023-03-01,True,NEUTRAL,0,SOURCE_G_REVIEWS,reviews_2023.csv,2023-03-02T02:37:03.698306769,BATCH-G-20230301
REV-00124668,SKU-0008613,user_46966,James,5,Better than I expected for the price.,2023-08-18,True,POSITIVE,1,SOURCE_G_REVIEWS,reviews_2023.csv,2023-08-18T18:09:16.946116121,BATCH-G-20230818
REV-00124669,SKU-0009166,user_9022780,James Zhang,4,"Exactly as described, very happy.",2023-03-06,False,POSITIVE,4,SOURCE_G_REVIEWS,reviews_2023.csv,2023-03-06T07:34:27.773979142,BATCH-G-20230306
REV-00124671,SKU-0001440,user_9013949,Anthony Garcia,5,Great value for money.,2023-03-25,False,POSITIVE,12,SOURCE_G_REVIEWS,reviews_2023.csv,2023-03-26T05:06:26.366493137,BATCH-G-20230325
REV-00124676,SKU-0014519,,Anonymous,5,&nbsp;Will definitely buy again.<b>Update:</b>,2023-07-18,True,POSITIVE,9,SOURCE_G_REVIEWS,reviews_2023.csv,2023-07-18T07:19:55.990073307,BATCH-G-20230718
REV-00124680,SKU-0002102,user_9024341,Joanna,4,"Exactly as described, very happy.",2023-08-03,True,POSITIVE,0,SOURCE_G_REVIEWS,reviews_2023.csv,2023-08-03T02:52:39.894089463,BATCH-G-20230803
REV-00124692,SKU-0007066,user_9004563,Lori Bautista,2,Stopped working after a week.,2023-11-19,False,NEGATIVE,3,SOURCE_G_REVIEWS,reviews_2023.csv,2023-11-19T18:19:28.314830271,BATCH-G-20231119
REV-00124713,SKU-0000170,user_9034448,Levi Sanchez MD,3,"Average quality, nothing special.",2023-12-09,False,NEUTRAL,0,SOURCE_G_REVIEWS,reviews_2023.csv,2023-12-09T13:25:36.054021811,BATCH-G-20231209
REV-00124735,SKU-0006946,user_9000084,Craig,5,"Solid build quality, no complaints.",2023-03-12,True,POSITIVE,3,SOURCE_G_REVIEWS,reviews_2023.csv,2023-03-12T01:47:41.973879539,BATCH-G-20230312
REV-00124735-DUP,SKU-0006946,user_9000084,Craig,5,"Solid build quality, no complaints.",2023-03-12,True,POSITIVE,3,SOURCE_G_REVIEWS,reviews_2023.csv,2023-03-12T02:17:41.973879539,BATCH-G-20230312
REV-00124743,SKU-0010373,user_62378,Joshua Brown,3,"Matches the description, no issues.",2023-01-20,True,NEUTRAL,1,SOURCE_G_REVIEWS,reviews_2023.csv,2023-01-20T10:59:54.270933396,BATCH-G-20230120
REV-00124744,SKU-0007357,user_7834,Sarah Olson,4,Exceeded my expectations.,2023-12-17,True,POSITIVE,12,SOURCE_G_REVIEWS,reviews_2023.csv,2023-12-17T05:08:08.272710856,BATCH-G-20231217
REV-00124750,SKU-0013510,user_9005158,Cassandra Crawford,4,"Absolutely love it, works perfectly!",2023-11-03,False,POSITIVE,1,SOURCE_G_REVIEWS,reviews_2023.csv,2023-11-03T17:36:14.288208190,BATCH-G-20231103
REV-00124752,SKU-0006170,user_2011,Zachary Austin,3,"   Average  quality,  nothing  special.   ",2023-07-02,True,NEUTRAL,0,SOURCE_G_REVIEWS,reviews_2023.csv,2023-07-02T17:46:52.878984088,BATCH-G-20230702
REV-00124754,SKU-0013778,user_5369,Hannah Reilly,2,Wrong item was shipped to me.,2023-12-23,True,NEGATIVE,1,SOURCE_G_REVIEWS,reviews_2023.csv,2023-12-23T23:21:49.585084746,BATCH-G-20231223
REV-00124763,SKU-0019671,user_9027305,Holly Johnson DDS,3,"Not bad, not great either.",2023-08-25,True,NEUTRAL,11,SOURCE_G_REVIEWS,reviews_2023.csv,2023-08-26T02:16:48.886919582,BATCH-G-20230825
REV-00124764,SKU-0015480,user_65298,Michele Wilson,5,Highly recommend this product.,2023-09-03,True,POSITIVE,10,SOURCE_G_REVIEWS,reviews_2023.csv,2023-09-03T07:39:57.178379220,BATCH-G-20230903
REV-00124768,SKU-0016024,user_58963,Lisa Lambert,2,"Poor packaging, item was defective.",2023-06-26,False,NEGATIVE,1,SOURCE_G_REVIEWS,reviews_2023.csv,2023-06-26T18:19:44.732983788,BATCH-G-20230626
REV-00124780,SKU-0008426,user_12372,Michael,3,"Average quality, nothing special.",2023-09-22,True,NEUTRAL,0,SOURCE_G_REVIEWS,reviews_2023.csv,2023-09-23T03:12:33.314591164,BATCH-G-20230922
REV-00124785,SKU-0002464,,Anonymous,5,Will definitely buy again.,2023-02-21,True,POSITIVE,0,SOURCE_G_REVIEWS,reviews_2023.csv,2023-02-21T20:42:36.398212300,BATCH-G-20230221
REV-00124787,SKU-9932615,user_8098,Connor,4,Exceeded my expectations.,2023-05-14,True,POSITIVE,2,SOURCE_G_REVIEWS,reviews_2023.csv,2023-05-14T16:02:10.966620323,BATCH-G-20230514
REV-00124796,SKU-0008206,,Anonymous,5,"Absolutely love it, works perfectly!",2023-04-17,True,POSITIVE,0,SOURCE_G_REVIEWS,reviews_2023.csv,2023-04-18T05:59:16.964782039,BATCH-G-20230417
REV-00124815,SKU-0008617,user_21803,Stephanie,5,"Exactly as described, very happy.",2023-11-11,False,POSITIVE,2,SOURCE_G_REVIEWS,reviews_2023.csv,2023-11-11T21:58:00.689848332,BATCH-G-20231111
REV-00124820,SKU-0002631,user_9026122,Travis,1,"Cheaply made, broke immediately.",2023-04-04,True,NEGATIVE,1,SOURCE_G_REVIEWS,reviews_2023.csv,2023-04-04T01:54:02.448069961,BATCH-G-20230404
REV-00124825,SKU-9932615,user_9002628,Stanley Alvarado,3,"Average quality, nothing special.",2023-06-25,True,NEUTRAL,0,SOURCE_G_REVIEWS,reviews_2023.csv,2023-07-01T21:00:00,BATCH-G-20230625
REV-00124840,SKU-0010675,user_33710,Christopher Collins,4,गुणवत्ता ठीक नहीं थी।,2023-04-09,False,POSITIVE,2,SOURCE_G_REVIEWS,reviews_2023.csv,2023-04-09T20:03:10.190150866,BATCH-G-20230409
REV-00124844,SKU-0000559,user_9031824,Jeffrey Miller,2,"Waste of money, do not buy.",2023-05-27,True,NEGATIVE,2,SOURCE_G_REVIEWS,reviews_2023.csv,2023-05-27T01:53:33.238292332,BATCH-G-20230527
REV-00124845,SKU-0002553,user_9032669,Robert Murphy,4,Highly recommend this product.,2023-07-13,False,POSITIVE,3,SOURCE_G_REVIEWS,reviews_2023.csv,2023-07-13T09:15:58.493758885,BATCH-G-20230713
REV-00124853,SKU-0002656,,Anonymous,5,Better than I expected for the price.,2023-11-04,True,POSITIVE,1,SOURCE_G_REVIEWS,reviews_2023.csv,2023-11-04T18:03:28.372962020,BATCH-G-20231104
REV-00124861,SKU-0003724,,Anonymous,5,"Perfect gift, they loved it! 😍",2023-10-29,False,POSITIVE,2,SOURCE_G_REVIEWS,reviews_2023.csv,2023-10-29T10:42:59.124972270,BATCH-G-20231029
REV-00124866,SKU-0001960,user_54860,Brittany Fisher,5,"Exactly as described, very happy.",2023-10-07,True,POSITIVE,4,SOURCE_G_REVIEWS,reviews_2023.csv,2023-10-07T23:15:58.734983843,BATCH-G-20231007
REV-00124871,SKU-0001600,user_29030,Mike,5,"Perfect gift, they loved it!",2023-05-31,True,POSITIVE,4,SOURCE_G_REVIEWS,reviews_2023.csv,2023-05-31T06:22:25.784627670,BATCH-G-20230531
REV-00124871-DUP,SKU-0001600,user_29030,Mike,5,"Perfect gift, they loved it!",2023-05-31,True,POSITIVE,4,SOURCE_G_REVIEWS,reviews_2023.csv,2023-05-31T06:59:25.784627670,BATCH-G-20230531
REV-00124874,SKU-0016640,user_9025977,Laura Wright,5,Will definitely buy again.,2023-10-25,False,POSITIVE,3,SOURCE_G_REVIEWS,reviews_2023.csv,2023-10-26T03:08:47.043155213,BATCH-G-20231025
REV-00124879,SKU-0013070,user_9003784,Darrell Good,5,"Perfect gift, they loved it!",2023-12-30,True,POSITIVE,3,SOURCE_G_REVIEWS,reviews_2023.csv,2023-12-30T08:21:41.981513425,BATCH-G-20231230
REV-00124886,SKU-0002471,user_28421,Matthew Douglas,4,Will definitely buy again.,2023-01-14,False,POSITIVE,4,SOURCE_G_REVIEWS,reviews_2023.csv,2023-01-14T16:52:14.314020494,BATCH-G-20230114
REV-00124897,SKU-0011124,user_9006409,Jacob,1,Stopped working after a week.,2023-02-17,True,NEGATIVE,4,SOURCE_G_REVIEWS,reviews_2023.csv,2023-02-17T18:08:35.643379185,BATCH-G-20230217
REV-00124900,SKU-0013555,,Anonymous,4,"Perfect gift, they loved it!",2023-06-17,False,POSITIVE,0,SOURCE_G_REVIEWS,reviews_2023.csv,2023-06-17T03:14:42.242731712,BATCH-G-20230617
REV-00124908,SKU-0003847,user_47996,Shannon Jackson,2,"Poor packaging, item was defective.",2023-11-29,False,NEGATIVE,3,SOURCE_G_REVIEWS,reviews_2023.csv,2023-11-29T18:24:01.093087463,BATCH-G-20231129
REV-00124913,SKU-0017655,user_9028060,Amanda Yoder,5,Great value for money.,2023-06-13,True,POSITIVE,2,SOURCE_G_REVIEWS,reviews_2023.csv,2023-06-13T12:10:15.019703812,BATCH-G-20230613
REV-00124934,SKU-0016378,user_9034754,George,1,Stopped working after a week.,2023-12-12,True,NEGATIVE,10,SOURCE_G_REVIEWS,reviews_2023.csv,2023-12-13T01:21:23.088135124,BATCH-G-20231212
REV-00124952,SKU-0015296,user_55934,Tony Smith,4,"Perfect gift, they loved it!",2023-01-11,False,POSITIVE,4,SOURCE_G_REVIEWS,reviews_2023.csv,2023-01-11T22:48:40.738934883,BATCH-G-20230111
REV-00124960,SKU-9931212,,Anonymous, ,Will definitely buy again.,2023-01-25,True,POSITIVE,0,SOURCE_G_REVIEWS,reviews_2023.csv,2023-01-25T03:14:38.511057796,BATCH-G-20230125
REV-00124967,SKU-9914544,user_9014094,Kim,2,Not as described at all.,2023-09-29,False,NEGATIVE,7,SOURCE_G_REVIEWS,reviews_2023.csv,2023-09-29T18:38:25.027792233,BATCH-G-20230929
REV-00124991,SKU-0010527,user_28288,Angel Medina,4,"Muy buen producto, lo recomiendo. Exceeded my expectations.",2023-01-17,True,POSITIVE,0,SOURCE_G_REVIEWS,reviews_2023.csv,2023-01-18T01:53:26.960896697,BATCH-G-20230117
REV-00124995,SKU-0011912,user_9009791,Brett,2,"Poor packaging, item was defective.",2023-07-01,False,NEGATIVE,1,SOURCE_G_REVIEWS,reviews_2023.csv,2023-07-01T04:47:38.378927394,BATCH-G-20230701
REV-00124995-BOT,SKU-0011912,user_69052,James,2,"Poor packaging, item was defective.",2023-07-01,False,NEGATIVE,0,SOURCE_G_REVIEWS,reviews_2023.csv,2023-07-01T04:47:38.378927394,BATCH-G-20230701
REV-00124999,SKU-0003988,user_20444,Maureen Copeland,5,unknown,2023-06-25,True,POSITIVE,3,SOURCE_G_REVIEWS,reviews_2023.csv,2023-06-26T01:32:04.636341171,BATCH-G-20230625
REV-00125001,SKU-0007727,user_53375,Michael,3,"Not bad, not great either.",2023-12-31,True,NEUTRAL,5,SOURCE_G_REVIEWS,reviews_2023.csv,2023-12-31T06:14:19.165093007,BATCH-G-20231231
REV-00125002,SKU-0012749,user_13302,Kelsey Wilson,6,Better than I expected for the price.,2023-08-30,True,POSITIVE,0,SOURCE_G_REVIEWS,reviews_2023.csv,2023-08-30T19:57:38.253981997,BATCH-G-20230830
REV-00125006,SKU-0019678,user_32739,Kaitlin Valentine,4,Will definitely buy again.,2023-09-26,False,POSITIVE,5,SOURCE_G_REVIEWS,reviews_2023.csv,2023-09-26T09:32:56.709361138,BATCH-G-20230926
REV-00125007,SKU-0015577,user_974,Michael Hayes,2,Arrived damaged and support was unhelpful.,2023-11-09,False,NEGATIVE,3,SOURCE_G_REVIEWS,reviews_2023.csv,2023-11-09T07:54:41.720462528,BATCH-G-20231109
REV-00125029,SKU-0020067,user_31436,Harold,5,Better than I expected for the price.,2023-05-12,True,POSITIVE,1,SOURCE_G_REVIEWS,reviews_2023.csv,2023-05-12T19:17:16.975074009,BATCH-G-20230512
REV-00125042,SKU-0000162,user_9026665,Jacob Gallegos,4,Will definitely buy again.,2023-03-22,False,POSITIVE,1,SOURCE_G_REVIEWS,reviews_2023.csv,2023-03-22T18:02:27.424678387,BATCH-G-20230322
REV-00125048,SKU-0001667,user_29027,Sherry Lloyd,4,Highly recommend this product.,2023-03-12,True,POSITIVE,0,SOURCE_G_REVIEWS,reviews_2023.csv,2023-03-12T12:05:42.298130347,BATCH-G-20230312
REV-00125056,SKU-9976801,,Anonymous,3,"Not bad, not great either.",2023-05-02,False,NEUTRAL,2,SOURCE_G_REVIEWS,reviews_2023.csv,2023-05-02T12:36:21.885986547,BATCH-G-20230502
REV-00125057,SKU-0019212,,Anonymous,5,Will definitely buy again.,2023-02-03,True,POSITIVE,1,SOURCE_G_REVIEWS,reviews_2023.csv,2023-02-04T01:12:59.620046180,BATCH-G-20230203
REV-00125058,SKU-0007702,,Anonymous,1,Very disappointed with the quality.,2023-03-08,False,NEGATIVE,2,SOURCE_G_REVIEWS,reviews_2023.csv,2023-03-08T19:50:26.125561726,BATCH-G-20230308
REV-00125071,SKU-9994571,user_9003329,Mr.,4,Great value for money.,2023-03-20,True,POSITIVE,2,SOURCE_G_REVIEWS,reviews_2023.csv,2023-03-20T15:17:04.844387139,BATCH-G-20230320
REV-00125072,SKU-0013530,user_17962,Kent York,4,</p>Better than I expected for the price.<i>edited</i>,2023-10-22,True,POSITIVE,5,SOURCE_G_REVIEWS,reviews_2023.csv,2023-10-23T00:44:29.678156306,BATCH-G-20231022
REV-00125079,SKU-0016590,user_27515,Justin,4,Highly recommend this product.,2023-03-27,True,POSITIVE,6,SOURCE_G_REVIEWS,reviews_2023.csv,2023-03-27T13:54:45.004600954,BATCH-G-20230327
REV-00125084,SKU-0017596,user_9020750,Cynthia Garza,5,"Perfect gift, they loved it!",2023-12-11,False,POSITIVE,0,SOURCE_G_REVIEWS,reviews_2023.csv,2023-12-11T05:30:35.103466402,BATCH-G-20231211
REV-00125090,SKU-0015010,,Anonymous,5,Highly recommend this product.,2023-10-13,True,POSITIVE,0,SOURCE_G_REVIEWS,reviews_2023.csv,2023-10-13T19:54:52.369564079,BATCH-G-20231013
REV-00125092,SKU-0014844,,Anonymous,4,Better than I expected for the price.,2023-03-14,True,POSITIVE,5,SOURCE_G_REVIEWS,reviews_2023.csv,2023-03-14T03:45:12.067569473,BATCH-G-20230314
REV-00125095,SKU-0001135,user_9034265,Brent,4,Highly recommend this product.,2023-04-03,True,POSITIVE,1,SOURCE_G_REVIEWS,reviews_2023.csv,2023-04-03T07:41:41.314480195,BATCH-G-20230403
REV-00125112,SKU-0015701,user_3622,Willie Thompson,5,Great value for money.,2023-12-08,True,POSITIVE,1,SOURCE_G_REVIEWS,reviews_2023.csv,2023-12-08T10:27:20.384917843,BATCH-G-20231208
REV-00125113,SKU-0018654,user_9033358,Tony Mullins,5,Fast delivery and great quality.,2023-06-28,True,POSITIVE,0,SOURCE_G_REVIEWS,reviews_2023.csv,2023-06-28T20:21:38.682546524,BATCH-G-20230628
REV-00125115,SKU-0005745,user_16484,Abigail,1,<p>Not as described at all.</p>,2023-08-04,False,NEGATIVE,3,SOURCE_G_REVIEWS,reviews_2023.csv,2023-08-10T11:00:00,BATCH-G-20230804
REV-00125117,SKU-0015421,,Anonymous,3,"Average quality, nothing special.",2023-01-01,True,NEUTRAL,5,SOURCE_G_REVIEWS,reviews_2023.csv,2023-01-01T06:16:58.580575745,BATCH-G-20230101
REV-00125124,SKU-9937794,user_9002310,Sara Robertson,4,Better than I expected for the price.,2023-11-26,True,POSITIVE,21,SOURCE_G_REVIEWS,reviews_2023.csv,2023-11-26T03:58:07.015238798,BATCH-G-20231126
REV-00125131,SKU-0002354,user_9033677,Dr. Maria Johnson,5,Exceeded my expectations.,2023-09-01,False,POSITIVE,1,SOURCE_G_REVIEWS,reviews_2023.csv,2023-09-01T13:33:45.979849030,BATCH-G-20230901
REV-00125135,SKU-0015794,user_9025127,Pamela,4,N/A,2023-11-17,True,POSITIVE,3,SOURCE_G_REVIEWS,reviews_2023.csv,2023-11-18T01:57:19.036369132,BATCH-G-20231117
REV-00125146,SKU-0019336,user_47955,Brenda Elliott,5,Exceeded my expectations.,2023-01-18,False,POSITIVE,0,SOURCE_G_REVIEWS,reviews_2023.csv,2023-01-18T01:27:02.911577351,BATCH-G-20230118
REV-00125147,SKU-0010543,user_53223,Collin,5,Fast delivery and great quality.,2023-07-23,False,POSITIVE,7,SOURCE_G_REVIEWS,reviews_2023.csv,2023-07-23T16:04:19.106566126,BATCH-G-20230723
REV-00125158,SKU-0007597,user_3798,Robert,5,   Exceeded  my  expectations.   ,2023-06-13,True,POSITIVE,5,SOURCE_G_REVIEWS,reviews_2023.csv,2023-06-13T01:23:14.741788162,BATCH-G-20230613
REV-00125161,SKU-0010236,user_9004207,Raymond Singh,4,Exceeded my expectations.,2023-05-30,False,POSITIVE,4,SOURCE_G_REVIEWS,reviews_2023.csv,2023-05-30T05:47:33.157094063,BATCH-G-20230530
REV-00125165,SKU-0000052,user_9014254,Dr.,3,Not as described at all.,2023-12-05,True,NEGATIVE,1,SOURCE_G_REVIEWS,reviews_2023.csv,2023-12-06T04:05:07.254634617,BATCH-G-20231205
REV-00125181,SKU-0008552,user_50109,Kathleen Thomas,2,"Waste of money, do not buy.",2023-04-15,True,NEGATIVE,5,SOURCE_G_REVIEWS,reviews_2023.csv,2023-04-16T04:04:22.017683441,BATCH-G-20230415
REV-00125186,SKU-0006098,user_57259,Joseph,2,<br>Wrong item was shipped to me.<p>,2023-01-09,True,NEGATIVE,5,SOURCE_G_REVIEWS,reviews_2023.csv,2023-01-09T06:57:51.559370325,BATCH-G-20230109
REV-00125192,SKU-0015246,user_14233,Andrew Knapp,3,"Average quality, nothing special.",2023-06-19,False,NEUTRAL,1,SOURCE_G_REVIEWS,reviews_2023.csv,2023-06-19T02:02:08.244026234,BATCH-G-20230619
REV-00125209,SKU-0007292,user_20554,Lacey,3,"Average quality, nothing special.",2023-02-02,True,NEUTRAL,1,SOURCE_G_REVIEWS,reviews_2023.csv,2023-02-02T10:21:19.070089374,BATCH-G-20230202
REV-00125212,SKU-0015848,,Anonymous,2,"Cheaply made, broke immediately.",2023-10-10,True,NEGATIVE,11,SOURCE_G_REVIEWS,reviews_2023.csv,2023-10-10T10:06:07.556533885,BATCH-G-20231010
REV-00125220,SKU-9936760,user_9015550,Michael Carter,4,Great value for money.,2023-05-13,False,POSITIVE,3,SOURCE_G_REVIEWS,reviews_2023.csv,2023-05-14T03:06:41.284495184,BATCH-G-20230513
REV-00125221,SKU-0016927,,Anonymous,7,Very disappointed with the quality.,2023-03-08,False,NEGATIVE,6,SOURCE_G_REVIEWS,reviews_2023.csv,2023-03-09T00:54:05.687239473,BATCH-G-20230308
REV-00125225,SKU-0013763,user_32515,Paula,5,Better than I expected for the price.,2023-11-27,True,POSITIVE,0,SOURCE_G_REVIEWS,reviews_2023.csv,2023-11-27T15:07:31.113451667,BATCH-G-20231127
REV-00125249,SKU-0005445,user_9032175,Tina Marks,4,"Exactly as described, very happy.",2023-05-19,False,POSITIVE,0,SOURCE_G_REVIEWS,reviews_2023.csv,2023-05-19T22:29:29.487012505,BATCH-G-20230519
REV-00125253,SKU-0015066,user_7764,Jeremy Osborn,3,"It's okay, does the job.",2023-10-11,True,NEUTRAL,3,SOURCE_G_REVIEWS,reviews_2023.csv,2023-10-23T14:00:00,BATCH-G-20231011
REV-00125257,SKU-0011116,user_9017016,Maria Bradshaw,1,Wrong item was shipped to me.,2023-03-27,True,NEGATIVE,4,SOURCE_G_REVIEWS,reviews_2023.csv,2023-03-27T17:59:19.161664454,BATCH-G-20230327
REV-00125276,SKU-0004531,user_9030577,Gabriel,3,"It's okay, does the job.",2023-06-25,False,NEUTRAL,0,SOURCE_G_REVIEWS,reviews_2023.csv,2023-06-25T02:22:31.605759099,BATCH-G-20230625
REV-00125278,SKU-0010891,,Anonymous,,Will definitely buy again.,2023-03-04,False,POSITIVE,2,SOURCE_G_REVIEWS,reviews_2023.csv,2023-03-05T02:30:50.118468996,BATCH-G-20230304
REV-00125280,SKU-0013765,user_9010812,Mrs.,3,"Matches the description, no issues.",2023-01-31,True,NEUTRAL,2,SOURCE_G_REVIEWS,reviews_2023.csv,2023-02-01T01:10:59.127507394,BATCH-G-20230131
REV-00125290,SKU-0009108,user_9018884,Dr.,5,"Absolutely love it, works perfectly!",2023-12-11,False,POSITIVE,0,SOURCE_G_REVIEWS,reviews_2023.csv,2023-12-11T20:08:22.957444146,BATCH-G-20231211
REV-00125295,SKU-0000950,user_9017574,Misty Rice,3,"Average quality, nothing special. 👍😡",2023-07-19,False,NEUTRAL,2,SOURCE_G_REVIEWS,reviews_2023.csv,2023-07-19T16:26:25.218915879,BATCH-G-20230719
REV-00125313,SKU-0000126,,Anonymous,5,Fast delivery and great quality.,2023-10-30,True,POSITIVE,4,SOURCE_G_REVIEWS,reviews_2023.csv,2023-10-30T15:52:56.220924083,BATCH-G-20231030
REV-00125317,SKU-0001720,user_9001087,Trevor Smith,5,"Absolutely love it, works perfectly!",2023-02-02,True,POSITIVE,0,SOURCE_G_REVIEWS,reviews_2023.csv,2023-02-03T04:44:15.673428632,BATCH-G-20230202
REV-00125319,SKU-0005455,,Anonymous,5,"Solid build quality, no complaints.",2023-12-20,False,POSITIVE,0,SOURCE_G_REVIEWS,reviews_2023.csv,2023-12-20T17:55:54.426972490,BATCH-G-20231220
REV-00125322,SKU-0011197,user_9026060,Karen,3,"Average quality, nothing special. 😐",2023-10-27,False,NEUTRAL,1,SOURCE_G_REVIEWS,reviews_2023.csv,2023-10-27T06:41:38.036618873,BATCH-G-20231027
REV-00125323,SKU-0007720,user_9005171,Joseph Shelton,4,Fast delivery and great quality.,2023-12-22,False,POSITIVE,8,SOURCE_G_REVIEWS,reviews_2023.csv,2023-12-22T19:37:58.734807393,BATCH-G-20231222
REV-00125324,SKU-0014930,user_15795,George Thompson,5,"Livraison très lente, déçu.",2023-02-03,True,POSITIVE,15,SOURCE_G_REVIEWS,reviews_2023.csv,2023-02-04T01:36:44.072132786,BATCH-G-20230203
REV-00125325,SKU-0002088,user_6110,Christine Mejia,4,Better than I expected for the price.,2023-03-05,False,POSITIVE,0,SOURCE_G_REVIEWS,reviews_2023.csv,2023-03-05T20:04:50.576293617,BATCH-G-20230305
REV-00125328,SKU-0018487,user_9025496,Micheal Sanders,5,"Solid build quality, no complaints.",2023-02-27,True,POSITIVE,0,SOURCE_G_REVIEWS,reviews_2023.csv,2023-02-27T16:27:17.202912810,BATCH-G-20230227
REV-00125346,SKU-0015357,user_9017503,Jenna Wong,6,Exceeded my expectations.,2023-09-15,True,POSITIVE,4,SOURCE_G_REVIEWS,reviews_2023.csv,2023-09-16T03:57:34.830377612,BATCH-G-20230915
REV-00125358,SKU-0014218,user_48210,John Johnson,3,Decent but overpriced a bit.,2023-02-11,True,NEUTRAL,2,SOURCE_G_REVIEWS,reviews_2023.csv,2023-02-11T17:49:54.737306547,BATCH-G-20230211
REV-00125379,SKU-9988044,,Anonymous,4,"Exactly as described, very happy.",2023-12-09,False,POSITIVE,0,SOURCE_G_REVIEWS,reviews_2023.csv,2023-12-09T08:33:03.192032980,BATCH-G-20231209
REV-00125382,SKU-0003160,user_9020005,Kenneth,4,"<p>Perfect gift, they loved it!<b>Update:</b>",2023-08-27,True,POSITIVE,0,SOURCE_G_REVIEWS,reviews_2023.csv,2023-08-28T02:27:07.888405136,BATCH-G-20230827
REV-00125402,SKU-0003239,user_29893,Kathleen Garza,4,"Absolutely love it, works perfectly!",2023-11-25,False,POSITIVE,11,SOURCE_G_REVIEWS,reviews_2023.csv,2023-11-25T10:22:35.348832265,BATCH-G-20231125
REV-00125406,SKU-0002149,user_9020697,Christina Wright,3,Works fine but delivery was slow.,2023-04-01,True,NEUTRAL,3,SOURCE_G_REVIEWS,reviews_2023.csv,2023-04-01T17:16:18.749404096,BATCH-G-20230401
REV-00125411,SKU-0019452,user_14062,Robert,4,Fast delivery and great quality.,2023-09-21,False,POSITIVE,0,SOURCE_G_REVIEWS,reviews_2023.csv,2023-09-21T03:19:16.643046181,BATCH-G-20230921
REV-00125416,SKU-9960589,user_9012877,Noah,4,"   Exactly  as  described,  very  happy.   ",2023-09-01,False,POSITIVE,0,SOURCE_G_REVIEWS,reviews_2023.csv,2023-09-01T14:29:47.356739563,BATCH-G-20230901
REV-00125419,SKU-0004975,user_9015120,Eric Barber,4,Fast delivery and great quality.,2023-09-22,True,POSITIVE,3,SOURCE_G_REVIEWS,reviews_2023.csv,2023-09-22T09:12:03.120798859,BATCH-G-20230922
REV-00125420,SKU-0002844,,Anonymous,4,Fast delivery and great quality.,2023-03-08,False,POSITIVE,1,SOURCE_G_REVIEWS,reviews_2023.csv,2023-03-09T02:25:32.111558256,BATCH-G-20230308
REV-00125433,SKU-0019882,user_58052,Bonnie Mason,2,Stopped working after a week.,2023-05-08,True,NEGATIVE,3,SOURCE_G_REVIEWS,reviews_2023.csv,2023-05-08T11:59:49.603244045,BATCH-G-20230508
REV-00125444,SKU-0003952,,Anonymous,4,"Solid build quality, no complaints. 😢🔥",2023-11-29,False,POSITIVE,3,SOURCE_G_REVIEWS,reviews_2023.csv,2023-11-29T23:56:03.393138599,BATCH-G-20231129
REV-00125445,SKU-0017364,user_155,Joshua,2,Very disappointed with the quality.,2023-11-29,True,NEGATIVE,1,SOURCE_G_REVIEWS,reviews_2023.csv,2023-11-30T01:24:14.881697785,BATCH-G-20231129
REV-00125450,SKU-0012184,,Anonymous,5,Great value for money.,2023-10-03,True,POSITIVE,3,SOURCE_G_REVIEWS,reviews_2023.csv,2023-10-04T01:39:08.212657082,BATCH-G-20231003
REV-00125456,SKU-0003380,user_9023307,Deanna Kelly,5,"Solid build quality, no complaints.",2023-11-09,False,POSITIVE,5,SOURCE_G_REVIEWS,reviews_2023.csv,2023-11-09T20:46:41.987864781,BATCH-G-20231109
REV-00125466,SKU-9977784,user_9021113,Timothy,3,"Matches the description, no issues.",2023-03-04,False,NEUTRAL,2,SOURCE_G_REVIEWS,reviews_2023.csv,2023-03-04T20:00:39.911984643,BATCH-G-20230304
REV-00125471,SKU-0001736,user_9012292,Sue Nunez,5,"Solid build quality, no complaints.",2023-02-05,True,POSITIVE,1,SOURCE_G_REVIEWS,reviews_2023.csv,2023-02-05T13:06:56.819314427,BATCH-G-20230205
REV-00125479,SKU-0013158,,Anonymous,3,"Not bad, not great either.",2023-07-06,True,NEUTRAL,0,SOURCE_G_REVIEWS,reviews_2023.csv,2023-07-06T11:01:35.749648056,BATCH-G-20230706
REV-00125505,SKU-0010403,user_58386,Elizabeth Turner,1,"Poor packaging, item was defective.",2023-07-27,True,NEGATIVE,4,SOURCE_G_REVIEWS,reviews_2023.csv,2023-07-27T14:18:29.210970467,BATCH-G-20230727
REV-00125507,SKU-0016051,user_9017475,Nicholas Wilkinson,4,Fast delivery and great quality.,2023-10-19,False,POSITIVE,2,SOURCE_G_REVIEWS,reviews_2023.csv,2023-10-19T06:50:31.821603638,BATCH-G-20231019
REV-00125509,SKU-0008409,user_45134,Adam Davies,5,"Exactly as described, very happy.",2023-04-27,False,POSITIVE,11,SOURCE_G_REVIEWS,reviews_2023.csv,2023-04-27T17:55:29.014880354,BATCH-G-20230427
REV-00125515,SKU-0004148,user_9005226,Derrick,4,"No cumplió mis expectativas. Absolutely love it, works perfectly!",2023-12-28,True,POSITIVE,2,SOURCE_G_REVIEWS,reviews_2023.csv,2023-12-28T16:00:09.468920542,BATCH-G-20231228
REV-00125522,SKU-0001427,user_9003086,Stephen Doyle,5,"Average quality, nothing special.",2023-12-11,False,NEUTRAL,3,SOURCE_G_REVIEWS,reviews_2023.csv,2023-12-11T09:53:52.758801317,BATCH-G-20231211
REV-00125530,SKU-0007408,user_40272,Lawrence Larson,5,"Absolutely love it, works perfectly!",2023-07-12,False,POSITIVE,1,SOURCE_G_REVIEWS,reviews_2023.csv,2023-07-12T00:46:15.182703833,BATCH-G-20230712
REV-00125535,SKU-0005307,,Anonymous,3,"Matches the description, no issues.",2023-03-16,True,NEUTRAL,4,SOURCE_G_REVIEWS,reviews_2023.csv,2023-03-17T05:13:42.492953382,BATCH-G-20230316
REV-00125547,SKU-0019282,user_9016685,Brian,4,"Absolutely love it, works perfectly!",2023-08-07,True,POSITIVE,0,SOURCE_G_REVIEWS,reviews_2023.csv,2023-08-07T11:01:21.796640710,BATCH-G-20230807
REV-00125551,SKU-9959877,user_58480,Holly Wells,4,"Perfect gift, they loved it!",2023-08-11,False,POSITIVE,0,SOURCE_G_REVIEWS,reviews_2023.csv,2023-08-11T14:51:54.953476517,BATCH-G-20230811
REV-00125551-DUP,SKU-9959877,user_58480,Holly Wells,4,"Perfect gift, they loved it!",2023-08-11,False,POSITIVE,0,SOURCE_G_REVIEWS,reviews_2023.csv,2023-08-11T15:39:54.953476517,BATCH-G-20230811
REV-00125553,SKU-0004132,user_9031110,Mary,3,   Decent  but  overpriced  a  bit.   ,2023-03-15,True,NEUTRAL,0,SOURCE_G_REVIEWS,reviews_2023.csv,2023-03-15T12:00:51.800784332,BATCH-G-20230315
REV-00125556,SKU-0001914,user_11201,Albert Palmer,5,Highly recommend this product.,2023-05-11,True,POSITIVE,-1,SOURCE_G_REVIEWS,reviews_2023.csv,2023-05-11T18:27:47.317323815,BATCH-G-20230511
REV-00125557,SKU-0020038,user_9005396,Cristina Evans,4,Exceeded my expectations.,2023-10-13,False,POSITIVE,1,SOURCE_G_REVIEWS,reviews_2023.csv,2023-10-13T21:16:06.706134010,BATCH-G-20231013
REV-00125565,SKU-0016514,user_1579,Brandon Phillips,1,,2023-12-15,True,NEGATIVE,0,SOURCE_G_REVIEWS,reviews_2023.csv,2023-12-15T08:31:57.418352868,BATCH-G-20231215
REV-00125579,SKU-0000674,user_28067,Rita Perez,5,Will definitely buy again.,2023-12-29,True,POSITIVE,0,SOURCE_G_REVIEWS,reviews_2023.csv,2023-12-30T00:30:51.054956144,BATCH-G-20231229
REV-00125583,SKU-0018140,user_9017967,Jeanette,5,Better than I expected for the price.,2023-08-17,False,POSITIVE,0,SOURCE_G_REVIEWS,reviews_2023.csv,2023-08-17T16:26:43.629643977,BATCH-G-20230817
REV-00125590,SKU-0018006,user_68390,Barry Rodriguez,1,Wrong item was shipped to me.,2023-11-02,True,NEGATIVE,5,SOURCE_G_REVIEWS,reviews_2023.csv,2023-11-02T20:11:24.052445811,BATCH-G-20231102
REV-00125592,SKU-9980751,user_46779,Amber Schmitt,4,"Solid build quality, no complaints.",2023-05-11,True,POSITIVE,4,SOURCE_G_REVIEWS,reviews_2023.csv,2023-05-11T10:22:38.241735634,BATCH-G-20230511
REV-00125593,SKU-0000108,user_65776,Alyssa Jones,4,"Perfect gift, they loved it!",2023-12-06,False,POSITIVE,3,SOURCE_G_REVIEWS,reviews_2023.csv,2023-12-06T03:54:11.308000119,BATCH-G-20231206
REV-00125593-BOT,SKU-0000108,user_67769,David Frank,4,"Perfect gift, they loved it!",2023-12-06,False,POSITIVE,0,SOURCE_G_REVIEWS,reviews_2023.csv,2023-12-06T03:54:11.308000119,BATCH-G-20231206
REV-00125598,SKU-0015605,user_9005549,Kathryn Rivera,5,"Absolutely love it, works perfectly!",2023-03-06,True,POSITIVE,2,SOURCE_G_REVIEWS,reviews_2023.csv,2023-03-09T06:00:00,BATCH-G-20230306
REV-00125604,SKU-0007886,user_48829,Renee,4,"Livraison très lente, déçu.",2023-10-01,True,POSITIVE,4,SOURCE_G_REVIEWS,reviews_2023.csv,2023-10-01T07:38:39.315625537,BATCH-G-20231001
REV-00125609,SKU-0008338,user_9004355,Tricia,5,"Perfect gift, they loved it!",2023-08-24,True,POSITIVE,0,SOURCE_G_REVIEWS,reviews_2023.csv,2023-08-24T03:58:53.052510873,BATCH-G-20230824
REV-00125615,SKU-0007219,user_9024175,Nicole Gonzalez MD,5,Great value for money.,2023-12-11,False,POSITIVE,0,SOURCE_G_REVIEWS,reviews_2023.csv,2023-12-11T20:16:57.177644108,BATCH-G-20231211
REV-00125624,SKU-0013418,user_15725,Alicia,4,   Exceeded  my  expectations.   ,2023-10-11,True,POSITIVE,8,SOURCE_G_REVIEWS,reviews_2023.csv,2023-10-12T04:42:59.079761327,BATCH-G-20231011
REV-00125633,SKU-0013837,user_12376,Carrie Hall,3,"Average quality, nothing special.",2023-04-04,False,NEUTRAL,0,SOURCE_G_REVIEWS,reviews_2023.csv,2023-04-04T22:45:52.456709737,BATCH-G-20230404
REV-00125637,SKU-0020183,user_9001587,Phyllis Miller,5,Great value for money.,2023-01-28,True,POSITIVE,3,SOURCE_G_REVIEWS,reviews_2023.csv,2023-01-28T14:51:50.738566052,BATCH-G-20230128
REV-00125640,SKU-0015942,user_54216,Samantha Case,5,"Solid build quality, no complaints.",2023-11-05,True,POSITIVE,0,SOURCE_G_REVIEWS,reviews_2023.csv,2023-11-05T11:57:48.307649780,BATCH-G-20231105
REV-00125641,SKU-0017706,user_9014785,Ryan Briggs,3,"Average quality, nothing special.",2023-10-29,True,NEUTRAL,4,SOURCE_G_REVIEWS,reviews_2023.csv,2023-10-29T10:00:41.870502906,BATCH-G-20231029
REV-00125663,SKU-0014962,,Anonymous,4,Exceeded my expectations.,2023-08-04,True,POSITIVE,7,SOURCE_G_REVIEWS,reviews_2023.csv,2023-08-04T05:55:30.746150561,BATCH-G-20230804
REV-00125666,SKU-0001198,user_9000868,Jason,4,Fast delivery and great quality.,2023-05-28,True,POSITIVE,0,SOURCE_G_REVIEWS,reviews_2023.csv,2023-05-28T15:42:36.533419156,BATCH-G-20230528
REV-00125668,SKU-9909724,,Anonymous,3,"Matches the description, no issues.",2023-08-08,True,NEUTRAL,3,SOURCE_G_REVIEWS,reviews_2023.csv,2023-08-08T08:03:50.529069058,BATCH-G-20230808
REV-00125678,SKU-0017429,user_9031530,Kristen Mendez,5,गुणवत्ता ठीक नहीं थी।,2023-06-01,True,POSITIVE,4,SOURCE_G_REVIEWS,reviews_2023.csv,2023-06-01T07:01:42.174946886,BATCH-G-20230601
REV-00125679,SKU-0005667,user_37071,Valerie Carter,5,Exceeded my expectations.,2023-06-29,False,POSITIVE,1,SOURCE_G_REVIEWS,reviews_2023.csv,2023-06-29T22:28:33.836492782,BATCH-G-20230629
REV-00125682,SKU-0016853,user_9023636,Jessica Singh, ,,2023-01-25,True,POSITIVE,1,SOURCE_G_REVIEWS,reviews_2023.csv,2023-01-25T11:00:32.639027715,BATCH-G-20230125
REV-00125690,SKU-0010363,user_9019348,Valerie Barrera,4,"Poor packaging, item was defective.",2023-02-02,True,NEGATIVE,0,SOURCE_G_REVIEWS,reviews_2023.csv,2023-02-02T01:13:17.282210631,BATCH-G-20230202
REV-00125694,SKU-0016299,user_9023708,Craig Davis,2,"Cheaply made, broke immediately.",2023-02-03,True,NEGATIVE,3,SOURCE_G_REVIEWS,reviews_2023.csv,2023-02-03T01:12:51.019691806,BATCH-G-20230203
REV-00125702,SKU-0004342,user_9015756,Kevin Johnson,5,"Solid build quality, no complaints.",2023-03-15,False,POSITIVE,2,SOURCE_G_REVIEWS,reviews_2023.csv,2023-03-15T22:35:00.605722687,BATCH-G-20230315
REV-00125702-BOT,SKU-0004342,user_2368,Zachary,5,"Solid build quality, no complaints.",2023-03-15,False,POSITIVE,0,SOURCE_G_REVIEWS,reviews_2023.csv,2023-03-15T22:35:00.605722687,BATCH-G-20230315
REV-00125711,SKU-0005848,,Anonymous,3,Works fine but delivery was slow.,2023-12-28,False,NEUTRAL,5,SOURCE_G_REVIEWS,reviews_2023.csv,2023-12-28T11:52:29.351987625,BATCH-G-20231228
REV-00125721,SKU-0013262,user_1032,Valerie,4,Better than I expected for the price.,2023-10-21,False,POSITIVE,0,SOURCE_G_REVIEWS,reviews_2023.csv,2023-10-21T02:19:41.814424625,BATCH-G-20231021
REV-00125733,SKU-0019307,user_13709,Robin,5,Great value for money.,2023-01-14,True,POSITIVE,2,SOURCE_G_REVIEWS,reviews_2023.csv,2023-01-14T00:42:39.420094096,BATCH-G-20230114
REV-00125734,SKU-0014402,user_9021101,Stacey Watson,3,"Matches the description, no issues. ⭐",2023-05-09,False,NEUTRAL,3,SOURCE_G_REVIEWS,reviews_2023.csv,2023-05-09T04:54:17.721210526,BATCH-G-20230509
REV-00125740,SKU-0006057,user_51178,Julia Chavez,4,Great value for money.,2023-08-06,True,POSITIVE,0,SOURCE_G_REVIEWS,reviews_2023.csv,2023-08-06T15:28:44.473833191,BATCH-G-20230806
REV-00125749,SKU-0001193,user_64253,Dana Henderson,4,"Solid build quality, no complaints.",2023-09-25,True,POSITIVE,1,SOURCE_G_REVIEWS,reviews_2023.csv,2023-09-25T22:13:41.668657164,BATCH-G-20230925
REV-00125756,SKU-0002003,user_9028698,Mrs. Janet Cole,2,"Poor packaging, item was defective.",2023-02-11,False,NEGATIVE,0,SOURCE_G_REVIEWS,reviews_2023.csv,2023-02-12T03:03:58.945129551,BATCH-G-20230211
REV-00125771,SKU-0012582,user_9029872,Charles Salazar,4,"Exactly as described, very happy.",2023-03-09,True,POSITIVE,0,SOURCE_G_REVIEWS,reviews_2023.csv,2023-03-09T05:54:20.927620182,BATCH-G-20230309
REV-00125772,SKU-0017849,user_56633,Sean Guerra,5,"Muy buen producto, lo recomiendo. 💯",2023-04-02,True,POSITIVE,0,SOURCE_G_REVIEWS,reviews_2023.csv,2023-04-03T03:07:11.845162944,BATCH-G-20230402
REV-00125777,SKU-0017960,user_9004519,Kathryn,5,"Perfect gift, they loved it!",2023-07-23,True,POSITIVE,1,SOURCE_G_REVIEWS,reviews_2023.csv,2023-07-23T16:01:14.002261047,BATCH-G-20230723
REV-00125788,SKU-0001219,user_9033014,Robert Lee,3,"Average quality, nothing special.",2023-06-07,True,NEUTRAL,1,SOURCE_G_REVIEWS,reviews_2023.csv,2023-06-07T13:37:03.186954966,BATCH-G-20230607
REV-00125789,SKU-0017852,user_9029154,Theodore Thomas,4,Will definitely buy again.,2023-12-24,True,POSITIVE,3,SOURCE_G_REVIEWS,reviews_2023.csv,2023-12-24T17:05:18.686982009,BATCH-G-20231224
REV-00125791,SKU-0015718,user_65150,Leslie,5,"Perfect gift, they loved it!",2023-06-16,False,POSITIVE,4,SOURCE_G_REVIEWS,reviews_2023.csv,2023-06-16T08:03:36.636227975,BATCH-G-20230616
REV-00125792,SKU-0001423,user_22304,Frank Barajas,3,Stopped working after a week.,2023-05-21,False,NEGATIVE,0,SOURCE_G_REVIEWS,reviews_2023.csv,2023-05-21T13:25:18.273133287,BATCH-G-20230521
REV-00125793,SKU-0012050,user_9147,Mrs. Terri Mullins,3,"Matches the description, no issues.",2023-02-28,True,NEUTRAL,1,SOURCE_G_REVIEWS,reviews_2023.csv,2023-03-01T02:39:23.805975996,BATCH-G-20230228
REV-00125815,SKU-0001594,,Anonymous,5,"Perfect gift, they loved it!",2023-12-05,False,POSITIVE,1,SOURCE_G_REVIEWS,reviews_2023.csv,2023-12-05T18:27:13.236813771,BATCH-G-20231205
REV-00125822,SKU-0019479,user_49487,Jeffrey Le,4,"<p>Exactly as described, very happy.</p>",2023-12-11,True,POSITIVE,0,SOURCE_G_REVIEWS,reviews_2023.csv,2023-12-11T21:38:35.705885161,BATCH-G-20231211
REV-00125823,SKU-0015458,user_19498,John Woods,5,Better than I expected for the price.,2023-12-29,True,POSITIVE,1,SOURCE_G_REVIEWS,reviews_2023.csv,2023-12-29T20:55:40.274975094,BATCH-G-20231229
REV-00125832,SKU-0002613,user_50213,Micheal Reed,4,Highly recommend this product.,2023-10-05,True,POSITIVE,2,SOURCE_G_REVIEWS,reviews_2023.csv,2023-10-05T19:46:48.019780571,BATCH-G-20231005
REV-00125834,SKU-0013047,,Anonymous,1,"Waste of money, do not buy.",2023-04-05,False,NEGATIVE,1,SOURCE_G_REVIEWS,reviews_2023.csv,2023-04-06T03:48:32.259455869,BATCH-G-20230405
REV-00125842,SKU-0009512,user_9001783,Sierra,1,"Cheaply made, broke immediately.",2023-12-19,False,NEGATIVE,1,SOURCE_G_REVIEWS,reviews_2023.csv,2023-12-19T05:56:55.667245147,BATCH-G-20231219
REV-00125849,SKU-0007969,,Anonymous,4,"Waste of money, do not buy.",2023-01-23,True,NEGATIVE,0,SOURCE_G_REVIEWS,reviews_2023.csv,2023-01-24T02:16:16.336027384,BATCH-G-20230123
REV-00125857,SKU-0007544,,Anonymous,4,Highly recommend this product.,2023-07-08,False,POSITIVE,0,SOURCE_G_REVIEWS,reviews_2023.csv,2023-07-09T00:18:09.485782017,BATCH-G-20230708
REV-00125868,SKU-0013377,user_9017434,Gregory Steele,2,Stopped working after a week.,2023-06-09,False,NEGATIVE,3,SOURCE_G_REVIEWS,reviews_2023.csv,2023-06-09T20:58:40.669463053,BATCH-G-20230609
REV-00125875,SKU-0018783,,Anonymous,4,Exceeded my expectations.,2023-01-29,True,POSITIVE,8,SOURCE_G_REVIEWS,reviews_2023.csv,2023-01-30T00:35:18.465762250,BATCH-G-20230129
REV-00125882,SKU-0004907,,Anonymous,2,"Poor packaging, item was defective.",2023-06-17,False,NEGATIVE,0,SOURCE_G_REVIEWS,reviews_2023.csv,2023-06-17T21:50:12.367442671,BATCH-G-20230617
REV-00125889,SKU-0010758,user_36895,Nathaniel,4,Will definitely buy again.,2023-07-31,True,POSITIVE,5,SOURCE_G_REVIEWS,reviews_2023.csv,2023-07-31T09:24:34.076198475,BATCH-G-20230731
REV-00125891,SKU-0008997,user_9000169,Julia Johnston,5,"Solid build quality, no complaints. 😢😡",2023-09-19,True,POSITIVE,2,SOURCE_G_REVIEWS,reviews_2023.csv,2023-09-19T11:48:42.648580820,BATCH-G-20230919
REV-00125901,SKU-0016421,user_50183,Joshua,5,Exceeded my expectations.,2023-05-16,False,POSITIVE,0,SOURCE_G_REVIEWS,reviews_2023.csv,2023-05-16T01:28:25.413533521,BATCH-G-20230516
REV-00125904,SKU-0009294,user_45598,Renee Blanchard,5,"Exactly as described, very happy.",2023-05-26,True,POSITIVE,7,SOURCE_G_REVIEWS,reviews_2023.csv,2023-05-27T04:45:31.506721914,BATCH-G-20230526
REV-00125912,SKU-0020170,user_9002741,Douglas,2,"Cheaply made, broke immediately.",2023-11-26,False,NEGATIVE,0,SOURCE_G_REVIEWS,reviews_2023.csv,2023-11-26T11:14:25.274191567,BATCH-G-20231126
REV-00125932,SKU-0003290,user_9002212,Tara,5,Will definitely buy again.,2023-11-27,False,POSITIVE,2,SOURCE_G_REVIEWS,reviews_2023.csv,2023-11-27T04:22:18.801751163,BATCH-G-20231127
REV-00125947,SKU-0005848,user_45479,Julia,2,"Muy buen producto, lo recomiendo. Very disappointed with the quality.",2023-01-19,True,NEGATIVE,0,SOURCE_G_REVIEWS,reviews_2023.csv,2023-01-19T04:50:39.172728805,BATCH-G-20230119
REV-00125949,SKU-0005094,user_9022854,Rebecca Pennington,5,"Exactly as described, very happy.",2023-12-12,False,POSITIVE,1,SOURCE_G_REVIEWS,reviews_2023.csv,2023-12-13T00:02:14.583632434,BATCH-G-20231212
REV-00125952,SKU-0015106,user_9000960,Brandy,3,"   Average  quality,  nothing  special.   ",2023-05-12,True,NEUTRAL,4,SOURCE_G_REVIEWS,reviews_2023.csv,2023-05-13T04:55:55.748927264,BATCH-G-20230512
REV-00125954,SKU-0000544,user_9019564,Kristine,5,Fast delivery and great quality.,2023-10-19,True,POSITIVE,1,SOURCE_G_REVIEWS,reviews_2023.csv,2023-10-19T06:15:45.117871802,BATCH-G-20231019
REV-00125956,SKU-0017827,,Anonymous,3,Decent but overpriced a bit.,2023-08-13,False,NEUTRAL,0,SOURCE_G_REVIEWS,reviews_2023.csv,2023-08-14T05:33:02.204931327,BATCH-G-20230813
REV-00125982,SKU-0014043,user_9010135,Nathan,1,"Poor packaging, item was defective.",2023-11-28,False,NEGATIVE,8,SOURCE_G_REVIEWS,reviews_2023.csv,2023-11-29T00:52:42.268220630,BATCH-G-20231128
REV-00125983,SKU-0000419,,Anonymous,5,Arrived damaged and support was unhelpful.,2023-09-07,True,NEGATIVE,0,SOURCE_G_REVIEWS,reviews_2023.csv,2023-09-08T03:08:52.607812590,BATCH-G-20230907
REV-00125984,SKU-0005103,user_9029293,Gail Clark,4,Fast delivery and great quality.,2023-11-20,True,POSITIVE,3,SOURCE_G_REVIEWS,reviews_2023.csv,2023-11-20T11:27:51.185686169,BATCH-G-20231120
REV-00125998,SKU-9986407,user_63213,Amanda Wolf,4,Great value for money.,2023-01-31,True,POSITIVE,2,SOURCE_G_REVIEWS,reviews_2023.csv,2023-02-01T04:33:07.585836592,BATCH-G-20230131
REV-00126033,SKU-0007340,user_9033621,Tonya Sparks,5,Fast delivery and great quality.,2023-07-26,False,POSITIVE,5,SOURCE_G_REVIEWS,reviews_2023.csv,2023-07-26T03:20:54.333479227,BATCH-G-20230726
REV-00126045,SKU-0008851,user_21490,Stephen Walter,5,"Perfect gift, they loved it!",2023-05-26,True,POSITIVE,4,SOURCE_G_REVIEWS,reviews_2023.csv,2023-05-26T13:43:34.064900139,BATCH-G-20230526
REV-00126046,SKU-0004958,user_9016486,Valerie Hardin,3,No cumplió mis expectativas. 🔥,2023-01-17,True,NEUTRAL,6,SOURCE_G_REVIEWS,reviews_2023.csv,2023-01-17T10:06:18.826220083,BATCH-G-20230117
REV-00126051,SKU-0003913,user_56962,Danielle King,4,Will definitely buy again.,2023-11-09,False,POSITIVE,2,SOURCE_G_REVIEWS,reviews_2023.csv,2023-11-09T17:33:31.271951357,BATCH-G-20231109
REV-00126053,SKU-0007742,user_9023114,Heather,5,Exceeded my expectations. 😀,2023-03-03,True,POSITIVE,0,SOURCE_G_REVIEWS,reviews_2023.csv,2023-03-03T17:45:24.428332667,BATCH-G-20230303
REV-00126057,SKU-0019561,user_22522,Antonio Velez,4,Better than I expected for the price. 🔥,2023-05-08,True,POSITIVE,2,SOURCE_G_REVIEWS,reviews_2023.csv,2023-05-08T17:47:33.619813687,BATCH-G-20230508
REV-00126076,SKU-0019522,user_21629,Charles,5,"Perfect gift, they loved it!",2023-08-17,False,POSITIVE,13,SOURCE_G_REVIEWS,reviews_2023.csv,2023-08-17T14:48:06.351734287,BATCH-G-20230817
REV-00126079,SKU-0015926,user_9025282,Kim,1,"</p>Matches the description, no issues.<br>",2023-04-23,True,NEUTRAL,1,SOURCE_G_REVIEWS,reviews_2023.csv,2023-04-23T23:25:21.697806171,BATCH-G-20230423
REV-00126085,SKU-0017721,user_20131,Erin,4,Wrong item was shipped to me.,2023-04-17,False,NEGATIVE,1,SOURCE_G_REVIEWS,reviews_2023.csv,2023-04-17T08:13:57.945713537,BATCH-G-20230417
REV-00126096,SKU-0002569,,Anonymous,3,"It's okay, does the job.",2023-10-23,True,NEUTRAL,10,SOURCE_G_REVIEWS,reviews_2023.csv,2023-10-23T04:15:30.342391148,BATCH-G-20231023
REV-00126100,SKU-0018850,user_9009065,Rebecca Trujillo,1,   Arrived  damaged  and  support  was  unhelpful.   ,2023-04-09,False,NEGATIVE,0,SOURCE_G_REVIEWS,reviews_2023.csv,2023-04-09T23:21:06.507497592,BATCH-G-20230409
REV-00126104,SKU-0005969,user_54716,Kevin,5,गुणवत्ता ठीक नहीं थी।,2023-12-21,True,POSITIVE,6,SOURCE_G_REVIEWS,reviews_2023.csv,2023-12-21T06:31:19.942581765,BATCH-G-20231221
REV-00126105,SKU-0013302,user_46649,Angel Taylor,2,<i>edited</i>Very disappointed with the quality.<p>,2023-08-03,True,NEGATIVE,1,SOURCE_G_REVIEWS,reviews_2023.csv,2023-08-03T23:46:01.954823476,BATCH-G-20230803
REV-00126107,SKU-0020146,user_9005124,Lisa,3,"It's okay, does the job.",2023-01-26,True,NEUTRAL,5,SOURCE_G_REVIEWS,reviews_2023.csv,2023-01-26T22:25:53.743584352,BATCH-G-20230126
REV-00126118,SKU-9964145,user_30102,Hector Moyer,5,"Exactly as described, very happy. 😍",2023-12-11,True,POSITIVE,5,SOURCE_G_REVIEWS,reviews_2023.csv,2023-12-11T14:55:56.058390255,BATCH-G-20231211
REV-00126118-DUP,SKU-9964145,user_30102,Hector Moyer,5,"Exactly as described, very happy. 😍",2023-12-11,True,POSITIVE,5,SOURCE_G_REVIEWS,reviews_2023.csv,2023-12-11T15:04:56.058390255,BATCH-G-20231211
REV-00126119,SKU-0003973,user_9011669,Tracy Gaines,5,Highly recommend this product.,2023-02-28,False,POSITIVE,0,SOURCE_G_REVIEWS,reviews_2023.csv,2023-02-28T07:38:06.877260564,BATCH-G-20230228
REV-00126122,SKU-0004903,user_14031,Wendy,5,"Solid build quality, no complaints.",2023-12-12,False,POSITIVE,10,SOURCE_G_REVIEWS,reviews_2023.csv,2023-12-12T13:06:59.602418961,BATCH-G-20231212
REV-00126130,SKU-9975502,user_9017729,Andrea,4,Fast delivery and great quality.,2023-12-25,False,POSITIVE,0,SOURCE_G_REVIEWS,reviews_2023.csv,2023-12-25T13:31:52.983956769,BATCH-G-20231225
REV-00126142,SKU-0012900,user_9011772,Scott Huynh,,Not as described at all.,2023-10-07,True,NEGATIVE,7,SOURCE_G_REVIEWS,reviews_2023.csv,2023-10-07T15:00:58.998468852,BATCH-G-20231007
REV-00126143,SKU-9916588,,Anonymous,5,"Absolutely love it, works perfectly!",2023-05-02,False,POSITIVE,3,SOURCE_G_REVIEWS,reviews_2023.csv,2023-05-02T23:11:36.242357780,BATCH-G-20230502
REV-00126152,SKU-0006469,user_59781,Jacob Martinez,4,Better than I expected for the price.,2023-07-03,False,POSITIVE,0,SOURCE_G_REVIEWS,reviews_2023.csv,2023-07-03T15:42:40.817525706,BATCH-G-20230703
REV-00126154,SKU-0004239,,Anonymous,5,"Exactly as described, very happy.",2023-06-06,False,POSITIVE,3,SOURCE_G_REVIEWS,reviews_2023.csv,2023-06-06T13:00:55.071273218,BATCH-G-20230606
REV-00126166,SKU-0000217,user_9020526,Tina,5,   Highly  recommend  this  product.   ,2023-11-18,True,POSITIVE,0,SOURCE_G_REVIEWS,reviews_2023.csv,2023-11-19T05:27:40.819430628,BATCH-G-20231118
REV-00126175,SKU-0007749,,Anonymous,2,"   Exactly  as  described,  very  happy.   ",2023-03-12,False,POSITIVE,2,SOURCE_G_REVIEWS,reviews_2023.csv,2023-03-12T03:41:47.850078762,BATCH-G-20230312
REV-00126175-DUP,SKU-0007749,,Anonymous,2,"   Exactly  as  described,  very  happy.   ",2023-03-12,False,POSITIVE,2,SOURCE_G_REVIEWS,reviews_2023.csv,2023-03-12T04:19:47.850078762,BATCH-G-20230312
REV-00126182,SKU-0012646,user_24276,Danielle Velazquez,3,"Absolutely love it, works perfectly!",2023-07-14,True,POSITIVE,7,SOURCE_G_REVIEWS,reviews_2023.csv,2023-07-14T23:40:43.730392862,BATCH-G-20230714
REV-00126183,SKU-0012222,user_9025808,Cassandra Ellis,4,Highly recommend this product.,2023-08-08,False,POSITIVE,0,SOURCE_G_REVIEWS,reviews_2023.csv,2023-08-09T01:19:39.510419312,BATCH-G-20230808
REV-00126186,SKU-0002100,,Anonymous,0,"Average quality, nothing special.",2023-01-22,False,NEUTRAL,3,SOURCE_G_REVIEWS,reviews_2023.csv,2023-01-22T21:24:58.356473748,BATCH-G-20230122
REV-00126190,SKU-0011477,user_33309,Paul Hall,1,"Livraison très lente, déçu. Stopped working after a week.",2023-11-13,False,NEGATIVE,0,SOURCE_G_REVIEWS,reviews_2023.csv,2023-11-13T09:39:50.109179106,BATCH-G-20231113
REV-00126191,SKU-0002445,user_9001357,Sandra Williams,2,Very disappointed with the quality.,2023-12-24,False,NEGATIVE,4,SOURCE_G_REVIEWS,reviews_2023.csv,2023-12-25T05:21:07.973741530,BATCH-G-20231224
REV-00126201,SKU-0001319,user_51591,Michael,2,Very disappointed with the quality.,2023-12-14,False,NEGATIVE,5,SOURCE_G_REVIEWS,reviews_2023.csv,2023-12-14T11:38:46.656315751,BATCH-G-20231214
REV-00126213,SKU-0015841,user_50088,Rebecca,5,Will definitely buy again.,2023-06-07,False,POSITIVE,0,SOURCE_G_REVIEWS,reviews_2023.csv,2023-06-07T14:25:44.380597328,BATCH-G-20230607
REV-00126226,SKU-0000199,user_18729,Kathy Stanley,5,Better than I expected for the price.,2023-09-17,False,POSITIVE,9,SOURCE_G_REVIEWS,reviews_2023.csv,2023-09-18T01:21:45.474878176,BATCH-G-20230917
REV-00126230,SKU-0007705,,Anonymous,5,Highly recommend this product.,2023-10-16,False,POSITIVE,0,SOURCE_G_REVIEWS,reviews_2023.csv,2023-10-16T03:55:57.548711637,BATCH-G-20231016
REV-00126238,SKU-0004079,user_45846,Ricky Floyd,3,"Not bad, not great either.",2023-12-21,False,NEUTRAL,6,SOURCE_G_REVIEWS,reviews_2023.csv,2023-12-21T15:51:57.535738593,BATCH-G-20231221
REV-00126243,SKU-0016318,user_63636,Jennifer Fernandez,4,"Exactly as described, very happy.",2023-03-26,False,POSITIVE,0,SOURCE_G_REVIEWS,reviews_2023.csv,2023-03-26T03:04:02.051671403,BATCH-G-20230326
REV-00126247,SKU-0000932,user_48171,Hector Mills,-,"Waste of money, do not buy.",2023-12-30,False,NEGATIVE,12,SOURCE_G_REVIEWS,reviews_2023.csv,2023-12-30T22:55:34.277144652,BATCH-G-20231230
REV-00126260,SKU-0010298,user_9011687,Mark,5,Highly recommend this product.,2023-01-11,True,POSITIVE,4,SOURCE_G_REVIEWS,reviews_2023.csv,2023-01-11T07:10:02.846880269,BATCH-G-20230111
REV-00126266,SKU-0008900,user_30147,Nathaniel Holland,1,Fast delivery and great quality.,2023-05-04,True,POSITIVE,1,SOURCE_G_REVIEWS,reviews_2023.csv,2023-05-05T05:14:30.425662075,BATCH-G-20230504
REV-00126270,SKU-0019706,user_65440,Crystal,1,Very disappointed with the quality.,2023-01-22,False,NEGATIVE,0,SOURCE_G_REVIEWS,reviews_2023.csv,2023-01-23T00:36:17.187975270,BATCH-G-20230122
REV-00126271,SKU-0016587,user_17128,Katie Davis,4,"Exactly as described, very happy.",2023-10-28,False,POSITIVE,6,SOURCE_G_REVIEWS,reviews_2023.csv,2023-10-29T05:51:44.729768287,BATCH-G-20231028
REV-00126273,SKU-0004273,user_9010125,David,4,गुणवत्ता ठीक नहीं थी।,2023-08-02,True,POSITIVE,2,SOURCE_G_REVIEWS,reviews_2023.csv,2023-08-02T08:31:23.655427888,BATCH-G-20230802
REV-00126280,SKU-0004841,user_9033849,Johnny Taylor,4,Exceeded my expectations.,2023-12-31,True,POSITIVE,0,SOURCE_G_REVIEWS,reviews_2023.csv,2024-01-01T03:06:27.954520225,BATCH-G-20231231
REV-00126284,SKU-0019892,user_9032229,Steven Phillips,1,Very disappointed with the quality.,2023-08-03,True,NEGATIVE,9,SOURCE_G_REVIEWS,reviews_2023.csv,2023-08-03T06:34:26.782829045,BATCH-G-20230803
REV-00126285,SKU-0012028,,Anonymous,4,"Solid build quality, no complaints.",2023-06-14,False,POSITIVE,1,SOURCE_G_REVIEWS,reviews_2023.csv,2023-06-14T04:47:00.319900890,BATCH-G-20230614
REV-00126288,SKU-0000955,user_19321,Katherine Wade,5,Will definitely buy again.,2023-09-19,True,POSITIVE,5,SOURCE_G_REVIEWS,reviews_2023.csv,2023-09-19T05:02:07.840360001,BATCH-G-20230919
REV-00126291,SKU-0019537,user_39946,Marissa Cameron,4,"Solid build quality, no complaints.",2023-03-08,True,POSITIVE,1,SOURCE_G_REVIEWS,reviews_2023.csv,2023-03-08T20:20:41.504010995,BATCH-G-20230308
REV-00126294,SKU-0016528,user_49065,Dennis,2,Not as described at all.,2023-09-20,False,NEGATIVE,0,SOURCE_G_REVIEWS,reviews_2023.csv,2023-09-20T03:27:39.732179581,BATCH-G-20230920
REV-00126295,SKU-0004076,user_61028,Tracy,4,Better than I expected for the price.,2023-05-04,True,POSITIVE,6,SOURCE_G_REVIEWS,reviews_2023.csv,2023-05-04T12:05:29.772121045,BATCH-G-20230504
REV-00126302,SKU-0019777,,Anonymous,5,"Solid build quality, no complaints.",2023-05-26,True,POSITIVE,1,SOURCE_G_REVIEWS,reviews_2023.csv,2023-05-26T20:39:23.228734367,BATCH-G-20230526
REV-00126325,SKU-0011569,,Anonymous,3,"   Livraison  très  lente,  déçu.  Not  bad,  not  great  either.   ",2023-08-20,True,NEUTRAL,3,SOURCE_G_REVIEWS,reviews_2023.csv,2023-08-21T05:40:51.055329986,BATCH-G-20230820
REV-00126329,SKU-0003823,user_9004818,Sean Montes,5,Exceeded my expectations.,2023-05-21,True,POSITIVE,1,SOURCE_G_REVIEWS,reviews_2023.csv,2023-05-21T08:20:27.995924497,BATCH-G-20230521
REV-00126331,SKU-0005332,,Anonymous,4,"Solid build quality, no complaints.",2023-05-25,False,POSITIVE,2,SOURCE_G_REVIEWS,reviews_2023.csv,2023-05-26T01:59:17.881886754,BATCH-G-20230525
REV-00126335,SKU-0002614,,Anonymous,4,"Absolutely love it, works perfectly!",2023-09-18,True,POSITIVE,1,SOURCE_G_REVIEWS,reviews_2023.csv,2023-09-18T04:11:52.049236141,BATCH-G-20230918
REV-00126336,SKU-0018324,user_9020951,Christopher,4,"</p>Solid build quality, no complaints.<p>",2023-11-14,True,POSITIVE,2,SOURCE_G_REVIEWS,reviews_2023.csv,2023-11-14T07:36:02.265223919,BATCH-G-20231114
REV-00126337,SKU-0010318,user_66970,Amanda White,5,No cumplió mis expectativas.,2023-12-30,True,POSITIVE,0,SOURCE_G_REVIEWS,reviews_2023.csv,2023-12-30T00:54:57.455397797,BATCH-G-20231230
REV-00126349,SKU-0004093,user_9002825,Brenda Cox,5,"Solid build quality, no complaints.",2023-12-05,True,POSITIVE,0,SOURCE_G_REVIEWS,reviews_2023.csv,2023-12-06T04:13:08.455190120,BATCH-G-20231205
REV-00126352,SKU-0017806,,Anonymous,4,"Muy buen producto, lo recomiendo.",2023-12-20,False,POSITIVE,1,SOURCE_G_REVIEWS,reviews_2023.csv,2023-12-20T14:37:52.337867269,BATCH-G-20231220
REV-00126364,SKU-0007769,user_9017343,Robert Turner,4,Fast delivery and great quality.,2023-05-31,False,POSITIVE,0,SOURCE_G_REVIEWS,reviews_2023.csv,2023-05-31T22:34:56.467448485,BATCH-G-20230531
REV-00126366,SKU-0004335,user_43033,Sarah Rowe,4,Fast delivery and great quality.,2023-04-08,True,POSITIVE,3,SOURCE_G_REVIEWS,reviews_2023.csv,2023-04-08T14:23:39.734019318,BATCH-G-20230408
REV-00126373,SKU-0006564,user_9027100,Caleb Smith,4,"   Solid  build  quality,  no  complaints.   ",2023-05-12,False,POSITIVE,4,SOURCE_G_REVIEWS,reviews_2023.csv,2023-05-12T02:02:16.396801194,BATCH-G-20230512
REV-00126389,SKU-9985122,user_9007870,Cynthia Frost,1,Very disappointed with the quality.,2023-08-27,True,NEGATIVE,7,SOURCE_G_REVIEWS,reviews_2023.csv,2023-08-27T07:11:47.329100997,BATCH-G-20230827
REV-00126401,SKU-0018794,user_51265,Brandi,1,Very disappointed with the quality.,2023-02-24,True,NEGATIVE,8,SOURCE_G_REVIEWS,reviews_2023.csv,2023-02-24T20:19:52.664453590,BATCH-G-20230224
REV-00126403,SKU-0005182,user_46424,Mr. Shawn Jarvis,5,No cumplió mis expectativas. Exceeded my expectations.,2023-03-04,True,POSITIVE,1,SOURCE_G_REVIEWS,reviews_2023.csv,2023-03-04T15:44:52.555802204,BATCH-G-20230304
REV-00126415,SKU-0013036,user_9017818,Christina Ferguson,4,Fast delivery and great quality.,2023-10-29,False,POSITIVE,0,SOURCE_G_REVIEWS,reviews_2023.csv,2023-10-29T17:23:08.661901116,BATCH-G-20231029
REV-00126418,SKU-0006157,user_9018192,Gabrielle Mccormick,2,Not as described at all.,2023-06-29,True,NEGATIVE,6,SOURCE_G_REVIEWS,reviews_2023.csv,2023-06-29T22:38:11.140800459,BATCH-G-20230629
REV-00126420,SKU-0006601,user_9009427,Hannah Knox,1,"Waste of money, do not buy. 😍",2023-01-08,True,NEGATIVE,11,SOURCE_G_REVIEWS,reviews_2023.csv,2023-01-08T04:54:18.724243784,BATCH-G-20230108
REV-00126431,SKU-9918379,user_9010139,Eric Hays,5,Will definitely buy again.,2023-07-24,True,POSITIVE,0,SOURCE_G_REVIEWS,reviews_2023.csv,2023-07-24T17:30:02.727750705,BATCH-G-20230724
REV-00126445,SKU-0014374,user_9001597,Steven Ramsey,4,   Not  as  described  at  all.   ,2023-10-26,False,NEGATIVE,0,SOURCE_G_REVIEWS,reviews_2023.csv,2023-10-26T05:31:44.891365588,BATCH-G-20231026
REV-00126446,SKU-0007727,user_9001783,Sierra,5,"Solid build quality, no complaints.",2023-06-25,False,POSITIVE,1,SOURCE_G_REVIEWS,reviews_2023.csv,2023-06-25T10:14:27.825055167,BATCH-G-20230625
REV-00126450,SKU-0019178,user_39226,David Cross,4,   Better  than  I  expected  for  the  price.   ,2023-12-14,False,POSITIVE,2,SOURCE_G_REVIEWS,reviews_2023.csv,2023-12-14T01:02:36.966242422,BATCH-G-20231214
REV-00126450-DUP,SKU-0019178,user_39226,David Cross,4,   Better  than  I  expected  for  the  price.   ,2023-12-14,False,POSITIVE,2,SOURCE_G_REVIEWS,reviews_2023.csv,2023-12-14T01:50:36.966242422,BATCH-G-20231214
REV-00126458,SKU-0001260,,Anonymous,5,"Solid build quality, no complaints.",2023-04-03,True,POSITIVE,2,SOURCE_G_REVIEWS,reviews_2023.csv,2023-04-03T05:58:42.883526559,BATCH-G-20230403
REV-00126466,SKU-0004904,,Anonymous,3,"It's okay, does the job. 😍😢",2023-05-02,False,NEUTRAL,1,SOURCE_G_REVIEWS,reviews_2023.csv,2023-05-02T13:07:23.231076482,BATCH-G-20230502
REV-00126480,SKU-0012015,user_9034543,Monique Schaefer,1,Very disappointed with the quality.,2023-09-07,True,NEGATIVE,0,SOURCE_G_REVIEWS,reviews_2023.csv,2023-09-07T17:59:56.629244303,BATCH-G-20230907
REV-00126487,SKU-0017681,user_56801,Rachel,4,"Perfect gift, they loved it!",2023-09-08,True,POSITIVE,3,SOURCE_G_REVIEWS,reviews_2023.csv,2023-09-08T00:30:39.555520318,BATCH-G-20230908
REV-00126490,SKU-0002535,user_9014833,Anthony Nguyen,3,Works fine but delivery was slow.,2023-10-22,False,NEUTRAL,3,SOURCE_G_REVIEWS,reviews_2023.csv,2023-10-22T10:24:21.334365230,BATCH-G-20231022
REV-00126497,SKU-0011294,,Anonymous,2,Wrong item was shipped to me.,2023-10-10,False,NEGATIVE,3,SOURCE_G_REVIEWS,reviews_2023.csv,2023-10-10T01:47:33.356432601,BATCH-G-20231010
REV-00126500,SKU-9959084,user_9025316,Traci Williams,5,Highly recommend this product.,2023-09-09,False,POSITIVE,3,SOURCE_G_REVIEWS,reviews_2023.csv,2023-09-09T14:32:59.315420148,BATCH-G-20230909
REV-00126502,SKU-0012309,user_9025120,Michelle Rodriguez,5,   Will  definitely  buy  again.   ,2023-12-14,False,POSITIVE,7,SOURCE_G_REVIEWS,reviews_2023.csv,2023-12-15T01:44:05.472178589,BATCH-G-20231214
REV-00126509,SKU-0018304,,Anonymous,1,Very disappointed with the quality.,2023-11-26,False,NEGATIVE,0,SOURCE_G_REVIEWS,reviews_2023.csv,2023-11-26T02:47:32.494502003,BATCH-G-20231126
REV-00126522,SKU-0002317,user_9010698,Joshua Hernandez,3,"Matches the description, no issues.",2023-09-30,False,NEUTRAL,5,SOURCE_G_REVIEWS,reviews_2023.csv,2023-09-30T02:04:04.678755805,BATCH-G-20230930
REV-00126527,SKU-0017463,,Anonymous,3,"Matches the description, no issues.",2023-07-15,False,NEUTRAL,0,SOURCE_G_REVIEWS,reviews_2023.csv,2023-07-15T11:20:52.093464353,BATCH-G-20230715
REV-00126530,SKU-0004298,user_9009869,Tyler Williams,2,Not as described at all.,2023-11-10,False,NEGATIVE,1,SOURCE_G_REVIEWS,reviews_2023.csv,2023-11-10T20:22:49.722940050,BATCH-G-20231110
REV-00126533,SKU-0009700,user_48882,Jocelyn Wang,5,"Absolutely love it, works perfectly!",2023-07-20,True,POSITIVE,11,SOURCE_G_REVIEWS,reviews_2023.csv,2023-07-21T04:29:44.626400650,BATCH-G-20230720
REV-00126547,SKU-0002201,user_9024503,Lisa,4,Exceeded my expectations.,2023-05-25,False,POSITIVE,6,SOURCE_G_REVIEWS,reviews_2023.csv,2023-05-25T21:20:02.504363565,BATCH-G-20230525
REV-00126551,SKU-0013138,,Anonymous,4,Better than I expected for the price.,2023-04-29,True,POSITIVE,1,SOURCE_G_REVIEWS,reviews_2023.csv,2023-04-29T05:25:06.056477890,BATCH-G-20230429
REV-00126560,SKU-0007385,,Anonymous,1,Very disappointed with the quality.,2023-12-31,False,NEGATIVE,6,SOURCE_G_REVIEWS,reviews_2023.csv,2023-12-31T06:09:53.675454025,BATCH-G-20231231
REV-00126564,SKU-9944069,user_9023831,Yvonne Madden,4,"Absolutely love it, works perfectly!",2023-10-13,True,POSITIVE,2,SOURCE_G_REVIEWS,reviews_2023.csv,2023-10-13T22:00:23.867055112,BATCH-G-20231013
REV-00126581,SKU-0009227,,Anonymous,5,"   Livraison  très  lente,  déçu.   ",2023-09-16,False,POSITIVE,3,SOURCE_G_REVIEWS,reviews_2023.csv,2023-09-16T10:07:36.763817120,BATCH-G-20230916
REV-00126587,SKU-0018520,,Anonymous,5,"Absolutely love it, works perfectly!",2023-02-26,False,POSITIVE,9,SOURCE_G_REVIEWS,reviews_2023.csv,2023-02-26T18:47:47.658631100,BATCH-G-20230226
REV-00126607,SKU-0012743,user_41334,Abigail Turner,5,Will definitely buy again.,2023-05-15,True,POSITIVE,3,SOURCE_G_REVIEWS,reviews_2023.csv,2023-05-16T01:36:55.768469234,BATCH-G-20230515
REV-00126637,SKU-0019884,,Anonymous,3,"Waste of money, do not buy.",2023-02-17,False,NEGATIVE,5,SOURCE_G_REVIEWS,reviews_2023.csv,2023-02-17T10:24:05.836952414,BATCH-G-20230217
REV-00126643,SKU-0008643,user_66491,Jacob Hopkins,4,"Poor packaging, item was defective.",2023-04-24,True,NEGATIVE,4,SOURCE_G_REVIEWS,reviews_2023.csv,2023-04-24T02:10:14.229212931,BATCH-G-20230424
REV-00126654,SKU-0001069,user_9007609,Adrian Hernandez,5,"Absolutely love it, works perfectly!",2023-11-10,False,POSITIVE,1,SOURCE_G_REVIEWS,reviews_2023.csv,2023-11-10T14:30:27.440251623,BATCH-G-20231110
REV-00126666,SKU-9947798,user_9024398,Zachary,4,Better than I expected for the price.,2023-08-21,True,POSITIVE,7,SOURCE_G_REVIEWS,reviews_2023.csv,2023-08-22T00:30:55.851027374,BATCH-G-20230821
REV-00126667,SKU-0017146,user_51022,Brittany Johnson,5,"Perfect gift, they loved it!",2023-01-23,True,POSITIVE,2,SOURCE_G_REVIEWS,reviews_2023.csv,2023-01-23T06:50:39.745444377,BATCH-G-20230123
REV-00126672,SKU-0013945,user_9015761,Phillip,4,"Perfect gift, they loved it!",2023-01-13,False,POSITIVE,4,SOURCE_G_REVIEWS,reviews_2023.csv,2023-01-13T10:31:49.983396974,BATCH-G-20230113
REV-00126681,SKU-0010808,user_6205,Debra Molina,1,"Muy buen producto, lo recomiendo. Cheaply made, broke immediately.",2023-10-14,True,NEGATIVE,0,SOURCE_G_REVIEWS,reviews_2023.csv,2023-10-14T22:18:22.015617488,BATCH-G-20231014
REV-00126682,SKU-0011829,user_5211,Amy Roberts,1,"Waste of money, do not buy.",2023-07-09,False,NEGATIVE,0,SOURCE_G_REVIEWS,reviews_2023.csv,2023-07-09T09:25:29.958843501,BATCH-G-20230709
REV-00126701,SKU-0007543,user_25370,Andre,4,"Perfect gift, they loved it!",2023-06-19,True,POSITIVE,0,SOURCE_G_REVIEWS,reviews_2023.csv,2023-06-20T02:41:12.357638078,BATCH-G-20230619
REV-00126712,SKU-0011269,user_24635,Jonathan,3,गुणवत्ता ठीक नहीं थी।,2023-06-07,False,NEUTRAL,2,SOURCE_G_REVIEWS,reviews_2023.csv,2023-06-07T12:50:18.752849464,BATCH-G-20230607
REV-00126714,SKU-0014104,user_46442,Michael Johns,NA,Very disappointed with the quality.,2023-02-24,True,NEGATIVE,1,SOURCE_G_REVIEWS,reviews_2023.csv,2023-02-24T14:00:08.631158192,BATCH-G-20230224
REV-00126728,SKU-0018237,,Anonymous,5,"Perfect gift, they loved it!",2023-06-29,True,POSITIVE,0,SOURCE_G_REVIEWS,reviews_2023.csv,2023-06-29T03:18:52.832091820,BATCH-G-20230629
REV-00126737,SKU-0018417,,Anonymous,4,"Perfect gift, they loved it!",2023-01-29,True,POSITIVE,8,SOURCE_G_REVIEWS,reviews_2023.csv,2023-01-29T23:40:44.161777089,BATCH-G-20230129
REV-00126738,SKU-0012169,user_9011477,David Peck,4,Great value for money.,2023-12-16,True,POSITIVE,1,SOURCE_G_REVIEWS,reviews_2023.csv,2023-12-16T22:07:40.285205481,BATCH-G-20231216
REV-00126742,SKU-0012442,user_9000891,Ariana Howard,NULL,Not as described at all.,2023-12-20,True,NEGATIVE,1,SOURCE_G_REVIEWS,reviews_2023.csv,2023-12-20T02:32:13.652373662,BATCH-G-20231220
REV-00126746,SKU-0005307,user_9027631,Amanda Baldwin,5,"Absolutely love it, works perfectly!",2023-09-03,False,POSITIVE,3,SOURCE_G_REVIEWS,reviews_2023.csv,2023-09-03T07:22:33.210073688,BATCH-G-20230903
REV-00126748,SKU-0003891,,Anonymous,3,"It's okay, does the job.",2023-03-17,False,NEUTRAL,2,SOURCE_G_REVIEWS,reviews_2023.csv,2023-03-17T00:30:34.990976877,BATCH-G-20230317
REV-00126757,SKU-0001940,user_9028379,Maria,1,Not as described at all.,2023-04-23,False,NEGATIVE,3,SOURCE_G_REVIEWS,reviews_2023.csv,2023-04-23T02:34:34.122160408,BATCH-G-20230423
REV-00126759,SKU-0011678,,Anonymous,5,Great value for money.,2023-03-28,True,POSITIVE,2,SOURCE_G_REVIEWS,reviews_2023.csv,2023-03-28T07:29:10.350845028,BATCH-G-20230328
REV-00126784,SKU-0015413,user_30017,Charlene Carlson,3,"It's okay, does the job. 🙏",2023-10-28,True,NEUTRAL,0,SOURCE_G_REVIEWS,reviews_2023.csv,2023-10-28T03:13:58.339619747,BATCH-G-20231028
REV-00126797,SKU-0015772,user_9028674,Taylor Diaz,3,Works fine but delivery was slow.,2023-01-22,True,NEUTRAL,2,SOURCE_G_REVIEWS,reviews_2023.csv,2023-01-22T21:46:59.315849215,BATCH-G-20230122
REV-00126800,SKU-0004520,user_67674,Austin Taylor,5,"Absolutely love it, works perfectly!",2023-05-26,False,POSITIVE,8,SOURCE_G_REVIEWS,reviews_2023.csv,2023-05-27T03:12:04.735455412,BATCH-G-20230526
REV-00126802,SKU-0001304,user_33972,Michael,4,Will definitely buy again.,2023-02-18,True,POSITIVE,0,SOURCE_G_REVIEWS,reviews_2023.csv,2023-02-18T17:15:36.932805530,BATCH-G-20230218
REV-00126805,SKU-0004176,user_4303,Rebecca Ellis,1,Decent but overpriced a bit.,2023-11-26,True,NEUTRAL,2,SOURCE_G_REVIEWS,reviews_2023.csv,2023-11-26T01:49:13.993272576,BATCH-G-20231126
REV-00126812,SKU-0014941,user_9021607,Natalie Sanchez,2,-,2023-01-18,False,NEGATIVE,4,SOURCE_G_REVIEWS,reviews_2023.csv,2023-01-18T23:08:22.302903859,BATCH-G-20230118
REV-00126822,SKU-0018195,user_30856,Andrea,4,"Solid build quality, no complaints.",2023-01-20,False,POSITIVE,0,SOURCE_G_REVIEWS,reviews_2023.csv,2023-01-20T19:21:30.383957572,BATCH-G-20230120
REV-00126822-DUP,SKU-0018195,user_30856,Andrea,4,"Solid build quality, no complaints.",2023-01-20,False,POSITIVE,0,SOURCE_G_REVIEWS,reviews_2023.csv,2023-01-20T20:18:30.383957572,BATCH-G-20230120
REV-00126824,SKU-0018729,user_23058,Cristina Moore,5,"Solid build quality, no complaints.",2023-11-08,False,POSITIVE,0,SOURCE_G_REVIEWS,reviews_2023.csv,2023-11-09T04:59:24.179145388,BATCH-G-20231108
REV-00126832,SKU-0011292,user_9031792,Denise Wilson,5,Will definitely buy again.,2023-06-08,False,POSITIVE,2,SOURCE_G_REVIEWS,reviews_2023.csv,2023-06-08T06:14:19.667587111,BATCH-G-20230608
REV-00126841,SKU-0003449,user_9966,Brenda Brooks,4,"Perfect gift, they loved it!",2023-09-16,False,POSITIVE,1,SOURCE_G_REVIEWS,reviews_2023.csv,2023-09-17T05:45:27.963948605,BATCH-G-20230916
REV-00126843,SKU-0002640,user_20182,Dana Quinn,-,"   Average  quality,  nothing  special.   ",2023-02-17,True,NEUTRAL,2,SOURCE_G_REVIEWS,reviews_2023.csv,2023-02-17T12:09:49.916292598,BATCH-G-20230217
REV-00126847,SKU-0009611,,Anonymous,5,"Absolutely love it, works perfectly!",2023-05-01,True,POSITIVE,5,SOURCE_G_REVIEWS,reviews_2023.csv,2023-05-01T21:09:02.899671449,BATCH-G-20230501
REV-00126848,SKU-0011469,,Anonymous,5,"Solid build quality, no complaints.",2023-10-08,False,POSITIVE,2,SOURCE_G_REVIEWS,reviews_2023.csv,2023-10-09T01:12:05.722268901,BATCH-G-20231008
REV-00126868,SKU-0013054,user_9006632,John,1,Stopped working after a week.,2023-08-21,True,NEGATIVE,8,SOURCE_G_REVIEWS,reviews_2023.csv,2023-08-21T20:13:38.187915138,BATCH-G-20230821
REV-00126870,SKU-0010732,,Anonymous,5,Highly recommend this product.,2023-11-22,False,POSITIVE,1,SOURCE_G_REVIEWS,reviews_2023.csv,2023-11-22T13:10:42.848284572,BATCH-G-20231122
REV-00126872,SKU-0008614,user_9029719,Gary Stevens III,4,Great value for money.,2023-11-16,False,POSITIVE,1,SOURCE_G_REVIEWS,reviews_2023.csv,2023-11-16T03:44:07.345969050,BATCH-G-20231116
REV-00126877,SKU-0006370,user_9018042,Barbara,4,Fast delivery and great quality.,2023-05-10,True,POSITIVE,7,SOURCE_G_REVIEWS,reviews_2023.csv,2023-05-10T03:42:40.425170320,BATCH-G-20230510
REV-00126879,SKU-0005112,user_11350,Connie,4,"   Absolutely  love  it,  works  perfectly!   ",2023-10-28,False,POSITIVE,4,SOURCE_G_REVIEWS,reviews_2023.csv,2023-10-28T05:03:55.990106767,BATCH-G-20231028
REV-00126883,SKU-0006839,user_8965,Curtis Smith,NA,"Exactly as described, very happy.",2023-07-14,True,POSITIVE,2,SOURCE_G_REVIEWS,reviews_2023.csv,2023-07-14T09:34:00.021662379,BATCH-G-20230714
REV-00126884,SKU-0007754,user_49501,Tonya Morgan,2,Wrong item was shipped to me.,2023-09-07,False,NEGATIVE,1,SOURCE_G_REVIEWS,reviews_2023.csv,2023-09-08T03:19:06.483714071,BATCH-G-20230907
REV-00126888,SKU-0007815,user_9016770,Elizabeth Valenzuela,5,Better than I expected for the price.,2023-11-21,False,POSITIVE,10,SOURCE_G_REVIEWS,reviews_2023.csv,2023-11-21T05:57:04.077655539,BATCH-G-20231121
REV-00126893,SKU-0010517,user_24277,Lauren,5,"Exactly as described, very happy.",2023-08-13,False,POSITIVE,0,SOURCE_G_REVIEWS,reviews_2023.csv,2023-08-13T09:31:45.156972973,BATCH-G-20230813
REV-00126894,SKU-0018972,user_9022672,Mario Richmond,5,Excellent rapport qualité-prix.,2023-01-20,True,POSITIVE,2,SOURCE_G_REVIEWS,reviews_2023.csv,2023-01-20T17:45:22.421612857,BATCH-G-20230120
REV-00126924,SKU-0007711,user_9011088,Steven,3,No cumplió mis expectativas.,2023-02-07,False,NEUTRAL,3,SOURCE_G_REVIEWS,reviews_2023.csv,2023-02-07T22:50:39.922051108,BATCH-G-20230207
REV-00126926,SKU-0013744,,Anonymous,4,   Great  value  for  money.   ,2023-02-15,False,POSITIVE,0,SOURCE_G_REVIEWS,reviews_2023.csv,2023-02-15T18:29:50.084569501,BATCH-G-20230215
REV-00126929,SKU-0006478,user_6680,Bruce,4,Fast delivery and great quality.,2023-08-13,True,POSITIVE,0,SOURCE_G_REVIEWS,reviews_2023.csv,2023-08-13T10:33:22.290585242,BATCH-G-20230813
REV-00126941,SKU-0017440,user_35496,Joseph,3,"Average quality, nothing special.",2023-07-21,False,NEUTRAL,11,SOURCE_G_REVIEWS,reviews_2023.csv,2023-07-22T02:29:47.281217681,BATCH-G-20230721
REV-00126942,SKU-9995909,user_9000098,Chris,2,गुणवत्ता ठीक नहीं थी।,2023-05-29,True,NEGATIVE,1,SOURCE_G_REVIEWS,reviews_2023.csv,2023-05-29T18:24:01.949681594,BATCH-G-20230529
REV-00126944,SKU-0016937,,Anonymous,3,"Livraison très lente, déçu.",2023-05-06,True,NEUTRAL,1,SOURCE_G_REVIEWS,reviews_2023.csv,2023-05-06T11:29:56.231913727,BATCH-G-20230506
REV-00126949,SKU-0004796,user_63986,Oscar Garcia,3,"It's okay, does the job. 😡",2023-03-26,True,NEUTRAL,2,SOURCE_G_REVIEWS,reviews_2023.csv,2023-03-27T01:00:43.256772654,BATCH-G-20230326
REV-00126962,SKU-0011982,,Anonymous,2,Wrong item was shipped to me.,2023-11-26,True,NEGATIVE,3,SOURCE_G_REVIEWS,reviews_2023.csv,2023-11-26T14:19:58.463964918,BATCH-G-20231126
REV-00126975,SKU-0009872,user_64789,Sara Smith,5,Highly recommend this product.,2023-09-04,True,POSITIVE,0,SOURCE_G_REVIEWS,reviews_2023.csv,2023-09-05T03:33:44.937362361,BATCH-G-20230904
REV-00126980,SKU-0008144,user_25532,Ruth,5,Excellent rapport qualité-prix. Great value for money.,2023-07-01,True,POSITIVE,0,SOURCE_G_REVIEWS,reviews_2023.csv,2023-07-01T10:51:03.958905529,BATCH-G-20230701
REV-00126982,SKU-0011716,user_30041,Rhonda Wheeler,5,Great value for money. 😍,2023-08-12,False,POSITIVE,0,SOURCE_G_REVIEWS,reviews_2023.csv,2023-08-13T01:45:39.658449154,BATCH-G-20230812
REV-00126995,SKU-0000678,user_9030897,Scott Todd,3,"Not bad, not great either. ⭐",2023-09-17,True,NEUTRAL,2,SOURCE_G_REVIEWS,reviews_2023.csv,2023-09-18T01:08:16.746819082,BATCH-G-20230917
REV-00127000,SKU-0018411,user_9030259,Jon,4,Great value for money.,2023-03-30,True,POSITIVE,7,SOURCE_G_REVIEWS,reviews_2023.csv,2023-03-30T02:50:00.615296472,BATCH-G-20230330
REV-00127004,SKU-0000274,user_59984,Kathy Barrett,5,   &nbsp;Arrived  damaged  and  support  was  unhelpful.</p>   ,2023-08-19,False,NEGATIVE,3,SOURCE_G_REVIEWS,reviews_2023.csv,2023-08-19T21:26:01.584714557,BATCH-G-20230819
REV-00127006,SKU-0019311,user_51344,Bryan Nelson,3,Decent but overpriced a bit.,2023-10-21,False,NEUTRAL,3,SOURCE_G_REVIEWS,reviews_2023.csv,2023-10-21T11:45:27.319977085,BATCH-G-20231021
REV-00127014,SKU-0002762,,Anonymous,4,Great value for money.,2023-03-11,True,POSITIVE,-4,SOURCE_G_REVIEWS,reviews_2023.csv,2023-03-11T08:52:41.713486583,BATCH-G-20230311
REV-00127022,SKU-0016736,,Anonymous,5,No cumplió mis expectativas. Better than I expected for the price.,2023-02-22,True,POSITIVE,0,SOURCE_G_REVIEWS,reviews_2023.csv,2023-02-22T10:43:51.955559495,BATCH-G-20230222
REV-00127027,SKU-0002866,,Anonymous,2,"Waste of money, do not buy.",2023-12-08,True,NEGATIVE,1,SOURCE_G_REVIEWS,reviews_2023.csv,2023-12-08T01:10:15.853133542,BATCH-G-20231208
REV-00127032,SKU-9984001,,Anonymous,5,"Muy buen producto, lo recomiendo.",2023-09-15,True,POSITIVE,1,SOURCE_G_REVIEWS,reviews_2023.csv,2023-09-15T02:21:53.144728070,BATCH-G-20230915
REV-00127039,SKU-0002941,user_63815,Kenneth Osborne,3,"Not bad, not great either.",2023-02-16,False,NEUTRAL,1,SOURCE_G_REVIEWS,reviews_2023.csv,2023-02-16T05:26:26.423970710,BATCH-G-20230216
REV-00127041,SKU-0000913,,Anonymous,3,"Not bad, not great either.",2023-03-05,True,NEUTRAL,1,SOURCE_G_REVIEWS,reviews_2023.csv,2023-03-05T16:58:06.515088830,BATCH-G-20230305
REV-00127057,SKU-0007617,user_9007813,Robin,3,Decent but overpriced a bit.,2023-01-27,True,NEUTRAL,3,SOURCE_G_REVIEWS,reviews_2023.csv,2023-01-27T07:02:51.238423574,BATCH-G-20230127
REV-00127063,SKU-0014143,user_9016643,Mark,5,Will definitely buy again.,2023-11-29,False,POSITIVE,2,SOURCE_G_REVIEWS,reviews_2023.csv,2023-11-29T06:03:04.154739626,BATCH-G-20231129
REV-00127069,SKU-0003957,user_9024694,Michael,4,"<b>Update:</b>Absolutely love it, works perfectly!<b>Update:</b>",2023-01-03,True,POSITIVE,0,SOURCE_G_REVIEWS,reviews_2023.csv,2023-01-03T09:59:30.303167220,BATCH-G-20230103
REV-00127072,SKU-9900049,,Anonymous,4,Will definitely buy again.,2023-11-24,True,POSITIVE,1,SOURCE_G_REVIEWS,reviews_2023.csv,2023-11-24T03:58:45.588229793,BATCH-G-20231124
REV-00127073,SKU-0002841,user_9027579,Michelle Cobb,3,"It's okay, does the job. 🙏😀",2023-06-15,True,NEUTRAL,2,SOURCE_G_REVIEWS,reviews_2023.csv,2023-06-15T22:02:09.235800096,BATCH-G-20230615
REV-00127079,SKU-0004738,,Anonymous,4,Better than I expected for the price.,2023-12-16,True,POSITIVE,7,SOURCE_G_REVIEWS,reviews_2023.csv,2023-12-16T22:22:11.810919866,BATCH-G-20231216
REV-00127085,SKU-9949629,user_22544,Alejandro,5,Better than I expected for the price.,2023-02-11,False,POSITIVE,0,SOURCE_G_REVIEWS,reviews_2023.csv,2023-02-11T05:47:08.795621102,BATCH-G-20230211
REV-00127091,SKU-0007920,user_26914,Julie Conrad,5,Will definitely buy again.,2023-05-14,False,POSITIVE,1,SOURCE_G_REVIEWS,reviews_2023.csv,2023-05-15T01:03:21.796753282,BATCH-G-20230514
REV-00127098,SKU-0020029,user_9018296,Courtney Garcia,2,"Waste of money, do not buy.",2023-10-09,True,NEGATIVE,0,SOURCE_G_REVIEWS,reviews_2023.csv,2023-10-09T06:50:41.099368497,BATCH-G-20231009
REV-00127102,SKU-0008157,user_9010355,Rebecca Mitchell,3,"It's okay, does the job.",2023-12-02,False,NEUTRAL,1,SOURCE_G_REVIEWS,reviews_2023.csv,2023-12-02T18:06:16.868023099,BATCH-G-20231202
REV-00127107,SKU-0007174,,Anonymous,5,Excellent rapport qualité-prix. Highly recommend this product.,2023-03-29,True,POSITIVE,2,SOURCE_G_REVIEWS,reviews_2023.csv,2023-03-29T19:26:42.199822727,BATCH-G-20230329
REV-00127124,SKU-0011922,user_7672,Ian,4,"Exactly as described, very happy.",2023-05-09,True,POSITIVE,2,SOURCE_G_REVIEWS,reviews_2023.csv,2023-05-09T00:46:44.449447411,BATCH-G-20230509
REV-00127135,SKU-0009259,user_54565,Jennifer,4,Better than I expected for the price.,2023-06-12,True,POSITIVE,0,SOURCE_G_REVIEWS,reviews_2023.csv,2023-06-12T14:21:07.111861663,BATCH-G-20230612
REV-00127138,SKU-0003009,user_9010987,Paul,3,   Works  fine  but  delivery  was  slow.  🙏   ,2023-02-20,True,NEUTRAL,6,SOURCE_G_REVIEWS,reviews_2023.csv,2023-02-20T19:47:52.866284019,BATCH-G-20230220
REV-00127145,SKU-9920087,,Anonymous,4,Great value for money.,2023-11-08,True,POSITIVE,1,SOURCE_G_REVIEWS,reviews_2023.csv,2023-11-08T03:09:37.455628801,BATCH-G-20231108
REV-00127150,SKU-0015314,user_31965,John Navarro,1,"Average quality, nothing special.",2023-03-14,True,NEUTRAL,8,SOURCE_G_REVIEWS,reviews_2023.csv,2023-03-30T21:00:00,BATCH-G-20230314
REV-00127155,SKU-0000223,user_9017701,Douglas Salas,2,&nbsp;Not as described at all.<i>edited</i>,2023-10-11,True,NEGATIVE,2,SOURCE_G_REVIEWS,reviews_2023.csv,2023-10-11T06:07:50.910394164,BATCH-G-20231011
REV-00127156,SKU-0008893,user_37266,Marissa Campbell,5,Better than I expected for the price.,2023-09-10,True,POSITIVE,3,SOURCE_G_REVIEWS,reviews_2023.csv,2023-09-10T05:16:24.608396817,BATCH-G-20230910
REV-00127159,SKU-0019235,user_58489,Lisa Stevens,4,"Solid build quality, no complaints.",2023-03-25,True,POSITIVE,3,SOURCE_G_REVIEWS,reviews_2023.csv,2023-03-25T15:52:33.252904517,BATCH-G-20230325
REV-00127163,SKU-0007831,user_9018317,Michael Johnson,5,"Perfect gift, they loved it!",2023-01-11,False,POSITIVE,2,SOURCE_G_REVIEWS,reviews_2023.csv,2023-01-12T00:05:00.531903361,BATCH-G-20230111
REV-00127166,SKU-0002368,user_19234,Erin Horton,4,Great value for money.,2023-03-26,False,POSITIVE,10,SOURCE_G_REVIEWS,reviews_2023.csv,2023-03-27T03:01:42.906880366,BATCH-G-20230326
REV-00127167,SKU-0003199,,Anonymous,5,"Solid build quality, no complaints.",2023-03-12,True,POSITIVE,1,SOURCE_G_REVIEWS,reviews_2023.csv,2023-03-13T01:18:30.030664389,BATCH-G-20230312
REV-00127189,SKU-0005535,user_16824,Kyle Garcia,5,Highly recommend this product.,2023-12-25,True,POSITIVE,2,SOURCE_G_REVIEWS,reviews_2023.csv,2023-12-25T05:19:07.187727413,BATCH-G-20231225
REV-00127211,SKU-0004441,user_9020527,Bruce Goodman,4,Better than I expected for the price.,2023-12-05,True,POSITIVE,3,SOURCE_G_REVIEWS,reviews_2023.csv,2023-12-05T13:08:51.868301992,BATCH-G-20231205
REV-00127214,SKU-0017466,user_9024158,Emma Thomas,,"Poor packaging, item was defective.",2023-11-30,True,NEGATIVE,5,SOURCE_G_REVIEWS,reviews_2023.csv,2023-11-30T14:05:07.653907788,BATCH-G-20231130
REV-00127218,SKU-0000236,user_9027358,Kenneth Garcia,4,Exceeded my expectations.,2023-02-02,True,POSITIVE,0,SOURCE_G_REVIEWS,reviews_2023.csv,2023-02-02T22:54:57.610336410,BATCH-G-20230202
REV-00127222,SKU-0003455,,Anonymous,5,Great value for money.,2023-12-17,True,POSITIVE,1,SOURCE_G_REVIEWS,reviews_2023.csv,2023-12-17T13:18:37.877689722,BATCH-G-20231217
REV-00127229,SKU-0013162,,Anonymous,5,Highly recommend this product.,2023-10-25,True,POSITIVE,0,SOURCE_G_REVIEWS,reviews_2023.csv,2023-10-26T00:39:38.534739429,BATCH-G-20231025
REV-00127236,SKU-9973589,user_9020495,Heather,5,Great value for money.,2023-08-26,False,POSITIVE,6,SOURCE_G_REVIEWS,reviews_2023.csv,2023-08-26T05:50:41.158560329,BATCH-G-20230826
REV-00127250,SKU-0004028,user_9019552,Brandy Diaz,5,Great value for money.,2023-04-25,False,POSITIVE,0,SOURCE_G_REVIEWS,reviews_2023.csv,2023-04-25T10:52:04.360118560,BATCH-G-20230425
REV-00127278,SKU-0008118,user_15740,April,2,"Poor packaging, item was defective.",2023-05-17,True,NEGATIVE,1,SOURCE_G_REVIEWS,reviews_2023.csv,2023-05-17T16:03:15.572682768,BATCH-G-20230517
REV-00127281,SKU-9937495,user_9031549,Brenda Day,4,"Absolutely love it, works perfectly!",2023-10-24,True,POSITIVE,7,SOURCE_G_REVIEWS,reviews_2023.csv,2023-10-24T17:40:22.471681091,BATCH-G-20231024
REV-00127285,SKU-0014810,user_65145,Raymond Brown,5,Better than I expected for the price.,2023-10-15,False,POSITIVE,1,SOURCE_G_REVIEWS,reviews_2023.csv,2023-10-15T19:54:52.946125854,BATCH-G-20231015
REV-00127316,SKU-0016201,,Anonymous,4,"Exactly as described, very happy. 😀💯",2023-08-15,True,POSITIVE,0,SOURCE_G_REVIEWS,reviews_2023.csv,2023-08-15T22:36:26.497037504,BATCH-G-20230815
REV-00127320,SKU-0015310,,Anonymous,4,"Solid build quality, no complaints.",2023-02-14,True,POSITIVE,6,SOURCE_G_REVIEWS,reviews_2023.csv,2023-02-14T07:22:57.482026366,BATCH-G-20230214
REV-00127324,SKU-0012179,user_35712,Randy Powell,2,"Poor packaging, item was defective.",2023-01-19,True,NEGATIVE,3,SOURCE_G_REVIEWS,reviews_2023.csv,2023-01-20T00:58:47.033497565,BATCH-G-20230119
REV-00127325,SKU-0002766,,Anonymous,5,"Perfect gift, they loved it!",2023-05-25,True,POSITIVE,2,SOURCE_G_REVIEWS,reviews_2023.csv,2023-05-25T05:28:31.809799077,BATCH-G-20230525
REV-00127327,SKU-0000869,user_9006632,John,4,"Solid build quality, no complaints.",2023-02-06,False,POSITIVE,0,SOURCE_G_REVIEWS,reviews_2023.csv,2023-02-06T18:28:32.639759399,BATCH-G-20230206
REV-00127330,SKU-0018283,user_9032095,Willie Hernandez,5,"Perfect gift, they loved it!",2023-03-18,False,POSITIVE,1,SOURCE_G_REVIEWS,reviews_2023.csv,2023-03-18T20:56:58.578747931,BATCH-G-20230318
REV-00127331,SKU-0001938,user_9021235,Charles,4,unknown,2023-09-18,True,NEGATIVE,5,SOURCE_G_REVIEWS,reviews_2023.csv,2023-09-18T13:25:23.668685468,BATCH-G-20230918
REV-00127339,SKU-0005613,user_9028983,Paul Garrett,2,Stopped working after a week.,2023-12-14,True,NEGATIVE,0,SOURCE_G_REVIEWS,reviews_2023.csv,2023-12-14T13:14:12.733790730,BATCH-G-20231214
REV-00127355,SKU-0008517,user_52493,Robert Torres,5,Highly recommend this product.,2023-08-07,True,POSITIVE,8,SOURCE_G_REVIEWS,reviews_2023.csv,2023-08-07T14:02:02.564810852,BATCH-G-20230807
REV-00127363,SKU-0008512,user_9034131,Timothy Torres,4,"Cheaply made, broke immediately.",2023-02-14,True,NEGATIVE,2,SOURCE_G_REVIEWS,reviews_2023.csv,2023-02-14T12:21:41.369489603,BATCH-G-20230214
REV-00127364,SKU-0013229,user_21320,Megan Henson,3,"Solid build quality, no complaints.",2023-12-27,False,POSITIVE,0,SOURCE_G_REVIEWS,reviews_2023.csv,2023-12-27T11:48:35.314631228,BATCH-G-20231227
REV-00127370,SKU-0009960,user_48947,Brad Bailey,5,"It's okay, does the job. 😡",2023-06-16,True,NEUTRAL,0,SOURCE_G_REVIEWS,reviews_2023.csv,2023-06-16T02:21:39.919147329,BATCH-G-20230616
REV-00127374,SKU-0016208,user_9033863,Deborah Mcdowell,4,"Absolutely love it, works perfectly!",2023-11-26,False,POSITIVE,1,SOURCE_G_REVIEWS,reviews_2023.csv,2023-11-26T08:27:38.283839344,BATCH-G-20231126
REV-00127375,SKU-0009911,,Anonymous,5,Great value for money. 👍🙏,2023-11-26,False,POSITIVE,7,SOURCE_G_REVIEWS,reviews_2023.csv,2023-11-26T06:02:04.959423540,BATCH-G-20231126
REV-00127382,SKU-0008742,,Anonymous,5,"Absolutely love it, works perfectly!",2023-11-24,True,POSITIVE,2,SOURCE_G_REVIEWS,reviews_2023.csv,2023-11-24T17:24:51.929476431,BATCH-G-20231124
REV-00127388,SKU-0003651,,Anonymous,5,Excellent rapport qualité-prix. Exceeded my expectations.,2023-10-06,False,POSITIVE,7,SOURCE_G_REVIEWS,reviews_2023.csv,2023-10-06T02:40:48.330877986,BATCH-G-20231006
REV-00127408,SKU-0010239,user_29859,Gordon,4,"बहुत अच्छा उत्पाद है, पैसा वसूल! 💯",2023-07-14,True,POSITIVE,6,SOURCE_G_REVIEWS,reviews_2023.csv,2023-07-14T10:22:24.989559569,BATCH-G-20230714
REV-00127414,SKU-0000446,user_16102,Wendy Nielsen,5,गुणवत्ता ठीक नहीं थी।,2023-12-28,False,POSITIVE,2,SOURCE_G_REVIEWS,reviews_2023.csv,2023-12-28T10:17:47.013775314,BATCH-G-20231228
REV-00127429,SKU-0015493,user_9027007,Shirley Wright,2,"Cheaply made, broke immediately.",2023-10-02,True,NEGATIVE,4,SOURCE_G_REVIEWS,reviews_2023.csv,2023-10-02T00:38:54.012321523,BATCH-G-20231002
REV-00127430,SKU-0011524,user_14155,Jamie Phillips,5,Great value for money. 🙏💯,2023-11-28,False,POSITIVE,5,SOURCE_G_REVIEWS,reviews_2023.csv,2023-11-28T23:45:14.320259448,BATCH-G-20231128
REV-00127435,SKU-0001534,user_1803,Jasmine Gray,4,"Absolutely love it, works perfectly!",2023-02-15,True,POSITIVE,0,SOURCE_G_REVIEWS,reviews_2023.csv,2023-02-16T02:37:14.076315119,BATCH-G-20230215
REV-00127437,SKU-0008739,user_9032264,Jessica Francis,4,"गुणवत्ता ठीक नहीं थी। Perfect gift, they loved it!",2023-05-09,True,POSITIVE,5,SOURCE_G_REVIEWS,reviews_2023.csv,2023-05-09T11:35:33.397642497,BATCH-G-20230509
REV-00127444,SKU-0002052,user_39689,Katie Miller,4,"Exactly as described, very happy.",2023-05-19,True,POSITIVE,0,SOURCE_G_REVIEWS,reviews_2023.csv,2023-05-19T18:29:27.995870242,BATCH-G-20230519
REV-00127446,SKU-0004068,user_15329,David,5,-,2023-12-21,False,POSITIVE,2,SOURCE_G_REVIEWS,reviews_2023.csv,2023-12-21T17:28:56.761471089,BATCH-G-20231221
REV-00127451,SKU-0011531,,Anonymous,4,Exceeded my expectations.,2023-12-10,False,POSITIVE,3,SOURCE_G_REVIEWS,reviews_2023.csv,2023-12-10T05:04:42.956959376,BATCH-G-20231210
REV-00127453,SKU-0010601,,Anonymous,3,"Matches the description, no issues.",2023-03-06,True,NEUTRAL,2,SOURCE_G_REVIEWS,reviews_2023.csv,2023-03-06T11:49:34.206912096,BATCH-G-20230306
REV-00127456,SKU-0003243,user_9023943,Johnny Terry,4,"Absolutely love it, works perfectly!",2023-10-27,True,POSITIVE,3,SOURCE_G_REVIEWS,reviews_2023.csv,2023-10-27T01:24:48.247045910,BATCH-G-20231027
REV-00127468,SKU-0010775,user_22516,Jimmy Garcia,4,Better than I expected for the price.,2023-10-09,True,POSITIVE,5,SOURCE_G_REVIEWS,reviews_2023.csv,2023-10-10T05:27:43.240662932,BATCH-G-20231009
REV-00127478,SKU-0012676,user_9034121,Tami Gibson,5,Great value for money.,2023-08-26,True,POSITIVE,4,SOURCE_G_REVIEWS,reviews_2023.csv,2023-08-26T00:41:40.827465948,BATCH-G-20230826
REV-00127499,SKU-0009883,user_9010715,Kayla Greer,5,Highly recommend this product.,2023-01-26,True,POSITIVE,1,SOURCE_G_REVIEWS,reviews_2023.csv,2023-01-26T19:46:51.784378785,BATCH-G-20230126
REV-00127518,SKU-0010060,user_2953,Nicholas Clark,4,"Exactly as described, very happy.",2023-03-18,False,POSITIVE,6,SOURCE_G_REVIEWS,reviews_2023.csv,2023-03-18T07:02:51.754025,BATCH-G-20230318
REV-00127524,SKU-0004930,user_9006211,Charles,5,   Better  than  I  expected  for  the  price.   ,2023-01-07,True,POSITIVE,0,SOURCE_G_REVIEWS,reviews_2023.csv,2023-01-07T04:23:02.587805515,BATCH-G-20230107
REV-00127524-DUP,SKU-0004930,user_9006211,Charles,5,   Better  than  I  expected  for  the  price.   ,2023-01-07,True,POSITIVE,0,SOURCE_G_REVIEWS,reviews_2023.csv,2023-01-07T05:11:02.587805515,BATCH-G-20230107
REV-00127528,SKU-0016460,user_9001802,Joshua Palmer,4,Fast delivery and great quality. 👍,2023-06-04,False,POSITIVE,8,SOURCE_G_REVIEWS,reviews_2023.csv,2023-06-05T03:06:26.009355435,BATCH-G-20230604
REV-00127534,SKU-0015682,user_41677,Dennis,3,"   Matches  the  description,  no  issues.   ",2023-12-19,False,NEUTRAL,0,SOURCE_G_REVIEWS,reviews_2023.csv,2023-12-19T12:26:29.845055811,BATCH-G-20231219
REV-00127554,SKU-0009790,user_9003342,Amanda Long,2,"Cheaply made, broke immediately.",2023-06-06,False,NEGATIVE,4,SOURCE_G_REVIEWS,reviews_2023.csv,2023-06-06T15:27:57.132298002,BATCH-G-20230606
REV-00127555,SKU-0012178,,Anonymous,5,"Matches the description, no issues.",2023-05-25,False,NEUTRAL,4,SOURCE_G_REVIEWS,reviews_2023.csv,2023-05-25T01:17:00.335688511,BATCH-G-20230525
REV-00127559,SKU-9974039,,Anonymous,1,Very disappointed with the quality.,2023-02-01,True,NEGATIVE,0,SOURCE_G_REVIEWS,reviews_2023.csv,2023-02-01T17:01:09.775527603,BATCH-G-20230201
REV-00127564,SKU-0009568,user_9010057,Jane,5,Highly recommend this product.,2023-11-27,True,POSITIVE,4,SOURCE_G_REVIEWS,reviews_2023.csv,2023-11-28T05:37:39.013079770,BATCH-G-20231127
REV-00127568,SKU-9991269,user_9016563,Kathryn,5,"Absolutely love it, works perfectly!",2023-04-08,True,POSITIVE,1,SOURCE_G_REVIEWS,reviews_2023.csv,2023-04-08T07:50:26.938084924,BATCH-G-20230408
REV-00127571,SKU-0006810,user_9024055,Derrick Phelps,5,Will definitely buy again.,2023-10-07,True,POSITIVE,1,SOURCE_G_REVIEWS,reviews_2023.csv,2023-10-08T00:58:58.716855124,BATCH-G-20231007
REV-00127577,SKU-0019389,user_39307,Janet Wilson,4,Great value for money.,2023-01-22,True,POSITIVE,0,SOURCE_G_REVIEWS,reviews_2023.csv,2023-01-22T05:28:19.788641842,BATCH-G-20230122
REV-00127587,SKU-0001827,user_15541,Jason Adams,4,"Perfect gift, they loved it!",2023-01-07,False,POSITIVE,2,SOURCE_G_REVIEWS,reviews_2023.csv,2023-01-08T05:56:26.834440009,BATCH-G-20230107
REV-00127600,SKU-0000827,,Anonymous,4,"Perfect gift, they loved it!",2023-07-15,False,POSITIVE,10,SOURCE_G_REVIEWS,reviews_2023.csv,2023-07-15T15:14:41.317204789,BATCH-G-20230715
REV-00127606,SKU-9938721,user_9030172,Tracy,5,Highly recommend this product.,2023-09-29,True,POSITIVE,1,SOURCE_G_REVIEWS,reviews_2023.csv,2023-09-30T03:01:47.816909648,BATCH-G-20230929
REV-00127609,SKU-0004368,,Anonymous,3,"It's okay, does the job.",2023-02-01,True,NEUTRAL,0,SOURCE_G_REVIEWS,reviews_2023.csv,2023-02-01T11:44:58.665244946,BATCH-G-20230201
REV-00127617,SKU-0009614,user_9013036,Kelly Ward,4,Fast delivery and great quality.,2023-07-08,True,POSITIVE,1,SOURCE_G_REVIEWS,reviews_2023.csv,2023-07-08T06:52:04.144179916,BATCH-G-20230708
REV-00127620,SKU-0006443,,Anonymous,5,"Solid build quality, no complaints.",2023-03-11,True,POSITIVE,3,SOURCE_G_REVIEWS,reviews_2023.csv,2023-03-12T01:04:36.667152267,BATCH-G-20230311
REV-00127640,SKU-0007458,user_52941,Matthew Henry,4,"Exactly as described, very happy.",2023-08-17,False,POSITIVE,10,SOURCE_G_REVIEWS,reviews_2023.csv,2023-08-17T12:29:46.781313306,BATCH-G-20230817
REV-00127645,SKU-0003806,user_4848,Daniel Flores,2,"Average quality, nothing special.",2023-01-08,True,NEUTRAL,4,SOURCE_G_REVIEWS,reviews_2023.csv,2023-01-08T07:47:04.452278125,BATCH-G-20230108
REV-00127664,SKU-0017518,user_16444,Brittany,4,Exceeded my expectations.,2023-06-03,True,POSITIVE,1,SOURCE_G_REVIEWS,reviews_2023.csv,2023-06-03T17:00:13.152280249,BATCH-G-20230603
REV-00127672,SKU-0015601,user_38917,Ms. Diana Jackson MD,5,Great value for money.,2023-01-17,True,POSITIVE,2,SOURCE_G_REVIEWS,reviews_2023.csv,2023-01-18T04:26:36.072378140,BATCH-G-20230117
REV-00127683,SKU-0016035,user_9022059,Margaret Johnson,5,   Exceeded  my  expectations.   ,2023-10-25,True,POSITIVE,7,SOURCE_G_REVIEWS,reviews_2023.csv,2023-10-25T06:37:39.069241009,BATCH-G-20231025
REV-00127693,SKU-0016777,user_9031638,Emily Ibarra,1,"Cheaply made, broke immediately.",2023-03-30,True,NEGATIVE,8,SOURCE_G_REVIEWS,reviews_2023.csv,2023-03-30T14:18:07.221110706,BATCH-G-20230330
REV-00127695,SKU-0001474,user_35782,Jennifer Moon,5,"Exactly as described, very happy.",2023-05-23,True,POSITIVE,2,SOURCE_G_REVIEWS,reviews_2023.csv,2023-05-23T05:39:20.226634838,BATCH-G-20230523
REV-00127695-DUP,SKU-0001474,user_35782,Jennifer Moon,5,"Exactly as described, very happy.",2023-05-23,True,POSITIVE,2,SOURCE_G_REVIEWS,reviews_2023.csv,2023-05-23T05:48:20.226634838,BATCH-G-20230523
REV-00127710,SKU-0008073,user_9012766,Laura,4,"Solid build quality, no complaints. ⭐",2023-01-24,True,POSITIVE,1,SOURCE_G_REVIEWS,reviews_2023.csv,2023-01-24T21:29:03.625066265,BATCH-G-20230124
REV-00127715,SKU-0000130,user_27568,Laura Carpenter,5,"Solid build quality, no complaints.",2023-01-13,True,POSITIVE,3,SOURCE_G_REVIEWS,reviews_2023.csv,2023-01-27T04:00:00,BATCH-G-20230113
REV-00127721,SKU-0011350,user_9027634,Melanie Green,1,"Cheaply made, broke immediately.",2023-12-21,True,NEGATIVE,1,SOURCE_G_REVIEWS,reviews_2023.csv,2023-12-21T21:14:35.654277275,BATCH-G-20231221
REV-00127726,SKU-0005590,user_6498,John,3,   Decent  but  overpriced  a  bit.   ,2023-04-03,True,NEUTRAL,3,SOURCE_G_REVIEWS,reviews_2023.csv,2023-04-03T19:22:38.607481769,BATCH-G-20230403
REV-00127737,SKU-0015222,user_1652,Michelle Phillips,5,Highly recommend this product.,2023-11-19,False,POSITIVE,5,SOURCE_G_REVIEWS,reviews_2023.csv,2023-11-19T17:10:04.985602033,BATCH-G-20231119
REV-00127740,SKU-0010651,user_20442,Jeffery,1,Very disappointed with the quality.,2023-12-12,True,NEGATIVE,1,SOURCE_G_REVIEWS,reviews_2023.csv,2023-12-13T00:01:05.044371197,BATCH-G-20231212
REV-00127753,SKU-0001015,user_7112,Elizabeth Coffey,5,Excellent rapport qualité-prix.,2023-11-25,False,POSITIVE,1,SOURCE_G_REVIEWS,reviews_2023.csv,2023-11-25T16:01:11.458377181,BATCH-G-20231125
REV-00127760,SKU-0007834,user_9017462,Kenneth,-1,Exceeded my expectations.,2023-01-09,True,POSITIVE,1,SOURCE_G_REVIEWS,reviews_2023.csv,2023-01-09T13:27:44.651942562,BATCH-G-20230109
REV-00127766,SKU-0008539,user_9026542,William Stephens,1,"Cheaply made, broke immediately.",2023-04-09,True,NEGATIVE,1,SOURCE_G_REVIEWS,reviews_2023.csv,2023-04-09T08:11:22.427679721,BATCH-G-20230409
REV-00127766-BOT,SKU-0008539,user_9034938,Stacey Chan,1,"Cheaply made, broke immediately.",2023-04-09,False,NEGATIVE,0,SOURCE_G_REVIEWS,reviews_2023.csv,2023-04-09T08:11:22.427679721,BATCH-G-20230409
REV-00127775,SKU-0003225,,Anonymous,5,"Absolutely love it, works perfectly!",2023-02-12,False,POSITIVE,0,SOURCE_G_REVIEWS,reviews_2023.csv,2023-02-12T15:45:10.860105981,BATCH-G-20230212
REV-00127779,SKU-0007995,user_37031,Robert Jenkins,5,"Perfect gift, they loved it!",2023-11-23,False,POSITIVE,7,SOURCE_G_REVIEWS,reviews_2023.csv,2023-11-23T05:55:47.729830485,BATCH-G-20231123
REV-00127785,SKU-0011893,user_9007967,Cassandra Ball,5,Highly recommend this product.,2023-01-17,True,POSITIVE,0,SOURCE_G_REVIEWS,reviews_2023.csv,2023-01-17T03:04:12.171043500,BATCH-G-20230117
REV-00127787,SKU-0012875,user_9033764,Derek Freeman,2,Wrong item was shipped to me.,2023-09-26,False,NEGATIVE,6,SOURCE_G_REVIEWS,reviews_2023.csv,2023-09-27T03:38:44.655930899,BATCH-G-20230926
REV-00127791,SKU-0011463,user_69307,Tiffany,3,"<i>edited</i>Matches the description, no issues.<i>edited</i>",2023-06-03,False,NEUTRAL,1,SOURCE_G_REVIEWS,reviews_2023.csv,2023-06-03T09:50:47.339262264,BATCH-G-20230603
REV-00127799,SKU-0001082,user_9017985,Derek,4,Will definitely buy again.,2023-02-18,True,POSITIVE,0,SOURCE_G_REVIEWS,reviews_2023.csv,2023-02-18T19:14:47.208640609,BATCH-G-20230218
REV-00127817,SKU-0005771,user_9008710,Alexander,4,Fast delivery and great quality.,2023-12-16,True,POSITIVE,5,SOURCE_G_REVIEWS,reviews_2023.csv,2023-12-16T22:22:25.553050366,BATCH-G-20231216
REV-00127819,SKU-0008335,,Anonymous,4,गुणवत्ता ठीक नहीं थी। Exceeded my expectations.,2023-06-24,True,POSITIVE,5,SOURCE_G_REVIEWS,reviews_2023.csv,2023-06-24T22:00:09.791344867,BATCH-G-20230624
REV-00127828,SKU-0016680,user_9028069,James,2,Stopped working after a week.,2023-07-21,True,NEGATIVE,2,SOURCE_G_REVIEWS,reviews_2023.csv,2023-07-22T04:56:03.526427277,BATCH-G-20230721
REV-00127829,SKU-0015917,,Anonymous,4,"Absolutely love it, works perfectly!",2023-02-16,True,POSITIVE,2,SOURCE_G_REVIEWS,reviews_2023.csv,2023-02-16T22:38:07.312290913,BATCH-G-20230216
REV-00127834,SKU-0006228,user_67788,Gary Shepard,2,"Cheaply made, broke immediately.",2023-10-29,True,NEGATIVE,0,SOURCE_G_REVIEWS,reviews_2023.csv,2023-10-29T21:52:59.780246016,BATCH-G-20231029
REV-00127839,SKU-0013178,user_55859,Jonathan Sanders,5,"Solid build quality, no complaints.",2023-03-02,False,POSITIVE,2,SOURCE_G_REVIEWS,reviews_2023.csv,2023-03-02T10:27:12.885224171,BATCH-G-20230302
REV-00127847,SKU-9938112,,Anonymous,1,"Poor packaging, item was defective.",2023-06-12,False,NEGATIVE,4,SOURCE_G_REVIEWS,reviews_2023.csv,2023-06-12T12:32:18.672451558,BATCH-G-20230612
REV-00127848,SKU-0001722,,Anonymous,5,Will definitely buy again.,2023-10-09,True,POSITIVE,9,SOURCE_G_REVIEWS,reviews_2023.csv,2023-10-09T18:10:33.517369735,BATCH-G-20231009
REV-00127853,SKU-0015052,user_44576,Mr. Scott Carrillo,5,"Perfect gift, they loved it!",2023-06-02,True,POSITIVE,3,SOURCE_G_REVIEWS,reviews_2023.csv,2023-06-02T11:08:47.468536968,BATCH-G-20230602
REV-00127860,SKU-9984001,user_37534,Erin Hall,5,Great value for money.,2023-09-15,True,POSITIVE,3,SOURCE_G_REVIEWS,reviews_2023.csv,2023-09-15T13:28:10.038656199,BATCH-G-20230915
REV-00127867,SKU-0001959,user_25210,Danielle Jones,4,<b>Update:</b>Exceeded my expectations.<p>,2023-11-12,False,POSITIVE,0,SOURCE_G_REVIEWS,reviews_2023.csv,2023-11-12T13:05:42.523940046,BATCH-G-20231112
REV-00127871,SKU-0005512,,Anonymous,3,"Matches the description, no issues.",2023-09-07,False,NEUTRAL,1,SOURCE_G_REVIEWS,reviews_2023.csv,2023-09-07T20:49:30.338625456,BATCH-G-20230907
REV-00127879,SKU-0003744,user_9022831,Karen Velazquez,5,Highly recommend this product.,2023-03-24,True,POSITIVE,5,SOURCE_G_REVIEWS,reviews_2023.csv,2023-03-24T16:00:49.673448882,BATCH-G-20230324
REV-00127892,SKU-0003103,user_9009038,Paula Johnson,5,"Absolutely love it, works perfectly! 👍",2023-11-05,True,POSITIVE,0,SOURCE_G_REVIEWS,reviews_2023.csv,2023-11-05T04:12:19.227430798,BATCH-G-20231105
REV-00127898,SKU-0003509,,Anonymous,1,"Waste of money, do not buy.",2023-07-09,False,NEGATIVE,2,SOURCE_G_REVIEWS,reviews_2023.csv,2023-07-09T21:42:31.041008245,BATCH-G-20230709
REV-00127909,SKU-0014713,user_9034487,David Moody,4,"Exactly as described, very happy.",2023-11-18,True,POSITIVE,0,SOURCE_G_REVIEWS,reviews_2023.csv,2023-11-18T06:06:45.689751576,BATCH-G-20231118
REV-00127914,SKU-0018455,,Anonymous,5,Stopped working after a week.,2023-11-13,True,NEGATIVE,0,SOURCE_G_REVIEWS,reviews_2023.csv,2023-11-13T09:18:36.341719470,BATCH-G-20231113
REV-00127941,SKU-0001472,user_29973,Dr.,3,"Average quality, nothing special.",2023-07-30,True,NEUTRAL,0,SOURCE_G_REVIEWS,reviews_2023.csv,2023-07-30T23:17:33.991062802,BATCH-G-20230730
REV-00127942,SKU-0012408,user_9004012,Ian Gentry,4,"Perfect gift, they loved it!",2023-11-11,True,POSITIVE,0,SOURCE_G_REVIEWS,reviews_2023.csv,2023-11-11T16:41:42.733891505,BATCH-G-20231111
REV-00127945,SKU-0018705,,Anonymous,5,"Solid build quality, no complaints.",2023-12-10,True,POSITIVE,5,SOURCE_G_REVIEWS,reviews_2023.csv,2023-12-10T13:11:14.658503286,BATCH-G-20231210
REV-00127951,SKU-0018768,user_2942,Ryan Burch,5,"Livraison très lente, déçu. Fast delivery and great quality. 😀",2023-10-18,True,POSITIVE,0,SOURCE_G_REVIEWS,reviews_2023.csv,2023-10-19T05:46:14.953430182,BATCH-G-20231018
REV-00127961,SKU-9910054,user_56784,Dalton,4,Fast delivery and great quality.,2023-07-09,True,POSITIVE,1,SOURCE_G_REVIEWS,reviews_2023.csv,2023-07-09T17:55:31.148894152,BATCH-G-20230709
REV-00127963,SKU-9986905,user_11074,Samantha,3,"It's okay, does the job. ⭐",2023-06-28,False,NEUTRAL,11,SOURCE_G_REVIEWS,reviews_2023.csv,2023-06-28T15:55:01.028842992,BATCH-G-20230628
REV-00127971,SKU-0009000,user_48995,James,4,"Livraison très lente, déçu.",2023-08-26,True,POSITIVE,3,SOURCE_G_REVIEWS,reviews_2023.csv,2023-08-26T18:14:23.152481829,BATCH-G-20230826
REV-00127979,SKU-0012949,user_9026052,Danielle Taylor,5,Better than I expected for the price.,2023-07-14,False,POSITIVE,4,SOURCE_G_REVIEWS,reviews_2023.csv,2023-07-14T15:58:15.154623533,BATCH-G-20230714
REV-00127991,SKU-0010107,user_9010956,Elijah Fritz,5,"Perfect gift, they loved it!",2023-02-18,False,POSITIVE,0,SOURCE_G_REVIEWS,reviews_2023.csv,2023-02-18T03:02:36.769346335,BATCH-G-20230218
REV-00127995,SKU-9938721,user_9014756,Jacob Moody,4,Better than I expected for the price.,2023-08-28,True,POSITIVE,1,SOURCE_G_REVIEWS,reviews_2023.csv,2023-08-29T02:11:34.567633090,BATCH-G-20230828
